  0 9223372036854775807 9223372036854775807 9223372036854775807 9223372036854775807 9223372036854775807 9223372036854775807 9223372036854775807 9223372036854775807 9223372036854775807
  1 9223372036854775807 9223372036854775807 9223372036854775807 9223372036854775807 9223372036854775807 9223372036854775807 9223372036854775807 9223372036854775807 9223372036854775807
  3 9223372036854775807 9223372036854775807 9223372036854775807 9223372036854775807 9223372036854775807 9223372036854775807 9223372036854775807 9223372036854775807 9223372036854775807
  6 9223372036854775807 9223372036854775807 9223372036854775807 9223372036854775807 9223372036854775807 9223372036854775807 9223372036854775807 9223372036854775807 9223372036854775807
 13 9223372036854775807 9223372036854775807 9223372036854775807 9223372036854775807 9223372036854775807 9223372036854775807 9223372036854775807 9223372036854775807 9223372036854775807
 14 9223372036854775807 9223372036854775807 9223372036854775807 9223372036854775807 9223372036854775807 9223372036854775807 9223372036854775807 9223372036854775807 9223372036854775807
 15 9223372036854775807 9223372036854775807 9223372036854775807 9223372036854775807 9223372036854775807 9223372036854775807 9223372036854775807 9223372036854775807 9223372036854775807
 18  19  21  26  30  32  33  39 9223372036854775807 9223372036854775807
 19  21  30  29  30  33  41  44  46  47
 21  24  25  26  35  37  41  46  54  48
