  0 9223372036854775807 9223372036854775807 9223372036854775807 9223372036854775807 9223372036854775807 9223372036854775807 9223372036854775807 9223372036854775807 9223372036854775807
  1 9223372036854775807 9223372036854775807 9223372036854775807 9223372036854775807 9223372036854775807 9223372036854775807 9223372036854775807 9223372036854775807 9223372036854775807
  3   4   7  13  18  19 9223372036854775807 9223372036854775807 9223372036854775807 9223372036854775807
  6  10  16  17  26  22  30  35  41  50
 13  14  20  20  24  23  32  33  34  35
 14  17  18  27  25  25  35  34  37  42
 15  18  23  32  34  26  28  32  34  37
 18  19  21  26  30  28  29  35  37  46
 19  21  30  29  30  31  37  40  39  40
 21  24  25  26  35  35  39  44  47  41
