  0 9223372036854775807 9223372036854775807 9223372036854775807 9223372036854775807 9223372036854775807 9223372036854775807 9223372036854775807 9223372036854775807 9223372036854775807
  1 9223372036854775807 9223372036854775807 9223372036854775807 9223372036854775807 9223372036854775807 9223372036854775807 9223372036854775807 9223372036854775807 9223372036854775807
  3   4   7  13 9223372036854775807 9223372036854775807 9223372036854775807 9223372036854775807 9223372036854775807 9223372036854775807
  6  10  16  17  29  32  33  38  44  53
 13  14  20  20  24  28  35  36  37  38
 14  17  18  27  25  27  38  37  40  45
 15  18  23  32  34  28  30  34  36  40
 18  19  21  26  30  30  31  37  39  49
 19  21  30  29  30  33  39  42  41  42
 21  24  25  26  35  37  41  46  49  43
