  0 9223372036854775807 9223372036854775807 9223372036854775807 9223372036854775807 9223372036854775807 9223372036854775807 9223372036854775807 9223372036854775807 9223372036854775807
  1 9223372036854775807 9223372036854775807 9223372036854775807 9223372036854775807 9223372036854775807 9223372036854775807 9223372036854775807 9223372036854775807 9223372036854775807
  3 9223372036854775807 9223372036854775807 9223372036854775807 9223372036854775807 9223372036854775807 9223372036854775807 9223372036854775807 9223372036854775807 9223372036854775807
  6 9223372036854775807 9223372036854775807 9223372036854775807 9223372036854775807 9223372036854775807 9223372036854775807 9223372036854775807 9223372036854775807 9223372036854775807
 13 9223372036854775807 9223372036854775807 9223372036854775807 9223372036854775807 9223372036854775807 9223372036854775807 9223372036854775807 9223372036854775807 9223372036854775807
 14 9223372036854775807 9223372036854775807 9223372036854775807 9223372036854775807 9223372036854775807 9223372036854775807 9223372036854775807 9223372036854775807 9223372036854775807
 15 9223372036854775807 9223372036854775807 9223372036854775807 9223372036854775807 9223372036854775807 9223372036854775807 9223372036854775807 9223372036854775807 9223372036854775807
 18 9223372036854775807 9223372036854775807 9223372036854775807 9223372036854775807 9223372036854775807 9223372036854775807 9223372036854775807 9223372036854775807 9223372036854775807
 19  21  30  33  34  37  45  50  52  53
 21  24  25  26  35  39  43  48  56  54
