  0 451 445 450 453 449 458 460 463 471 470 466 463 468 469 467 461 462 466 465 468 477 485 481 490 485 483 488 491 492 496 493 494 503 504 509 503 510 511 512 520 523 532 533 539 538 542 544 552 556 559 561 570 574 571 579 579 586 589 594 603 595 597 605 614 612 616 624 625 631 640 649 656 658 665 667 670 668 673 668 673 681 685 693 695 704 712 721 718 724 730 731 732 738 746 9223372036854775808 9223372036854775808 9223372036854775808 9223372036854775808 9223372036854775808
  8 444 443 444 444 448 449 456 461 462 465 457 461 459 460 466 460 463 461 462 465 471 476 480 485 483 479 481 487 495 487 489 493 500 501 510 502 508 514 521 521 522 528 532 540 534 537 539 544 548 550 556 564 565 565 572 575 578 580 588 597 589 597 606 610 609 616 619 627 635 643 642 647 650 657 662 662 659 668 665 667 676 685 689 697 706 711 719 716 723 721 727 734 734 743 743 9223372036854775808 9223372036854775808 9223372036854775808 9223372036854775808
 16 436 434 443 441 450 442 448 453 455 457 455 452 452 454 459 452 455 456 463 472 471 478 472 476 478 475 481 484 488 482 486 494 501 510 508 501 506 506 514 521 527 519 524 531 528 536 542 550 548 552 555 556 558 563 571 574 573 580 587 595 587 595 598 602 607 614 616 622 628 637 639 647 647 648 656 657 658 659 663 666 675 684 685 692 701 702 711 707 714 719 724 725 733 734 737 744 9223372036854775808 9223372036854775808 9223372036854775808
 17 440 433 435 436 441 439 440 444 452 454 449 450 448 447 452 450 455 457 466 469 464 469 464 470 471 474 476 477 479 481 488 494 496 505 499 499 500 505 506 512 518 516 518 526 525 533 538 541 547 551 546 550 557 563 566 567 571 579 578 586 586 587 593 602 606 613 615 623 632 632 641 643 643 652 652 661 658 664 667 675 679 677 678 684 693 695 704 703 705 710 718 721 724 728 732 740 749 744 9223372036854775808
 26 440 432 429 435 436 438 445 450 449 445 446 451 447 445 443 447 456 460 460 464 457 460 460 463 467 465 467 469 472 477 479 486 487 496 493 492 501 506 498 507 509 510 517 517 524 530 533 541 545 551 543 545 554 556 563 572 573 573 575 581 580 588 597 599 603 610 615 619 627 624 632 634 642 644 645 654 655 657 658 667 675 676 679 685 687 695 696 697 701 708 710 712 721 727 734 738 746 740 743
 28 434 425 423 426 427 436 445 444 440 438 440 443 438 436 442 450 450 455 454 456 453 459 458 460 466 464 469 468 469 474 470 477 486 487 494 489 494 500 495 500 503 509 517 516 522 521 527 533 537 544 540 548 549 558 562 564 568 569 572 576 579 583 588 597 599 603 607 616 618 623 624 633 639 647 645 654 663 663 666 667 676 683 680 689 688 696 701 706 710 710 716 713 718 724 726 734 737 732 734
 29 426 417 417 422 426 435 441 436 438 429 436 434 429 430 436 443 444 446 452 448 444 451 455 451 458 462 464 465 472 475 467 474 481 488 485 487 488 491 492 499 500 508 512 514 521 518 521 528 530 539 538 542 547 549 555 557 562 571 574 575 578 583 592 600 607 606 610 614 615 616 623 630 631 639 644 648 654 661 665 667 670 675 683 692 697 705 706 702 709 710 710 714 722 727 723 725 728 727 726
 33 419 413 416 425 428 432 435 428 436 428 433 434 428 436 436 442 437 446 445 448 442 450 457 450 449 454 455 463 468 468 466 470 477 480 484 487 491 497 495 504 508 511 514 510 513 515 519 525 534 536 537 545 554 551 555 558 560 566 569 571 573 575 584 592 601 608 607 610 616 625 631 639 632 641 641 642 647 656 658 659 667 672 676 684 689 696 698 700 707 703 708 716 716 720 722 728 720 720 723
 41 413 412 414 418 419 424 427 426 434 426 426 435 427 430 435 434 436 444 436 441 440 448 450 452 446 450 457 466 471 464 464 468 472 479 487 478 483 490 499 503 500 503 505 508 517 521 528 531 533 532 535 540 547 554 560 567 568 574 578 574 580 578 587 596 602 604 606 613 615 623 632 634 634 637 639 642 646 647 650 657 665 667 670 675 683 688 689 691 698 695 704 707 711 718 720 723 719 711 719
 42 405 409 406 411 414 423 421 420 429 422 423 428 426 432 441 433 429 438 435 443 436 445 451 443 445 449 458 465 462 455 463 468 471 477 480 471 477 485 494 496 496 504 506 510 512 521 530 528 530 529 538 540 547 555 563 567 569 573 574 574 583 584 589 589 597 601 607 607 615 616 623 628 636 642 639 640 649 656 654 663 661 661 665 670 674 680 686 687 689 689 697 706 702 710 712 714 717 710 716
 51 400 407 399 407 409 415 415 417 423 421 427 424 418 424 433 433 424 429 427 434 435 441 444 441 450 450 454 456 460 454 459 461 468 469 476 469 473 480 489 493 495 502 510 517 514 517 521 523 523 528 536 537 542 547 556 559 561 564 565 568 575 581 582 583 589 595 598 604 607 615 617 623 632 633 637 643 652 655 659 663 660 652 656 665 671 677 678 679 687 688 689 698 701 702 704 707 708 709 717
 56 395 404 398 406 414 407 414 415 416 414 418 415 414 415 424 427 422 431 425 434 430 437 444 439 448 453 453 462 453 452 458 457 466 470 471 467 470 477 481 484 486 494 501 509 508 508 512 514 522 530 538 538 547 548 556 558 565 566 572 577 582 586 587 586 593 599 594 597 602 606 615 621 630 628 636 642 646 647 654 655 651 650 653 661 666 674 670 670 679 680 688 689 693 702 703 707 716 717 720
 58 392 395 397 399 405 399 408 415 411 412 416 416 410 416 417 418 419 428 424 425 429 431 436 438 439 447 450 459 455 448 450 456 459 462 468 466 468 477 479 482 484 488 495 503 500 501 504 513 518 522 531 538 542 547 550 553 557 561 570 579 584 586 595 590 595 594 589 597 606 612 606 615 622 623 629 633 638 647 645 654 646 648 651 654 661 666 665 668 673 677 684 690 696 703 707 699 708 711 719
 66 388 390 395 393 396 394 402 406 410 418 409 408 401 410 417 421 423 424 421 430 432 429 429 438 447 448 441 450 446 447 455 464 463 455 459 465 471 474 478 487 491 496 496 497 499 508 513 512 518 527 533 534 535 544 544 545 550 557 565 571 579 584 592 583 587 586 588 589 598 603 604 613 616 624 625 626 633 638 637 646 644 650 657 661 656 658 662 663 664 671 678 681 690 694 702 698 707 703 710
 73 387 381 387 384 388 390 399 398 406 409 407 401 397 404 412 412 414 416 413 421 429 423 424 431 440 441 439 443 445 452 461 463 455 454 460 462 463 472 476 482 491 496 490 499 494 502 507 511 514 518 526 533 542 541 538 547 554 561 562 562 570 576 585 577 578 585 587 590 599 602 607 612 608 615 617 620 627 630 636 642 643 644 652 652 654 663 661 662 670 673 681 682 684 693 693 696 705 700 705
 74 379 380 378 381 383 387 393 397 397 400 405 397 393 395 404 407 408 411 412 420 420 422 423 424 433 432 438 443 446 453 462 458 457 453 460 454 460 468 467 476 485 487 487 496 487 496 503 505 510 517 525 534 534 533 534 543 548 553 554 561 570 568 576 576 577 578 585 590 598 605 607 605 606 607 608 616 622 623 632 640 634 638 643 644 651 657 660 662 668 670 672 680 689 692 688 687 696 695 696
 83 374 371 377 378 383 385 392 394 396 394 401 400 392 396 399 403 400 408 407 412 412 419 414 421 424 428 435 439 447 456 458 450 454 452 451 451 457 462 466 472 481 490 485 488 485 488 494 501 503 508 517 526 535 532 537 544 547 552 555 560 568 566 567 575 580 586 594 591 600 602 600 603 612 614 613 622 623 629 631 637 629 630 638 647 654 655 662 662 667 672 671 679 684 689 684 685 692 694 702
 89 372 364 373 379 374 383 388 396 396 388 393 397 389 396 390 394 397 399 401 407 405 410 411 414 419 422 426 434 442 448 450 441 447 443 444 448 452 457 463 470 476 483 482 480 482 488 497 505 509 510 519 517 526 527 531 537 542 550 556 560 563 560 569 570 579 587 592 596 595 594 599 603 607 609 610 617 623 621 627 630 628 636 643 648 657 656 664 656 662 665 669 678 685 688 681 682 690 691 700
 93 366 362 368 375 372 378 385 388 387 386 392 391 388 396 387 388 393 399 402 402 400 401 405 406 415 416 417 425 433 442 443 434 438 439 447 456 458 460 466 467 472 479 487 479 486 491 500 509 514 511 511 513 517 526 531 538 536 544 550 554 559 558 565 574 575 582 586 588 594 586 595 594 599 600 609 608 614 613 618 621 624 631 640 643 650 659 664 655 662 661 668 669 676 681 680 689 693 699 704
 94 366 359 366 368 367 374 381 384 378 379 388 396 387 387 383 384 390 390 399 401 396 399 408 411 416 424 420 426 433 440 437 433 435 443 441 448 455 464 461 469 465 473 478 477 480 489 498 500 507 512 507 514 515 522 531 532 533 541 543 550 552 556 564 565 574 578 577 586 589 584 593 593 601 603 601 599 606 609 614 623 632 636 640 646 655 655 663 654 658 660 666 672 671 672 672 680 685 690 695
100 363 358 359 364 365 374 375 380 376 370 379 388 384 382 379 375 383 382 391 392 395 404 410 408 413 419 424 426 430 432 434 427 428 435 436 439 448 456 460 462 459 464 471 474 483 489 490 491 500 503 505 514 517 518 524 531 532 539 545 545 554 552 558 563 567 575 574 581 581 581 587 591 599 595 592 598 600 605 614 622 629 636 638 638 647 653 655 648 649 656 658 664 670 675 671 673 680 689 697
109 354 351 357 357 366 371 366 373 375 369 371 379 377 373 375 372 375 377 384 393 395 401 406 407 410 411 416 419 421 423 425 426 434 433 438 432 441 447 452 453 456 457 466 467 476 482 489 493 499 496 504 510 516 522 531 527 536 537 538 543 549 546 553 559 561 570 565 572 572 573 578 582 591 597 589 598 607 613 616 620 626 635 642 633 642 644 646 647 652 655 662 655 662 667 663 668 674 680 689
118 345 344 351 353 359 364 365 365 366 368 373 378 370 369 373 369 376 382 388 389 392 396 404 405 405 408 409 410 412 420 420 427 425 427 430 430 432 441 448 456 458 461 465 468 474 482 483 492 492 495 500 508 517 517 523 522 527 528 529 536 540 537 546 552 554 563 562 563 570 571 579 587 595 593 587 592 598 605 607 616 622 626 634 632 636 641 637 639 648 654 653 654 654 663 659 664 671 673 681
122 336 341 344 347 354 358 366 361 368 373 375 375 373 364 364 368 369 373 380 382 391 395 395 402 404 402 408 417 415 415 417 418 418 421 426 428 436 445 453 455 459 462 471 465 471 478 480 489 487 489 492 501 508 513 514 520 524 531 530 530 531 536 543 552 557 555 554 563 564 564 573 580 589 587 584 593 599 601 609 609 618 625 625 623 632 638 636 638 647 648 652 659 651 655 656 665 673 677 682
127 333 337 343 343 348 350 357 359 366 366 369 372 370 361 360 366 360 365 373 382 391 398 389 393 398 401 399 408 407 414 411 416 413 422 426 435 441 440 444 446 452 453 462 463 465 469 477 486 485 490 491 495 504 513 519 520 529 524 521 528 536 535 543 552 548 549 553 560 561 562 564 573 581 582 583 584 592 600 601 606 615 616 625 622 624 633 628 632 640 647 655 655 647 656 650 658 664 673 674
132 328 331 340 335 340 349 358 363 364 365 361 369 366 361 354 359 357 363 372 378 385 390 381 388 392 392 397 404 404 405 405 413 412 414 423 431 437 434 438 445 451 456 460 464 469 470 471 479 481 489 496 497 503 510 515 521 527 523 515 519 528 534 535 544 547 550 559 568 564 563 572 580 582 588 584 591 592 598 599 605 614 620 616 618 616 625 625 628 636 638 647 646 646 647 648 657 660 669 673
133 327 325 332 332 340 349 352 361 359 359 353 360 357 357 353 352 355 359 368 373 377 381 379 382 383 390 390 395 401 398 403 410 405 414 420 426 428 429 430 439 442 449 452 457 464 472 472 473 481 490 499 492 495 504 506 515 520 520 512 515 523 525 529 538 540 543 551 559 560 561 568 577 583 584 577 586 588 593 601 608 608 611 607 609 612 618 619 628 631 640 647 642 645 649 657 658 662 664 669
141 329 322 328 326 335 344 345 352 357 361 352 354 354 349 358 351 356 359 363 364 369 375 371 373 379 381 389 390 392 394 395 403 404 410 419 428 437 438 437 446 450 450 459 466 465 474 475 475 484 491 492 488 492 495 503 509 512 511 510 518 521 529 536 532 531 540 546 554 561 554 563 571 575 575 569 577 586 591 596 599 604 611 604 608 610 619 628 621 623 632 640 639 641 649 652 661 664 673 672
142 328 320 319 321 330 337 338 345 349 357 349 346 353 347 351 350 347 356 359 365 360 368 369 367 376 382 391 399 399 403 402 411 413 416 425 430 439 439 440 449 455 457 461 467 472 473 475 484 488 488 493 485 484 490 495 501 505 510 506 515 517 526 527 528 529 536 543 545 552 553 556 565 567 567 568 575 583 587 588 592 596 603 601 610 616 612 619 616 618 626 634 635 639 646 653 662 663 672 675
151 330 321 312 316 324 331 329 338 346 348 341 339 344 344 345 346 344 347 352 356 358 359 365 366 374 380 384 393 396 405 403 408 409 417 426 433 437 439 440 449 457 461 467 465 469 469 476 484 481 480 487 490 483 484 491 496 497 501 502 511 520 522 531 530 532 534 543 544 551 544 553 558 561 562 569 576 577 579 580 586 587 594 600 605 612 611 612 613 621 627 630 632 640 647 655 664 672 674 674
155 321 318 309 310 319 322 328 335 337 340 343 338 341 336 345 347 343 352 353 361 361 365 365 367 368 377 386 389 396 404 402 408 417 423 421 424 431 438 440 446 450 456 460 458 460 463 472 475 478 471 480 484 481 488 497 497 505 510 511 514 522 527 531 532 535 542 545 553 551 543 545 554 559 561 567 574 581 585 586 585 590 599 594 598 603 605 614 612 620 628 631 640 648 656 661 663 663 669 665
162 312 313 308 314 316 325 331 337 329 332 335 330 336 327 336 340 341 350 359 357 354 357 363 371 373 381 385 391 393 395 396 401 410 419 416 425 431 438 444 448 452 455 452 450 451 459 466 466 469 470 477 478 480 489 498 502 509 517 519 515 515 518 523 532 539 542 539 544 546 539 546 552 553 555 564 572 573 580 581 578 585 591 586 592 594 601 606 608 613 619 625 634 642 651 658 661 659 664 661
171 305 311 307 310 307 316 325 330 326 323 326 329 327 326 334 343 342 351 356 350 353 354 363 372 374 381 379 386 390 396 397 404 408 410 415 417 425 432 439 442 444 449 444 441 449 450 458 464 473 472 481 483 489 497 498 501 503 508 512 508 508 514 518 527 532 534 534 535 537 538 543 544 553 554 560 569 578 579 579 576 584 582 585 590 594 595 604 612 619 625 627 632 636 643 650 652 656 661 659
176 298 304 305 303 306 311 320 322 318 322 329 320 329 325 330 338 339 348 347 349 356 361 370 376 376 381 378 384 390 391 399 397 401 409 418 426 426 434 434 439 440 448 439 436 445 454 459 462 464 471 478 475 481 490 492 496 503 509 503 499 507 511 514 520 524 526 533 534 531 533 538 547 550 553 556 565 574 580 574 574 582 581 589 592 594 603 609 610 619 628 633 638 644 641 642 647 648 656 658
180 292 295 296 297 298 303 311 317 315 314 322 315 322 323 332 338 347 349 345 348 354 360 365 370 373 378 374 378 387 390 394 396 397 400 409 418 427 427 428 434 435 442 433 433 440 448 457 454 462 464 472 473 481 483 484 493 494 501 502 495 504 511 512 521 522 526 525 525 523 524 533 540 542 545 554 559 566 572 565 566 573 578 584 588 589 595 604 612 617 621 626 629 638 634 642 647 656 659 651
184 283 286 290 296 303 307 315 308 313 309 316 313 321 324 328 337 346 341 344 348 355 357 366 366 375 370 368 373 382 383 387 396 405 399 406 411 419 420 424 426 434 435 427 428 435 440 448 451 459 464 464 472 474 476 477 484 488 492 493 494 495 504 507 512 517 521 519 520 522 524 528 533 534 543 551 552 561 566 564 569 567 570 579 583 591 594 603 611 608 617 618 624 630 626 633 640 647 656 649
193 276 283 282 288 294 302 307 300 306 308 309 311 319 322 329 333 342 339 344 342 346 352 360 363 369 373 367 376 373 381 383 392 396 398 405 410 419 425 433 427 434 433 426 435 435 439 439 448 450 455 460 469 478 482 484 491 495 492 497 503 504 506 513 513 515 517 518 527 531 531 534 535 542 543 552 561 559 559 560 561 566 575 571 580 584 592 597 606 607 613 619 615 622 623 632 633 638 647 648
201 268 274 281 290 290 299 298 299 301 302 311 318 323 326 329 330 338 338 343 338 347 344 351 354 360 369 366 369 372 380 385 390 397 404 412 410 417 425 427 418 427 431 423 428 434 434 436 444 448 457 462 470 473 474 480 484 487 489 493 500 506 515 515 522 522 519 520 521 523 524 527 535 537 542 550 552 550 558 565 562 563 569 570 578 582 586 591 600 607 604 610 611 620 628 632 640 646 653 657
206 267 269 273 281 288 292 294 295 302 303 312 316 321 326 328 328 330 337 342 336 339 341 350 352 359 361 363 366 374 381 390 398 396 399 403 406 411 418 424 416 420 426 420 421 429 433 441 443 451 454 455 464 472 480 481 489 486 491 496 500 509 517 517 525 522 521 522 530 525 533 528 535 541 541 548 543 544 551 559 563 570 572 573 582 586 593 596 604 599 601 607 611 620 625 626 634 643 652 656
214 260 263 264 273 279 285 291 294 300 305 307 316 320 321 321 323 329 337 342 335 342 345 350 359 353 354 363 369 377 381 382 389 394 396 397 398 407 412 416 415 417 419 418 425 426 434 440 447 454 458 456 462 471 479 480 484 485 491 500 508 514 514 520 523 522 527 530 538 534 534 529 530 532 539 540 542 547 556 561 568 571 572 576 579 581 585 594 597 598 607 614 612 621 628 628 630 639 644 647
219 257 260 262 270 279 276 282 291 298 303 306 314 318 318 319 322 321 329 333 329 335 339 346 351 352 358 366 367 372 374 382 389 398 398 399 399 405 408 407 409 412 413 417 419 428 433 441 443 452 461 460 461 462 471 474 475 484 486 495 499 508 505 513 521 519 520 529 531 539 542 534 539 540 547 544 551 556 557 561 567 568 575 581 586 590 591 600 600 605 614 618 617 625 626 634 631 635 644 653
225 250 258 260 267 273 274 283 289 292 300 297 305 310 310 318 318 314 323 324 328 334 341 342 350 353 358 364 369 378 381 384 390 394 401 404 408 408 405 406 414 414 420 425 428 436 442 436 444 447 453 451 452 455 464 466 475 479 480 487 496 501 500 509 512 513 514 521 524 533 541 543 539 541 543 551 558 563 563 568 568 571 579 581 585 594 600 607 606 614 617 626 623 629 635 643 639 637 639 646
232 233 250 257 261 266 275 280 285 294 298 296 302 308 308 317 311 312 320 327 329 337 344 350 349 354 353 359 365 374 383 388 393 401 409 408 401 399 404 408 416 415 417 418 420 428 437 431 438 441 444 447 450 458 465 469 478 482 488 488 490 495 498 507 508 514 523 530 525 527 535 536 537 546 545 550 557 563 569 577 573 580 584 590 591 600 608 612 613 619 626 635 632 638 643 646 642 638 639 648
241 240 257 266 263 272 278 282 278 286 291 294 303 304 305 309 310 312 314 322 328 336 340 343 346 349 351 360 364 370 378 379 388 395 400 399 398 395 401 410 417 421 424 420 424 426 428 429 430 435 437 446 450 455 456 463 469 478 484 493 494 502 499 507 513 516 525 528 527 535 532 527 530 539 542 550 551 555 564 571 575 582 587 592 593 602 610 613 620 620 627 628 635 643 649 651 650 647 646 655
250 249 253 254 256 261 270 276 277 285 294 296 302 310 310 311 313 318 323 329 337 340 341 342 351 355 356 361 368 369 371 373 381 388 394 402 393 394 403 406 415 424 418 427 432 427 436 437 438 436 437 439 446 455 456 465 474 477 483 490 493 501 502 503 512 512 519 521 528 535 527 526 534 543 546 554 557 563 568 577 576 581 588 595 601 598 607 611 617 622 631 632 641 650 658 660 653 656 648 652
255 250 252 259 263 262 272 280 284 292 300 302 305 309 317 316 321 326 330 338 344 349 349 344 353 355 361 369 377 370 371 373 382 383 387 393 388 397 405 407 414 416 417 424 425 428 435 436 445 441 442 441 443 451 458 466 468 469 475 484 486 494 501 504 513 510 518 526 521 526 523 525 534 540 547 552 561 569 576 573 573 574 582 586 595 596 605 614 622 631 640 636 645 654 659 667 662 660 656 653
256 257 261 265 267 267 274 282 292 301 306 306 313 312 321 320 323 327 333 335 342 349 350 350 358 364 362 366 374 371 377 374 375 380 384 385 387 394 398 407 415 414 420 426 433 437 437 445 446 449 443 447 444 451 455 463 467 468 474 480 487 491 494 495 504 507 516 517 519 521 522 530 533 540 549 550 559 566 567 568 571 575 584 589 591 600 609 610 616 624 631 640 646 649 656 660 659 659 661 659
261 262 268 274 276 276 283 285 293 302 305 300 306 311 316 323 320 328 337 340 349 351 354 359 361 367 366 370 376 380 383 381 384 386 386 392 393 397 400 401 406 408 411 417 426 435 444 453 455 449 444 452 451 452 453 455 463 472 480 488 488 492 497 501 507 516 523 521 527 529 531 538 541 549 558 556 565 572 573 576 580 576 585 586 595 600 609 618 622 630 639 635 643 648 655 656 657 658 666 664
270 271 269 278 285 285 289 286 296 295 296 298 308 309 316 313 314 319 329 338 347 346 353 361 368 369 371 379 384 387 387 385 388 394 394 399 397 404 409 410 414 410 412 420 429 434 436 445 446 451 453 456 456 457 458 462 469 477 481 485 494 501 498 504 513 517 520 527 534 530 538 540 545 547 555 564 573 576 582 583 579 578 586 595 604 604 613 622 630 635 630 632 638 639 646 654 663 667 674 666
275 273 277 286 286 294 295 289 290 294 303 302 304 306 311 312 320 328 335 339 340 341 347 353 358 367 370 379 388 391 388 394 396 395 395 404 403 412 413 414 419 412 420 429 430 438 438 447 453 454 454 463 463 466 467 469 478 486 490 490 496 501 500 507 512 518 526 531 529 530 533 536 545 552 561 568 569 578 586 587 581 584 585 590 596 599 608 617 621 627 628 637 646 646 652 659 660 668 667 674
276 280 285 293 289 293 294 296 292 293 294 300 309 310 313 317 323 330 339 341 346 344 353 360 362 365 368 370 379 387 396 400 404 402 398 406 412 419 417 415 424 421 427 428 429 434 443 452 448 454 463 472 470 470 469 474 476 483 489 490 499 507 507 511 519 520 526 527 528 533 542 544 553 556 561 562 571 576 582 583 588 585 593 598 605 608 609 614 617 622 631 640 641 648 656 663 661 669 665 674
277 286 286 292 296 294 302 305 301 301 301 303 312 319 320 325 332 335 340 346 348 352 357 366 363 371 373 374 384 391 393 399 400 401 405 411 416 423 419 423 427 423 424 432 436 442 445 446 447 456 462 465 468 469 471 476 485 487 492 499 508 511 516 520 523 528 535 534 536 541 543 552 553 557 558 566 572 579 587 592 590 591 597 602 606 615 617 615 620 625 630 635 636 645 651 658 664 667 661 670
284 293 291 295 304 297 299 307 304 307 302 305 314 323 326 332 338 336 338 339 348 354 356 363 368 375 382 378 382 383 386 389 390 392 401 402 411 419 420 422 424 432 433 435 438 445 454 447 454 463 469 473 474 471 480 483 491 496 499 506 511 517 517 521 526 534 543 542 537 543 551 553 561 564 566 573 574 576 584 585 586 593 601 609 610 611 613 618 619 625 633 639 645 654 651 652 655 658 659 664
291 292 300 304 310 306 302 311 309 309 306 312 316 324 327 333 337 337 341 344 353 359 360 368 370 379 387 387 387 386 392 397 395 401 405 403 411 417 426 424 426 427 429 438 439 448 455 448 449 454 462 471 480 472 480 489 498 501 506 507 508 515 519 519 520 525 534 535 540 543 552 560 566 569 572 574 578 580 588 590 591 592 594 602 603 611 614 617 626 631 632 639 644 647 650 649 656 665 664 667
300 301 309 308 309 315 310 319 310 313 315 313 322 325 332 341 346 346 349 351 357 360 366 374 371 374 382 389 394 392 398 399 400 409 408 412 414 417 423 431 434 432 437 438 446 454 462 457 457 462 470 477 477 476 482 487 491 492 501 508 509 510 518 517 525 534 541 543 549 544 547 553 561 566 571 576 577 586 595 594 599 594 603 610 609 616 617 619 620 622 623 632 635 638 645 646 655 664 671 676
309 310 318 317 317 317 313 318 317 322 324 321 330 326 330 339 341 350 352 352 355 356 363 372 380 382 387 390 398 395 403 405 402 411 417 413 420 418 423 431 432 436 441 447 454 462 463 463 466 466 468 477 485 484 488 495 499 501 510 509 510 511 513 515 523 526 534 538 545 552 552 559 564 571 580 585 580 589 591 592 600 595 597 601 606 615 617 623 621 630 631 639 644 647 654 651 657 658 667 674
311 319 323 320 326 318 314 320 326 323 323 322 324 330 331 340 349 356 361 361 361 363 367 371 377 378 387 393 399 402 409 407 407 409 410 419 425 426 429 438 441 445 450 451 459 463 468 471 474 469 471 475 484 488 494 501 504 510 512 510 512 520 522 519 520 529 535 537 546 550 553 555 562 569 572 581 585 591 597 600 603 603 606 604 605 609 615 622 626 630 634 636 639 640 649 658 666 662 666 670
319 327 327 324 324 320 321 328 327 331 331 324 326 331 335 340 349 354 359 368 363 371 369 376 385 380 389 395 397 401 406 415 414 418 411 415 416 423 432 440 445 446 454 458 459 460 467 468 471 472 480 483 487 490 492 498 499 507 512 519 521 521 523 524 527 534 538 543 544 553 561 564 569 572 575 576 581 590 599 600 609 604 607 605 613 618 623 629 635 635 643 639 643 649 654 655 660 669 668 677
320 323 332 333 329 325 330 330 334 333 334 325 326 329 336 339 348 355 357 361 367 376 373 382 389 389 398 400 406 405 414 421 418 418 417 424 425 432 436 438 444 447 452 454 463 469 472 474 476 476 484 489 496 499 500 507 506 511 512 521 530 529 525 527 536 535 537 543 550 559 560 565 574 573 574 575 584 593 602 608 609 611 611 612 615 624 626 627 635 644 652 648 647 650 652 654 662 664 673 682
323 332 341 341 336 333 333 338 337 341 338 329 327 334 340 344 345 350 357 363 371 375 380 387 392 392 400 401 409 408 412 421 427 423 424 427 426 430 437 436 437 441 442 452 455 461 463 465 474 475 478 486 493 498 500 506 509 513 521 523 527 535 533 536 538 544 546 545 548 556 565 571 572 575 575 584 593 595 596 602 610 618 612 618 622 630 635 634 639 647 652 652 654 652 654 659 667 673 682 691
332 339 347 346 343 342 336 344 341 345 338 337 328 333 341 350 354 358 357 363 366 372 381 388 394 397 405 409 416 414 421 430 432 424 425 429 428 429 433 434 435 444 444 445 446 456 464 472 475 484 482 490 499 505 507 514 518 518 524 529 529 532 538 545 547 552 554 547 555 562 563 571 579 581 576 578 584 591 599 608 616 615 619 623 631 637 642 643 648 651 658 657 658 658 663 667 675 680 687 690
339 348 355 354 348 340 337 338 347 349 345 336 329 333 338 345 351 354 355 363 369 375 384 392 387 396 399 404 407 415 421 430 430 427 432 430 430 436 441 438 440 446 451 454 453 455 462 467 476 482 483 491 494 502 503 510 517 521 526 529 531 531 536 542 546 546 551 549 555 564 569 578 580 589 584 587 592 595 603 607 608 612 618 620 627 636 642 645 646 654 663 664 665 662 667 669 677 684 693 698
344 353 359 360 355 346 340 347 355 351 349 342 338 338 340 345 348 357 364 366 367 376 377 384 385 394 395 396 398 407 414 422 425 429 436 438 437 443 445 444 448 452 459 462 457 458 464 473 482 491 492 496 496 497 501 509 512 521 522 526 526 528 536 543 543 545 547 548 556 557 566 575 583 587 591 593 595 603 604 606 607 609 616 625 627 631 638 646 649 650 658 663 667 670 668 676 684 692 699 705
350 357 366 359 358 351 343 344 346 355 347 340 339 343 344 352 353 360 362 371 376 385 378 383 392 395 403 397 404 405 414 420 428 437 442 445 445 449 453 452 453 453 455 460 466 459 465 474 483 491 500 499 502 506 510 510 517 521 522 523 525 532 533 536 542 547 549 557 565 566 574 577 578 583 592 601 599 601 603 612 613 610 619 623 626 631 640 646 652 651 656 662 669 666 670 679 679 685 694 699
353 361 360 359 357 355 349 352 354 350 345 343 340 345 347 353 361 367 364 367 375 383 379 383 385 394 402 403 405 413 422 429 431 438 446 449 451 458 455 457 459 460 456 461 470 467 473 480 482 488 495 497 505 510 512 519 523 522 529 526 529 530 534 537 544 546 551 552 560 566 571 575 579 588 589 598 602 602 609 611 620 614 615 617 626 630 639 648 649 650 653 662 661 664 670 674 678 687 695 702
357 365 367 368 364 359 350 359 363 356 348 349 348 349 355 358 361 369 370 373 382 383 385 392 393 396 405 412 413 417 419 428 430 438 447 445 452 458 456 464 464 462 463 469 470 475 480 486 485 487 496 501 510 519 513 515 516 519 525 534 530 538 541 544 552 547 555 561 567 575 572 574 581 584 593 602 607 603 606 612 620 621 623 626 634 631 638 646 655 655 653 655 658 663 671 675 684 687 692 701
363 372 376 376 370 366 359 367 358 351 350 352 352 358 356 365 365 374 379 380 386 390 389 393 394 402 406 408 409 410 419 420 423 432 440 441 446 449 458 464 465 463 472 477 479 484 487 495 486 491 500 509 518 517 514 523 523 520 529 532 532 540 549 548 557 556 561 562 564 573 579 578 579 582 588 597 599 607 613 616 618 625 631 635 643 636 637 641 649 651 652 661 667 664 671 675 677 684 685 693
364 373 380 377 377 368 365 363 356 354 354 354 360 363 363 365 367 375 376 380 389 395 394 401 403 411 410 410 411 417 423 429 431 440 444 449 454 458 459 467 473 467 476 482 480 489 495 503 493 499 508 511 515 515 521 522 530 528 534 540 538 543 552 555 557 561 563 570 569 571 579 580 582 591 590 592 601 610 617 625 619 627 628 631 640 640 640 649 656 654 656 662 668 665 674 682 685 687 694 695
372 381 383 385 376 375 372 365 357 361 357 358 364 364 372 366 368 372 374 382 389 398 401 402 403 407 414 418 419 426 432 430 437 441 449 455 462 465 461 464 473 473 474 482 483 488 494 501 498 501 509 514 512 513 522 529 531 535 536 537 545 545 546 549 556 560 569 566 567 576 585 581 587 594 594 598 607 609 613 616 624 624 632 635 639 644 645 648 655 663 660 664 665 673 675 681 682 691 693 702
381 390 386 384 380 374 373 368 361 370 362 361 370 371 379 374 375 380 382 391 397 401 402 405 404 412 421 426 427 435 435 439 441 450 453 454 458 459 465 465 468 472 480 483 489 497 495 497 505 503 504 507 508 514 521 522 523 525 526 536 542 549 552 553 558 563 564 565 571 573 580 585 589 590 592 601 610 613 620 624 622 623 629 637 638 639 648 649 658 664 669 667 673 678 684 682 684 685 692 699
390 392 394 385 383 383 380 371 365 368 365 370 375 372 378 383 384 389 384 385 393 402 411 414 412 420 429 434 436 441 444 443 446 447 452 456 457 461 463 464 473 475 477 486 487 495 499 501 507 507 513 510 511 514 522 531 531 533 527 528 533 542 547 548 549 554 561 565 571 580 589 587 595 598 595 598 602 604 612 616 620 625 629 634 636 645 651 658 662 669 670 675 674 681 682 685 685 690 697 704
399 395 401 392 385 386 383 378 369 373 369 374 383 380 385 387 387 395 386 390 399 400 408 409 413 414 423 432 438 443 448 447 449 455 461 462 462 470 467 467 471 479 484 493 491 492 501 505 506 515 513 512 520 515 523 529 535 541 533 529 535 536 540 550 554 563 569 567 576 580 586 587 595 601 602 599 604 612 619 625 629 629 635 641 645 647 652 657 664 671 671 677 683 689 687 686 686 692 694 700
403 404 407 401 394 393 385 378 374 375 374 375 384 389 394 390 395 392 388 396 405 404 410 415 420 422 430 433 442 443 451 448 454 462 469 464 469 476 474 475 476 484 490 494 493 501 508 510 515 520 522 520 520 517 523 532 541 543 536 536 544 544 545 548 554 557 564 565 571 576 583 592 593 598 607 608 605 609 610 616 621 629 633 642 651 655 661 658 666 673 680 681 684 692 695 695 693 701 700 701
411 413 416 407 403 402 394 387 378 376 383 376 378 387 392 398 404 401 396 398 399 408 411 420 421 430 434 434 439 448 457 456 459 463 472 470 471 479 481 481 482 491 498 502 501 510 510 511 517 526 526 529 522 518 527 533 535 537 538 539 547 552 553 555 562 564 570 574 573 582 587 593 602 607 608 617 610 617 617 619 626 631 639 647 653 661 669 664 665 673 677 685 690 698 702 704 701 710 709 705
419 412 411 407 404 407 398 389 384 385 380 379 382 383 388 389 398 400 402 406 408 410 414 422 424 433 435 440 447 456 458 461 461 462 470 478 480 481 484 490 485 486 495 502 510 511 519 512 513 520 529 535 531 525 534 542 540 543 539 545 552 558 561 562 571 566 575 579 574 582 590 599 607 615 616 625 617 626 618 621 629 636 641 642 650 659 660 662 671 677 685 694 697 698 705 712 703 708 717 709
428 419 418 410 402 401 399 391 388 384 383 388 383 392 390 398 405 403 410 412 417 411 420 428 431 438 442 448 455 463 467 467 470 464 467 471 477 479 487 488 486 487 492 493 501 509 515 521 520 524 532 533 540 534 543 548 545 552 547 553 561 564 568 570 578 573 582 584 581 589 597 599 599 608 614 618 616 619 624 630 633 634 641 647 648 650 657 665 673 681 689 691 699 699 706 707 712 716 717 718
435 426 418 418 410 407 398 391 390 386 388 397 392 399 392 393 396 403 404 407 410 418 422 429 431 435 444 450 459 468 472 476 468 466 467 474 483 484 491 492 492 488 491 495 498 505 513 518 520 529 530 534 536 535 543 551 549 558 551 552 560 565 569 571 580 578 582 583 583 592 600 597 598 600 608 609 613 622 630 632 633 636 644 650 652 653 662 670 671 678 686 694 696 698 704 712 713 722 726 724
428 425 416 416 407 398 397 396 396 392 390 398 400 397 395 398 403 409 413 409 413 415 424 427 433 441 442 449 456 465 470 473 476 467 468 470 476 485 492 501 501 497 500 497 505 513 518 521 527 528 537 542 545 542 551 554 554 559 560 555 562 569 572 576 584 587 590 587 586 588 590 594 597 598 607 611 621 624 629 633 634 639 648 655 661 658 667 674 680 686 691 697 699 706 712 712 718 718 722 730
420 416 413 411 410 402 404 397 397 398 399 406 401 402 399 406 410 418 420 411 412 415 423 424 425 432 435 444 448 457 466 467 468 470 477 479 485 492 499 508 507 506 508 506 514 522 527 523 529 531 532 541 542 545 554 558 559 564 567 563 570 578 580 585 593 594 592 590 588 594 598 602 606 607 613 615 625 632 636 641 643 643 648 656 664 667 675 677 684 687 691 700 697 697 705 711 712 713 717 725
429 422 422 419 412 410 402 398 404 402 403 405 410 410 407 414 411 412 421 420 416 423 428 433 426 435 443 448 455 461 462 469 475 477 475 483 492 491 495 502 506 515 516 513 520 521 526 524 531 540 539 543 544 553 554 556 564 573 576 570 578 584 589 594 594 601 598 598 591 600 606 603 609 616 620 617 627 635 643 641 643 650 647 655 663 672 674 677 679 682 682 691 688 689 696 705 709 713 720 726
433 425 425 421 412 408 407 407 412 403 408 412 415 416 411 420 412 421 427 429 424 425 430 437 434 437 444 450 457 462 465 463 466 471 473 477 486 488 494 495 503 512 517 514 519 527 528 533 540 549 541 550 546 551 557 563 569 577 577 577 586 586 591 594 601 609 604 602 594 603 611 605 608 615 619 621 625 630 638 638 640 641 644 653 658 665 670 677 685 681 674 683 687 689 698 707 716 720 720 729
436 429 426 429 421 417 416 416 413 412 415 419 423 417 420 416 413 421 429 430 432 427 436 439 437 442 443 448 452 453 457 461 469 478 476 477 484 488 493 494 503 512 518 516 519 528 534 536 539 548 550 559 555 552 560 567 568 569 571 575 579 586 594 595 604 610 605 601 597 601 609 613 609 615 623 628 626 628 629 632 634 643 650 654 655 662 661 669 676 677 672 681 684 693 699 703 712 716 717 726
443 437 434 436 427 422 425 423 422 415 416 425 430 423 429 423 422 423 428 435 441 436 445 440 442 450 452 451 460 462 462 470 473 481 485 483 492 497 500 503 506 507 516 519 526 534 542 539 547 554 557 564 557 561 563 568 572 572 579 583 582 588 597 604 608 615 612 607 598 607 609 614 611 620 627 634 628 630 637 639 637 642 643 650 652 656 660 662 667 668 669 678 683 686 693 702 707 708 716 718
451 446 443 445 436 429 427 424 425 416 425 428 436 428 435 426 431 425 434 436 445 437 439 446 445 454 455 452 454 458 467 476 478 482 491 490 497 504 504 510 515 516 523 524 531 536 540 543 547 556 558 563 559 568 564 573 580 574 581 590 587 595 601 610 609 616 611 610 602 611 618 622 615 622 626 626 635 638 645 640 642 647 649 658 659 658 662 663 671 671 672 681 683 692 701 705 710 716 722 719
459 453 447 438 437 436 434 425 427 419 428 434 440 437 437 428 434 428 435 440 448 446 448 455 452 458 464 461 457 466 469 471 480 481 490 498 505 511 510 511 513 521 528 527 531 538 540 546 555 564 559 568 568 577 569 577 582 583 586 595 593 597 603 610 618 610 617 611 610 617 625 623 617 618 619 624 633 641 648 643 646 650 653 661 666 659 666 672 678 674 680 681 689 697 698 707 716 717 722 725
456 449 440 439 444 444 435 426 434 426 433 437 443 440 446 437 437 434 441 442 445 446 452 458 454 455 459 467 459 468 470 479 485 486 495 503 504 513 519 517 522 530 535 536 533 535 541 550 556 563 560 561 563 571 570 572 578 579 587 593 594 588 597 604 609 602 611 617 619 626 634 625 622 625 623 627 635 639 646 649 655 658 661 666 663 661 663 668 670 677 680 686 693 696 703 712 721 724 731 734
456 447 446 447 451 442 437 428 435 435 441 446 447 442 449 444 446 443 442 443 446 447 455 464 462 457 466 464 461 462 465 472 481 487 492 501 504 508 515 522 523 531 535 536 534 539 542 551 553 555 563 570 564 573 577 573 576 579 583 585 586 587 591 600 606 601 609 616 619 627 634 632 631 629 626 629 637 645 651 658 661 667 668 675 671 666 670 677 677 683 683 684 693 700 709 717 724 725 734 741
462 453 455 452 452 443 443 437 436 444 442 445 452 443 452 453 454 452 451 452 447 455 461 470 463 458 466 468 470 464 473 481 488 488 492 498 499 506 509 514 521 530 538 539 542 547 551 559 554 562 563 568 572 580 583 581 581 583 591 590 590 588 596 597 598 600 605 611 612 618 627 635 639 638 634 637 640 644 653 657 658 662 668 677 672 667 670 677 680 685 689 691 692 701 709 711 717 724 727 732
459 456 458 459 453 452 445 438 442 444 447 447 450 451 458 456 460 457 452 452 450 451 453 462 471 467 471 476 472 473 481 485 494 497 499 500 505 510 511 515 524 531 535 538 547 555 554 563 561 567 572 577 575 581 587 589 582 590 598 592 599 597 601 604 605 602 603 609 618 621 625 628 634 637 636 640 641 643 648 650 659 667 674 675 674 674 673 674 678 683 685 694 699 703 704 712 714 723 731 735
468 460 465 468 462 461 454 447 448 449 455 455 451 454 463 457 462 459 457 460 451 460 461 470 478 474 472 481 474 480 489 494 503 506 504 508 510 515 520 516 521 527 528 537 542 549 553 562 564 565 568 573 581 582 584 590 591 597 606 597 604 605 608 610 614 610 612 618 626 629 630 635 639 643 638 647 643 650 649 658 664 668 671 680 680 682 677 682 679 687 694 703 702 703 712 718 716 721 723 726
469 468 474 469 470 466 457 453 449 454 458 456 454 455 463 465 469 461 460 468 459 460 461 470 476 475 479 488 479 488 489 498 506 515 511 509 518 521 520 519 520 526 535 542 551 558 558 566 572 566 567 576 582 591 591 597 598 598 606 605 610 608 610 619 618 611 617 620 621 622 623 629 637 638 646 650 652 652 658 660 666 671 675 676 678 686 686 686 680 684 686 695 696 705 711 712 716 717 726 734
475 473 481 476 468 465 459 457 456 455 463 464 461 461 468 474 474 470 462 471 465 469 470 471 475 479 483 484 481 490 494 503 508 517 516 510 516 523 529 526 526 532 540 547 551 560 564 566 575 570 576 578 585 590 594 597 602 600 604 607 612 616 616 619 622 613 622 628 630 626 628 630 635 642 644 653 660 661 661 661 663 672 681 677 684 691 692 688 684 690 692 693 695 696 702 710 711 716 724 728
484 482 482 474 470 461 460 465 464 460 461 462 467 466 472 481 478 469 468 477 472 478 479 476 484 482 483 484 484 492 497 506 512 513 522 515 522 531 528 527 535 533 538 547 556 562 571 574 583 578 584 587 593 599 603 603 611 609 610 608 613 620 625 625 624 615 617 621 626 631 636 633 637 638 641 648 657 658 663 662 666 667 674 682 690 696 700 691 689 693 700 699 704 698 705 711 716 715 716 719
491 482 474 473 464 463 468 469 465 468 466 464 473 467 475 476 485 478 473 476 473 477 486 480 488 483 491 492 492 493 495 503 506 512 521 524 531 535 537 530 534 542 546 555 564 571 578 581 582 580 582 591 594 602 603 611 618 618 615 616 622 624 630 626 628 624 618 625 629 633 634 642 645 645 650 655 664 666 664 666 674 669 672 674 682 691 691 700 695 700 706 708 709 700 701 702 707 713 721 720
488 481 474 473 465 469 477 473 474 472 475 473 478 470 477 477 482 485 476 480 475 484 493 487 496 490 499 494 496 500 501 509 508 514 523 527 536 536 541 535 541 549 552 560 569 574 583 590 589 585 589 598 602 607 610 613 619 626 618 617 626 633 635 635 631 623 621 629 636 639 642 648 653 654 658 660 664 665 673 671 679 670 673 674 682 684 687 695 703 701 706 707 706 703 707 705 715 715 719 727
493 487 478 474 474 472 474 474 483 474 480 482 480 471 480 486 485 484 477 484 483 486 493 492 497 496 503 498 499 504 506 515 517 523 524 533 536 545 546 542 550 554 559 561 568 569 578 587 594 593 590 599 607 608 613 620 625 634 626 620 626 635 644 644 635 628 627 635 639 648 650 655 662 655 663 663 664 667 676 672 681 678 682 683 691 688 696 704 710 709 707 715 711 710 715 711 714 716 725 732
493 485 479 482 480 479 476 479 482 475 479 488 483 480 489 487 487 493 486 489 489 495 502 496 503 497 506 503 508 506 508 515 522 527 529 532 541 548 548 551 556 561 562 562 568 572 579 588 592 599 591 599 608 617 617 620 625 632 635 629 635 642 647 646 644 636 636 641 647 656 651 660 665 661 668 669 670 668 677 677 686 686 691 692 697 689 698 706 715 718 715 721 712 715 718 718 721 717 718 722
495 488 488 489 488 485 485 486 477 476 484 487 490 481 486 491 495 494 493 491 491 493 499 504 503 502 503 512 516 513 517 516 524 532 538 534 543 544 552 549 558 562 571 567 572 581 585 587 595 599 598 604 608 609 618 627 626 627 633 634 641 650 656 649 643 640 642 649 656 659 657 666 670 662 669 677 672 671 674 675 682 685 694 701 704 697 704 708 717 724 723 725 717 723 723 722 727 719 726 728
498 492 493 497 489 493 492 490 483 481 488 488 497 490 495 500 504 500 498 497 499 495 503 511 512 503 511 512 520 518 525 522 529 535 542 535 542 547 555 548 549 558 567 576 581 578 578 583 589 590 591 595 599 601 610 619 628 636 638 643 642 651 656 657 651 643 651 658 660 661 665 668 676 670 675 680 681 672 680 684 686 694 700 706 707 699 708 717 721 729 732 729 724 730 729 731 735 728 732 729
501 501 495 498 494 501 493 491 490 490 490 497 499 492 501 508 513 508 499 498 501 498 506 508 517 510 511 519 522 527 534 531 531 540 547 539 541 543 546 547 549 553 561 569 575 576 577 579 588 596 597 604 607 610 613 621 628 637 645 644 650 659 660 662 657 651 660 666 667 662 667 674 677 675 678 679 683 680 688 693 695 695 703 704 708 700 707 714 722 723 730 737 730 731 738 740 739 735 740 738
