  0 475 469 474 477 473 482 484 487 493 486 482 476 481 482 480 474 475 479 478 481 490 498 494 503 498 496 501 504 505 509 506 507 516 517 520 514 521 522 523 531 534 543 544 550 547 551 553 561 565 568 570 579 583 580 588 588 595 598 603 612 604 606 614 623 621 625 633 634 640 649 658 665 667 674 676 679 677 682 677 682 690 694 702 704 713 721 730 727 733 739 740 741 747 755 9223372036854775808 9223372036854775808 9223372036854775808 9223372036854775808 9223372036854775808
  8 468 467 468 468 472 473 480 485 484 481 473 474 472 473 479 473 476 474 475 478 484 489 493 498 496 492 494 500 508 500 502 506 513 514 522 513 519 525 532 532 533 539 543 551 543 546 548 553 557 559 565 573 574 574 581 584 587 589 597 606 598 606 615 619 618 625 628 636 644 652 651 656 659 666 671 671 668 677 674 676 685 694 698 706 715 720 728 725 732 730 736 743 743 752 752 9223372036854775808 9223372036854775808 9223372036854775808 9223372036854775808
 16 460 458 467 465 474 466 472 477 477 474 471 465 465 467 472 465 468 469 476 485 484 491 485 489 491 488 494 497 501 495 499 507 514 523 519 512 517 517 525 532 538 530 535 542 537 545 551 559 557 561 564 565 567 572 580 583 582 589 596 604 596 604 607 611 616 623 625 631 637 646 648 656 656 657 665 666 667 668 672 675 684 693 694 701 710 711 720 716 723 728 733 734 742 743 746 753 9223372036854775808 9223372036854775808 9223372036854775808
 17 464 457 459 460 465 463 464 468 475 472 466 463 461 460 465 463 468 470 479 482 477 482 477 483 484 487 489 490 492 494 501 507 509 518 510 510 511 516 517 523 529 527 529 535 534 542 547 550 556 560 555 559 566 572 575 576 580 588 587 595 595 596 602 611 615 622 624 632 641 641 650 652 652 661 661 670 667 673 676 684 688 686 687 693 702 704 713 712 714 719 727 730 733 737 741 749 760 751 9223372036854775808
 26 464 456 453 459 460 462 469 472 467 463 464 464 460 458 456 460 469 473 473 477 470 473 473 476 480 478 480 482 485 490 492 499 500 509 504 503 512 517 509 518 520 521 528 526 533 539 542 550 554 560 552 554 563 565 572 581 582 582 584 590 589 597 606 608 612 619 624 628 636 633 641 643 651 653 654 663 664 666 667 676 684 685 688 694 696 704 705 706 710 717 719 721 730 736 741 745 753 747 750
 28 458 449 447 450 451 460 469 466 458 456 458 456 451 449 455 463 463 468 467 469 466 472 471 473 479 477 482 481 482 487 483 490 499 500 507 500 505 511 506 511 514 520 528 525 531 530 536 542 546 553 549 557 558 567 571 573 577 578 581 585 588 592 597 606 608 612 616 625 627 632 633 642 648 656 654 663 672 672 675 676 685 691 689 698 697 705 710 715 719 719 723 722 727 733 733 741 744 739 741
 29 450 441 441 446 450 459 464 458 456 447 454 447 442 443 449 456 457 459 465 461 457 464 468 464 471 475 477 478 485 488 480 487 494 501 498 498 499 502 503 510 511 519 523 523 530 527 530 537 539 548 547 551 556 558 564 566 571 580 583 584 587 592 601 609 616 615 619 623 624 625 632 639 640 648 653 657 663 670 673 675 678 683 691 700 705 712 713 709 716 717 717 721 729 734 730 732 735 734 733
 33 443 437 440 449 452 456 458 450 454 446 451 447 441 449 449 455 450 459 458 461 455 463 470 463 462 467 468 476 481 481 479 483 490 493 497 496 500 506 506 515 517 520 523 519 522 524 528 534 543 545 546 554 563 560 564 567 569 575 578 580 582 584 593 601 610 617 616 619 625 634 640 648 641 650 650 651 656 664 666 667 675 679 683 691 696 703 705 707 714 710 715 723 723 727 729 735 727 727 730
 41 437 436 438 442 443 448 451 448 452 444 444 449 440 443 448 447 449 457 449 454 453 461 463 465 459 463 470 479 484 477 477 481 485 492 496 487 492 499 508 512 509 512 514 517 526 530 537 540 542 541 544 549 556 563 569 576 577 583 587 583 589 587 596 605 611 613 615 621 623 631 639 641 643 646 648 650 654 655 658 665 673 674 677 682 690 695 696 698 705 702 711 714 718 725 727 730 726 718 726
 42 429 433 430 435 438 447 445 442 449 440 441 442 439 445 454 446 442 451 448 456 449 458 464 456 458 462 471 478 475 468 476 481 484 488 489 480 486 494 503 505 505 513 515 519 521 530 539 537 539 538 547 549 556 564 572 576 578 582 583 583 592 593 598 598 606 610 614 614 622 623 630 635 643 649 646 647 656 664 662 671 668 668 672 677 681 687 693 694 696 696 704 713 709 717 719 721 724 717 723
 51 424 431 423 431 433 439 439 439 443 439 441 437 431 437 446 446 437 442 440 447 448 454 457 454 463 463 467 469 473 467 472 474 481 480 485 478 482 489 498 502 504 511 519 526 523 526 530 532 532 537 545 546 551 556 565 568 570 573 574 577 584 590 591 592 598 604 605 611 614 622 624 630 639 640 644 650 659 662 666 670 667 659 663 672 678 684 685 686 694 695 696 705 708 709 711 714 715 716 724
 56 419 428 422 430 438 431 438 437 436 432 432 428 427 428 437 440 435 444 438 447 443 450 457 452 461 466 466 475 466 465 471 470 479 479 480 476 479 486 490 493 495 503 510 518 517 517 521 523 531 539 547 547 556 557 565 567 574 575 581 586 591 595 596 595 602 607 601 604 609 613 622 628 637 635 643 649 653 654 661 662 658 657 660 668 673 681 677 677 686 687 695 696 700 709 710 714 723 724 727
 58 416 419 421 423 429 423 432 439 431 430 429 429 423 429 430 431 432 441 437 438 442 444 449 451 452 460 463 472 468 461 463 469 472 471 477 475 477 486 488 491 493 497 504 512 509 510 513 522 527 531 540 547 551 556 559 562 566 570 579 588 593 593 602 597 602 601 596 604 613 619 613 622 629 630 636 640 645 654 652 661 653 655 658 661 668 673 672 675 680 684 691 697 703 710 714 706 715 718 726
 66 412 414 419 417 420 418 426 430 430 431 422 421 414 423 430 434 436 437 434 443 445 442 442 451 460 461 454 463 459 460 468 477 472 464 468 474 480 483 487 496 500 505 505 506 508 517 522 521 527 536 542 543 544 553 553 554 559 566 574 580 588 591 599 590 594 593 595 596 605 610 611 620 623 631 632 633 640 645 644 653 651 657 664 668 663 665 669 670 671 678 685 688 697 701 709 705 714 710 717
 73 411 405 411 408 412 414 423 422 426 429 420 414 410 417 425 425 427 429 426 434 442 436 437 444 453 454 452 456 458 465 474 472 464 463 469 471 472 481 485 491 500 505 499 508 503 511 516 520 523 527 535 542 551 550 547 556 563 570 571 571 579 583 592 584 585 592 594 597 606 609 614 619 615 622 624 627 634 637 643 649 650 651 659 659 661 670 668 669 677 680 688 689 691 700 700 703 712 707 712
 74 403 404 402 405 407 411 417 421 417 420 418 410 406 408 417 420 421 424 425 433 433 435 436 437 446 445 451 456 459 466 475 467 466 462 469 463 469 477 476 485 494 496 496 505 496 505 512 514 519 526 534 543 543 542 543 552 557 562 563 570 579 575 583 583 584 585 592 597 605 612 614 612 613 614 615 623 629 630 639 647 641 645 650 651 658 664 667 669 675 677 679 687 696 699 695 694 703 702 703
 83 398 395 401 402 407 409 416 418 416 414 421 413 405 409 412 416 413 421 420 425 425 432 427 434 437 441 448 452 460 469 467 459 463 461 460 460 466 471 475 481 490 499 494 497 494 497 503 510 512 517 526 535 544 541 546 553 556 561 564 569 577 573 574 582 587 593 601 598 607 609 607 610 619 621 620 629 630 636 638 644 636 637 645 654 661 662 669 669 674 679 678 686 691 696 691 692 699 701 709
 89 396 388 397 403 398 407 412 416 416 408 413 410 402 409 403 407 410 412 414 420 418 423 424 427 432 435 439 447 455 461 459 450 456 452 453 457 461 466 472 479 485 492 491 489 491 497 506 514 518 519 528 526 535 536 540 546 551 559 565 569 571 567 576 577 586 594 599 603 602 601 606 610 614 616 617 624 630 628 634 637 635 643 650 655 664 663 671 663 669 672 676 685 692 695 688 689 697 698 707
 93 390 386 392 399 396 402 409 408 407 406 410 404 401 409 400 401 406 412 415 415 413 414 418 419 428 429 430 438 446 455 452 443 447 448 456 465 467 469 475 476 481 488 496 488 495 500 509 518 523 520 520 522 526 535 540 547 545 553 559 563 568 565 572 581 582 589 593 595 601 593 602 601 606 607 616 615 621 620 625 628 631 638 647 650 657 666 671 662 669 668 675 676 683 688 687 696 700 706 711
 94 390 383 390 392 391 398 405 404 398 399 408 409 400 400 396 397 403 403 412 414 409 412 421 423 428 436 433 439 446 449 446 442 444 452 450 457 464 473 470 478 474 482 487 486 489 498 507 509 516 521 516 523 524 531 540 541 542 550 552 559 561 563 571 572 581 585 584 593 596 591 600 600 608 610 608 606 613 616 621 630 639 643 647 653 662 662 670 661 665 667 673 679 678 679 679 687 692 697 702
100 387 382 383 388 389 398 399 403 396 390 399 406 397 395 392 388 396 395 404 405 408 417 423 418 423 428 433 435 439 441 443 436 437 444 445 448 457 465 469 471 468 473 480 483 492 498 499 500 509 512 514 523 526 527 533 540 541 548 554 553 562 559 565 570 574 582 581 588 588 588 594 598 606 602 599 605 607 612 621 629 636 643 645 645 654 660 662 655 656 663 665 671 677 682 678 680 687 696 704
109 378 375 381 381 390 395 390 397 398 389 391 398 390 386 388 385 388 390 397 406 408 414 419 417 419 420 425 428 430 432 434 435 443 442 447 441 450 456 461 462 465 466 475 476 485 491 498 502 508 505 513 519 525 531 540 536 545 546 547 551 556 553 560 566 568 577 572 579 579 580 585 589 598 604 596 605 614 620 623 627 633 642 649 640 649 651 653 654 659 662 669 662 669 674 670 675 681 687 696
118 369 368 375 377 383 388 389 389 389 388 393 391 383 382 386 382 389 395 401 402 405 409 415 415 414 417 418 419 421 429 429 436 434 436 439 439 441 450 457 465 467 470 474 477 483 491 492 501 501 504 509 517 526 526 532 531 536 537 538 544 547 544 553 559 561 570 569 570 577 578 586 594 602 600 594 599 605 612 614 623 629 633 641 639 643 648 644 646 655 661 660 661 661 670 666 671 678 680 688
122 360 365 368 371 378 382 390 385 392 386 388 388 386 377 377 381 382 386 393 395 404 408 406 412 413 411 417 426 424 424 426 427 427 430 435 437 445 454 462 464 468 471 480 474 480 487 489 498 496 498 501 510 517 522 523 529 533 538 537 537 538 543 550 559 564 562 561 570 571 571 580 587 596 594 591 600 606 608 616 616 625 632 632 630 639 645 643 645 654 655 659 666 658 662 663 672 680 684 689
127 357 361 367 367 372 374 381 383 385 379 382 385 383 374 373 379 373 378 386 395 404 409 400 403 407 410 408 417 416 423 420 425 422 431 435 444 450 449 453 455 461 462 471 472 474 478 486 495 494 499 500 504 513 522 528 529 538 531 528 535 543 542 550 559 555 556 560 567 568 569 571 580 588 589 590 591 599 607 608 613 622 623 632 629 631 640 635 639 647 654 662 662 654 663 657 665 671 680 681
132 352 355 364 359 364 373 382 383 378 378 374 382 379 374 367 372 370 376 385 391 397 401 392 398 401 401 406 413 413 414 414 422 421 423 432 440 446 443 447 454 460 465 469 473 478 479 480 488 490 498 505 504 510 517 522 528 534 530 522 526 535 541 542 551 554 557 566 575 571 570 579 587 589 595 591 598 599 605 606 612 621 627 623 625 623 632 632 635 643 645 654 653 653 654 655 664 667 676 680
133 351 349 356 356 364 373 376 382 373 372 366 373 370 370 366 365 368 372 381 386 389 393 390 391 392 399 399 404 410 407 412 419 414 423 429 435 437 438 439 448 451 458 461 466 473 481 481 482 490 499 508 499 502 511 513 522 527 527 519 522 530 532 536 545 547 550 558 566 567 568 575 584 590 591 584 593 595 600 608 615 615 618 614 616 619 625 626 635 638 647 654 649 652 656 664 665 669 671 676
141 353 346 352 350 359 368 369 376 371 374 365 367 367 362 371 364 369 372 376 377 381 387 382 382 388 390 398 399 401 403 404 412 413 419 428 437 446 447 446 455 459 459 468 475 474 483 484 484 493 500 499 495 499 502 510 516 519 518 517 525 528 536 543 539 538 547 553 561 568 561 570 578 582 582 576 584 593 598 603 606 611 618 611 615 617 626 635 628 630 639 647 646 648 656 659 668 671 680 679
142 352 344 343 345 354 361 362 369 363 370 362 359 366 360 364 363 360 369 372 378 372 380 380 376 385 391 400 408 408 412 411 420 422 425 434 439 448 447 449 458 464 466 470 476 481 480 482 491 495 495 500 492 491 497 502 508 512 517 513 522 524 533 534 535 536 543 550 552 559 560 563 572 574 574 575 582 590 594 595 599 603 610 608 617 623 619 626 623 625 633 641 642 646 653 660 669 670 679 682
151 354 345 336 340 348 355 353 362 359 361 354 352 357 357 358 359 357 360 365 369 370 371 377 375 383 389 393 402 405 414 410 415 416 424 433 440 444 446 447 456 464 468 474 472 476 476 483 491 488 487 494 497 490 491 498 503 504 508 509 518 527 529 538 537 539 541 550 551 558 551 560 565 568 569 576 583 584 586 587 593 594 601 607 612 619 618 619 620 628 634 637 639 647 654 662 671 679 681 681
155 350 342 333 334 343 346 352 357 350 353 356 351 354 349 358 360 356 365 366 372 368 372 372 374 375 384 393 396 403 411 409 415 424 430 428 431 438 445 447 453 457 463 467 465 467 470 479 482 485 478 487 491 488 495 504 504 512 517 518 521 529 534 538 539 542 549 552 560 558 550 552 561 566 568 574 581 588 592 593 592 597 606 601 605 610 612 621 619 627 635 638 647 655 663 668 670 670 676 672
162 341 337 332 338 340 349 355 350 342 345 348 343 349 340 349 353 354 363 372 364 361 364 370 378 380 388 392 398 400 402 403 408 417 426 423 432 438 445 451 455 459 462 459 457 458 466 473 473 476 477 484 485 487 496 505 509 516 524 526 522 522 525 530 539 546 549 546 551 553 546 553 559 560 562 571 579 580 587 588 585 592 598 593 599 601 608 613 615 620 626 632 641 649 658 665 668 666 671 668
171 334 338 331 334 331 340 349 343 339 336 339 342 340 339 347 356 355 364 363 357 360 361 370 379 381 388 386 393 397 403 404 411 415 417 422 424 432 439 446 449 451 456 451 448 456 457 465 471 480 479 488 490 496 504 505 508 510 515 519 515 515 521 525 534 539 541 541 542 544 545 550 551 560 561 567 576 585 586 586 583 591 589 592 597 601 602 611 619 626 632 634 639 643 650 657 659 663 668 666
176 327 333 329 327 330 335 344 335 331 335 342 333 342 338 343 351 352 361 354 356 363 368 377 383 383 388 385 391 397 398 406 404 408 416 425 433 433 441 441 446 447 455 446 443 452 461 466 469 471 478 485 482 488 497 499 503 510 516 510 506 514 518 521 527 531 533 540 541 538 540 545 554 557 560 563 572 581 587 581 581 589 588 596 599 601 610 616 617 626 635 640 645 651 648 649 654 655 663 665
180 321 324 320 321 322 327 335 330 328 327 335 328 335 336 345 351 360 356 352 355 361 367 372 377 380 385 381 385 394 397 401 403 404 407 416 425 434 434 435 441 442 449 440 440 447 455 464 461 469 471 479 480 488 490 491 500 501 508 509 502 511 518 519 528 529 533 532 532 530 531 540 547 549 552 561 566 573 579 572 573 580 585 591 595 596 602 611 619 624 628 633 636 645 641 649 654 663 666 658
184 312 315 314 320 327 327 328 321 326 322 329 326 334 337 341 350 357 348 351 355 362 364 373 373 382 377 375 380 389 390 394 403 412 406 413 418 426 427 431 433 441 442 434 435 442 447 455 458 466 471 471 479 481 483 484 491 495 499 500 501 502 511 514 519 524 528 526 527 529 531 535 540 541 550 558 559 568 573 571 576 574 577 586 590 598 601 610 618 615 624 625 631 637 633 640 647 654 663 656
193 305 312 306 312 318 322 320 313 319 321 322 324 332 335 342 341 350 346 351 349 353 359 367 370 376 380 374 383 380 388 390 399 403 405 412 417 426 432 440 434 441 440 433 442 442 446 446 455 457 462 467 476 485 489 491 498 502 499 504 510 511 513 520 520 522 524 525 534 538 538 541 542 549 550 559 568 566 566 567 568 573 582 578 587 591 599 604 613 614 620 626 622 629 630 639 640 645 654 655
201 297 303 305 314 312 314 311 312 314 315 324 331 336 337 338 337 345 345 350 345 354 351 358 361 367 376 373 376 379 387 392 397 404 411 419 417 424 432 434 425 434 438 430 435 441 441 443 451 455 464 469 477 480 481 487 491 494 496 500 507 513 522 522 529 529 526 527 528 530 531 534 542 544 549 557 559 557 565 572 569 570 576 577 585 589 593 598 607 614 611 617 618 627 635 639 647 653 660 664
206 296 297 297 305 310 305 307 308 315 316 324 328 333 333 335 335 337 344 349 343 346 348 357 359 366 368 370 373 381 388 397 405 403 406 410 413 418 425 431 423 427 433 427 428 436 440 448 450 458 461 462 471 479 487 488 496 493 498 503 507 516 524 524 532 529 528 529 537 532 540 535 542 548 548 555 550 551 558 566 570 577 579 580 589 593 600 603 611 606 608 614 618 627 632 633 641 650 659 663
214 289 291 288 297 301 298 304 307 313 318 315 324 328 328 328 330 336 344 349 342 349 352 357 366 360 361 370 376 384 388 389 396 401 403 404 405 414 419 423 422 424 426 425 432 433 441 447 454 461 465 463 469 478 486 487 491 492 498 507 515 521 521 527 530 529 534 537 545 541 541 536 537 539 546 547 549 554 563 568 575 578 579 583 586 588 592 601 604 605 614 621 619 628 635 635 637 646 651 654
219 286 288 286 289 295 289 295 304 308 313 313 321 325 325 326 329 328 336 340 336 342 346 353 358 359 365 373 374 379 381 389 396 405 405 406 406 412 415 414 416 419 420 424 426 435 440 448 450 459 468 467 468 469 478 481 482 491 493 502 506 515 512 520 528 526 527 536 538 546 549 541 546 547 554 551 558 563 564 568 574 575 582 588 593 597 598 607 607 612 621 625 624 632 633 641 638 642 651 660
225 279 285 284 281 286 287 296 298 301 309 304 312 317 317 325 325 321 330 331 335 341 348 349 357 360 365 371 376 385 388 391 397 401 408 411 415 415 412 413 421 421 427 432 435 443 449 443 451 454 460 458 459 462 471 473 482 486 487 494 503 508 507 516 519 520 521 528 531 540 548 550 546 548 550 558 565 570 570 575 575 578 586 588 592 601 607 614 613 621 624 633 630 636 642 650 646 644 646 653
232 278 277 281 274 279 288 293 292 301 305 303 309 315 315 324 318 319 327 334 336 344 351 357 356 361 360 366 372 381 390 395 400 408 416 415 408 406 411 415 423 422 424 425 427 435 444 438 445 448 451 454 457 465 472 476 485 489 495 495 497 502 505 514 515 521 530 537 532 534 542 543 544 553 552 557 564 570 576 584 580 587 591 597 598 607 615 619 620 626 633 642 639 645 650 653 649 645 646 655
241 280 276 275 270 279 285 289 285 293 298 301 310 311 312 316 317 319 321 329 335 343 347 350 353 356 358 367 371 377 385 386 395 402 407 406 405 402 408 417 424 428 431 427 431 433 435 436 437 442 444 453 457 462 463 470 476 485 491 500 501 509 506 514 520 523 532 535 534 542 539 534 537 546 549 557 558 562 571 578 582 589 594 599 600 609 617 620 627 627 634 635 642 650 656 658 657 654 653 662
250 273 259 260 262 267 277 283 284 292 301 303 309 317 317 318 320 325 330 336 344 347 348 349 358 362 363 368 375 376 378 380 388 395 401 409 400 401 410 413 422 431 425 434 439 434 443 444 445 443 444 446 453 462 463 472 481 484 490 497 500 508 509 510 519 519 526 528 535 542 534 533 541 550 553 561 564 570 575 584 583 588 595 602 608 605 614 618 624 629 638 639 648 657 665 667 660 663 655 659
255 256 258 265 269 268 278 286 291 299 307 309 312 316 324 323 328 333 337 345 351 356 356 351 360 362 368 376 384 377 378 380 389 390 394 400 395 404 412 414 421 423 424 431 432 435 442 443 452 448 449 448 450 458 465 473 475 476 482 491 493 501 508 511 520 517 525 533 528 533 530 532 541 547 554 559 568 576 583 580 580 581 589 593 602 603 612 621 629 638 647 643 652 661 666 674 669 667 663 660
256 263 267 271 273 273 280 288 298 307 313 312 320 319 328 327 329 333 339 341 348 355 356 357 365 371 369 373 381 378 384 381 382 387 391 392 394 401 405 414 422 421 427 433 440 444 444 452 453 456 450 454 451 458 462 470 474 475 481 487 494 498 501 502 511 514 523 524 526 528 529 537 540 547 556 557 566 573 574 575 578 582 591 596 598 607 616 617 623 631 638 647 653 656 663 667 666 666 668 666
261 266 273 280 282 282 289 291 299 308 311 306 312 317 322 329 326 334 343 346 355 357 360 366 368 374 373 377 383 387 390 388 391 393 393 399 400 404 407 408 413 415 418 424 433 442 451 460 462 456 451 459 458 459 460 462 470 479 487 495 495 499 504 508 514 523 530 528 534 536 538 545 548 556 565 563 572 579 580 583 587 583 592 593 602 607 616 625 629 637 646 642 650 655 662 663 664 665 673 671
270 275 274 283 291 291 295 292 302 301 302 304 314 315 322 319 320 325 335 344 353 352 359 367 374 375 378 386 391 394 394 392 395 401 401 406 404 411 416 417 421 417 419 427 436 441 443 452 453 458 460 463 463 464 465 469 476 484 488 492 501 508 505 511 520 524 527 534 541 537 545 547 552 554 562 571 580 583 589 590 586 585 593 602 611 611 620 629 637 642 637 639 645 646 653 661 670 674 681 673
275 277 282 291 292 300 301 295 296 300 309 308 310 312 317 318 326 334 341 345 346 347 353 359 364 373 376 385 394 397 395 401 403 402 402 411 410 419 420 421 426 419 427 436 437 445 445 454 460 461 461 470 470 473 474 476 485 493 497 497 503 508 507 514 519 525 533 538 536 537 540 543 552 559 568 575 576 585 593 594 588 591 592 597 603 606 615 624 628 634 635 644 653 653 659 666 667 675 674 681
276 283 290 298 295 299 300 302 298 299 300 306 315 316 319 323 329 336 345 347 352 350 359 366 368 371 374 376 385 393 402 407 411 409 405 413 419 426 424 422 431 428 434 435 436 441 450 459 455 461 470 479 477 477 476 481 483 490 496 497 506 514 514 518 526 527 533 534 535 540 549 551 560 563 568 569 578 583 589 590 595 592 600 605 612 615 616 621 624 629 638 647 648 655 663 670 668 676 672 681
277 286 287 293 300 300 308 311 307 307 307 309 318 325 326 331 338 341 346 352 354 358 363 372 369 377 379 380 390 397 399 405 406 407 412 417 422 429 426 430 434 430 431 439 443 449 452 453 454 463 469 472 475 476 478 483 492 494 499 506 515 518 523 527 530 535 542 541 543 548 550 559 560 564 565 573 579 586 594 599 597 598 604 609 613 622 624 622 627 632 637 642 643 652 658 665 671 674 668 677
284 293 292 296 305 303 305 313 310 313 308 311 320 329 332 338 344 342 344 345 354 360 362 369 374 381 388 384 388 389 392 395 396 398 407 408 417 425 426 428 430 439 440 442 445 452 461 454 461 470 476 480 481 478 487 490 498 503 506 513 518 524 524 528 533 541 550 549 544 550 558 560 568 571 573 580 581 583 591 592 593 600 608 616 617 618 620 625 626 632 640 646 652 661 658 659 662 665 666 671
291 292 301 305 311 312 308 317 315 315 312 318 322 330 333 339 343 343 347 350 359 365 366 374 376 385 393 393 393 392 398 403 401 407 411 409 417 423 432 430 432 433 435 444 445 454 461 455 456 461 469 478 487 479 487 496 505 508 513 514 515 522 526 526 527 532 541 542 547 550 559 567 573 576 579 581 585 587 595 597 598 599 601 609 610 618 621 624 633 638 639 646 651 654 657 656 663 672 671 674
300 301 310 309 310 319 316 325 316 319 321 319 328 331 338 347 352 352 355 357 363 366 372 380 377 380 388 395 400 398 404 405 406 415 414 418 420 423 429 437 440 438 443 444 452 460 468 464 464 469 477 484 484 483 489 494 498 499 508 515 516 517 525 524 532 541 548 550 556 551 554 560 568 573 578 583 584 593 602 601 606 601 610 617 616 623 624 626 627 629 630 639 642 645 652 653 662 671 678 683
309 310 319 318 318 322 319 324 323 328 330 327 336 332 336 345 347 356 358 358 361 362 369 378 386 388 393 396 404 401 409 411 408 417 423 419 426 424 429 437 438 442 447 453 460 468 469 470 473 473 475 484 492 491 495 502 506 508 517 516 517 518 520 522 530 533 541 545 552 559 559 566 571 578 587 592 587 596 598 599 607 602 604 608 613 622 624 630 628 637 638 646 651 654 661 658 664 665 674 681
311 319 324 321 327 324 320 326 332 329 329 328 330 336 337 346 355 362 367 367 367 369 373 377 383 384 393 399 405 408 415 413 413 415 416 425 431 432 435 444 447 451 456 457 465 469 474 478 481 476 478 482 491 495 501 508 511 517 519 517 519 527 529 526 527 536 542 544 553 557 560 562 569 576 579 588 592 598 604 607 610 610 613 611 612 616 622 629 633 637 641 643 646 647 656 665 673 669 673 677
319 327 328 325 329 326 327 334 333 337 337 330 332 337 341 346 355 360 365 374 369 377 375 382 391 386 395 401 403 407 412 421 420 424 417 421 422 429 438 446 451 452 460 464 465 466 473 474 477 479 487 490 494 497 499 505 506 514 519 526 528 528 530 531 534 541 545 550 551 560 568 571 576 579 582 583 588 597 606 607 616 611 614 612 620 625 630 636 642 642 650 646 650 656 661 662 667 676 675 684
320 323 332 334 334 331 336 336 340 339 340 331 332 335 342 345 354 361 363 367 373 382 379 388 395 395 404 406 412 411 420 427 424 424 423 430 431 438 442 444 450 453 458 460 469 475 478 480 482 483 491 496 503 506 507 514 513 518 519 528 537 536 532 534 543 542 544 550 557 566 567 572 581 580 581 582 591 600 609 615 616 618 618 619 622 631 633 634 642 651 659 655 654 657 659 661 669 671 680 689
323 332 341 342 341 339 339 344 343 347 344 335 333 340 346 350 351 356 363 369 377 381 386 393 398 398 406 407 415 414 418 427 433 429 430 433 432 436 443 442 443 447 448 458 461 467 469 471 480 481 484 492 499 504 506 512 515 519 528 530 534 542 540 543 545 551 553 552 555 563 572 578 579 582 582 591 600 602 603 609 617 625 619 625 629 637 642 641 646 654 659 659 661 659 661 666 674 680 689 698
332 339 347 347 348 348 342 350 347 351 344 343 334 339 347 356 360 364 363 369 372 378 387 394 400 403 411 415 422 420 427 436 438 430 431 435 434 435 439 440 441 450 450 451 452 462 470 478 481 490 488 496 505 511 513 520 524 524 530 536 536 539 545 552 554 559 561 554 562 569 570 578 586 588 583 585 591 598 606 615 623 622 626 630 638 644 649 650 655 658 665 664 665 665 670 674 682 687 694 697
339 348 355 355 354 346 343 344 353 355 351 342 335 339 344 351 357 360 361 369 375 381 390 398 393 402 405 410 413 421 427 436 436 433 438 436 436 442 447 444 446 452 457 460 459 461 468 473 482 488 489 497 500 508 509 516 523 527 532 535 537 537 542 548 552 552 557 556 562 571 576 585 587 596 591 594 599 602 610 614 615 619 625 627 634 643 649 652 653 661 670 671 672 669 674 676 684 691 700 705
344 353 359 361 361 352 346 353 361 357 355 348 344 344 346 351 354 363 370 372 373 382 383 390 391 400 401 402 404 413 420 428 431 435 442 444 443 449 451 450 454 458 465 468 463 464 470 479 488 497 498 502 502 503 507 515 518 527 528 532 532 534 542 549 549 551 553 554 562 563 572 581 589 593 598 600 602 610 611 613 614 616 623 632 634 638 645 653 656 657 665 670 674 677 675 683 691 699 706 712
350 357 366 362 364 357 349 350 352 361 353 346 345 349 350 358 359 366 368 377 382 391 384 389 398 401 409 403 410 411 420 426 434 443 448 451 451 455 459 458 459 459 461 466 472 465 471 480 489 497 506 505 508 512 516 516 523 527 528 529 531 538 539 542 548 553 555 563 571 572 580 583 584 589 598 607 606 608 610 619 620 617 626 630 633 638 647 653 659 658 663 669 676 673 677 686 686 692 701 706
353 361 362 364 363 361 355 358 360 356 351 349 346 351 353 359 367 373 370 373 381 389 385 389 391 400 408 409 411 419 428 435 437 444 452 455 457 464 461 463 465 466 462 467 476 473 479 486 488 494 501 503 511 516 518 525 529 528 535 532 535 536 540 543 550 552 557 558 566 572 577 581 585 594 595 604 608 609 616 618 627 621 622 624 633 637 646 655 656 657 660 669 668 671 677 681 685 694 702 709
357 365 369 373 370 365 356 365 369 362 354 355 354 355 361 364 367 375 376 379 388 389 391 398 399 402 411 418 419 423 425 434 436 444 453 451 458 464 462 470 470 468 469 475 476 481 486 492 491 493 502 507 516 525 519 521 522 525 531 540 536 544 547 550 558 553 561 567 573 581 578 580 587 590 599 608 613 610 613 619 627 628 630 633 641 638 645 653 662 662 660 662 665 670 678 682 691 694 699 708
363 372 378 381 376 372 365 373 364 357 356 358 358 364 362 371 371 380 385 386 392 396 395 399 400 408 412 414 415 416 425 426 429 438 446 447 452 455 464 470 471 469 478 483 485 490 493 501 492 497 506 515 524 523 520 529 529 526 535 538 538 546 555 554 563 562 567 568 570 579 585 584 585 588 594 603 605 613 620 623 625 632 638 642 650 643 644 648 656 658 659 668 674 671 678 682 684 691 692 700
364 373 380 381 383 374 371 369 362 360 360 360 366 369 369 371 373 381 382 386 395 401 400 407 409 417 416 416 417 423 429 435 437 446 450 455 460 464 465 473 479 473 482 488 486 495 501 509 499 505 514 517 521 521 527 528 536 534 540 546 544 549 558 561 563 567 569 576 575 577 585 586 588 597 596 598 607 616 623 631 626 634 635 638 647 647 647 656 663 661 663 669 675 672 681 689 692 694 701 702
372 381 383 390 382 381 378 371 363 367 363 364 370 370 378 372 374 378 380 388 395 404 407 408 409 413 420 424 425 432 438 436 443 447 455 461 468 471 467 470 479 479 480 488 489 494 500 507 504 507 515 520 518 519 528 535 537 541 542 543 551 551 552 555 562 566 575 572 573 582 591 587 593 600 600 604 613 615 619 622 630 630 638 642 646 650 652 655 662 670 667 671 672 680 682 688 689 698 700 709
381 390 386 390 386 380 379 374 367 376 368 367 376 377 385 380 381 386 388 397 403 407 408 411 410 418 427 432 433 441 441 445 447 456 459 460 464 465 471 471 474 478 486 489 495 503 501 503 511 509 510 513 514 520 527 528 529 531 532 542 548 555 558 559 564 569 570 571 577 579 586 591 595 596 598 607 616 619 626 630 628 629 635 643 644 645 654 655 664 670 676 674 680 685 691 689 691 692 699 706
390 392 395 391 389 389 386 377 371 374 371 376 381 378 384 389 390 395 390 391 399 408 417 420 418 426 435 440 442 447 450 449 452 453 458 462 463 467 469 470 479 481 483 492 493 501 505 507 513 513 519 516 517 520 528 537 537 539 533 534 539 548 553 554 555 560 567 571 577 586 595 593 601 604 601 604 608 610 618 622 626 631 635 640 642 651 657 664 668 675 676 682 681 688 689 692 692 697 704 711
399 395 404 398 391 392 389 384 375 379 375 380 389 386 391 393 393 401 392 396 405 406 414 415 419 420 429 438 444 449 454 453 455 461 467 468 468 476 473 473 477 485 490 499 497 498 507 511 512 521 519 518 526 521 529 535 541 547 539 535 541 542 546 556 560 569 575 573 582 586 592 593 601 607 608 605 610 618 625 631 635 635 641 647 651 653 658 663 670 677 677 683 690 696 694 693 693 699 701 707
403 404 410 407 400 399 391 384 380 381 380 381 390 395 400 396 401 398 394 402 411 410 416 421 426 428 436 439 448 449 457 454 460 468 475 470 475 482 480 481 482 490 496 500 499 507 514 516 521 526 528 526 526 523 529 538 547 549 542 542 550 550 551 554 560 563 570 571 577 582 589 598 599 604 613 614 611 615 616 622 627 635 639 648 657 661 667 664 672 679 686 687 690 698 702 702 700 708 707 708
411 413 419 413 409 408 400 393 384 382 389 382 384 393 398 404 410 407 402 404 405 414 417 426 427 436 440 440 445 454 463 462 465 469 478 476 477 485 487 487 488 497 504 508 507 516 516 517 523 532 532 535 528 524 533 539 541 543 544 545 553 558 559 561 568 570 576 580 579 588 593 599 608 613 614 623 616 623 623 625 632 637 645 653 659 667 675 670 671 679 683 691 696 704 709 711 708 717 716 712
419 414 417 413 410 413 404 395 390 391 386 385 388 389 394 395 404 406 408 412 414 416 420 428 430 439 441 446 453 462 464 467 467 468 476 484 486 487 490 496 491 492 501 508 516 517 525 518 519 526 535 541 537 531 540 548 546 549 545 551 558 564 567 568 577 572 581 585 580 588 596 605 613 621 622 631 623 632 624 627 635 642 647 648 656 665 666 668 677 683 691 700 703 704 711 719 710 715 724 716
428 421 424 416 408 407 405 397 394 390 389 394 389 398 396 404 411 409 416 418 423 417 426 434 437 444 448 454 461 469 473 473 476 470 473 477 483 485 493 494 492 493 498 499 507 515 521 527 526 530 538 539 546 540 549 554 551 558 553 559 567 570 574 576 584 579 588 590 587 595 603 605 605 614 620 624 622 625 630 636 639 640 647 653 654 656 663 671 679 687 695 697 705 705 712 713 719 723 724 725
437 429 424 424 416 413 404 397 396 392 394 403 398 405 398 399 402 409 410 413 416 424 428 435 437 441 450 456 465 474 478 482 474 472 473 480 489 490 497 498 498 494 497 501 504 511 519 524 526 535 536 540 542 541 549 557 555 564 557 558 566 571 575 577 586 584 588 589 589 598 606 603 604 606 614 615 619 628 636 638 639 642 650 656 658 659 668 676 677 684 692 700 702 704 710 718 719 728 733 731
434 431 422 422 413 404 403 402 402 398 396 404 406 403 401 404 409 415 419 415 419 421 430 433 439 447 448 455 462 471 476 479 482 473 474 476 482 491 498 507 507 503 506 503 511 519 524 527 533 534 543 548 551 548 557 560 560 565 566 561 568 575 578 582 590 593 596 593 592 594 596 600 603 604 613 617 627 630 635 639 640 645 654 661 667 664 673 680 686 692 697 703 705 712 718 718 724 724 728 736
426 422 419 417 416 408 410 403 403 404 405 412 407 408 405 412 416 424 426 417 418 421 429 430 431 438 441 450 454 463 472 473 474 476 483 485 491 498 505 514 513 512 514 512 520 528 533 529 535 537 538 547 548 551 560 564 565 570 573 569 576 584 586 591 599 600 598 596 594 600 604 608 612 613 619 621 631 638 642 647 649 649 654 662 670 673 681 683 690 693 697 706 703 703 711 717 718 719 723 731
435 428 428 425 418 416 408 404 410 408 409 411 416 416 413 420 417 418 427 426 422 429 434 439 432 441 449 454 461 467 468 475 481 483 481 489 498 497 501 508 512 521 522 519 526 527 532 530 537 546 545 549 550 559 560 562 570 579 582 576 584 590 595 600 600 607 604 604 597 606 612 609 615 622 626 623 633 641 649 647 649 656 653 661 669 678 680 683 685 688 688 697 694 695 702 711 715 719 726 732
439 431 431 427 418 414 413 413 418 409 414 418 421 422 417 426 418 427 433 435 430 431 436 443 440 443 450 456 463 468 471 469 472 477 479 483 492 494 500 501 509 518 523 520 525 533 534 539 546 555 547 556 552 557 563 569 575 583 583 583 592 592 597 600 607 615 610 608 600 609 617 611 614 621 625 627 631 636 644 644 646 647 650 659 664 671 676 683 691 687 680 689 693 695 704 713 722 726 726 735
442 435 432 435 427 423 422 422 419 418 421 425 429 423 426 422 419 427 435 436 438 433 442 445 443 448 449 454 458 459 463 467 475 484 482 483 490 494 499 500 509 518 524 522 525 534 540 542 545 554 556 565 561 558 566 573 574 575 577 581 585 592 600 601 610 616 611 607 603 607 615 619 615 621 629 634 632 634 635 638 640 649 656 660 661 668 667 675 682 683 678 687 690 699 705 709 718 722 723 732
449 443 440 442 433 428 431 429 428 421 422 431 436 429 435 429 428 429 434 441 447 442 451 446 448 456 458 457 466 468 468 476 479 487 491 489 498 503 506 509 512 513 522 525 532 540 548 545 553 560 563 570 563 567 569 574 578 578 585 589 588 594 603 610 614 621 618 613 604 613 615 620 617 626 633 640 634 636 643 645 643 648 649 656 658 662 666 668 673 674 675 684 689 692 699 708 713 714 722 724
457 452 449 451 442 435 433 430 431 422 431 434 442 434 441 432 437 431 440 442 451 443 445 452 451 460 461 458 460 464 473 482 484 488 497 496 503 510 510 516 521 522 529 530 537 542 546 549 553 562 564 569 565 574 570 579 586 580 587 596 593 601 607 616 615 622 617 616 608 617 624 628 621 628 632 632 641 644 651 646 648 653 655 664 665 664 668 669 677 677 678 687 689 698 707 711 716 722 728 725
465 459 453 444 443 442 440 431 433 425 434 440 446 443 443 434 440 434 441 446 454 452 454 461 458 464 470 467 463 472 475 477 486 487 496 504 511 517 516 517 519 527 534 533 537 544 546 552 561 570 565 574 574 583 575 583 588 589 592 601 599 603 609 616 624 616 623 617 616 623 631 629 623 624 625 630 639 647 654 649 652 656 659 667 672 665 672 678 684 680 686 687 695 703 704 713 722 723 728 731
462 455 446 445 450 450 441 432 440 432 439 443 449 446 452 443 443 440 447 448 451 452 458 464 460 461 465 473 465 474 476 485 491 492 501 509 510 519 525 523 528 536 541 542 539 541 547 556 562 569 566 567 569 577 576 578 584 585 593 599 600 594 603 610 615 608 617 623 625 632 640 631 628 631 629 633 641 645 652 655 661 664 667 672 669 667 669 674 676 683 686 692 699 702 709 718 727 730 737 740
462 453 452 453 457 448 443 434 441 441 447 452 453 448 455 450 452 449 448 449 452 453 461 470 468 463 472 470 467 468 471 478 487 493 498 507 510 514 521 528 529 537 541 542 540 545 548 557 559 561 569 576 570 579 583 579 582 585 589 591 592 593 597 606 612 607 615 622 625 633 640 638 637 635 632 635 643 651 657 664 667 673 674 681 677 672 676 683 683 689 689 690 699 706 715 723 730 731 740 747
468 459 461 458 458 449 449 443 442 450 448 451 458 449 458 459 460 458 457 458 453 461 467 476 469 464 472 474 476 470 479 487 494 494 498 504 505 512 515 520 527 536 544 545 548 553 557 565 560 568 569 574 578 586 589 587 587 589 597 596 596 594 602 603 604 606 611 617 618 624 633 641 645 644 640 643 646 650 659 663 664 668 674 683 678 673 676 683 686 691 695 697 698 707 715 717 723 730 733 738
465 462 464 465 459 458 451 444 448 450 453 453 456 457 464 462 466 463 458 458 456 457 459 468 477 473 477 482 478 479 487 491 500 503 505 506 511 516 517 521 530 537 541 544 553 561 560 569 567 573 578 583 581 587 593 595 588 596 604 598 605 603 607 610 611 608 609 615 624 627 631 634 640 643 642 646 647 649 654 656 665 673 680 681 680 680 679 680 684 689 691 700 705 709 710 718 720 729 737 741
474 466 471 474 468 467 460 453 454 455 461 461 457 460 469 463 468 465 463 466 457 466 467 476 484 480 478 487 480 486 495 500 509 512 510 514 516 521 526 522 527 533 534 543 548 555 559 568 570 571 574 579 587 588 590 596 597 603 612 603 610 611 614 616 620 616 618 624 632 635 636 641 645 649 644 653 649 656 655 664 670 674 677 686 686 688 683 688 685 693 700 709 708 709 718 724 722 727 729 732
475 474 480 475 476 472 463 459 455 460 464 462 460 461 469 471 475 467 466 474 465 466 467 476 482 481 485 494 485 494 495 504 512 521 517 515 524 527 526 525 526 532 541 548 557 564 564 572 578 572 573 582 588 597 597 603 604 604 612 611 616 614 616 625 624 617 623 626 627 628 629 635 643 644 652 656 658 658 664 666 672 677 681 682 684 692 692 692 686 690 692 701 702 711 717 718 722 723 732 740
481 479 487 482 474 471 465 463 462 461 469 470 467 467 474 480 480 476 468 477 471 475 476 477 481 485 489 490 487 496 500 509 514 523 522 516 522 529 535 532 532 538 546 553 557 566 570 572 581 576 582 584 591 596 600 603 608 606 610 613 618 622 622 625 628 619 628 634 636 632 634 636 641 648 650 659 666 667 667 667 669 678 687 683 690 697 698 694 690 696 698 699 701 702 708 716 717 722 730 734
490 488 488 480 476 467 466 471 470 466 467 468 473 472 478 487 484 475 474 483 478 484 485 482 490 488 489 490 490 498 503 512 518 519 528 521 528 537 534 533 541 539 544 553 562 568 577 580 589 584 590 593 599 605 609 609 617 615 616 614 619 626 631 631 630 621 623 627 632 637 642 639 643 644 647 654 663 664 669 668 672 673 680 688 696 702 706 697 695 699 706 705 710 704 711 717 722 721 722 725
497 488 480 479 470 469 474 475 471 474 472 470 479 473 481 482 491 484 479 482 479 483 492 486 494 489 497 498 498 499 501 509 512 518 527 530 537 541 543 536 540 548 552 561 570 577 584 587 588 586 588 597 600 608 609 617 624 624 621 622 628 630 636 632 634 630 624 631 635 639 640 648 651 651 656 661 670 672 670 672 680 675 678 680 688 697 697 706 701 706 712 714 715 706 707 708 713 719 727 726
494 487 480 479 471 475 483 479 480 478 481 479 484 476 483 483 488 491 482 486 481 490 499 493 502 496 505 500 502 506 507 515 514 520 529 533 542 542 547 541 547 555 558 566 575 580 589 596 595 591 595 604 608 613 616 619 625 632 624 623 632 639 641 641 637 629 627 635 642 645 648 654 659 660 664 666 670 671 679 677 685 676 679 680 688 690 693 701 709 707 712 713 712 709 713 711 721 721 725 733
499 493 484 480 480 478 480 480 489 480 486 488 486 477 486 492 491 490 483 490 489 492 499 498 503 502 509 504 505 510 512 521 523 529 530 539 542 551 552 548 556 560 565 567 574 575 584 593 600 599 596 605 613 614 619 626 631 640 632 626 632 641 650 650 641 634 633 641 645 654 656 661 668 661 669 669 670 673 682 678 687 684 688 689 697 694 702 710 716 715 713 721 717 716 721 717 720 722 731 738
499 491 485 488 486 485 482 485 488 481 485 494 489 486 495 493 493 499 492 495 495 501 508 502 509 503 512 509 514 512 514 521 528 533 535 538 547 554 554 557 562 567 568 568 574 578 585 594 598 605 597 605 614 623 623 626 631 638 641 635 641 648 653 652 650 642 642 647 653 662 657 666 671 667 674 675 676 674 683 683 692 692 697 698 703 695 704 712 721 724 721 727 718 721 724 724 727 723 724 728
501 494 494 495 494 491 491 492 483 482 490 493 496 487 492 497 501 500 499 497 497 499 505 510 509 508 509 518 522 519 523 522 530 538 544 540 549 550 558 555 564 568 577 573 578 587 591 593 601 605 604 610 614 615 624 633 632 633 639 640 647 656 662 655 649 646 648 655 662 665 663 672 676 668 675 683 678 677 680 681 688 691 700 707 710 703 710 714 723 730 729 731 723 729 729 728 733 725 732 734
504 498 499 503 495 499 498 496 489 487 494 494 503 496 501 506 510 506 504 503 505 501 509 517 518 509 517 518 526 524 531 528 535 541 548 541 548 553 561 554 555 564 573 582 587 584 584 589 595 596 597 601 605 607 616 625 634 642 644 649 648 657 662 663 657 649 657 664 666 667 671 674 682 676 681 686 687 678 686 690 692 700 706 712 713 705 714 723 727 735 738 735 730 736 735 737 741 734 738 735
507 507 501 504 500 507 499 497 496 496 496 503 505 498 507 514 519 514 505 504 507 504 512 514 523 516 517 525 528 533 540 537 537 546 553 545 547 549 552 553 555 559 567 575 581 582 583 585 594 602 603 610 613 616 619 627 634 643 651 650 656 665 666 668 663 657 666 672 673 668 673 680 683 681 684 685 689 686 694 699 701 701 709 710 714 706 713 720 728 729 736 743 736 737 744 746 745 741 746 744
