  0 435 429 434 437 433 442 444 447 455 454 450 447 452 453 451 445 446 450 449 452 461 469 465 474 469 467 472 475 476 480 477 478 487 488 493 487 494 495 496 504 507 516 517 523 522 526 528 536 540 543 545 554 558 555 563 563 570 573 578 587 579 581 589 598 596 600 608 609 615 624 633 640 642 649 651 654 652 657 652 657 665 669 677 679 688 696 705 702 708 714 715 716 722 730 736 737 9223372036854775808 9223372036854775808 9223372036854775808
  8 428 427 428 428 432 433 440 445 446 449 441 445 443 444 450 444 447 445 446 449 455 460 464 469 467 463 465 471 479 471 473 477 484 485 494 486 492 498 505 505 506 512 516 524 518 521 523 528 532 534 540 548 549 549 556 559 562 564 572 581 573 581 590 594 593 600 603 611 619 627 626 631 634 641 646 646 643 652 649 651 660 669 673 681 690 695 703 700 707 705 711 718 718 727 727 728 729 9223372036854775808 9223372036854775808
 16 420 418 427 425 434 426 432 437 439 441 439 436 436 438 443 436 439 440 447 456 455 462 456 460 462 459 465 468 472 466 470 478 485 494 492 485 490 490 498 505 511 503 508 515 512 520 526 534 532 536 539 540 542 547 555 558 557 564 571 579 571 579 582 586 591 598 600 606 612 621 623 631 631 632 640 641 642 643 647 650 659 668 669 676 685 686 695 691 698 703 708 709 717 718 721 728 729 9223372036854775808 9223372036854775808
 17 424 417 419 420 425 423 424 428 436 438 433 434 432 431 436 434 439 441 450 453 448 453 448 454 455 458 460 461 463 465 472 478 480 489 483 483 484 489 490 496 502 500 502 510 509 517 522 525 531 535 530 534 541 547 550 551 555 563 562 570 570 571 577 586 590 597 599 607 616 616 625 627 627 636 636 645 642 648 651 659 663 661 662 668 677 679 688 687 689 694 702 705 708 712 716 724 733 730 9223372036854775808
 26 424 416 413 419 420 422 429 434 433 429 430 435 431 429 427 431 440 444 444 448 441 444 444 447 451 449 451 453 456 461 463 470 471 480 477 476 485 490 482 491 493 494 501 501 508 514 517 525 529 535 527 529 538 540 547 556 557 557 559 565 564 572 581 583 587 594 599 603 611 608 616 618 626 628 629 638 639 641 642 651 659 660 663 669 671 679 680 681 685 692 694 696 705 711 719 723 732 726 729
 28 418 409 407 410 411 420 429 428 424 422 424 427 422 420 426 434 434 439 438 440 437 443 442 444 450 448 453 452 453 458 454 461 470 471 478 473 478 484 479 484 487 493 501 500 506 505 511 517 521 528 524 532 533 542 546 548 552 553 556 560 563 567 572 581 583 587 591 600 602 607 608 617 623 631 629 638 647 647 650 651 660 667 664 673 672 680 685 690 694 694 700 697 702 708 711 720 723 718 720
 29 410 401 401 406 410 419 425 420 422 413 420 418 413 414 420 427 428 430 436 432 428 435 439 435 442 446 448 449 456 459 451 458 465 472 469 471 472 475 476 483 484 492 496 498 505 502 505 512 514 523 522 526 531 533 539 541 546 555 558 559 562 567 576 584 591 590 594 598 599 600 607 614 615 623 628 632 638 645 649 651 654 659 667 676 681 689 692 688 695 696 696 700 708 713 709 711 714 713 712
 33 403 397 400 409 412 416 419 412 420 412 417 418 412 420 420 426 421 430 429 432 426 434 441 434 433 438 439 447 452 452 450 454 461 464 468 471 475 481 479 488 492 495 498 494 497 499 503 509 518 520 521 529 538 535 539 542 544 550 553 555 557 559 568 576 585 592 591 594 600 609 615 623 616 625 625 626 631 640 642 643 651 656 662 670 675 682 684 686 693 689 694 702 702 706 708 714 706 706 709
 41 397 396 398 402 403 408 411 410 418 410 410 419 411 414 419 418 420 428 420 425 424 432 434 436 430 434 441 450 455 448 448 452 456 463 471 462 467 474 483 487 484 487 489 492 501 505 512 515 517 516 519 524 531 538 544 551 552 558 562 558 564 562 571 580 586 588 590 597 599 607 616 618 618 621 623 626 630 631 634 641 649 653 656 661 669 674 675 677 684 681 690 693 697 704 706 709 705 697 705
 42 389 393 390 395 398 407 405 404 413 406 407 412 410 416 425 417 413 422 419 427 420 429 435 427 429 433 442 449 446 439 447 452 455 461 464 455 461 469 478 480 480 488 490 494 496 505 514 512 514 513 522 524 531 539 547 551 553 557 558 558 567 568 573 573 581 585 591 591 599 600 607 612 620 626 623 624 633 640 638 647 647 647 651 656 660 666 672 673 675 675 683 692 688 696 698 700 703 696 702
 51 384 391 383 391 393 399 399 401 407 405 411 408 402 408 417 417 408 413 411 418 419 425 428 425 434 434 438 440 444 438 443 445 452 453 460 453 457 464 473 477 479 486 494 501 498 501 505 507 507 512 520 521 526 531 540 543 545 548 549 552 559 565 566 567 573 579 582 588 591 599 601 607 616 617 621 627 636 641 643 649 646 638 642 651 657 663 664 665 673 674 675 684 687 688 690 693 694 695 703
 56 379 388 382 390 398 391 398 399 400 398 402 399 398 399 408 411 406 415 409 418 414 421 428 423 432 437 437 446 437 436 442 441 450 454 455 451 454 461 465 468 470 478 485 493 492 492 496 498 506 514 522 522 531 532 540 542 549 550 556 561 566 570 571 570 577 583 578 581 586 590 599 605 614 612 620 628 632 633 640 641 637 636 639 647 652 660 656 656 665 666 674 675 679 688 689 693 702 703 706
 58 376 379 381 383 389 383 392 399 395 396 400 400 394 400 401 402 403 412 408 409 413 415 420 422 423 431 434 443 439 432 434 440 443 446 452 450 452 461 463 466 468 472 479 487 484 485 488 497 502 506 515 522 526 531 534 537 541 545 554 563 568 570 579 574 579 578 573 581 590 596 590 599 606 607 613 619 624 633 631 640 632 634 637 640 647 652 651 654 659 663 670 676 682 689 693 685 694 697 705
 66 372 374 379 377 380 378 386 390 394 402 393 392 385 394 401 405 407 408 405 414 416 413 413 422 431 432 425 434 430 431 439 448 447 439 443 449 455 458 462 471 475 480 480 481 483 492 497 496 502 511 517 518 519 528 528 529 534 541 549 555 563 568 576 567 571 570 572 573 582 587 588 597 602 610 611 612 619 624 623 632 630 636 643 647 642 644 648 649 650 657 664 667 676 680 688 684 693 689 696
 73 371 365 371 368 372 374 383 382 390 393 391 385 381 388 396 396 398 400 397 405 413 407 408 415 424 425 423 427 429 436 445 447 439 438 444 446 447 456 460 466 475 480 474 483 478 486 491 495 498 502 510 517 526 525 522 531 538 545 546 546 554 560 569 561 562 569 571 574 583 586 591 598 594 601 603 606 613 616 622 628 629 630 638 638 640 649 647 648 656 659 667 668 670 679 679 682 691 686 691
 74 363 364 362 365 367 371 377 381 381 384 389 381 377 379 388 391 392 395 396 404 404 406 407 408 417 416 422 427 430 437 446 442 441 437 444 438 444 452 451 460 469 471 471 480 471 480 487 489 494 501 509 518 518 517 518 527 532 537 538 545 554 552 560 560 561 562 569 574 582 589 593 591 592 593 594 602 608 609 618 626 620 624 629 630 637 643 646 648 654 656 658 666 675 678 674 673 682 681 682
 83 358 355 361 362 367 369 376 378 380 378 385 384 376 380 383 387 384 392 391 396 396 403 398 405 408 412 419 423 431 440 442 434 438 436 435 435 441 446 450 456 465 474 469 472 469 472 478 485 487 492 501 510 519 516 521 528 531 536 539 544 552 550 551 559 564 570 578 575 584 588 586 589 598 600 599 608 609 615 617 623 615 616 624 633 640 641 648 648 653 658 657 665 670 675 670 671 678 680 688
 89 356 348 357 363 358 367 372 380 380 372 377 381 373 380 374 378 381 383 385 391 389 394 395 398 403 406 410 418 426 432 434 425 431 427 428 432 436 441 447 454 460 467 466 464 466 472 481 489 493 494 503 501 510 511 515 521 526 534 540 544 547 544 553 554 563 571 577 582 581 580 585 589 593 595 596 603 609 607 613 616 614 622 629 634 643 642 650 642 648 651 655 664 671 674 667 668 676 677 686
 93 350 346 352 359 356 362 369 372 371 370 376 375 372 380 371 372 377 383 386 386 384 385 389 390 399 400 401 409 417 426 427 418 422 423 431 440 442 444 450 451 456 463 471 463 470 475 484 493 498 495 495 497 501 510 515 522 520 528 534 538 543 542 549 558 559 566 572 574 580 572 581 580 585 586 595 594 600 599 604 607 610 617 626 629 636 645 650 641 648 647 654 655 662 667 666 675 679 685 690
 94 350 343 350 352 351 358 365 368 362 363 372 380 371 371 367 368 374 374 383 385 380 383 392 395 400 408 404 410 417 424 421 417 419 427 425 432 439 448 445 453 449 457 462 461 464 473 482 484 491 496 491 498 499 506 515 516 517 525 527 534 536 540 548 550 559 563 563 572 575 570 579 579 587 589 587 585 592 595 600 609 618 622 626 632 641 641 649 640 644 646 652 658 657 658 658 666 671 676 681
100 347 342 343 348 349 358 359 364 360 354 363 372 368 366 363 359 367 366 375 376 379 388 394 392 397 403 408 410 414 416 418 411 412 419 420 423 432 440 444 446 443 448 455 458 467 473 474 475 484 487 489 498 501 502 508 515 516 523 529 529 538 538 544 549 553 561 560 567 567 567 573 577 585 581 578 584 586 591 600 608 615 622 624 624 633 639 641 634 635 642 644 650 656 661 657 659 666 675 683
109 338 335 341 341 350 355 350 357 359 353 355 363 361 357 359 356 359 361 368 377 379 385 390 391 394 395 400 403 405 407 409 410 418 417 422 416 425 431 436 437 440 441 450 451 460 466 473 477 483 480 488 494 500 506 515 511 520 521 522 527 535 532 539 545 547 556 551 558 558 559 564 568 577 583 575 584 593 599 602 606 612 621 628 619 628 630 632 633 638 641 648 641 648 653 649 654 660 666 675
118 329 328 335 337 343 348 349 349 350 352 357 362 354 353 357 353 360 366 372 373 376 380 388 389 389 392 393 394 396 404 404 411 409 411 414 414 416 425 432 440 442 445 449 452 458 466 467 476 476 479 484 492 501 501 507 506 511 512 513 520 526 523 532 538 540 549 548 549 556 557 565 573 581 579 573 578 584 591 593 602 608 612 620 618 622 627 623 625 634 640 639 640 640 649 645 650 657 659 667
122 320 325 328 331 338 342 350 345 352 357 359 359 357 348 348 352 353 357 364 366 375 379 379 386 388 386 392 401 399 399 401 402 402 405 410 412 420 429 437 439 443 446 455 449 455 462 464 473 471 473 476 485 492 497 498 504 508 515 516 516 517 522 529 538 543 541 540 549 550 550 559 566 575 573 570 579 585 587 595 595 604 611 611 609 618 624 622 624 633 634 638 645 637 641 642 651 659 663 668
127 317 321 327 327 332 334 341 343 350 350 353 356 354 345 344 350 344 349 357 366 375 382 373 377 382 385 383 392 391 398 395 400 397 406 410 419 425 424 428 430 436 437 446 447 449 453 461 470 469 474 475 479 488 497 503 504 513 510 507 514 522 521 529 538 534 535 539 546 547 548 550 559 567 568 569 570 578 586 587 592 601 602 611 608 610 619 614 618 626 633 641 641 633 642 636 644 650 659 660
132 312 315 324 319 324 333 342 347 348 349 345 353 350 345 338 343 341 347 356 362 369 374 365 372 376 376 381 388 388 389 389 397 396 398 407 415 421 418 422 429 435 440 444 448 453 454 455 463 465 473 480 483 489 496 501 507 513 509 501 505 514 520 521 530 533 536 545 554 550 549 558 566 568 574 570 577 578 584 585 591 600 606 602 604 602 611 611 614 622 624 633 632 632 633 634 643 646 655 659
133 311 309 316 316 324 333 336 345 343 343 337 344 341 341 337 336 339 343 352 357 361 365 363 366 367 374 374 379 385 382 387 394 389 398 404 410 412 413 414 423 426 433 436 441 448 456 456 457 465 474 483 478 481 490 492 501 506 506 498 501 509 511 515 524 526 529 537 545 546 547 554 563 569 570 563 572 574 579 587 594 594 597 593 595 598 604 605 614 617 626 633 628 631 635 643 644 648 650 655
141 313 306 312 310 319 328 329 336 341 345 336 338 338 333 342 335 340 343 347 348 353 359 355 357 363 365 373 374 376 378 379 387 388 394 403 412 421 422 421 430 434 434 443 450 449 458 459 459 468 475 478 474 478 481 489 495 498 497 496 504 507 515 522 518 517 526 532 540 547 540 549 557 561 561 555 563 572 577 582 585 590 597 590 594 596 605 614 607 609 618 626 625 627 635 638 647 650 659 658
142 312 304 303 305 314 321 322 329 333 341 333 330 337 331 335 334 331 340 343 349 344 352 353 351 360 366 375 383 383 387 386 395 397 400 409 414 423 423 424 433 439 441 445 451 456 459 461 468 474 474 479 471 470 476 481 487 491 496 492 501 503 512 513 514 515 522 529 531 538 539 542 551 553 553 554 561 569 573 574 578 582 589 587 596 602 598 605 602 604 612 620 621 625 632 639 648 649 658 661
151 314 305 296 300 308 315 313 322 330 332 325 323 328 328 329 330 328 331 336 340 342 343 349 350 358 364 368 377 380 389 387 392 393 401 410 419 423 425 425 434 442 446 452 451 455 455 462 470 467 466 473 476 469 470 477 482 483 487 488 497 506 508 517 516 518 520 529 530 537 530 539 544 547 548 555 562 563 565 566 572 573 580 586 591 598 597 598 599 607 613 616 618 626 633 641 650 658 660 660
155 305 302 293 294 303 306 312 319 321 324 327 322 325 320 329 331 327 336 337 345 347 351 351 352 353 362 371 374 381 390 388 394 402 407 407 410 417 424 426 432 436 442 446 444 446 449 458 461 464 457 466 470 467 474 483 483 491 496 497 500 508 513 517 518 521 528 531 539 537 529 531 540 545 547 553 560 567 571 572 571 576 585 580 584 589 591 600 598 606 614 617 626 634 642 647 649 649 655 651
162 296 297 292 298 300 309 315 321 313 316 319 314 320 311 320 324 325 334 343 343 340 343 349 357 358 366 371 377 379 381 382 387 396 405 402 411 417 424 430 434 438 441 438 436 437 445 452 452 455 456 463 464 466 475 484 488 495 503 505 501 501 504 509 518 525 528 525 530 532 525 532 538 539 541 550 558 559 566 567 564 571 577 572 578 580 587 592 594 599 605 611 620 628 637 644 647 645 650 647
171 289 295 291 294 291 300 309 314 310 307 310 313 311 310 318 327 326 335 342 336 339 340 349 358 360 367 365 372 376 382 383 390 394 396 401 403 411 418 425 428 430 435 430 427 435 436 444 450 459 458 467 469 475 483 484 487 489 494 498 494 494 500 504 513 518 520 520 521 523 524 529 530 539 540 546 555 564 565 565 562 570 568 571 576 580 581 590 598 605 611 613 618 622 629 636 638 642 647 645
176 282 288 289 287 290 295 304 306 302 306 313 304 313 309 314 322 323 332 333 335 342 347 356 362 362 367 364 370 376 377 385 383 387 395 404 412 412 420 420 425 426 434 425 422 431 440 445 448 450 457 464 461 467 476 478 482 489 495 489 485 493 497 500 506 510 512 519 520 517 519 524 533 536 539 542 551 560 566 560 560 568 567 575 578 580 589 595 596 605 614 619 624 630 627 628 633 634 642 644
180 276 279 280 281 282 287 295 301 299 298 306 299 306 307 316 322 331 335 331 334 340 346 351 356 359 364 360 364 373 376 380 382 383 386 395 404 413 413 414 420 421 428 419 419 426 434 443 440 448 450 458 459 467 469 470 479 480 487 488 481 490 497 498 507 508 512 511 511 509 510 519 526 528 531 540 545 552 558 551 552 559 564 570 574 575 581 590 598 603 607 612 615 624 620 628 633 642 645 637
184 267 270 274 280 287 291 299 292 297 293 300 297 305 308 312 321 330 327 330 334 341 343 352 352 361 356 354 359 368 369 373 382 391 385 392 397 405 406 410 412 420 421 413 414 421 426 434 437 445 450 450 458 460 462 463 470 474 478 479 480 481 490 493 498 503 507 505 506 508 510 514 519 520 529 537 538 547 552 550 555 553 556 565 569 577 580 589 597 594 603 604 610 616 612 619 626 633 642 635
193 260 267 266 272 278 286 291 284 290 292 293 295 303 306 313 317 326 325 330 328 332 338 346 349 355 359 353 362 359 367 369 378 382 384 391 396 405 411 419 413 420 419 412 421 421 425 425 434 436 441 446 455 464 468 470 477 481 478 483 489 490 492 499 499 501 503 504 513 517 517 520 521 528 529 538 547 545 545 546 547 552 561 557 566 570 578 583 592 593 599 605 601 608 609 618 619 624 633 634
201 252 258 265 274 274 283 282 283 285 286 295 302 307 310 313 315 323 324 329 324 333 330 337 340 346 355 352 355 358 366 371 376 383 390 398 396 403 411 413 404 413 417 409 414 420 420 422 430 434 443 448 456 459 460 466 470 473 475 479 486 492 501 501 508 508 505 506 507 509 510 513 521 523 528 536 538 536 544 551 548 549 555 556 564 568 572 577 586 593 590 596 597 606 614 618 626 632 639 643
206 251 253 257 265 272 276 278 279 286 287 296 300 305 310 314 314 316 323 328 322 325 327 336 338 345 347 349 352 360 367 376 384 382 385 389 392 397 404 410 402 406 412 406 407 415 419 427 429 437 440 441 450 458 466 467 475 472 477 482 486 495 503 503 511 508 507 508 516 511 519 514 521 527 527 534 529 530 537 545 549 556 558 559 568 572 579 582 590 585 587 593 597 606 611 612 620 629 638 642
214 244 247 248 257 263 269 275 278 284 289 291 300 304 307 307 309 315 323 328 321 328 331 336 345 339 340 349 355 363 367 368 375 380 382 383 384 393 398 402 401 403 405 404 411 412 420 426 433 440 444 442 448 457 465 466 470 471 477 486 494 500 500 506 509 508 513 516 524 520 520 515 516 518 525 526 528 533 542 547 554 557 558 562 565 567 571 580 583 584 593 600 598 607 614 614 616 625 630 633
219 241 244 246 254 263 260 266 275 282 287 292 300 304 304 305 308 307 315 319 315 321 325 332 337 338 344 352 353 358 360 368 375 384 384 385 385 391 394 393 395 398 399 403 405 414 419 427 429 438 447 446 447 448 457 460 461 470 472 481 485 494 491 499 507 505 506 515 517 525 528 520 525 526 533 530 537 542 543 547 553 554 561 567 572 576 577 586 586 591 600 604 603 611 612 620 617 621 630 639
225 226 242 244 251 257 258 267 273 276 284 283 291 296 296 304 304 300 309 310 314 320 327 328 336 339 344 350 355 364 367 370 376 380 387 390 394 394 391 392 400 400 406 411 414 422 428 422 430 433 439 437 438 441 450 452 461 465 466 473 482 487 486 495 498 499 500 507 510 519 527 529 525 527 529 537 544 549 549 554 554 557 565 567 571 580 586 593 592 600 603 612 609 615 621 629 625 623 625 632
232 227 228 241 245 250 259 264 271 280 284 282 288 294 294 303 297 298 306 313 315 323 330 336 335 340 339 345 351 360 369 374 379 387 395 394 387 385 390 394 402 401 403 404 406 414 423 417 424 427 430 433 436 444 451 455 464 468 474 474 476 481 484 493 494 500 509 516 511 513 521 522 523 532 531 536 543 549 555 563 559 566 570 576 577 586 594 598 599 605 612 621 618 624 629 632 628 624 625 634
241 234 237 250 247 256 264 268 264 272 277 280 289 290 291 295 296 298 300 308 314 322 326 329 332 335 337 346 350 356 364 365 374 381 386 385 384 381 387 396 403 407 410 406 410 412 414 415 416 421 423 432 436 441 442 449 455 464 470 479 480 488 485 493 499 502 511 514 513 521 518 513 516 525 528 536 537 541 550 557 561 568 573 578 579 588 596 599 606 606 613 614 621 629 635 637 636 633 632 641
250 243 238 239 241 252 256 262 263 271 280 282 288 296 296 297 299 304 309 315 323 326 327 328 337 341 342 347 354 355 357 359 367 374 380 388 379 380 389 392 401 410 404 413 418 413 422 423 424 422 423 425 432 441 442 451 460 463 469 476 479 487 488 489 498 498 505 507 514 521 513 512 520 529 532 540 543 549 554 563 562 567 574 581 587 584 593 597 603 608 617 618 627 636 644 646 639 642 634 638
246 241 240 246 248 253 261 269 270 278 286 288 291 295 303 302 307 312 316 324 330 335 335 330 339 341 347 355 363 356 357 359 368 369 373 379 374 383 391 393 400 402 403 410 411 414 421 422 431 427 428 427 429 437 444 452 454 455 461 470 472 480 487 490 499 496 504 512 507 512 509 511 520 526 533 538 547 555 562 559 559 560 568 572 581 582 591 600 608 617 626 622 631 640 645 653 648 646 642 639
247 248 249 252 252 257 264 272 278 287 292 294 299 298 307 306 309 313 319 321 328 335 336 336 344 350 348 352 360 357 363 360 361 366 370 371 373 380 384 393 401 400 406 412 419 423 423 431 432 435 429 433 430 437 441 449 453 454 460 466 473 477 480 481 490 493 502 503 505 507 508 516 519 526 535 536 545 552 553 554 557 561 570 575 577 586 595 596 602 610 617 626 632 635 642 646 645 645 647 645
252 253 256 261 261 266 273 275 283 292 295 290 296 301 306 313 310 318 327 326 335 340 340 345 347 353 352 356 362 366 369 367 370 372 372 378 379 383 386 387 392 394 397 403 412 421 430 439 441 435 430 438 437 438 439 441 449 458 466 474 474 478 483 487 493 502 509 507 513 515 517 524 527 535 544 542 551 558 559 562 566 562 571 572 581 586 595 604 608 616 625 621 629 634 641 642 643 644 652 650
261 262 257 266 270 275 279 276 286 285 286 288 298 299 306 303 304 309 319 328 337 336 343 351 356 355 357 365 370 373 373 371 374 380 380 385 383 390 395 396 400 396 398 406 415 420 422 431 432 437 439 442 442 443 444 448 455 463 467 471 480 487 484 490 499 503 506 513 520 516 524 526 531 533 541 550 559 562 568 569 565 564 572 581 590 590 599 608 616 621 616 618 624 625 632 640 649 653 660 652
266 264 265 274 271 280 285 279 280 284 293 292 294 296 301 302 310 318 325 329 330 331 337 343 348 357 360 369 378 377 374 380 382 381 381 390 389 398 399 400 405 398 406 415 416 424 424 433 439 440 440 449 449 452 453 455 464 472 476 476 482 487 486 493 498 504 512 517 515 516 519 522 531 538 547 554 555 564 572 573 567 570 571 576 582 585 594 603 607 613 614 623 632 632 638 645 646 654 653 660
267 271 273 281 274 278 279 286 282 283 284 290 299 300 303 307 313 320 329 331 336 334 343 350 352 355 358 360 369 377 383 386 390 388 384 392 398 405 403 401 410 407 413 414 415 420 429 438 434 440 449 458 456 456 455 460 462 469 475 476 485 493 493 497 505 506 512 513 514 519 528 530 539 542 547 548 557 562 568 569 574 571 579 584 591 594 595 600 603 608 617 626 627 634 642 649 647 655 651 660
268 277 274 280 281 279 287 295 291 291 291 293 302 309 310 315 322 325 330 336 338 342 347 356 353 361 363 364 374 381 383 389 390 391 391 400 403 410 405 409 413 409 410 418 422 428 431 432 433 442 448 451 454 455 457 462 471 473 478 485 494 497 502 506 509 514 521 520 522 527 529 538 539 543 544 552 558 565 573 578 576 577 583 588 592 601 603 601 606 611 616 621 622 631 637 644 650 653 647 656
275 284 279 283 290 282 284 292 294 297 292 295 304 313 316 322 328 326 328 329 338 344 346 353 358 365 372 368 372 373 376 379 380 382 391 392 401 409 406 408 410 418 419 421 424 431 440 433 440 449 455 459 460 457 466 469 477 482 485 492 497 503 503 507 512 520 529 528 523 529 537 539 547 550 552 559 560 562 570 571 572 579 587 595 596 597 599 604 605 611 619 625 631 640 637 638 641 644 645 650
282 283 288 292 296 291 287 296 299 299 296 302 306 314 317 323 327 327 331 334 343 349 350 358 360 369 377 377 377 376 382 387 385 391 395 393 401 407 415 410 412 413 415 424 425 434 441 434 435 440 448 457 466 458 466 475 484 487 492 493 494 501 505 505 506 511 520 521 526 529 538 546 552 555 558 560 564 566 574 576 577 578 580 588 589 597 600 603 612 617 618 625 630 633 636 635 642 651 650 653
291 292 297 296 297 300 295 304 300 303 305 303 312 315 322 331 336 336 339 341 347 350 356 364 361 364 372 379 384 382 388 389 390 399 398 402 404 407 413 418 420 418 423 424 432 440 448 443 443 448 456 463 463 462 468 473 477 478 487 494 495 496 504 503 511 520 527 529 535 530 533 539 547 552 557 562 563 572 581 580 585 580 589 596 595 602 603 605 606 608 609 618 621 624 631 632 641 650 657 662
300 301 306 305 305 302 298 303 307 312 314 311 320 316 320 329 331 340 342 342 345 346 353 362 370 372 377 380 388 385 393 395 392 401 407 403 410 408 413 421 421 422 427 433 440 448 449 449 452 452 454 463 471 470 474 481 485 487 496 495 496 497 499 501 509 512 520 524 531 538 538 545 550 557 566 571 566 575 577 578 586 581 583 587 592 601 603 609 607 616 617 625 630 633 640 637 643 644 653 660
302 310 311 308 312 303 299 305 314 313 313 312 314 320 321 330 339 346 351 351 351 353 357 361 367 368 377 383 389 392 399 397 397 399 400 409 415 416 419 428 430 431 436 437 445 449 454 457 460 455 457 461 470 474 480 487 490 496 498 496 498 506 508 505 506 515 521 523 532 536 539 541 548 555 558 567 571 577 583 586 589 589 592 590 591 595 601 608 612 616 620 622 625 626 635 644 652 648 652 656
310 318 315 312 309 305 306 313 314 321 321 314 316 321 325 330 339 344 349 358 353 361 359 366 375 370 379 385 387 391 396 405 404 408 401 405 406 413 422 430 435 432 440 444 445 446 453 454 457 458 466 469 473 476 478 484 485 493 498 505 507 507 509 510 513 520 524 529 530 539 547 550 555 558 561 562 567 576 585 586 595 590 593 591 599 604 609 615 621 621 629 625 629 635 640 641 646 655 654 663
311 314 323 321 314 310 315 315 321 323 324 315 316 319 326 329 338 345 347 351 357 366 363 372 379 379 388 390 396 395 404 411 408 408 407 414 415 422 426 428 434 437 442 444 453 455 462 463 462 462 470 475 482 485 486 493 492 497 498 507 516 515 511 513 522 521 523 529 536 545 546 551 560 559 560 561 570 579 588 594 595 597 597 598 601 610 612 613 621 630 638 634 633 636 638 640 648 650 659 668
314 323 332 329 321 318 318 323 324 331 328 319 317 324 330 334 335 340 347 353 361 365 370 377 382 382 390 391 399 398 402 411 417 413 414 417 416 420 427 426 427 431 432 442 445 451 453 455 464 463 466 474 481 486 488 494 495 499 507 509 513 521 519 522 524 530 532 531 534 542 551 557 558 561 561 570 579 581 582 588 596 604 598 604 608 616 621 620 625 633 638 638 640 638 640 645 653 659 668 677
323 330 338 333 328 327 321 329 328 335 328 327 318 323 331 340 344 348 347 353 356 362 371 378 384 387 395 399 406 404 411 420 422 414 415 419 418 419 423 424 425 434 434 435 436 446 454 462 465 472 470 478 487 493 495 502 504 504 510 515 515 518 524 531 533 538 540 533 541 548 549 557 565 567 562 564 570 577 585 594 602 601 605 609 617 623 628 629 634 637 644 643 644 644 649 653 661 666 673 676
330 339 346 341 333 325 322 323 332 336 335 326 319 323 328 335 341 344 345 353 359 365 374 382 377 386 389 394 397 405 411 420 420 417 422 420 420 426 431 428 430 436 441 444 443 445 452 457 466 472 471 479 482 490 491 498 505 508 513 516 519 519 524 530 534 534 539 535 541 550 555 564 566 575 570 573 578 581 589 593 594 598 604 606 613 622 628 631 632 640 649 650 651 648 653 655 663 670 679 684
335 344 350 346 340 331 325 332 340 338 339 332 328 328 330 335 338 347 354 356 357 366 367 374 375 384 385 386 388 397 404 412 415 419 426 428 427 433 435 434 438 442 449 452 447 448 454 463 472 481 480 484 484 485 489 497 500 509 510 514 514 516 524 531 531 533 535 536 544 545 554 563 571 575 577 579 581 589 590 592 593 595 602 611 613 617 624 632 635 636 644 649 653 656 654 662 670 678 685 691
341 348 353 344 343 336 328 329 331 340 337 330 329 333 334 342 343 350 352 361 366 375 368 373 382 385 393 387 394 395 404 410 418 427 432 435 435 439 443 442 443 443 445 450 456 449 455 464 473 481 489 487 490 494 498 498 505 509 510 511 513 520 521 524 530 535 537 545 553 554 562 565 566 571 580 588 585 587 589 598 599 596 605 609 612 617 626 632 638 637 642 648 655 652 656 665 665 671 680 685
344 352 345 344 342 340 334 337 339 340 335 333 330 335 337 343 351 357 354 357 365 373 369 373 375 384 392 393 395 403 412 419 421 428 436 439 441 448 445 447 449 450 446 451 460 457 463 470 472 478 485 487 495 499 500 507 511 510 517 514 517 518 522 525 532 534 539 540 548 554 559 563 567 576 577 586 589 588 595 597 606 600 601 603 612 616 625 634 635 636 639 648 647 650 656 660 664 673 681 688
348 356 352 353 349 344 335 344 348 346 338 339 338 339 345 348 351 359 360 363 372 373 375 382 383 386 395 402 403 407 409 418 420 428 437 435 442 448 446 454 454 452 453 459 460 465 470 476 475 477 486 491 500 508 501 503 504 507 513 522 518 526 529 532 540 535 543 549 555 563 560 562 569 572 581 590 595 589 592 598 606 607 609 612 620 617 624 632 641 641 639 641 644 649 657 661 670 673 678 687
354 363 361 361 355 351 344 353 348 341 340 342 342 348 346 355 355 364 369 370 376 380 379 383 384 392 396 398 399 400 409 410 413 422 430 431 436 439 448 454 455 453 462 467 469 474 477 485 476 481 490 499 508 505 502 511 511 508 517 520 520 528 537 536 545 544 549 550 552 561 567 566 567 570 576 585 587 595 599 602 604 611 617 621 629 622 623 627 635 637 638 647 653 650 657 661 663 670 671 679
355 364 368 362 362 353 350 353 346 344 344 344 350 353 353 355 357 365 366 370 379 385 384 391 393 401 400 400 401 407 413 419 421 430 434 439 444 448 449 457 463 457 466 472 470 479 485 493 483 489 498 501 505 505 509 510 518 516 522 528 526 531 540 543 545 549 551 558 557 559 567 568 570 579 578 580 589 598 605 611 605 613 614 617 626 626 626 635 642 640 642 648 654 651 660 668 671 673 680 681
363 372 371 370 361 360 357 355 347 351 347 348 354 354 362 356 358 362 364 372 379 388 391 392 393 397 404 408 409 416 422 420 427 431 439 445 452 455 451 454 463 463 464 472 473 478 484 491 488 491 499 504 502 503 512 517 521 525 526 527 534 533 534 537 544 548 557 556 557 566 575 569 575 582 582 586 595 597 601 604 612 613 621 621 625 630 631 634 641 649 646 650 651 659 661 667 668 677 679 688
372 381 374 371 367 361 362 358 351 360 352 351 360 361 369 364 365 370 372 381 387 391 392 395 394 402 411 416 417 425 425 429 431 440 443 444 448 449 455 455 458 462 470 473 479 487 485 487 495 493 494 497 498 504 511 512 513 515 516 526 532 539 540 542 548 553 554 555 561 563 570 574 578 579 581 590 599 602 609 612 611 612 618 626 627 628 637 635 644 650 655 653 659 664 670 668 670 671 678 685
381 383 381 372 370 370 370 361 355 358 355 360 365 362 368 373 374 379 374 375 383 392 401 404 402 410 419 424 426 431 434 433 436 437 442 446 447 451 453 454 463 465 467 476 477 485 489 491 497 497 503 500 501 504 512 521 521 523 517 518 523 532 537 538 539 544 551 555 561 570 579 576 584 587 584 587 591 593 601 605 609 614 618 623 625 634 640 644 648 655 656 661 660 667 668 671 671 676 683 690
390 386 388 379 372 373 373 368 359 363 359 364 373 370 375 377 377 385 376 380 389 390 398 399 403 404 413 422 428 433 438 437 439 445 451 452 452 460 457 457 461 469 474 483 481 482 491 495 496 505 503 502 510 505 513 519 525 531 523 519 525 526 530 540 544 553 559 557 566 570 576 577 585 591 591 588 593 601 608 614 618 618 624 630 634 636 641 646 653 660 657 663 669 675 673 672 672 678 680 686
394 395 394 388 381 381 375 368 364 365 364 365 374 379 384 380 385 382 378 386 395 394 400 405 410 412 420 423 432 433 441 438 444 452 459 454 459 466 464 465 466 474 480 484 483 491 498 500 505 510 512 510 510 507 513 522 531 533 526 526 534 534 535 538 544 547 554 555 561 566 573 582 583 588 597 597 594 598 599 605 610 618 622 631 640 644 650 647 655 662 666 667 670 678 681 681 679 687 686 687
402 404 403 394 390 390 384 377 368 366 373 366 368 377 382 388 394 391 386 388 389 398 401 410 411 420 424 424 429 438 447 446 449 453 462 460 461 469 471 471 472 481 488 492 491 500 500 501 507 516 516 519 512 508 517 523 525 527 528 529 537 542 543 545 552 554 560 564 563 572 577 583 592 597 598 606 599 606 606 608 615 620 628 636 642 650 658 653 654 662 666 674 676 684 688 690 687 696 695 691
408 400 399 395 392 397 388 379 374 375 370 369 372 373 378 379 388 390 392 396 398 400 404 412 414 423 425 430 437 446 448 451 451 452 460 468 470 471 474 480 475 476 485 492 500 501 509 502 503 510 519 525 521 515 524 532 530 533 529 535 542 548 551 552 561 556 565 569 564 572 580 589 597 605 606 615 606 615 607 610 618 625 630 631 639 648 649 651 660 666 674 683 683 684 691 698 689 694 703 695
416 407 407 400 392 391 389 381 378 374 373 378 373 382 380 388 395 393 400 402 407 401 410 418 421 428 432 438 445 453 457 457 460 454 457 461 467 469 477 478 476 477 482 483 491 499 505 511 510 514 522 523 530 524 533 538 535 542 537 543 551 554 558 560 568 563 572 574 571 579 587 589 589 598 604 608 606 609 613 619 622 623 630 636 637 639 646 654 662 670 678 680 688 685 692 693 698 702 703 704
424 415 408 408 400 397 388 381 380 376 378 387 382 389 382 383 386 393 394 397 400 408 412 419 421 425 434 440 449 458 462 466 458 456 457 464 473 474 481 482 482 478 481 485 488 495 503 508 510 519 520 524 526 525 533 541 539 548 541 542 550 555 559 561 570 568 572 573 573 582 590 587 588 590 598 599 603 612 620 621 622 625 633 639 641 642 651 659 660 667 675 683 685 687 693 701 699 708 712 710
418 415 406 406 397 388 387 386 386 382 380 388 390 387 385 388 393 399 403 399 403 405 414 417 423 431 432 439 446 455 460 463 466 457 458 460 466 475 482 491 491 487 490 487 495 503 508 511 517 518 527 532 535 532 541 544 544 549 550 545 552 559 562 566 574 577 580 577 576 578 580 584 587 588 597 601 611 614 619 623 623 628 637 644 650 647 656 663 669 675 680 686 688 696 701 702 705 708 712 718
410 406 403 401 400 392 394 387 387 388 389 396 391 392 389 396 400 408 410 401 402 405 413 414 415 422 425 434 438 447 456 457 458 460 467 469 475 482 489 498 497 496 498 496 504 512 517 513 519 521 522 531 532 535 544 548 549 554 557 553 560 568 570 575 583 584 582 580 578 584 588 592 596 597 603 605 615 622 626 631 632 632 637 645 653 656 664 666 673 677 681 690 687 687 695 701 702 703 707 715
419 412 412 409 402 400 392 388 394 392 393 395 400 400 397 404 401 402 411 410 406 413 418 423 416 425 433 438 445 451 452 459 465 467 465 473 482 481 485 492 496 505 506 503 510 511 516 514 521 530 529 533 534 543 544 546 554 563 566 560 568 574 579 584 584 591 588 588 581 590 596 593 599 606 610 607 617 625 633 631 633 640 637 645 653 662 664 667 669 672 672 681 678 679 686 695 699 703 710 716
423 415 415 411 402 398 397 397 402 393 398 402 405 406 401 410 402 411 417 419 414 415 420 427 424 427 434 440 447 452 455 453 456 461 463 467 476 478 484 485 493 502 507 504 509 517 518 523 530 539 531 540 536 541 547 553 559 567 567 567 576 576 581 584 591 599 594 592 584 593 601 595 598 605 609 611 615 620 628 628 630 631 634 643 648 655 660 667 675 671 664 673 677 679 688 697 706 710 710 719
426 419 416 419 411 407 406 406 403 402 405 409 413 407 410 406 403 411 419 420 422 417 426 429 427 432 433 438 442 443 447 451 459 468 466 467 474 478 483 484 493 502 508 506 509 518 524 526 529 538 540 549 545 542 550 557 558 559 561 565 569 576 584 585 594 600 595 591 587 591 599 603 599 605 613 618 616 618 619 622 624 633 640 644 645 652 651 659 666 667 662 671 674 683 689 693 702 706 707 716
433 427 424 426 417 412 415 413 412 405 406 415 420 413 419 413 412 413 418 425 431 426 435 430 432 440 442 441 450 452 452 460 463 471 475 473 482 487 490 493 496 497 506 509 516 524 532 529 537 544 547 554 547 551 553 558 562 562 569 573 572 578 587 594 598 605 602 597 588 597 599 604 601 610 617 624 618 620 627 629 627 632 633 640 642 646 650 652 657 658 659 668 673 676 683 692 697 698 706 708
441 436 433 435 426 419 417 414 415 406 415 418 426 418 425 416 421 415 424 426 435 427 429 436 435 444 445 442 444 448 457 466 468 472 481 480 487 494 494 500 505 506 513 514 521 526 530 533 537 546 548 553 549 558 554 563 570 564 571 580 577 585 591 600 599 606 601 600 592 601 608 612 605 612 616 616 625 628 635 630 632 637 639 648 649 648 652 653 661 661 662 671 673 682 691 695 700 706 712 709
449 443 437 428 427 426 424 415 417 409 418 424 430 427 427 418 424 418 425 430 438 436 438 445 442 448 454 451 447 456 459 461 470 471 480 488 495 501 500 501 503 511 518 517 521 528 530 536 545 554 549 558 558 567 559 567 572 573 576 585 583 587 593 600 608 600 607 601 600 607 615 613 607 608 609 614 623 631 638 633 636 640 643 651 656 649 656 662 668 664 670 671 679 687 688 697 706 707 712 715
446 439 430 429 434 434 425 416 424 416 423 427 433 430 436 427 427 424 431 432 435 436 442 448 444 445 449 457 449 458 460 469 475 476 485 493 494 503 509 507 512 520 525 526 523 525 531 540 546 553 550 551 553 561 560 562 568 569 577 583 584 578 587 594 599 592 601 607 609 616 624 615 612 615 613 617 625 629 636 639 645 648 651 656 653 651 653 658 660 667 670 676 683 686 693 702 711 714 721 724
446 437 436 437 441 432 427 418 425 425 431 436 437 432 439 434 436 433 432 433 436 437 445 454 452 447 456 454 451 452 455 462 471 477 482 491 494 498 505 512 513 521 525 526 524 529 532 541 543 545 553 560 554 563 567 563 566 569 573 575 576 577 581 590 596 591 599 606 609 617 624 622 621 619 616 619 627 635 641 648 651 657 658 665 661 656 660 667 667 673 673 674 683 690 699 707 714 715 724 731
452 443 445 442 442 433 433 427 426 434 432 435 442 433 442 443 444 442 441 442 437 445 451 460 453 448 456 458 460 454 463 471 478 478 482 488 489 496 499 504 511 520 528 529 532 537 541 549 544 552 553 558 562 570 573 571 571 573 581 580 580 578 586 587 588 590 595 601 602 608 617 625 629 628 624 627 630 634 643 647 648 652 658 667 662 657 660 667 670 675 679 681 682 691 699 701 707 714 717 722
449 446 448 449 443 442 435 428 432 434 437 437 440 441 448 446 450 447 442 442 440 441 443 452 461 457 461 466 462 463 471 475 484 487 489 490 495 500 501 505 514 521 525 528 537 545 544 553 551 557 562 567 565 571 577 579 572 580 588 582 589 587 591 594 595 592 593 599 608 611 615 618 624 627 626 630 631 633 638 640 649 657 664 665 664 664 663 664 668 673 675 684 689 693 694 702 704 713 721 725
458 450 455 458 452 451 444 437 438 439 445 445 441 444 453 447 452 449 447 450 441 450 451 460 468 464 462 471 464 470 479 484 493 496 494 498 500 505 510 506 511 517 518 527 532 539 543 552 554 555 558 563 571 572 574 580 581 587 596 587 594 595 598 600 604 600 602 608 616 619 620 625 629 633 628 637 633 640 639 648 654 658 661 670 670 672 667 672 669 677 684 693 692 693 702 708 706 711 713 716
459 458 464 459 460 456 447 443 439 444 448 446 444 445 453 455 459 451 450 458 449 450 451 460 466 465 469 478 469 478 479 488 496 505 501 499 508 511 510 509 510 516 525 532 541 548 548 556 562 556 557 566 572 581 581 587 588 588 596 595 600 598 600 609 608 601 607 610 611 612 613 619 627 628 636 640 642 642 648 650 656 661 665 666 668 676 676 676 670 674 676 685 686 695 701 702 706 707 716 724
465 463 471 466 458 455 449 447 446 445 453 454 451 451 458 464 464 460 452 461 455 459 460 461 465 469 473 474 471 480 484 493 498 507 506 500 506 513 519 516 516 522 530 537 541 550 554 556 565 560 566 568 575 580 584 587 592 590 594 597 602 606 606 609 612 603 612 618 620 616 618 620 625 632 634 643 650 651 651 651 653 662 671 667 674 681 682 678 674 680 682 683 685 686 692 700 701 706 714 718
474 472 472 464 460 451 450 455 454 450 451 452 457 456 462 471 468 459 458 467 462 468 469 466 474 472 473 474 474 482 487 496 502 503 512 505 512 521 518 517 525 523 528 537 546 552 561 564 573 568 574 577 583 589 593 593 601 599 600 598 603 610 615 615 614 605 607 611 616 621 626 623 627 628 631 638 647 648 653 652 656 657 664 672 680 686 690 681 679 683 690 689 694 688 695 701 706 705 706 709
481 472 464 463 454 453 458 459 455 458 456 454 463 457 465 466 475 468 463 466 463 467 476 470 478 473 481 482 482 483 485 493 496 502 511 514 521 525 527 520 524 532 536 545 554 561 568 571 572 570 572 581 584 592 593 601 608 608 605 606 612 614 620 616 618 614 608 615 619 623 624 632 635 635 640 645 654 656 654 656 664 659 662 664 672 681 681 690 685 690 696 698 699 690 691 692 697 703 711 710
478 471 464 463 455 459 467 463 464 462 465 463 468 460 467 467 472 475 466 470 465 474 483 477 486 480 489 484 486 490 491 499 498 504 513 517 526 526 531 525 531 539 542 550 559 564 573 580 579 575 579 588 592 597 600 603 609 616 608 607 616 623 625 625 621 613 611 619 626 629 632 638 643 644 648 650 654 655 663 661 669 660 663 664 672 674 677 685 693 691 696 697 696 693 697 695 705 705 709 717
483 477 468 464 464 462 464 464 473 464 470 472 470 461 470 476 475 474 467 474 473 476 483 482 487 486 493 488 489 494 496 505 507 513 514 523 526 535 536 532 540 544 549 551 558 559 568 577 584 583 580 589 597 598 603 610 615 624 616 610 616 625 634 634 625 618 617 625 629 638 640 645 652 645 653 653 654 657 666 662 671 668 672 673 681 678 686 694 700 699 697 705 701 700 705 701 704 706 715 722
483 475 469 472 470 469 466 469 472 465 469 478 473 470 479 477 477 483 476 479 479 485 492 486 493 487 496 493 498 496 498 505 512 517 519 522 531 538 538 541 546 551 552 552 558 562 569 578 582 589 581 589 598 607 607 610 615 622 625 619 625 632 637 636 634 626 626 631 637 646 641 650 655 651 658 659 660 658 667 667 676 676 681 682 687 679 688 696 705 708 705 711 702 705 708 708 711 707 708 712
485 478 478 479 478 475 475 476 467 466 474 477 480 471 476 481 485 484 483 481 481 483 489 494 493 492 493 502 506 503 507 506 514 522 528 524 533 534 542 539 548 552 561 557 562 571 575 577 585 589 588 594 598 599 608 617 616 617 623 624 631 640 646 639 633 630 632 639 646 649 647 656 660 652 659 667 662 661 664 665 672 675 684 691 694 687 694 698 707 714 713 715 707 713 713 712 717 709 716 718
488 482 483 487 479 483 482 480 473 471 478 478 487 480 485 490 494 490 488 487 489 485 493 501 502 493 501 502 510 508 515 512 519 525 532 525 532 537 545 538 539 548 557 566 571 568 568 573 579 580 581 585 589 591 600 609 618 626 628 633 632 641 646 647 641 633 641 648 650 651 655 658 666 660 665 670 671 662 670 674 676 684 690 696 697 689 698 707 711 719 722 719 714 720 719 721 725 718 722 719
491 491 485 488 484 491 483 481 480 480 480 487 489 482 491 498 503 498 489 488 491 488 496 498 507 500 501 509 512 517 524 521 521 530 537 529 531 533 536 537 539 543 551 559 565 566 567 569 578 586 587 594 597 600 603 611 618 627 635 634 640 649 650 652 647 641 650 656 657 652 657 664 667 665 668 669 673 670 678 683 685 685 693 694 698 690 697 704 712 713 720 727 720 721 728 730 729 725 730 728
