  0 373 367 372 375 371 380 382 385 393 392 388 386 394 398 397 391 392 396 395 398 407 415 415 424 421 419 424 427 428 432 429 430 439 440 445 439 446 447 448 456 459 468 469 475 474 478 480 488 492 495 497 506 510 507 515 515 522 525 530 539 531 533 541 550 548 552 560 561 567 576 585 592 594 601 603 606 604 609 604 609 617 621 629 631 640 648 657 654 660 666 667 668 674 682 688 689 685 691 700
  8 366 365 366 366 370 371 378 383 384 387 379 384 385 389 396 390 393 391 392 395 401 406 414 421 419 415 417 423 431 423 425 429 436 437 446 438 444 450 457 457 458 464 468 476 470 473 475 480 484 486 492 500 501 501 508 511 514 516 524 533 525 533 542 546 545 552 555 563 571 579 578 583 586 593 598 598 595 604 601 603 612 621 625 633 642 647 655 652 659 657 663 670 670 679 679 680 681 690 697
 16 358 356 365 363 372 364 370 375 377 379 377 375 378 383 389 382 385 386 393 402 407 414 408 412 414 411 417 420 424 418 422 430 437 446 444 437 442 442 450 457 463 455 460 467 464 472 478 486 484 488 491 492 494 499 507 510 509 516 523 531 523 531 534 538 543 550 552 558 564 573 575 583 583 584 592 593 594 595 599 602 611 620 621 628 637 638 647 643 650 655 660 661 669 670 673 680 681 682 688
 17 362 355 357 358 363 361 362 366 374 376 371 373 374 376 382 380 385 387 396 401 400 405 400 406 407 410 412 413 415 417 424 430 432 441 435 435 436 441 442 448 454 452 454 462 461 469 474 477 483 487 482 486 493 499 502 503 507 515 514 522 522 523 529 538 542 549 551 559 568 568 577 579 579 588 588 597 594 600 603 611 615 613 614 620 629 631 640 639 641 646 654 657 660 664 668 676 685 686 694
 26 362 354 351 357 358 360 367 372 371 367 368 376 377 375 373 377 386 390 391 399 393 396 396 399 403 401 403 405 408 413 415 422 423 432 429 428 437 442 434 443 445 446 453 453 460 466 469 477 481 487 479 481 490 492 499 508 509 509 511 517 516 524 533 535 539 546 551 555 563 560 568 570 578 580 581 590 591 593 594 603 611 612 615 621 623 631 632 633 637 644 646 648 657 663 671 675 684 691 694
 28 356 347 345 348 349 358 367 366 362 360 362 371 368 366 372 380 380 385 385 392 389 395 394 396 402 400 405 404 405 410 406 413 422 423 430 425 430 436 431 436 439 445 453 452 458 457 463 469 473 480 476 484 485 494 498 500 504 505 508 512 515 519 524 533 535 539 543 552 554 559 560 569 575 583 581 590 599 599 602 603 612 619 616 625 624 632 637 642 646 646 652 649 654 660 663 672 681 683 685
 29 348 339 339 344 348 357 363 358 360 351 358 363 359 360 366 373 374 376 383 384 380 387 391 387 394 398 400 401 408 411 403 410 417 424 421 423 424 427 428 435 436 444 448 450 457 454 457 464 466 475 474 478 483 485 491 493 498 507 510 511 514 519 528 536 543 542 546 550 551 552 559 566 567 575 580 584 590 597 601 603 606 611 619 628 633 641 645 644 651 653 654 653 661 667 664 666 674 678 677
 33 341 335 338 347 350 354 357 350 358 350 355 361 358 366 366 372 367 376 379 382 378 386 393 386 385 390 391 399 404 404 402 406 413 416 420 423 427 433 431 440 444 447 450 446 449 451 455 461 470 472 473 481 490 487 491 494 496 502 505 507 509 511 520 528 537 544 543 546 552 561 567 575 568 577 577 578 583 592 594 595 603 608 614 623 629 637 646 650 658 654 659 662 666 670 666 674 671 671 674
 41 335 334 336 340 341 346 349 348 356 348 348 357 357 360 365 364 366 374 370 375 376 384 386 388 382 386 393 402 407 400 400 404 408 415 423 414 419 426 435 439 436 439 441 444 453 457 464 467 469 468 471 476 483 490 496 503 504 510 514 510 516 514 523 532 538 540 542 549 551 559 568 570 570 573 575 578 582 583 586 593 601 607 612 617 626 634 637 641 649 646 655 658 662 669 671 674 670 662 670
 42 327 331 328 333 336 345 343 342 351 344 345 350 356 362 371 363 359 368 369 377 372 381 387 379 381 385 394 401 398 391 399 404 407 413 416 407 413 421 430 432 432 440 442 446 448 457 466 464 466 465 474 476 483 491 499 503 505 509 510 510 519 520 525 525 533 537 543 543 551 552 559 564 572 578 575 576 585 592 590 599 600 609 613 618 622 628 636 638 640 640 648 657 653 661 663 665 668 661 667
 51 322 329 321 329 331 337 337 339 345 343 349 350 348 354 363 363 354 359 361 368 371 377 380 377 386 386 390 392 396 390 395 397 404 405 412 405 409 416 425 429 431 438 446 453 450 453 457 459 459 464 472 473 478 483 492 495 497 500 501 504 511 517 518 519 525 531 534 540 543 551 553 559 568 569 573 579 588 594 595 603 608 600 604 613 619 625 629 630 638 639 640 649 652 653 655 658 659 660 668
 56 317 326 320 328 336 329 336 337 338 336 340 341 344 345 354 357 352 361 361 370 366 373 380 375 384 389 389 398 389 388 394 393 402 406 407 403 406 413 417 420 422 430 437 445 444 444 448 450 458 466 474 474 483 484 492 494 501 502 508 513 518 522 523 522 529 535 530 533 538 542 551 557 566 564 572 581 585 586 595 599 599 598 601 609 614 622 621 621 630 631 639 640 644 653 654 662 668 668 671
 58 314 317 319 321 327 321 330 337 333 334 341 346 340 346 347 348 349 358 360 361 365 367 372 374 375 383 386 395 391 384 386 392 395 398 404 402 404 413 415 418 420 424 431 439 436 437 440 449 454 458 467 474 478 483 486 489 493 497 506 515 520 522 531 526 531 530 525 533 542 548 542 551 558 559 565 572 577 586 590 599 594 596 599 602 609 617 616 619 624 628 635 641 647 654 662 657 666 670 678
 66 310 312 317 315 318 316 324 328 332 340 338 338 331 340 347 352 358 360 357 366 368 365 365 374 383 384 377 386 382 383 391 400 399 391 395 401 407 410 414 423 427 432 432 433 435 444 449 448 454 463 469 470 471 480 480 481 486 493 501 507 515 520 528 519 523 522 524 525 534 539 540 549 557 566 570 571 578 583 582 591 592 598 605 611 607 609 613 614 615 622 629 632 641 645 654 656 665 662 669
 73 309 303 309 306 310 312 321 320 328 331 336 331 327 334 342 343 349 352 349 357 365 359 360 367 376 377 375 379 381 388 397 399 391 390 396 398 399 408 412 418 427 432 426 435 430 438 443 447 450 454 462 469 478 477 474 483 490 497 498 498 506 512 521 513 514 521 523 526 535 538 543 550 552 560 562 565 572 575 581 587 594 595 603 603 605 614 612 613 621 624 632 633 635 644 649 655 664 659 664
 74 301 302 300 303 305 309 315 319 319 322 330 327 323 325 334 338 344 347 348 356 356 358 359 360 369 368 374 379 382 389 398 394 393 389 396 390 396 404 403 412 421 423 423 432 423 432 439 441 446 453 461 470 470 469 470 479 484 489 490 497 506 504 512 512 513 514 521 526 534 541 548 550 551 552 553 561 567 568 577 585 585 589 594 595 602 608 611 613 619 621 623 631 640 644 647 646 655 654 655
 83 296 293 299 300 305 307 314 316 318 316 323 330 322 326 335 339 336 344 343 348 348 355 350 357 360 364 371 375 383 392 394 386 390 388 387 387 393 398 402 408 417 426 421 424 421 424 430 437 439 444 453 462 471 468 473 480 483 488 491 496 504 502 503 511 516 522 530 527 536 544 545 548 557 559 558 567 568 576 580 588 580 581 589 598 605 606 613 619 624 628 625 633 638 643 643 644 651 653 661
 89 294 286 295 301 296 305 310 318 318 310 315 323 319 326 326 330 333 335 337 343 341 346 347 350 355 358 362 370 378 384 386 377 383 379 380 384 388 393 399 406 412 419 418 416 418 424 433 441 445 446 455 453 462 463 467 473 478 486 492 496 499 496 505 506 515 523 529 535 536 544 549 554 558 560 559 568 574 572 578 581 579 587 594 599 608 607 615 615 621 624 628 637 644 647 640 641 649 650 659
 93 288 284 290 297 294 300 307 310 309 308 314 317 318 327 323 324 329 335 338 338 336 337 341 342 351 352 353 361 369 378 379 370 374 375 383 392 394 396 402 403 408 415 423 415 422 427 436 445 450 447 447 449 453 462 467 474 472 480 486 490 495 494 501 510 511 518 527 529 537 537 546 545 550 551 560 559 565 564 569 572 575 582 591 594 601 610 619 614 621 620 627 628 635 640 639 648 652 658 663
 94 288 281 288 290 289 296 303 306 300 301 310 319 318 323 319 320 326 326 335 337 332 335 344 347 352 360 356 362 369 376 373 369 371 379 377 384 391 400 397 405 401 409 414 413 416 425 434 436 443 448 443 450 451 458 467 468 469 477 479 486 488 492 500 502 511 515 518 527 535 535 544 544 552 554 552 550 557 560 565 574 583 587 591 599 608 610 619 613 617 619 625 631 630 631 631 639 644 649 654
100 285 280 281 286 287 296 297 302 298 292 301 310 315 318 315 311 319 318 327 328 331 340 346 344 349 355 360 362 366 368 370 363 364 371 372 375 384 392 396 398 395 400 407 410 419 425 426 427 436 439 441 450 453 454 460 467 468 475 481 481 490 496 502 507 511 519 525 532 532 532 538 542 550 546 543 549 551 556 565 573 580 587 589 594 603 610 614 607 608 615 617 623 629 634 630 632 639 648 656
109 276 273 279 279 288 293 288 295 297 291 293 301 308 309 311 308 311 313 320 329 331 337 342 343 346 347 352 355 357 359 361 362 370 369 374 368 377 383 388 389 392 393 402 403 412 418 425 429 435 432 440 446 452 458 467 463 472 473 474 479 488 490 497 503 505 514 516 523 523 524 529 533 542 548 540 549 558 564 567 571 577 586 595 590 599 601 605 606 611 614 621 614 621 626 622 627 633 639 648
118 267 266 273 275 281 286 287 287 288 290 295 303 304 305 309 305 312 318 324 325 328 332 340 341 341 344 345 346 348 356 356 363 361 363 366 366 368 377 384 392 394 397 401 404 410 418 419 428 428 431 436 444 453 453 459 458 463 464 465 472 481 481 490 496 498 507 513 514 521 522 530 538 546 544 538 543 549 556 558 567 573 577 586 589 593 598 596 598 607 613 612 613 613 622 618 623 630 632 640
122 258 263 266 269 276 280 288 283 290 296 301 303 309 300 300 304 305 309 316 318 327 331 331 338 340 338 344 353 351 351 353 354 354 357 362 364 372 381 389 391 395 398 407 401 407 414 416 425 423 425 428 437 444 449 450 456 460 467 474 474 475 480 487 496 505 506 505 514 515 515 524 531 540 538 535 544 550 552 560 561 570 577 579 580 589 595 595 597 606 607 611 618 610 614 615 624 632 636 641
127 255 259 265 265 270 272 279 281 288 289 297 300 306 297 296 302 296 301 309 318 327 334 325 329 334 337 335 344 343 350 347 352 349 358 362 371 377 376 380 382 388 389 398 399 401 405 413 422 421 426 427 431 440 449 455 456 465 468 474 483 483 481 489 498 499 500 504 511 512 513 515 524 532 533 534 535 543 551 553 558 567 568 577 581 583 592 587 591 599 606 614 614 606 615 609 617 623 632 633
132 250 253 262 257 262 271 280 285 286 292 296 304 302 297 290 295 293 299 308 314 321 326 317 324 328 328 333 340 340 341 341 349 348 350 359 367 373 370 374 381 387 392 396 400 405 406 407 415 417 425 432 436 444 451 460 462 469 476 470 474 483 489 490 499 502 505 513 520 516 515 524 532 534 539 541 542 546 552 553 559 568 577 575 577 575 584 584 587 595 597 606 605 605 606 607 616 619 628 632
133 249 247 254 254 262 271 274 283 281 287 288 295 293 293 289 288 291 295 304 309 313 317 315 318 319 326 326 331 337 334 339 346 341 350 356 362 364 365 366 375 378 385 388 393 400 408 408 409 417 426 435 438 441 450 453 462 470 475 467 470 478 480 484 493 495 498 506 514 515 520 527 536 542 543 536 545 547 552 560 567 567 570 566 568 571 577 578 587 590 599 606 601 604 608 616 617 621 623 628
141 251 244 250 248 257 266 267 274 279 288 288 290 290 285 294 287 292 295 299 300 305 311 307 309 315 317 325 326 328 330 331 339 340 346 355 364 373 374 373 382 386 386 395 402 401 410 411 411 420 427 431 434 442 447 455 461 467 466 465 473 476 484 491 487 486 495 501 509 516 513 522 530 534 534 528 536 545 550 555 558 563 570 563 567 569 578 587 580 582 591 599 598 600 608 611 620 623 632 631
142 250 242 241 243 252 259 260 267 271 280 285 282 289 283 287 286 283 292 295 301 296 304 305 303 312 318 327 335 335 339 338 347 349 352 361 366 375 375 376 385 391 393 397 403 408 412 413 420 427 435 439 435 436 442 447 453 460 465 461 470 472 481 482 483 484 491 498 500 507 512 515 524 526 526 527 534 542 546 547 551 555 562 560 569 575 571 578 575 577 585 593 594 598 605 612 621 622 631 634
151 252 243 234 238 246 253 251 260 269 277 277 275 280 280 281 282 280 283 288 292 294 295 301 302 310 316 320 329 332 341 339 344 345 353 362 371 377 377 377 386 394 398 404 410 417 418 420 429 430 439 446 442 438 439 446 451 452 456 457 466 475 477 486 485 487 489 498 499 506 503 512 517 520 521 528 535 536 538 539 545 546 553 559 564 571 570 571 572 580 586 589 591 599 606 614 623 631 633 633
155 246 240 231 232 241 244 250 257 265 273 276 274 277 272 281 283 279 288 289 297 299 303 303 304 305 314 323 326 333 342 342 348 354 359 364 367 374 381 379 385 389 395 403 411 419 422 429 434 437 430 439 443 439 446 455 452 460 465 466 469 477 486 490 487 490 497 503 508 510 502 504 513 518 520 526 533 540 544 545 544 549 558 553 557 562 564 573 571 579 587 590 599 607 615 620 622 622 628 624
162 237 235 230 236 238 247 253 261 258 265 268 266 272 263 272 276 277 286 295 295 292 295 301 309 310 318 324 330 333 335 336 341 350 359 359 368 374 381 385 391 397 400 407 409 410 418 425 425 428 429 436 437 439 448 457 457 464 473 474 474 474 477 482 491 497 501 498 503 505 498 505 511 512 514 523 531 532 539 540 537 544 550 545 551 553 560 565 567 572 578 584 593 601 610 617 620 618 623 620
171 230 236 229 232 229 238 247 255 255 256 259 265 263 262 270 279 278 287 294 288 291 292 301 310 312 319 320 327 331 337 337 344 351 353 358 360 368 375 382 385 389 394 399 400 408 409 417 423 432 431 440 442 448 456 457 460 462 467 471 467 467 473 477 486 491 493 493 494 496 497 502 503 512 513 519 528 537 538 538 535 543 541 544 549 553 554 563 571 578 584 586 591 595 602 609 611 615 620 618
176 223 229 227 225 228 233 242 247 247 255 264 256 265 261 266 274 275 284 285 287 294 299 308 314 314 319 323 329 335 336 344 345 349 358 367 369 369 377 383 388 393 402 398 395 404 413 418 421 423 430 437 434 440 449 451 455 462 468 462 458 466 470 473 479 483 485 492 493 490 492 497 506 509 512 515 524 533 539 533 533 541 540 548 551 553 562 568 569 578 587 592 597 603 600 601 606 607 615 617
180 217 220 218 219 220 225 233 242 244 249 257 251 258 259 268 274 283 287 283 286 292 298 303 308 311 319 325 330 339 343 347 347 348 351 360 369 378 380 381 387 388 397 392 392 399 407 416 413 421 423 431 432 440 442 443 452 453 460 461 454 463 470 471 480 481 485 484 484 482 483 492 499 501 504 513 518 525 531 524 525 532 537 543 547 548 554 563 571 576 580 585 588 597 593 601 606 615 618 610
184 191 194 202 218 225 229 237 242 247 245 252 249 257 260 264 273 282 279 282 288 297 302 311 311 320 321 321 326 335 336 340 349 357 352 359 364 372 373 377 379 387 394 386 387 394 399 407 410 418 423 423 431 433 435 436 443 447 451 452 453 454 463 466 471 476 480 478 479 481 483 487 492 493 502 510 511 520 525 523 528 526 529 538 542 550 553 562 570 567 576 577 583 589 585 592 599 606 615 608
193 199 203 203 209 215 224 233 234 240 244 245 247 255 258 265 269 278 277 282 286 290 298 307 311 317 323 320 329 326 334 336 345 349 351 358 363 372 378 386 386 393 392 385 394 394 398 398 407 409 414 419 428 437 441 443 450 454 451 456 462 463 465 472 472 474 476 477 486 490 490 493 494 501 502 511 520 518 518 519 520 525 534 530 539 543 551 556 565 566 572 578 574 581 582 591 592 597 606 607
201 200 206 211 218 217 226 230 234 236 237 247 254 259 262 265 267 275 276 281 283 292 292 299 302 308 317 319 322 325 333 338 343 350 357 366 367 374 382 386 377 386 390 382 387 393 393 395 403 407 416 421 429 432 433 439 443 446 448 452 459 465 474 474 481 481 478 479 480 482 483 486 494 496 501 509 511 509 517 524 521 522 528 529 537 541 545 550 559 566 563 569 570 579 587 591 599 605 612 616
206 207 212 220 226 226 233 233 234 241 238 248 252 257 262 269 271 273 280 286 284 287 289 298 300 307 314 316 319 327 334 343 352 352 355 360 363 368 375 383 375 379 385 379 380 388 392 400 402 410 413 414 423 431 439 440 448 445 450 455 459 468 476 476 484 481 480 481 489 484 492 487 494 500 500 507 502 503 510 518 522 529 531 532 541 545 552 555 563 558 560 566 570 579 584 585 593 602 611 615
214 210 213 215 224 230 239 242 237 243 243 245 255 259 262 264 266 274 282 291 290 294 295 300 309 308 309 318 324 332 338 339 346 351 353 354 355 364 369 375 374 376 378 377 384 385 393 399 406 413 417 415 421 430 438 439 443 444 450 459 467 473 473 479 482 481 486 489 497 493 493 488 489 491 498 499 501 506 515 520 527 530 531 535 538 540 544 553 556 557 566 573 571 580 587 587 589 598 603 606
219 217 216 217 225 234 236 242 246 250 248 254 264 267 270 265 269 276 284 293 291 297 299 306 311 309 315 323 324 329 331 339 346 355 355 356 356 362 365 366 368 371 372 376 378 387 392 400 402 411 420 419 420 421 430 433 434 443 445 454 458 467 464 472 480 478 479 488 490 498 501 493 498 499 506 503 510 515 516 520 526 527 534 540 545 549 550 559 559 564 573 577 576 584 585 593 590 594 603 612
224 218 224 220 227 234 235 244 250 253 256 255 264 269 271 273 276 278 287 288 292 298 305 306 314 312 317 323 328 337 338 341 347 351 358 361 365 371 366 367 375 373 379 384 387 395 401 395 403 406 412 410 411 414 423 425 434 438 439 446 455 460 459 468 471 472 473 480 483 492 500 502 498 500 502 510 517 522 522 527 527 530 538 540 544 553 559 566 565 573 576 585 582 588 594 602 598 596 598 605
226 219 220 227 231 236 244 249 256 262 263 257 264 270 273 282 277 278 286 293 294 302 309 314 316 317 319 325 331 340 347 350 352 359 367 370 368 366 371 371 379 374 376 377 379 387 396 390 397 400 403 406 409 417 424 428 437 441 447 447 449 454 457 466 467 473 482 489 484 486 494 495 496 505 504 509 516 522 528 536 532 539 543 549 550 559 567 571 572 578 585 594 591 597 602 605 601 597 598 607
235 226 229 236 233 242 250 254 250 258 263 260 269 270 271 275 276 278 280 288 294 302 307 310 313 316 318 327 331 337 345 346 355 362 367 366 365 362 368 377 384 380 383 379 383 385 387 388 389 394 396 405 409 414 415 422 428 437 443 452 453 461 458 466 472 475 484 487 486 494 491 486 489 498 501 509 510 514 523 530 534 541 546 551 552 561 569 572 579 579 586 587 594 602 608 610 609 606 605 614
244 235 230 231 233 238 242 248 249 257 266 262 268 276 276 277 279 284 289 295 303 306 307 308 318 322 323 328 335 336 338 340 348 355 361 369 360 361 370 373 382 389 384 388 391 386 395 396 397 395 396 398 405 414 415 424 433 436 442 449 452 460 461 462 471 471 478 480 487 494 486 485 493 502 505 513 516 522 527 536 535 540 547 554 560 557 566 570 576 581 590 591 600 609 617 619 612 615 607 611
238 233 232 238 240 239 247 255 256 264 272 268 271 275 283 282 287 292 296 304 310 315 315 310 319 321 327 336 344 337 338 340 349 350 354 360 355 364 372 374 381 383 384 391 390 389 396 397 406 400 401 400 402 410 417 425 427 428 434 443 445 453 460 463 472 469 477 485 480 485 482 484 493 499 506 511 520 528 535 532 532 533 541 545 554 555 564 573 581 590 599 595 604 613 618 626 621 619 615 612
239 240 241 244 244 244 251 259 264 273 278 274 279 278 287 286 289 293 299 301 308 315 316 316 324 330 328 333 341 338 344 341 342 347 351 352 354 361 365 374 382 381 387 393 398 398 398 406 407 408 402 406 403 410 414 422 426 427 433 439 446 450 453 454 463 466 475 476 478 480 481 489 492 499 508 509 518 525 526 527 530 534 543 548 550 559 568 569 575 583 590 599 605 608 615 619 618 618 620 618
244 245 248 253 253 253 260 262 269 278 281 275 281 283 288 295 294 301 308 306 315 320 320 325 327 333 332 337 343 347 350 348 351 353 353 359 360 364 367 368 373 375 378 384 393 402 407 415 416 408 403 411 410 411 412 414 422 431 439 447 447 451 456 460 466 475 482 480 486 488 490 497 500 508 517 515 524 531 532 535 539 535 544 545 554 559 568 577 581 589 598 594 602 607 614 615 616 617 625 623
253 254 249 258 262 262 266 263 272 272 273 275 284 285 292 290 291 296 305 314 323 322 327 333 336 335 337 346 351 354 354 352 355 361 361 366 364 371 376 377 381 377 379 387 396 401 403 412 413 413 412 415 415 416 417 421 428 436 440 444 453 460 457 463 472 476 479 486 493 489 497 499 504 506 514 523 532 535 541 542 538 537 545 554 563 563 572 581 589 594 589 591 597 598 605 613 622 626 633 625
258 256 257 266 263 271 272 266 267 271 280 279 281 283 288 289 297 305 312 316 317 318 324 330 335 343 340 350 359 358 355 361 363 362 362 371 370 379 380 381 386 379 387 396 397 405 405 414 420 416 413 422 422 425 426 428 437 445 449 449 455 460 459 466 471 477 485 490 488 489 492 495 504 511 520 527 528 537 545 546 540 543 544 549 555 558 567 576 580 586 587 596 605 605 611 618 619 627 626 633
259 263 265 273 266 270 271 273 269 270 271 277 286 287 290 294 300 307 316 318 323 321 330 337 339 342 343 345 354 362 364 367 371 369 365 373 379 386 384 382 391 388 394 395 396 401 410 419 415 421 422 431 429 429 428 433 435 442 448 449 458 466 466 470 478 479 485 486 487 492 501 503 512 515 520 521 530 535 541 542 547 544 552 557 564 567 568 573 576 581 590 599 600 607 615 622 620 628 624 633
260 269 266 272 273 271 279 282 278 278 278 280 289 296 297 302 309 312 317 323 325 329 334 343 340 348 348 349 359 366 368 374 375 376 372 381 384 391 386 390 394 390 391 399 403 409 412 413 414 423 428 431 432 430 430 435 444 446 451 458 467 470 475 479 482 487 494 493 495 500 502 511 512 516 517 525 531 538 546 551 549 550 556 561 565 574 576 574 579 584 589 594 595 604 610 617 623 626 620 629
267 276 271 275 282 274 276 284 281 284 279 282 291 300 303 309 315 313 315 316 325 331 333 340 345 352 357 353 357 358 361 364 365 367 376 377 386 394 387 389 391 399 400 402 405 412 421 414 421 430 435 439 438 432 439 442 450 455 458 465 470 476 476 480 485 493 502 501 496 502 510 512 520 523 525 532 533 535 543 544 545 552 560 568 569 570 572 577 578 584 592 598 604 613 610 611 614 617 618 623
274 275 280 284 288 283 279 288 286 286 283 289 293 301 304 310 314 314 318 321 330 336 337 345 347 356 364 362 362 361 367 372 370 376 380 378 386 392 396 391 393 394 396 405 406 415 422 415 416 421 429 438 442 433 441 450 459 462 465 466 467 474 478 478 479 484 493 494 499 502 511 519 525 528 531 533 537 539 547 549 550 551 553 561 562 570 573 576 585 590 591 598 603 606 609 608 615 624 623 626
283 284 289 288 289 292 287 296 287 290 292 290 299 302 309 318 323 323 326 328 334 337 343 351 348 351 359 366 369 367 373 374 375 384 383 387 389 392 398 399 401 399 404 405 413 421 429 424 424 429 437 444 438 437 443 448 452 453 462 469 468 469 477 476 484 493 500 502 508 503 506 512 520 525 530 535 536 545 554 553 558 553 562 569 568 575 576 578 579 581 582 591 594 597 604 605 614 623 630 635
292 293 298 297 297 294 290 295 294 299 301 298 307 303 307 316 318 327 329 329 332 333 340 349 357 359 364 367 375 370 378 380 377 386 392 388 395 393 398 406 402 403 408 414 421 429 430 430 433 433 435 444 446 445 449 456 460 462 471 470 469 470 472 474 482 485 493 497 504 511 511 518 523 530 539 544 539 548 550 551 559 554 556 560 565 574 576 582 580 589 590 598 603 606 613 610 616 617 626 633
294 302 303 300 304 295 291 297 303 300 300 299 301 307 308 317 326 333 338 338 338 340 344 348 354 355 364 370 376 377 384 382 382 384 385 394 400 401 404 413 411 412 417 418 426 430 435 438 441 436 438 442 451 449 455 462 465 471 473 471 471 479 481 478 479 488 494 496 505 509 512 514 521 528 531 540 544 550 556 559 562 562 565 563 564 568 574 581 585 589 593 595 598 599 608 617 625 621 625 629
302 310 307 304 301 297 298 305 304 308 308 301 303 308 312 317 326 331 336 345 340 348 346 353 362 357 366 372 374 378 383 391 389 393 386 390 391 398 407 415 416 413 421 425 426 427 434 435 438 439 447 450 454 452 454 460 461 469 474 480 480 480 482 483 486 493 497 502 503 512 520 523 528 531 534 535 540 549 558 559 568 563 566 564 572 577 582 588 594 594 602 598 602 608 613 614 619 628 627 636
303 306 315 313 306 302 307 307 311 310 311 302 303 306 313 316 325 332 334 338 344 353 350 359 366 366 375 377 383 382 391 398 393 393 392 399 400 407 411 413 419 418 427 427 435 436 443 444 443 443 451 456 463 461 462 469 468 473 474 483 489 488 484 486 495 494 496 502 509 518 519 524 533 532 533 534 543 552 561 567 568 570 570 571 574 583 585 586 594 603 611 607 606 609 611 613 621 623 632 641
306 315 324 321 313 310 310 315 314 318 315 306 304 311 317 321 322 327 334 340 348 352 357 364 369 369 377 378 386 385 389 398 402 398 399 402 401 405 412 411 412 416 417 427 430 436 438 440 449 444 447 455 462 466 464 470 471 475 483 485 489 496 492 495 497 503 505 504 507 515 524 530 531 534 534 543 552 554 555 561 569 577 571 577 581 589 594 593 598 606 611 611 613 611 613 618 626 632 641 650
315 322 330 325 320 319 313 321 318 322 315 314 305 310 318 327 331 335 334 340 343 349 358 365 371 374 382 386 393 391 398 407 407 399 400 404 403 404 408 409 410 419 419 420 421 431 439 447 450 453 451 459 468 473 471 478 480 480 486 491 491 494 498 504 506 511 513 506 514 521 522 530 538 540 535 537 543 550 558 567 575 574 578 582 590 596 601 602 607 610 617 616 617 617 622 626 634 639 646 649
322 331 338 333 325 317 314 315 324 326 322 313 306 310 315 322 328 331 332 340 346 352 361 369 364 373 376 381 384 392 398 407 407 402 407 405 405 411 416 413 415 421 426 429 428 430 437 442 451 457 452 460 463 471 472 479 486 484 489 492 496 497 502 508 510 511 513 508 514 523 528 537 539 548 543 546 551 554 562 566 567 571 577 579 586 595 601 604 605 613 622 623 624 621 626 628 636 643 652 657
327 336 342 338 332 323 317 324 332 328 326 319 315 315 317 322 325 334 341 343 344 353 354 361 362 371 372 373 375 384 391 399 402 406 413 413 412 418 420 419 423 427 434 437 432 433 439 448 457 466 461 465 465 466 470 478 481 490 490 494 495 497 505 512 511 513 511 509 517 518 527 536 544 548 550 552 554 562 563 565 566 568 575 584 586 590 597 605 608 609 617 622 626 629 627 635 643 651 658 664
333 340 345 336 335 328 320 321 323 332 324 317 316 320 321 329 330 337 339 348 353 362 355 360 369 372 380 374 381 382 391 397 405 414 419 420 420 424 428 427 428 428 430 435 441 434 440 449 458 466 470 468 471 475 479 479 486 490 491 492 494 501 502 505 511 516 513 518 526 527 535 538 539 544 553 561 558 560 562 571 572 569 578 582 585 590 599 605 611 610 615 621 628 625 629 638 638 644 653 658
336 344 337 336 334 332 326 329 331 327 322 320 317 322 324 330 338 344 341 344 352 360 356 360 362 371 379 380 382 390 399 406 408 415 423 424 426 433 430 432 434 435 431 436 445 442 448 455 457 463 470 470 478 480 481 488 492 491 498 495 498 499 503 506 513 515 518 519 527 533 538 542 543 552 553 562 562 561 568 570 579 573 574 576 585 589 598 607 608 609 612 621 620 623 629 633 637 646 654 661
340 348 344 345 341 336 327 336 340 333 325 326 325 326 332 335 338 346 347 350 359 360 362 369 370 373 382 389 390 394 396 405 407 415 424 422 429 435 431 439 439 437 438 444 445 450 455 461 460 462 471 475 484 489 482 484 485 488 494 503 499 507 510 513 521 516 524 528 534 542 539 541 548 551 560 569 570 562 565 571 579 580 582 585 593 590 597 605 614 614 612 614 617 622 630 634 643 646 651 660
346 355 353 353 347 343 336 344 335 328 327 329 329 335 333 342 342 351 356 357 363 367 366 370 371 379 383 385 386 387 396 397 400 409 417 418 423 426 435 441 440 438 447 452 454 459 462 470 461 466 475 484 493 486 483 492 492 489 498 501 501 509 518 517 526 525 530 529 531 540 546 545 546 549 555 564 566 570 572 575 577 584 590 594 602 595 596 600 608 610 611 620 626 623 630 634 636 643 644 652
347 356 360 354 354 345 342 340 333 331 331 331 337 340 340 342 344 352 353 357 366 372 371 378 380 388 387 387 388 394 400 406 408 417 421 426 431 435 436 444 448 442 451 457 455 464 470 478 468 474 483 486 490 488 490 491 499 497 503 509 507 512 521 524 526 530 532 537 536 538 546 547 549 558 557 559 568 577 579 584 578 586 587 590 599 599 599 608 615 613 615 621 627 624 633 641 644 646 653 654
355 364 363 362 353 352 349 342 334 338 334 335 341 341 349 343 345 349 351 359 366 375 378 379 380 384 391 395 396 403 409 407 414 418 426 432 439 442 438 441 450 448 449 457 458 463 469 476 473 476 484 489 487 488 497 498 505 506 511 510 515 514 515 518 525 529 538 538 537 546 555 548 554 561 561 565 574 576 580 583 586 587 595 594 598 603 604 607 614 622 619 623 624 632 634 640 641 650 652 661
364 373 364 361 357 351 350 345 338 347 339 338 347 348 356 351 352 357 359 368 374 378 379 382 381 389 398 403 404 412 412 416 418 427 430 431 435 436 442 442 445 449 457 460 464 472 470 472 480 478 479 482 483 489 496 497 498 500 501 511 517 521 521 523 532 538 539 539 543 545 552 553 557 558 560 569 578 581 588 591 588 588 594 602 600 601 610 608 617 623 628 626 632 637 643 641 643 644 651 658
373 373 371 362 360 360 357 348 342 345 342 347 352 349 355 360 361 366 361 362 370 379 388 391 389 397 406 411 413 418 421 420 423 424 429 433 434 438 440 441 450 452 454 463 464 472 474 476 482 482 488 485 486 489 497 506 506 508 502 503 508 517 522 523 524 529 536 540 546 554 561 555 563 566 563 566 570 572 580 584 588 593 597 602 602 610 616 617 621 628 629 634 633 640 641 644 644 649 656 663
382 376 378 369 362 363 360 355 346 350 346 351 360 357 362 364 364 372 363 367 376 377 385 386 390 391 400 409 415 420 425 424 426 432 438 439 439 447 444 444 448 456 461 470 468 469 478 480 481 490 488 487 495 490 498 504 510 516 508 504 510 511 515 525 529 538 544 542 551 555 561 556 564 570 570 567 572 580 587 593 597 597 603 609 611 612 617 622 628 635 630 636 642 648 646 645 645 651 653 659
386 385 384 378 371 370 362 355 351 352 351 352 361 366 371 367 372 369 365 373 382 381 387 392 397 399 407 410 419 420 428 425 431 439 446 441 446 453 451 452 453 461 467 471 470 478 485 485 490 495 497 495 495 492 498 507 516 518 511 511 519 519 520 523 529 532 539 540 546 551 558 565 565 570 579 576 573 577 578 584 589 597 601 610 619 620 626 623 631 638 639 640 643 651 654 654 652 660 659 660
394 394 393 384 380 379 371 364 355 353 360 353 355 364 369 375 381 378 373 375 376 385 388 397 398 407 411 411 416 425 434 433 436 440 449 447 448 456 458 458 459 468 475 479 478 487 487 486 492 501 501 504 497 493 502 508 510 512 513 514 522 527 528 530 537 539 545 549 548 557 562 568 574 579 580 585 578 585 585 587 594 599 607 615 621 628 635 629 630 638 642 648 649 657 661 663 660 669 668 664
397 389 388 384 381 384 375 366 361 362 357 356 359 360 365 366 375 377 379 383 385 387 391 399 401 410 412 417 424 433 435 438 438 439 447 455 457 458 461 467 462 463 472 479 487 488 496 487 488 495 504 510 506 500 509 517 515 518 514 520 527 533 536 537 546 541 550 554 549 557 565 574 582 587 588 594 585 594 586 589 597 604 609 610 618 627 628 630 639 644 650 657 656 657 664 671 662 667 676 668
405 396 395 387 379 378 376 368 365 361 360 365 360 369 367 375 382 380 387 389 394 388 397 405 408 415 419 425 432 440 444 444 447 441 444 448 454 456 464 465 463 464 469 470 478 486 492 496 495 499 507 508 515 509 518 523 520 527 522 528 536 539 543 545 553 548 557 559 556 564 572 574 574 583 589 593 588 591 592 598 601 602 609 615 616 618 625 633 641 649 657 659 664 658 665 666 671 675 676 677
412 403 395 395 387 384 375 368 367 363 365 374 369 376 369 370 373 380 381 384 387 395 399 406 408 412 421 427 436 445 449 453 445 443 444 451 460 461 468 469 469 465 468 472 475 482 490 495 497 506 507 511 512 510 518 526 524 533 526 527 535 540 544 546 555 553 557 558 558 567 575 572 573 575 583 584 588 597 600 600 601 604 612 618 620 621 630 638 639 646 654 662 662 660 666 674 672 681 685 683
405 402 393 393 384 375 374 373 373 369 367 375 377 374 372 375 380 386 390 386 390 392 401 404 410 418 419 426 433 442 447 450 453 444 445 447 453 462 469 478 478 474 477 474 482 490 495 498 504 505 514 519 521 517 526 529 529 534 535 530 537 544 547 551 559 562 565 562 561 563 565 569 572 573 582 586 596 599 604 604 602 607 616 623 629 626 635 642 648 654 659 665 665 669 674 675 678 683 688 691
397 393 390 388 387 379 381 374 374 375 376 383 378 379 376 383 387 395 397 388 389 392 400 401 402 409 412 421 425 434 443 444 445 447 454 456 462 469 476 485 484 483 485 483 491 499 504 500 506 508 509 518 519 520 529 533 534 539 542 538 545 553 555 560 568 569 567 565 563 569 573 577 581 582 588 590 600 607 611 612 611 611 616 624 632 635 643 645 652 657 666 674 672 672 680 681 681 682 686 694
406 399 399 396 389 387 379 375 381 379 380 382 387 387 384 391 388 389 398 397 393 400 405 410 403 412 420 425 432 438 439 446 452 454 452 460 469 468 472 479 483 492 493 490 497 498 503 501 508 517 516 520 521 529 530 532 540 548 551 545 553 559 564 569 569 576 573 573 566 575 581 578 584 591 595 592 602 610 618 615 614 620 619 627 635 644 647 648 650 653 657 666 663 664 671 680 684 686 693 699
410 402 402 398 389 385 384 384 389 380 385 389 392 393 388 397 389 398 404 406 401 402 407 414 411 414 421 427 434 439 442 440 443 448 450 454 463 465 471 472 480 489 494 491 496 504 505 510 517 526 518 527 523 528 534 539 545 553 554 552 561 561 566 569 576 584 579 577 569 578 586 580 583 590 594 596 600 605 613 613 615 616 619 628 633 640 645 652 659 656 649 658 662 664 673 682 691 693 695 704
413 406 403 406 398 394 393 393 390 389 392 396 400 394 397 393 390 398 406 407 409 404 413 416 414 419 420 425 429 430 434 438 446 455 453 454 461 465 470 471 480 489 495 493 496 505 511 513 516 525 527 536 532 529 537 544 545 546 548 552 556 563 571 570 579 585 580 576 572 576 584 588 584 590 598 603 601 603 604 607 609 618 625 629 630 637 636 644 651 652 647 656 659 668 674 678 687 691 692 701
420 414 411 413 404 399 402 400 399 392 393 402 407 400 406 400 399 400 405 412 418 413 422 417 419 427 429 428 437 439 439 447 450 458 462 460 469 474 477 480 483 484 493 496 503 511 519 516 524 531 534 541 534 538 540 545 549 549 556 560 559 565 574 579 583 590 587 582 573 582 584 589 586 595 602 609 603 605 612 614 612 617 618 625 627 631 635 637 642 643 644 653 658 661 668 677 682 683 691 693
428 423 420 422 413 406 404 401 402 393 402 405 413 405 412 403 408 402 411 413 422 414 416 423 422 431 432 429 431 435 444 453 455 459 468 467 474 481 481 487 492 493 500 501 508 513 517 520 524 533 535 540 536 545 541 550 557 551 558 567 564 572 578 587 584 591 586 585 577 586 593 597 590 597 601 601 610 613 620 615 617 622 624 633 634 633 637 638 646 646 647 656 658 667 676 680 685 691 697 694
436 430 424 415 414 413 411 402 404 396 405 411 417 414 414 405 411 405 412 417 425 423 425 432 429 435 441 438 434 443 446 448 457 458 467 475 482 488 487 488 490 498 505 504 508 515 517 523 532 541 536 545 545 554 546 554 559 560 563 572 570 574 580 587 593 587 593 586 585 592 600 598 592 593 594 599 608 616 623 618 621 625 628 636 641 634 641 647 653 649 655 656 664 672 673 682 691 692 697 700
433 426 417 416 421 421 412 403 411 403 410 414 420 417 423 414 414 411 418 419 422 423 429 435 431 432 436 444 436 445 447 456 462 463 472 480 481 490 496 494 499 507 512 513 510 512 518 527 533 540 537 538 540 548 547 549 555 556 564 570 571 565 574 581 586 579 588 592 594 601 609 600 597 600 598 602 610 614 621 624 630 633 636 641 638 636 638 643 645 652 655 661 668 671 678 687 696 699 706 709
433 424 423 424 428 419 414 405 412 412 418 423 424 419 426 421 423 420 419 420 423 424 432 441 439 434 443 441 438 439 442 449 458 464 469 478 481 485 492 499 500 508 512 513 511 516 519 528 530 532 540 547 541 550 554 550 553 556 560 562 563 564 568 577 583 578 586 593 596 604 611 607 606 604 601 604 612 620 626 633 636 642 643 650 646 641 645 652 652 658 658 659 668 675 684 692 699 700 709 716
439 430 432 429 429 420 420 414 413 421 419 422 429 420 429 430 431 429 428 429 424 432 438 447 440 435 443 445 447 441 450 458 465 465 469 475 476 483 486 491 498 507 515 516 519 524 528 536 531 539 540 545 549 557 560 558 558 560 568 567 567 565 573 574 575 577 582 588 589 595 604 612 614 613 609 612 615 619 628 632 633 637 643 652 647 642 645 652 655 660 664 666 667 676 684 686 692 699 702 707
436 433 435 436 430 429 422 415 419 421 424 424 427 428 435 433 437 434 429 429 427 428 430 439 448 444 448 453 449 450 458 462 471 474 476 477 482 487 488 492 501 508 512 515 524 532 531 540 538 544 549 554 552 558 564 566 559 567 575 569 576 574 578 581 582 579 580 586 595 598 602 605 611 614 611 615 616 618 623 625 634 642 649 650 649 649 648 649 653 658 660 669 674 678 679 687 689 698 706 710
445 437 442 445 439 438 431 424 425 426 432 432 428 431 440 434 439 436 434 437 428 437 438 447 455 451 449 458 451 457 466 471 480 483 481 485 487 492 497 493 498 504 505 514 519 526 530 539 541 542 545 550 558 559 561 567 568 574 583 574 581 582 585 587 591 587 589 595 603 606 607 612 616 619 613 622 618 625 624 633 639 643 646 655 655 657 652 657 654 662 669 678 677 678 687 693 691 696 698 701
446 445 451 446 447 443 434 430 426 431 435 433 431 432 440 442 446 438 437 445 436 437 438 447 453 452 456 465 456 465 466 475 483 492 488 486 495 498 497 496 497 503 512 519 528 535 535 543 549 543 544 553 559 568 568 574 575 575 583 582 587 585 587 596 595 588 594 597 598 599 600 606 614 615 621 625 627 627 633 635 641 646 650 651 653 661 661 661 655 659 661 670 671 680 686 687 691 692 701 709
452 450 458 453 445 442 436 434 433 432 440 441 438 438 445 451 451 447 439 448 442 446 447 448 452 456 460 461 458 467 471 480 485 494 493 487 493 500 506 503 503 509 517 524 528 537 541 543 552 547 553 555 562 567 571 574 579 577 581 584 589 593 593 596 599 590 599 605 607 603 605 607 612 619 621 630 635 636 636 636 638 647 656 652 659 666 667 663 659 665 667 668 670 671 677 685 686 691 699 703
461 459 459 451 447 438 437 442 441 437 438 439 444 443 449 458 455 446 445 454 449 455 456 453 461 459 460 461 461 469 474 483 489 490 499 492 499 508 505 504 512 510 515 524 533 539 548 551 560 555 561 564 570 576 580 580 588 586 587 585 590 597 602 602 601 592 594 598 603 608 613 610 614 615 618 625 634 635 640 637 641 642 649 657 665 671 675 666 664 668 675 674 679 673 680 686 691 690 691 694
468 459 451 450 441 440 445 446 442 445 443 441 450 444 452 453 462 455 450 453 450 454 463 457 465 460 468 469 469 470 472 480 483 489 498 501 508 512 514 507 511 519 523 532 541 548 555 558 559 557 559 568 571 579 580 588 595 595 592 593 599 601 607 603 605 601 595 602 606 610 611 619 622 622 627 632 641 643 641 641 649 644 647 649 657 666 666 675 670 675 681 683 684 675 676 677 682 688 696 695
465 458 451 450 442 446 454 450 451 449 452 450 455 447 454 454 459 462 453 457 452 461 470 464 473 467 476 471 473 477 478 486 485 491 500 504 513 513 518 512 518 526 529 537 546 551 560 567 566 562 566 575 579 584 587 590 596 603 595 594 603 610 612 612 608 600 598 606 613 616 619 625 630 631 635 637 641 642 650 646 654 645 648 649 657 659 662 670 678 676 681 682 681 678 682 680 690 690 694 702
470 464 455 451 451 449 451 451 460 451 457 459 457 448 457 463 462 461 454 461 460 463 470 469 474 473 480 475 476 481 483 492 494 500 501 510 513 522 523 519 527 531 536 538 545 546 555 564 571 570 567 576 584 585 590 597 602 611 603 597 603 612 621 621 612 605 604 612 616 625 627 632 639 632 640 640 641 644 653 647 656 653 657 658 666 663 671 679 685 684 682 690 686 685 690 686 689 691 700 707
470 462 456 459 457 456 453 456 459 452 456 465 460 457 466 464 464 470 463 466 466 472 479 473 480 474 483 480 485 483 485 492 499 504 506 509 518 525 525 528 533 538 539 539 545 549 556 565 569 576 568 576 585 594 594 597 602 609 612 606 612 619 624 623 621 613 613 618 624 633 628 637 642 638 645 646 647 645 654 652 661 661 666 667 672 664 673 681 690 693 690 696 687 690 693 693 696 692 693 697
472 465 465 466 465 462 462 463 454 453 461 464 467 458 463 468 472 471 470 468 468 470 476 481 480 479 480 489 493 490 494 493 501 509 515 511 520 521 529 526 535 539 548 544 549 558 562 564 572 576 575 581 585 586 595 604 603 604 610 611 618 627 633 626 620 617 619 626 633 636 634 643 647 639 646 654 649 648 651 652 659 662 671 676 679 672 679 683 692 699 698 700 692 698 698 697 702 694 701 703
475 469 470 474 466 470 469 467 460 458 465 465 474 467 472 477 481 477 475 474 476 472 480 488 489 480 488 489 497 495 502 499 506 512 519 512 519 524 532 525 526 535 544 553 558 555 555 560 566 567 568 572 576 578 587 596 605 613 615 620 619 628 633 634 628 620 628 635 637 638 642 645 653 647 652 657 658 649 657 661 663 671 677 682 682 674 683 692 696 704 707 704 699 705 704 706 710 703 707 704
478 478 472 475 471 478 470 468 467 467 467 474 476 469 478 485 490 485 476 475 478 475 483 485 494 487 488 496 499 504 511 508 508 517 524 516 518 520 523 524 526 530 538 546 552 553 554 556 565 573 574 581 584 587 590 598 605 614 622 621 627 636 637 639 634 628 637 643 644 639 644 651 654 652 655 656 660 657 665 670 672 672 680 681 683 675 682 689 697 698 705 712 705 706 713 715 714 710 715 713
