  0 483 477 482 485 481 490 492 495 501 494 490 484 489 490 488 482 483 487 486 489 498 506 502 511 506 504 509 512 513 517 514 515 524 525 528 522 529 530 531 539 542 551 552 558 555 559 561 569 573 576 578 587 591 588 596 596 603 606 611 620 612 614 622 631 629 633 641 642 648 657 666 673 675 682 684 687 685 690 685 690 698 702 710 712 721 729 738 735 741 747 748 749 755 763 9223372036854775808 9223372036854775808 9223372036854775808 9223372036854775808 9223372036854775808
  8 476 475 476 476 480 481 488 493 492 489 481 482 480 481 487 481 484 482 483 486 492 497 501 506 504 500 502 508 516 508 510 514 521 522 530 521 527 533 540 540 541 547 551 559 551 554 556 561 565 567 573 581 582 582 589 592 595 597 605 614 606 614 623 627 626 633 636 644 652 660 659 664 667 674 679 679 676 685 682 684 693 702 706 714 723 728 736 733 740 738 744 751 751 760 760 9223372036854775808 9223372036854775808 9223372036854775808 9223372036854775808
 16 468 466 475 473 482 474 480 485 485 482 479 473 473 475 480 473 476 477 484 493 492 499 493 497 499 496 502 505 509 503 507 515 522 531 527 520 525 525 533 540 546 538 543 550 545 553 559 567 565 569 572 573 575 580 588 591 590 597 604 612 604 612 615 619 624 631 633 639 645 654 656 664 664 665 673 674 675 676 680 683 692 701 702 709 718 719 728 724 731 736 741 742 750 751 754 761 9223372036854775808 9223372036854775808 9223372036854775808
 17 472 465 467 468 473 471 472 476 483 480 474 471 469 468 473 471 476 478 487 490 485 490 485 491 492 495 497 498 500 502 509 515 517 526 518 518 519 524 525 531 537 535 537 543 542 550 555 558 564 568 563 567 574 580 583 584 588 596 595 603 603 604 610 619 623 630 632 640 649 649 658 660 660 669 669 678 675 681 684 692 696 694 695 701 710 712 721 720 722 727 735 738 741 745 749 757 9223372036854775808 759 9223372036854775808
 26 472 464 461 467 468 470 477 480 475 471 472 472 468 466 464 468 477 481 481 485 478 481 481 484 488 486 488 490 493 498 500 507 508 517 512 511 520 525 517 526 528 529 536 534 541 547 550 558 562 568 560 562 571 573 580 589 590 590 592 598 597 605 614 616 620 627 632 636 644 641 649 651 659 661 662 671 672 674 675 684 692 693 696 702 704 712 713 714 718 725 727 729 738 744 749 753 761 755 758
 28 466 457 455 458 459 468 477 474 466 464 466 464 459 457 463 471 471 476 475 477 474 480 479 481 487 485 490 489 490 495 491 498 507 508 515 508 513 519 514 519 522 528 536 533 539 538 544 550 554 561 557 565 566 575 579 581 585 586 589 593 596 600 605 614 616 620 624 633 635 640 641 650 656 664 662 671 680 680 683 684 693 699 697 706 705 713 718 723 727 727 731 730 735 741 741 749 752 747 749
 29 458 449 449 454 458 467 472 466 464 455 462 455 450 451 457 464 465 467 473 469 465 472 476 472 479 483 485 486 493 496 488 495 502 509 506 506 507 510 511 518 519 527 531 531 538 535 538 545 547 556 555 559 564 566 572 574 579 588 591 592 595 600 609 617 624 623 627 631 632 633 640 647 648 656 661 665 671 678 681 683 686 691 699 708 713 720 721 717 724 725 725 729 737 742 738 740 743 742 741
 33 451 445 448 457 460 464 466 458 462 454 459 455 449 457 457 463 458 467 466 469 463 471 478 471 470 475 476 484 489 489 487 491 498 501 505 504 508 514 514 523 525 528 531 527 530 532 536 542 551 553 554 562 571 568 572 575 577 583 586 588 590 592 601 609 618 625 624 627 633 642 648 656 649 658 658 659 664 672 674 675 683 687 691 699 704 711 713 715 722 718 723 731 731 735 737 743 735 735 738
 41 445 444 446 450 451 456 459 456 460 452 452 457 448 451 456 455 457 465 457 462 461 469 471 473 467 471 478 487 492 485 485 489 493 500 504 495 500 507 516 520 517 520 522 525 534 538 545 548 550 549 552 557 564 571 577 584 585 591 595 591 597 595 604 613 619 621 623 629 631 639 647 649 651 654 656 658 662 663 666 673 681 682 685 690 698 703 704 706 713 710 719 722 726 733 735 738 734 726 734
 42 437 441 438 443 446 455 453 450 457 448 449 450 447 453 462 454 450 459 456 464 457 466 472 464 466 470 479 486 483 476 484 489 492 496 497 488 494 502 511 513 513 521 523 527 529 538 547 545 547 546 555 557 564 572 580 584 586 590 591 591 600 601 606 606 614 618 622 622 630 631 638 643 651 657 654 655 664 672 670 679 676 676 680 685 689 695 701 702 704 704 712 721 717 725 727 729 732 725 731
 51 432 439 431 439 441 447 447 447 451 447 449 445 439 445 454 454 445 450 448 455 456 462 465 462 471 471 475 477 481 475 480 482 489 488 493 486 490 497 506 510 512 519 527 534 531 534 538 540 540 545 553 554 559 564 573 576 578 581 582 585 592 598 599 600 606 612 613 619 622 630 632 638 647 648 652 658 667 670 674 678 675 667 671 680 686 692 693 694 702 703 704 713 716 717 719 722 723 724 732
 56 427 436 430 438 446 439 446 445 444 440 440 436 435 436 445 448 443 452 446 455 451 458 465 460 469 474 474 483 474 473 479 478 487 487 488 484 487 494 498 501 503 511 518 526 525 525 529 531 539 547 555 555 564 565 573 575 582 583 589 594 599 603 604 603 610 615 609 612 617 621 630 636 645 643 651 657 661 662 669 670 666 665 668 676 681 689 685 685 694 695 703 704 708 717 718 722 731 732 735
 58 424 427 429 431 437 431 440 447 439 438 437 437 431 437 438 439 440 449 445 446 450 452 457 459 460 468 471 480 476 469 471 477 480 479 485 483 485 494 496 499 501 505 512 520 517 518 521 530 535 539 548 555 559 564 567 570 574 578 587 596 601 601 610 605 610 609 604 612 621 627 621 630 637 638 644 648 653 662 660 669 661 663 666 669 676 681 680 683 688 692 699 705 711 718 722 714 723 726 734
 66 420 422 427 425 428 426 434 438 438 439 430 429 422 431 438 442 444 445 442 451 453 450 450 459 468 469 462 471 467 468 476 485 480 472 476 482 488 491 495 504 508 513 513 514 516 525 530 529 535 544 550 551 552 561 561 562 567 574 582 588 596 599 607 598 602 601 603 604 613 618 619 628 631 639 640 641 648 653 652 661 659 665 672 676 671 673 677 678 679 686 693 696 705 709 717 713 722 718 725
 73 419 413 419 416 420 422 431 430 434 437 428 422 418 425 433 433 435 437 434 442 450 444 445 452 461 462 460 464 466 473 482 480 472 471 477 479 480 489 493 499 508 513 507 516 511 519 524 528 531 535 543 550 559 558 555 564 571 578 579 579 587 591 600 592 593 600 602 605 614 617 622 627 623 630 632 635 642 645 651 657 658 659 667 667 669 678 676 677 685 688 696 697 699 708 708 711 720 715 720
 74 411 412 410 413 415 419 425 429 425 428 426 418 414 416 425 428 429 432 433 441 441 443 444 445 454 453 459 464 467 474 483 475 474 470 477 471 477 485 484 493 502 504 504 513 504 513 520 522 527 534 542 551 551 550 551 560 565 570 571 578 587 583 591 591 592 593 600 605 613 620 622 620 621 622 623 631 637 638 647 655 649 653 658 659 666 672 675 677 683 685 687 695 704 707 703 702 711 710 711
 83 406 403 409 410 415 417 424 426 424 422 429 421 413 417 420 424 421 429 428 433 433 440 435 442 445 449 456 460 468 477 475 467 471 469 468 468 474 479 483 489 498 507 502 505 502 505 511 518 520 525 534 543 552 549 554 561 564 569 572 577 585 581 582 590 595 601 609 606 615 617 615 618 627 629 628 637 638 644 646 652 644 645 653 662 669 670 677 677 682 687 686 694 699 704 699 700 707 709 717
 89 404 396 405 411 406 415 420 424 424 416 421 418 410 417 411 415 418 420 422 428 426 431 432 435 440 443 447 455 463 469 467 458 464 460 461 465 469 474 480 487 493 500 499 497 499 505 514 522 526 527 536 534 543 544 548 554 559 567 573 577 579 575 584 585 594 602 607 611 610 609 614 618 622 624 625 632 638 636 642 645 643 651 658 663 672 671 679 671 677 680 684 693 700 703 696 697 705 706 715
 93 398 394 400 407 404 410 417 416 415 414 418 412 409 417 408 409 414 420 423 423 421 422 426 427 436 437 438 446 454 463 460 451 455 456 464 473 475 477 483 484 489 496 504 496 503 508 517 526 531 528 528 530 534 543 548 555 553 561 567 571 576 573 580 589 590 597 601 603 609 601 610 609 614 615 624 623 629 628 633 636 639 646 655 658 665 674 679 670 677 676 683 684 691 696 695 704 708 714 719
 94 398 391 398 400 399 406 413 412 406 407 416 417 408 408 404 405 411 411 420 422 417 420 429 431 436 444 441 447 454 457 454 450 452 460 458 465 472 481 478 486 482 490 495 494 497 506 515 517 524 529 524 531 532 539 548 549 550 558 560 567 569 571 579 580 589 593 592 601 604 599 608 608 616 618 616 614 621 624 629 638 647 651 655 661 670 670 678 669 673 675 681 687 686 687 687 695 700 705 710
100 395 390 391 396 397 406 407 411 404 398 407 414 405 403 400 396 404 403 412 413 416 425 431 426 431 436 441 443 447 449 451 444 445 452 453 456 465 473 477 479 476 481 488 491 500 506 507 508 517 520 522 531 534 535 541 548 549 556 562 561 570 567 573 578 582 590 589 596 596 596 602 606 614 610 607 613 615 620 629 637 644 651 653 653 662 668 670 663 664 671 673 679 685 690 686 688 695 704 712
109 386 383 389 389 398 403 398 405 406 397 399 406 398 394 396 393 396 398 405 414 416 422 427 425 427 428 433 436 438 440 442 443 451 450 455 449 458 464 469 470 473 474 483 484 493 499 506 510 516 513 521 527 533 539 548 544 553 554 555 559 564 561 568 574 576 585 580 587 587 588 593 597 606 612 604 613 622 628 631 635 641 650 657 648 657 659 661 662 667 670 677 670 677 682 678 683 689 695 704
118 377 376 383 385 391 396 397 397 397 396 401 399 391 390 394 390 397 403 409 410 413 417 423 423 422 425 426 427 429 437 437 444 442 444 447 447 449 458 465 473 475 478 482 485 491 499 500 509 509 512 517 525 534 534 540 539 544 545 546 552 555 552 561 567 569 578 577 578 585 586 594 602 610 608 602 607 613 620 622 631 637 641 649 647 651 656 652 654 663 669 668 669 669 678 674 679 686 688 696
122 368 373 376 379 386 390 398 393 400 394 396 396 394 385 385 389 390 394 401 403 412 416 414 420 421 419 425 434 432 432 434 435 435 438 443 445 453 462 470 472 476 479 488 482 488 495 497 506 504 506 509 518 525 530 531 537 541 546 545 545 546 551 558 567 572 570 569 578 579 579 588 595 604 602 599 608 614 616 624 624 633 640 640 638 647 653 651 653 662 663 667 674 666 670 671 680 688 692 697
127 365 369 375 375 380 382 389 391 393 387 390 393 391 382 381 387 381 386 394 403 412 417 408 411 415 418 416 425 424 431 428 433 430 439 443 452 458 457 461 463 469 470 479 480 482 486 494 503 502 507 508 512 521 530 536 537 546 539 536 543 551 550 558 567 563 564 568 575 576 577 579 588 596 597 598 599 607 615 616 621 630 631 640 637 639 648 643 647 655 662 670 670 662 671 665 673 679 688 689
132 360 363 372 367 372 381 390 391 386 386 382 390 387 382 375 380 378 384 393 399 405 409 400 406 409 409 414 421 421 422 422 430 429 431 440 448 454 451 455 462 468 473 477 481 486 487 488 496 498 506 513 512 518 525 530 536 542 538 530 534 543 549 550 559 562 565 574 583 579 578 587 595 597 603 599 606 607 613 614 620 629 635 631 633 631 640 640 643 651 653 662 661 661 662 663 672 675 684 688
133 359 357 364 364 372 381 384 390 381 380 374 381 378 378 374 373 376 380 389 394 397 401 398 399 400 407 407 412 418 415 420 427 422 431 437 443 445 446 447 456 459 466 469 474 481 489 489 490 498 507 516 507 510 519 521 530 535 535 527 530 538 540 544 553 555 558 566 574 575 576 583 592 598 599 592 601 603 608 616 623 623 626 622 624 627 633 634 643 646 655 662 657 660 664 672 673 677 679 684
141 361 354 360 358 367 376 377 384 379 382 373 375 375 370 379 372 377 380 384 385 389 395 390 390 396 398 406 407 409 411 412 420 421 427 436 445 454 455 454 463 467 467 476 483 482 491 492 492 501 508 507 503 507 510 518 524 527 526 525 533 536 544 551 547 546 555 561 569 576 569 578 586 590 590 584 592 601 606 611 614 619 626 619 623 625 634 643 636 638 647 655 654 656 664 667 676 679 688 687
142 360 352 351 353 362 369 370 377 371 378 370 367 374 368 372 371 368 377 380 386 380 388 388 384 393 399 408 416 416 420 419 428 430 433 442 447 456 455 457 466 472 474 478 484 489 488 490 499 503 503 508 500 499 505 510 516 520 525 521 530 532 541 542 543 544 551 558 560 567 568 571 580 582 582 583 590 598 602 603 607 611 618 616 625 631 627 634 631 633 641 649 650 654 661 668 677 678 687 690
151 362 353 344 348 356 363 361 370 367 369 362 360 365 365 366 367 365 368 373 377 378 379 385 383 391 397 401 410 413 422 418 423 424 432 441 448 452 454 455 464 472 476 482 480 484 484 491 499 496 495 502 505 498 499 506 511 512 516 517 526 535 537 546 545 547 549 558 559 566 559 568 573 576 577 584 591 592 594 595 601 602 609 615 620 627 626 627 628 636 642 645 647 655 662 670 679 687 689 689
155 358 350 341 342 351 354 360 365 358 361 364 359 362 357 366 368 364 373 374 380 376 380 380 382 383 392 401 404 411 419 417 423 432 438 436 439 446 453 455 461 465 471 475 473 475 478 487 490 493 486 495 499 496 503 512 512 520 525 526 529 537 542 546 547 550 557 560 568 566 558 560 569 574 576 582 589 596 600 601 600 605 614 609 613 618 620 629 627 635 643 646 655 663 671 676 678 678 684 680
162 349 345 340 346 348 357 363 358 350 353 356 351 357 348 357 361 362 371 380 372 369 372 378 386 388 396 400 406 408 410 411 416 425 434 431 440 446 453 459 463 467 470 467 465 466 474 481 481 484 485 492 493 495 504 513 517 524 532 534 530 530 533 538 547 554 557 554 559 561 554 561 567 568 570 579 587 588 595 596 593 600 606 601 607 609 616 621 623 628 634 640 649 657 666 673 676 674 679 676
171 342 346 339 342 339 348 357 351 347 344 347 350 348 347 355 364 363 372 371 365 368 369 378 387 389 396 394 401 405 411 412 419 423 425 430 432 440 447 454 457 459 464 459 456 464 465 473 479 488 487 496 498 504 512 513 516 518 523 527 523 523 529 533 542 547 549 549 550 552 553 558 559 568 569 575 584 593 594 594 591 599 597 600 605 609 610 619 627 634 640 642 647 651 658 665 667 671 676 674
176 335 341 337 335 338 343 352 343 339 343 350 341 350 346 351 359 360 369 362 364 371 376 385 391 391 396 393 399 405 406 414 412 416 424 433 441 441 449 449 454 455 463 454 451 460 469 474 477 479 486 493 490 496 505 507 511 518 524 518 514 522 526 529 535 539 541 548 549 546 548 553 562 565 568 571 580 589 595 589 589 597 596 604 607 609 618 624 625 634 643 648 653 659 656 657 662 663 671 673
180 329 332 328 329 330 335 343 338 336 335 343 336 343 344 353 359 368 364 360 363 369 375 380 385 388 393 389 393 402 405 409 411 412 415 424 433 442 442 443 449 450 457 448 448 455 463 472 469 477 479 487 488 496 498 499 508 509 516 517 510 519 526 527 536 537 541 540 540 538 539 548 555 557 560 569 574 581 587 580 581 588 593 599 603 604 610 619 627 632 636 641 644 653 649 657 662 671 674 666
184 320 323 322 328 335 335 336 329 334 330 337 334 342 345 349 358 365 356 359 363 370 372 381 381 390 385 383 388 397 398 402 411 420 414 421 426 434 435 439 441 449 450 442 443 450 455 463 466 474 479 479 487 489 491 492 499 503 507 508 509 510 519 522 527 532 536 534 535 537 539 543 548 549 558 566 567 576 581 579 584 582 585 594 598 606 609 618 626 623 632 633 639 645 641 648 655 662 671 664
193 313 320 314 320 326 330 328 321 327 329 330 332 340 343 350 349 358 354 359 357 361 367 375 378 384 388 382 391 388 396 398 407 411 413 420 425 434 440 448 442 449 448 441 450 450 454 454 463 465 470 475 484 493 497 499 506 510 507 512 518 519 521 528 528 530 532 533 542 546 546 549 550 557 558 567 576 574 574 575 576 581 590 586 595 599 607 612 621 622 628 634 630 637 638 647 648 653 662 663
201 305 311 313 322 320 322 319 320 322 323 332 339 344 345 346 345 353 353 358 353 362 359 366 369 375 384 381 384 387 395 400 405 412 419 427 425 432 440 442 433 442 446 438 443 449 449 451 459 463 472 477 485 488 489 495 499 502 504 508 515 521 530 530 537 537 534 535 536 538 539 542 550 552 557 565 567 565 573 580 577 578 584 585 593 597 601 606 615 622 619 625 626 635 643 647 655 661 668 672
206 304 305 305 313 318 313 315 316 323 324 332 336 341 341 343 343 345 352 357 351 354 356 365 367 374 376 378 381 389 396 405 413 411 414 418 421 426 433 439 431 435 441 435 436 444 448 456 458 466 469 470 479 487 495 496 504 501 506 511 515 524 532 532 540 537 536 537 545 540 548 543 550 556 556 563 558 559 566 574 578 585 587 588 597 601 608 611 619 614 616 622 626 635 640 641 649 658 667 671
214 297 299 296 305 309 306 312 315 321 326 323 332 336 336 336 338 344 352 357 350 357 360 365 374 368 369 378 384 392 396 397 404 409 411 412 413 422 427 431 430 432 434 433 440 441 449 455 462 469 473 471 477 486 494 495 499 500 506 515 523 529 529 535 538 537 542 545 553 549 549 544 545 547 554 555 557 562 571 576 583 586 587 591 594 596 600 609 612 613 622 629 627 636 643 643 645 654 659 662
219 294 296 294 297 303 297 303 312 316 321 321 329 333 333 334 337 336 344 348 344 350 354 361 366 367 373 381 382 387 389 397 404 413 413 414 414 420 423 422 424 427 428 432 434 443 448 456 458 467 476 475 476 477 486 489 490 499 501 510 514 523 520 528 536 534 535 544 546 554 557 549 554 555 562 559 566 571 572 576 582 583 590 596 601 605 606 615 615 620 629 633 632 640 641 649 646 650 659 668
225 287 293 292 289 294 295 304 306 309 317 312 320 325 325 333 333 329 338 339 343 349 356 357 365 368 373 379 384 393 396 399 405 409 416 419 423 423 420 421 429 429 435 440 443 451 457 451 459 462 468 466 467 470 479 481 490 494 495 502 511 516 515 524 527 528 529 536 539 548 556 558 554 556 558 566 573 578 578 583 583 586 594 596 600 609 615 622 621 629 632 641 638 644 650 658 654 652 654 661
232 286 285 289 282 287 296 301 300 309 313 311 317 323 323 332 326 327 335 342 344 352 359 365 364 369 368 374 380 389 398 403 408 416 424 423 416 414 419 423 431 430 432 433 435 443 452 446 453 456 459 462 465 473 480 484 493 497 503 503 505 510 513 522 523 529 538 545 540 542 550 551 552 561 560 565 572 578 584 592 588 595 599 605 606 615 623 627 628 634 641 650 647 653 658 661 657 653 654 663
241 290 284 283 278 287 293 297 293 301 306 309 318 319 320 324 325 327 329 337 343 351 355 358 361 364 366 375 379 385 393 394 403 410 415 414 413 410 416 425 432 436 439 435 439 441 443 444 445 450 452 461 465 470 471 478 484 493 499 508 509 517 514 522 528 531 540 543 542 550 547 542 545 554 557 565 566 570 579 586 590 597 602 607 608 617 625 628 635 635 642 643 650 658 664 666 665 662 661 670
250 283 267 268 270 275 285 291 292 300 309 311 317 325 325 326 328 333 338 344 352 355 356 357 366 370 371 376 383 384 386 388 396 403 409 417 408 409 418 421 430 439 433 442 447 442 451 452 453 451 452 454 461 470 471 480 489 492 498 505 508 516 517 518 527 527 534 536 543 550 542 541 549 558 561 569 572 578 583 592 591 596 603 610 616 613 622 626 632 637 646 647 656 665 673 675 668 671 663 667
255 264 266 273 277 276 286 294 299 307 315 317 320 324 332 331 336 341 345 353 359 364 364 359 368 370 376 384 392 385 386 388 397 398 402 408 403 412 420 422 429 431 432 439 440 443 450 451 460 456 457 456 458 466 473 481 483 484 490 499 501 509 516 519 528 525 533 541 536 541 538 540 549 555 562 567 576 584 591 588 588 589 597 601 610 611 620 629 637 646 655 651 660 669 674 682 677 675 671 668
256 263 272 278 281 281 288 296 306 315 321 320 328 327 336 335 337 341 347 349 356 363 364 365 373 379 377 381 389 386 392 389 390 395 399 400 402 409 413 422 430 429 435 441 448 452 452 460 461 464 458 462 459 466 470 478 482 483 489 495 502 506 509 510 519 522 531 532 534 536 537 545 548 555 564 565 574 581 582 583 586 590 599 604 606 615 624 625 631 639 646 655 661 664 671 675 674 674 676 674
261 266 273 282 290 290 297 299 307 316 319 314 320 325 330 337 334 342 351 354 363 365 368 374 376 382 381 385 391 395 398 396 399 401 401 407 408 412 415 416 421 423 426 432 441 450 459 468 470 464 459 467 466 467 468 470 478 487 495 503 503 507 512 516 522 531 538 536 542 544 546 553 556 564 573 571 580 587 588 591 595 591 600 601 610 615 624 633 637 645 654 650 658 663 670 671 672 673 681 679
270 275 274 283 292 299 303 300 310 309 310 312 322 323 330 327 328 333 343 352 361 360 367 375 382 383 386 394 399 402 402 400 403 409 409 414 412 419 424 425 429 425 427 435 444 449 451 460 461 466 468 471 471 472 473 477 484 492 496 500 509 516 513 519 528 532 535 542 549 545 553 555 560 562 570 579 588 591 597 598 594 593 601 610 619 619 628 637 645 650 645 647 653 654 661 669 678 682 689 681
275 277 282 291 292 301 306 303 304 308 317 316 318 320 325 326 334 342 349 353 354 355 361 367 372 381 384 393 402 405 403 409 411 410 410 419 418 427 428 429 434 427 435 444 445 453 453 462 468 469 469 478 478 481 482 484 493 501 505 505 511 516 515 522 527 533 541 546 544 545 548 551 560 567 576 583 584 593 601 602 596 599 600 605 611 614 623 632 636 642 643 652 661 661 667 674 675 683 682 689
276 283 290 298 295 299 300 307 306 307 308 314 323 324 327 331 337 344 353 355 360 358 367 374 376 379 382 384 393 401 410 415 419 417 413 421 427 434 432 430 439 436 442 443 444 449 458 467 463 469 478 487 485 485 484 489 491 498 504 505 514 522 522 526 534 535 541 542 543 548 557 559 568 571 576 577 586 591 597 598 603 600 608 613 620 623 624 629 632 637 646 655 656 663 671 678 676 684 680 689
277 286 287 293 300 300 308 316 315 315 315 317 326 333 334 339 346 349 354 360 362 366 371 380 377 385 387 388 398 405 407 413 414 415 420 425 430 437 434 438 442 438 439 447 451 457 460 461 462 471 477 480 483 484 486 491 500 502 507 514 523 526 531 535 538 543 550 549 551 556 558 567 568 572 573 581 587 594 602 607 605 606 612 617 621 630 632 630 635 640 645 650 651 660 666 673 679 682 676 685
284 293 292 296 305 303 305 313 316 321 316 319 328 337 340 346 352 350 352 353 362 368 370 377 382 389 396 392 396 397 400 403 404 406 415 416 425 433 434 436 438 447 448 450 453 460 469 462 469 478 484 488 489 486 495 498 506 511 514 521 526 532 532 536 541 549 558 557 552 558 566 568 576 579 581 588 589 591 599 600 601 608 616 624 625 626 628 633 634 640 648 654 660 669 666 667 670 673 674 679
291 292 301 305 311 312 308 317 321 323 320 326 330 338 341 347 351 351 355 358 367 373 374 382 384 393 401 401 401 400 406 411 409 415 419 417 425 431 440 438 440 441 443 452 453 462 469 463 464 469 477 486 495 487 495 504 513 516 521 522 523 530 534 534 535 540 549 550 555 558 567 575 581 584 587 589 593 595 603 605 606 607 609 617 618 626 629 632 641 646 647 654 659 662 665 664 671 680 679 682
300 301 310 309 310 319 316 325 322 326 329 327 336 339 346 355 360 360 363 365 371 374 380 388 385 388 396 403 408 406 412 413 414 423 422 426 428 431 437 445 448 446 451 452 460 468 476 472 472 477 485 492 492 491 497 502 506 507 516 523 524 525 533 532 540 549 556 558 564 559 562 568 576 581 586 591 592 601 610 609 614 609 618 625 624 631 632 634 635 637 638 647 650 653 660 661 670 679 686 691
309 310 319 318 318 322 319 324 329 335 338 335 344 340 344 353 355 364 366 366 369 370 377 386 394 396 401 404 412 409 417 419 416 425 431 427 434 432 437 445 446 450 455 461 468 476 477 478 481 481 483 492 500 499 503 510 514 516 525 524 525 526 528 530 538 541 549 553 560 567 567 574 579 586 595 600 595 604 606 607 615 610 612 616 621 630 632 638 636 645 646 654 659 662 669 666 672 673 682 689
311 319 324 321 327 324 320 326 335 336 337 336 338 344 345 354 363 370 375 375 375 377 381 385 391 392 401 407 413 416 423 421 421 423 424 433 439 440 443 452 455 459 464 465 473 477 482 486 489 484 486 490 499 503 509 516 519 525 527 525 527 535 537 534 535 544 550 552 561 565 568 570 577 584 587 596 600 606 612 615 618 618 621 619 620 624 630 637 641 645 649 651 654 655 664 673 681 677 681 685
319 327 328 325 329 326 327 334 335 343 345 338 340 345 349 354 363 368 373 382 377 385 383 390 399 394 403 409 411 415 420 429 428 432 425 429 430 437 446 454 459 460 468 472 473 474 481 482 485 487 495 498 502 505 507 513 514 522 527 534 536 536 538 539 542 549 553 558 559 568 576 579 584 587 590 591 596 605 614 615 624 619 622 620 628 633 638 644 650 650 658 654 658 664 669 670 675 684 683 692
320 323 332 334 334 331 336 336 342 344 348 339 340 343 350 353 362 369 371 375 381 390 387 396 403 403 412 414 420 419 428 435 432 432 431 438 439 446 450 452 458 461 466 468 477 483 486 488 490 491 499 504 511 514 515 522 521 526 527 536 545 544 540 542 551 550 552 558 565 574 575 580 589 588 589 590 599 608 617 623 624 626 626 627 630 639 641 642 650 659 667 663 662 665 667 669 677 679 688 697
323 332 341 342 341 339 339 344 345 352 352 343 341 348 354 358 359 364 371 377 385 389 394 401 406 406 414 415 423 422 426 435 441 437 438 441 440 444 451 450 451 455 456 466 469 475 477 479 488 489 492 500 507 512 514 520 523 527 536 538 542 550 548 551 553 559 561 560 563 571 580 586 587 590 590 599 608 610 611 617 625 633 627 633 637 645 650 649 654 662 667 667 669 667 669 674 682 688 697 706
332 339 347 347 348 348 342 350 349 356 352 351 342 347 355 364 368 372 371 377 380 386 395 402 408 411 419 423 430 428 435 444 446 438 439 443 442 443 447 448 449 458 458 459 460 470 478 486 489 498 496 504 513 519 521 528 532 532 538 544 544 547 553 560 562 567 569 562 570 577 578 586 594 596 591 593 599 606 614 623 631 630 634 638 646 652 657 658 663 666 673 672 673 673 678 682 690 695 702 705
339 348 355 355 354 346 343 344 353 357 359 350 343 347 352 359 365 368 369 377 383 389 398 406 401 410 413 418 421 429 435 444 444 441 446 444 444 450 455 452 454 460 465 468 467 469 476 481 490 496 497 505 508 516 517 524 531 535 540 543 545 545 550 556 560 560 565 564 570 579 584 593 595 604 599 602 607 610 618 622 623 627 633 635 642 651 657 660 661 669 678 679 680 677 682 684 692 699 708 713
344 353 359 361 361 352 346 353 361 359 363 356 352 352 354 359 362 371 378 380 381 390 391 398 399 408 409 410 412 421 428 436 439 443 450 452 451 457 459 458 462 466 473 476 471 472 478 487 496 505 506 510 510 511 515 523 526 535 536 540 540 542 550 557 557 559 561 562 570 571 580 589 597 601 606 608 610 618 619 621 622 624 631 640 642 646 653 661 664 665 673 678 682 685 683 691 699 707 714 720
350 357 366 362 364 357 349 350 352 361 361 354 353 357 358 366 367 374 376 385 390 399 392 397 406 409 417 411 418 419 428 434 442 451 456 459 459 463 467 466 467 467 469 474 480 473 479 488 497 505 514 513 516 520 524 524 531 535 536 537 539 546 547 550 556 561 563 571 579 580 588 591 592 597 606 615 614 616 618 627 628 625 634 638 641 646 655 661 667 666 671 677 684 681 685 694 694 700 709 714
353 361 362 364 363 361 355 358 360 364 359 357 354 359 361 367 375 381 378 381 389 397 393 397 399 408 416 417 419 427 436 443 445 452 460 463 465 472 469 471 473 474 470 475 484 481 487 494 496 502 509 511 519 524 526 533 537 536 543 540 543 544 548 551 558 560 565 566 574 580 585 589 593 602 603 612 616 617 624 626 635 629 630 632 641 645 654 663 664 665 668 677 676 679 685 689 693 702 710 717
357 365 369 373 370 365 356 365 369 370 362 363 362 363 369 372 375 383 384 387 396 397 399 406 407 410 419 426 427 431 433 442 444 452 461 459 466 472 470 478 478 476 477 483 484 489 494 500 499 501 510 515 524 533 527 529 530 533 539 548 544 552 555 558 566 561 569 575 581 589 586 588 595 598 607 616 621 618 621 627 635 636 638 641 649 646 653 661 670 670 668 670 673 678 686 690 699 702 707 716
363 372 378 381 376 372 365 374 372 365 364 366 366 372 370 379 379 388 393 394 400 404 403 407 408 416 420 422 423 424 433 434 437 446 454 455 460 463 472 478 479 477 486 491 493 498 501 509 500 505 514 523 532 531 528 537 537 534 543 546 546 554 563 562 571 570 575 576 578 587 593 592 593 596 602 611 613 621 628 631 633 640 646 650 658 651 652 656 664 666 667 676 682 679 686 690 692 699 700 708
364 373 380 381 383 374 371 377 370 368 368 368 374 377 377 379 381 389 390 394 403 409 408 415 417 425 424 424 425 431 437 443 445 454 458 463 468 472 473 481 487 481 490 496 494 503 509 517 507 513 522 525 529 529 535 536 544 542 548 554 552 557 566 569 571 575 577 584 583 585 593 594 596 605 604 606 615 624 631 639 634 642 643 646 655 655 655 664 671 669 671 677 683 680 689 697 700 702 709 710
372 381 383 390 382 381 378 379 371 375 371 372 378 378 386 380 382 386 388 396 403 412 415 416 417 421 428 432 433 440 446 444 451 455 463 469 476 479 475 478 487 487 488 496 497 502 508 515 512 515 523 528 526 527 536 543 545 549 550 551 559 559 560 563 570 574 583 580 581 590 599 595 601 608 608 612 621 623 627 630 638 638 646 650 654 658 660 663 670 678 675 679 680 688 690 696 697 706 708 717
381 390 386 390 388 382 383 382 375 384 376 375 384 385 393 388 389 394 396 405 411 415 416 419 418 426 435 440 441 449 449 453 455 464 467 468 472 473 479 479 482 486 494 497 503 511 509 511 519 517 518 521 522 528 535 536 537 539 540 550 556 563 566 567 572 577 578 579 585 587 594 599 603 604 606 615 624 627 634 638 636 637 643 651 652 653 662 663 672 678 684 682 688 693 699 697 699 700 707 714
390 392 395 392 391 391 392 385 379 382 379 384 389 386 392 397 398 403 398 399 407 416 425 428 426 434 443 448 450 455 458 457 460 461 466 470 471 475 477 478 487 489 491 500 501 509 513 515 521 521 527 524 525 528 536 545 545 547 541 542 547 556 561 562 563 568 575 579 585 594 603 601 609 612 609 612 616 618 626 630 634 639 643 648 650 659 665 672 676 683 684 690 689 696 697 700 700 705 712 719
399 395 404 399 393 394 397 392 383 387 383 388 397 394 399 401 401 409 400 404 413 414 422 423 427 428 437 446 452 457 462 461 463 469 475 476 476 484 481 481 485 493 498 507 505 506 515 519 520 529 527 526 534 529 537 543 549 555 547 543 549 550 554 564 568 577 583 581 590 594 600 601 609 615 616 613 618 626 633 639 643 643 649 655 659 661 666 671 678 685 685 691 698 704 702 701 701 707 709 715
403 404 410 408 402 402 399 392 388 389 388 389 398 403 408 404 409 406 402 410 419 418 424 429 434 436 444 447 456 457 465 462 468 476 483 478 483 490 488 489 490 498 504 508 507 515 522 524 529 534 536 534 534 531 537 546 555 557 550 550 558 558 559 562 568 571 578 579 585 590 597 606 607 612 621 622 619 623 624 630 635 643 647 656 665 669 675 672 680 687 694 695 698 706 710 710 708 716 715 716
411 413 419 414 411 411 408 401 392 390 397 390 392 401 406 412 418 415 410 412 413 422 425 434 435 444 448 448 453 462 471 470 473 477 486 484 485 493 495 495 496 505 512 516 515 524 524 525 531 540 540 543 536 532 541 547 549 551 552 553 561 566 567 569 576 578 584 588 587 596 601 607 616 621 622 631 624 631 631 633 640 645 653 661 667 675 683 678 679 687 691 699 704 712 717 719 716 725 724 720
419 414 418 416 413 420 412 403 398 399 394 393 396 397 402 403 412 414 416 420 422 424 428 436 438 447 449 454 461 470 472 475 475 476 484 492 494 495 498 504 499 500 509 516 524 525 533 526 527 534 543 549 545 539 548 556 554 557 553 559 566 572 575 576 585 580 589 593 588 596 604 613 621 629 630 639 631 640 632 635 643 650 655 656 664 673 674 676 685 691 699 708 711 712 719 727 718 723 732 724
428 421 426 422 414 415 413 405 402 398 397 402 397 406 404 412 419 417 424 426 431 425 434 442 445 452 456 462 469 477 481 481 484 478 481 485 491 493 501 502 500 501 506 507 515 523 529 535 534 538 546 547 554 548 557 562 559 566 561 567 575 578 582 584 592 587 596 598 595 603 611 613 613 622 628 632 630 633 638 644 647 648 655 661 662 664 671 679 687 695 703 705 713 713 720 721 727 731 732 733
437 429 428 430 422 421 412 405 404 400 402 411 406 413 406 407 410 417 418 421 424 432 436 443 445 449 458 464 473 482 486 490 482 480 481 488 497 498 505 506 506 502 505 509 512 519 527 532 534 543 544 548 550 549 557 565 563 572 565 566 574 579 583 585 594 592 596 597 597 606 614 611 612 614 622 623 627 636 644 646 647 650 658 664 666 667 676 684 685 692 700 708 710 712 718 726 727 736 741 739
442 438 430 430 421 412 411 410 410 406 404 412 414 411 409 412 417 423 427 423 427 429 438 441 447 455 456 463 470 479 484 487 490 481 482 484 490 499 506 515 515 511 514 511 519 527 532 535 541 542 551 556 559 556 565 568 568 573 574 569 576 583 586 590 598 601 604 601 600 602 604 608 611 612 621 625 635 638 643 647 648 653 662 669 675 672 681 688 694 700 705 711 713 720 726 726 732 732 736 744
434 430 427 425 424 416 418 411 411 412 413 420 415 416 413 420 424 432 434 425 426 429 437 438 439 446 449 458 462 471 480 481 482 484 491 493 499 506 513 522 521 520 522 520 528 536 541 537 543 545 546 555 556 559 568 572 573 578 581 577 584 592 594 599 607 608 606 604 602 608 612 616 620 621 627 629 639 646 650 655 657 657 662 670 678 681 689 691 698 701 705 714 711 711 719 725 726 727 731 739
443 436 436 433 426 424 416 412 418 416 417 419 424 424 421 428 425 426 435 434 430 437 442 447 440 449 457 462 469 475 476 483 489 491 489 497 506 505 509 516 520 529 530 527 534 535 540 538 545 554 553 557 558 567 568 570 578 587 590 584 592 598 603 608 608 615 612 612 605 614 620 617 623 630 634 631 641 649 657 655 657 664 661 669 677 686 688 691 693 696 696 705 702 703 710 719 723 727 734 740
447 439 439 435 426 422 421 421 426 417 422 426 429 430 425 434 426 435 441 443 438 439 444 451 448 451 458 464 471 476 479 477 480 485 487 491 500 502 508 509 517 526 531 528 533 541 542 547 554 563 555 564 560 565 571 577 583 591 591 591 600 600 605 608 615 623 618 616 608 617 625 619 622 629 633 635 639 644 652 652 654 655 658 667 672 679 684 691 699 695 688 697 701 703 712 721 730 734 734 743
450 443 440 443 435 431 430 430 427 426 429 433 437 431 434 430 427 435 443 444 446 441 450 453 451 456 457 462 466 467 471 475 483 492 490 491 498 502 507 508 517 526 532 530 533 542 548 550 553 562 564 573 569 566 574 581 582 583 585 589 593 600 608 609 618 624 619 615 611 615 623 627 623 629 637 642 640 642 643 646 648 657 664 668 669 676 675 683 690 691 686 695 698 707 713 717 726 730 731 740
457 451 448 450 441 436 439 437 436 429 430 439 444 437 443 437 436 437 442 449 455 450 459 454 456 464 466 465 474 476 476 484 487 495 499 497 506 511 514 517 520 521 530 533 540 548 556 553 561 568 571 578 571 575 577 582 586 586 593 597 596 602 611 618 622 629 626 621 612 621 623 628 625 634 641 648 642 644 651 653 651 656 657 664 666 670 674 676 681 682 683 692 697 700 707 716 721 722 730 732
465 460 457 459 450 443 441 438 439 430 439 442 450 442 449 440 445 439 448 450 459 451 453 460 459 468 469 466 468 472 481 490 492 496 505 504 511 518 518 524 529 530 537 538 545 550 554 557 561 570 572 577 573 582 578 587 594 588 595 604 601 609 615 624 623 630 625 624 616 625 632 636 629 636 640 640 649 652 659 654 656 661 663 672 673 672 676 677 685 685 686 695 697 706 715 719 724 730 736 733
473 467 461 452 451 450 448 439 441 433 442 448 454 451 451 442 448 442 449 454 462 460 462 469 466 472 478 475 471 480 483 485 494 495 504 512 519 525 524 525 527 535 542 541 545 552 554 560 569 578 573 582 582 591 583 591 596 597 600 609 607 611 617 624 632 624 631 625 624 631 639 637 631 632 633 638 647 655 662 657 660 664 667 675 680 673 680 686 692 688 694 695 703 711 712 721 730 731 736 739
470 463 454 453 458 458 449 440 448 440 447 451 457 454 460 451 451 448 455 456 459 460 466 472 468 469 473 481 473 482 484 493 499 500 509 517 518 527 533 531 536 544 549 550 547 549 555 564 570 577 574 575 577 585 584 586 592 593 601 607 608 602 611 618 623 616 625 631 633 640 648 639 636 639 637 641 649 653 660 663 669 672 675 680 677 675 677 682 684 691 694 700 707 710 717 726 735 738 745 748
470 461 460 461 465 456 451 442 449 449 455 460 461 456 463 458 460 457 456 457 460 461 469 478 476 471 480 478 475 476 479 486 495 501 506 515 518 522 529 536 537 545 549 550 548 553 556 565 567 569 577 584 578 587 591 587 590 593 597 599 600 601 605 614 620 615 623 630 633 641 648 646 645 643 640 643 651 659 665 672 675 681 682 689 685 680 684 691 691 697 697 698 707 714 723 731 738 739 748 755
476 467 469 466 466 457 457 451 450 458 456 459 466 457 466 467 468 466 465 466 461 469 475 484 477 472 480 482 484 478 487 495 502 502 506 512 513 520 523 528 535 544 552 553 556 561 565 573 568 576 577 582 586 594 597 595 595 597 605 604 604 602 610 611 612 614 619 625 626 632 641 649 653 652 648 651 654 658 667 671 672 676 682 691 686 681 684 691 694 699 703 705 706 715 723 725 731 738 741 746
473 470 472 473 467 466 459 452 456 458 461 461 464 465 472 470 474 471 466 466 464 465 467 476 485 481 485 490 486 487 495 499 508 511 513 514 519 524 525 529 538 545 549 552 561 569 568 577 575 581 586 591 589 595 601 603 596 604 612 606 613 611 615 618 619 616 617 623 632 635 639 642 648 651 650 654 655 657 662 664 673 681 688 689 688 688 687 688 692 697 699 708 713 717 718 726 728 737 745 749
482 474 479 482 476 475 468 461 462 463 469 469 465 468 477 471 476 473 471 474 465 474 475 484 492 488 486 495 488 494 503 508 517 520 518 522 524 529 534 530 535 541 542 551 556 563 567 576 578 579 582 587 595 596 598 604 605 611 620 611 618 619 622 624 628 624 626 632 640 643 644 649 653 657 652 661 657 664 663 672 678 682 685 694 694 696 691 696 693 701 708 717 716 717 726 732 730 735 737 740
483 482 488 483 484 480 471 467 463 468 472 470 468 469 477 479 483 475 474 482 473 474 475 484 490 489 493 502 493 502 503 512 520 529 525 523 532 535 534 533 534 540 549 556 565 572 572 580 586 580 581 590 596 605 605 611 612 612 620 619 624 622 624 633 632 625 631 634 635 636 637 643 651 652 660 664 666 666 672 674 680 685 689 690 692 700 700 700 694 698 700 709 710 719 725 726 730 731 740 748
489 487 495 490 482 479 473 471 470 469 477 478 475 475 482 488 488 484 476 485 479 483 484 485 489 493 497 498 495 504 508 517 522 531 530 524 530 537 543 540 540 546 554 561 565 574 578 580 589 584 590 592 599 604 608 611 616 614 618 621 626 630 630 633 636 627 636 642 644 640 642 644 649 656 658 667 674 675 675 675 677 686 695 691 698 705 706 702 698 704 706 707 709 710 716 724 725 730 738 742
498 496 496 488 484 475 474 479 478 474 475 476 481 480 486 495 492 483 482 491 486 492 493 490 498 496 497 498 498 506 511 520 526 527 536 529 536 545 542 541 549 547 552 561 570 576 585 588 597 592 598 601 607 613 617 617 625 623 624 622 627 634 639 639 638 629 631 635 640 645 650 647 651 652 655 662 671 672 677 676 680 681 688 696 704 710 714 705 703 707 714 713 718 712 719 725 730 729 730 733
505 496 488 487 478 477 482 483 479 482 480 478 487 481 489 490 499 492 487 490 487 491 500 494 502 497 505 506 506 507 509 517 520 526 535 538 545 549 551 544 548 556 560 569 578 585 592 595 596 594 596 605 608 616 617 625 632 632 629 630 636 638 644 640 642 638 632 639 643 647 648 656 659 659 664 669 678 680 678 680 688 683 686 688 696 705 705 714 709 714 720 722 723 714 715 716 721 727 735 734
502 495 488 487 479 483 491 487 488 486 489 487 492 484 491 491 496 499 490 494 489 498 507 501 510 504 513 508 510 514 515 523 522 528 537 541 550 550 555 549 555 563 566 574 583 588 597 604 603 599 603 612 616 621 624 627 633 640 632 631 640 647 649 649 645 637 635 643 650 653 656 662 667 668 672 674 678 679 687 685 693 684 687 688 696 698 701 709 717 715 720 721 720 717 721 719 729 729 733 741
507 501 492 488 488 486 488 488 497 488 494 496 494 485 494 500 499 498 491 498 497 500 507 506 511 510 517 512 513 518 520 529 531 537 538 547 550 559 560 556 564 568 573 575 582 583 592 601 608 607 604 613 621 622 627 634 639 648 640 634 640 649 658 658 649 642 641 649 653 662 664 669 676 669 677 677 678 681 690 686 695 692 696 697 705 702 710 718 724 723 721 729 725 724 729 725 728 730 739 746
507 499 493 496 494 493 490 493 496 489 493 502 497 494 503 501 501 507 500 503 503 509 516 510 517 511 520 517 522 520 522 529 536 541 543 546 555 562 562 565 570 575 576 576 582 586 593 602 606 613 605 613 622 631 631 634 639 646 649 643 649 656 661 660 658 650 650 655 661 670 665 674 679 675 682 683 684 682 691 691 700 700 705 706 711 703 712 720 729 732 729 735 726 729 732 732 735 731 732 736
509 502 502 503 502 499 499 500 491 490 498 501 504 495 500 505 509 508 507 505 505 507 513 518 517 516 517 526 530 527 531 530 538 546 552 548 557 558 566 563 572 576 585 581 586 595 599 601 609 613 612 618 622 623 632 641 640 641 647 648 655 664 670 663 657 654 656 663 670 673 671 680 684 676 683 691 686 685 688 689 696 699 708 715 718 711 718 722 731 738 737 739 731 737 737 736 741 733 740 742
512 506 507 511 503 507 506 504 497 495 502 502 511 504 509 514 518 514 512 511 513 509 517 525 526 517 525 526 534 532 539 536 543 549 556 549 556 561 569 562 563 572 581 590 595 592 592 597 603 604 605 609 613 615 624 633 642 650 652 657 656 665 670 671 665 657 665 672 674 675 679 682 690 684 689 694 695 686 694 698 700 708 714 720 721 713 722 731 735 743 746 743 738 744 743 745 749 742 746 743
515 515 509 512 508 515 507 505 504 504 504 511 513 506 515 522 527 522 513 512 515 512 520 522 531 524 525 533 536 541 548 545 545 554 561 553 555 557 560 561 563 567 575 583 589 590 591 593 602 610 611 618 621 624 627 635 642 651 659 658 664 673 674 676 671 665 674 680 681 676 681 688 691 689 692 693 697 694 702 707 709 709 717 718 722 714 721 728 736 737 744 751 744 745 752 754 753 749 754 752
