  0 318 312 317 320 316 325 327 330 338 337 333 331 339 343 342 336 337 341 340 343 352 360 360 369 367 367 372 375 376 380 377 378 387 388 394 394 401 402 403 411 414 423 424 430 430 434 436 444 448 451 453 462 471 469 477 477 484 487 492 501 493 495 503 512 510 514 522 523 529 538 547 554 556 563 565 568 566 571 566 571 579 583 591 593 602 610 619 616 622 628 629 630 636 644 650 651 647 653 662
  8 311 310 311 311 315 316 323 328 329 332 324 329 330 334 341 335 338 336 337 340 346 351 359 367 365 363 365 371 379 371 373 377 384 385 394 393 399 405 412 412 413 419 423 431 426 429 431 436 440 442 448 456 463 463 470 473 476 478 486 495 487 495 504 508 507 514 517 525 533 541 540 545 548 555 560 560 557 566 563 565 574 583 587 595 604 609 617 614 621 619 625 632 632 641 641 642 643 652 659
 16 303 301 310 308 317 309 315 320 322 324 322 320 323 328 334 327 330 331 338 347 353 360 354 358 360 359 365 368 372 366 370 378 385 394 399 392 397 397 405 412 418 410 415 422 420 428 434 442 440 444 453 454 456 461 469 472 471 478 485 493 485 493 496 500 505 512 514 520 526 535 537 545 545 546 554 555 556 557 561 564 573 582 583 590 599 600 609 605 612 617 622 623 631 632 635 642 643 644 650
 17 307 300 302 303 308 306 307 311 319 321 316 318 319 321 327 325 330 332 341 346 346 351 346 352 353 358 360 361 363 365 374 382 387 396 390 390 391 396 397 403 409 407 409 418 417 425 430 433 439 444 444 448 455 461 464 465 469 477 476 484 484 485 491 500 504 511 513 521 530 530 539 541 541 550 550 559 556 562 565 573 577 575 576 582 591 593 602 601 603 608 616 619 622 626 630 638 647 648 656
 26 307 299 296 302 303 305 312 317 316 312 313 321 322 320 318 322 331 335 336 344 339 342 342 345 349 349 351 353 356 361 370 377 378 387 384 383 392 397 389 398 400 401 408 409 416 425 430 438 443 449 441 443 452 454 461 470 471 471 473 479 478 486 495 497 501 508 513 517 525 522 530 532 540 542 543 552 553 555 556 565 573 574 577 583 585 593 594 595 599 606 608 610 619 625 633 637 646 653 656
 28 301 292 290 293 294 303 312 311 307 305 307 316 313 311 317 325 325 330 330 338 335 341 340 344 350 348 353 352 353 358 361 368 377 378 385 380 385 391 386 391 394 400 408 409 415 418 424 430 435 442 438 446 447 456 460 462 466 467 470 474 477 481 486 495 497 501 505 514 516 521 522 531 537 545 543 552 561 561 564 565 574 581 578 587 586 594 599 604 608 608 614 611 616 622 625 634 643 645 647
 29 293 284 284 289 293 302 308 303 305 296 303 308 304 305 311 318 319 321 328 330 326 333 337 335 342 346 348 349 356 364 358 365 372 379 376 378 379 382 383 390 391 399 403 407 415 416 419 426 428 437 436 440 445 447 453 455 460 469 472 473 476 481 490 498 505 504 508 512 513 514 521 528 529 537 542 546 552 559 563 565 568 573 581 590 595 603 607 606 613 615 616 615 623 629 626 628 636 640 639
 33 286 280 283 292 295 299 302 295 303 295 300 306 303 311 311 317 312 321 324 327 324 332 339 334 333 338 339 347 352 356 357 361 368 371 375 384 387 389 386 395 399 407 412 408 411 413 417 423 432 434 435 443 452 449 453 456 458 464 467 469 471 473 482 490 499 506 505 508 514 523 529 537 530 539 539 540 545 554 556 557 565 570 576 585 591 599 608 612 620 616 621 624 628 632 628 636 633 633 636
 41 280 279 281 285 286 291 294 293 301 293 293 302 302 305 310 309 311 319 315 320 322 330 332 336 330 334 341 350 359 355 355 359 363 370 379 376 381 388 395 401 398 401 403 406 415 419 426 429 431 430 433 438 445 452 458 465 466 472 476 472 478 476 485 494 500 502 504 511 513 521 530 532 532 535 537 540 544 545 548 555 563 569 574 579 588 596 599 603 611 608 617 620 624 631 633 636 632 624 632
 42 272 276 273 278 281 290 288 287 296 289 290 295 301 307 316 308 304 313 314 322 318 327 334 327 329 333 342 349 353 346 354 359 362 368 376 369 375 383 392 394 394 402 404 408 410 419 428 426 428 427 436 438 445 453 461 465 467 471 472 472 481 482 487 487 495 499 505 505 513 514 521 526 534 540 537 538 547 554 552 561 562 571 575 580 584 590 598 600 602 602 610 619 615 623 625 627 630 623 629
 51 267 274 266 274 276 282 282 284 290 288 294 295 293 299 308 308 299 304 306 313 317 323 326 325 334 334 338 340 347 345 350 352 359 360 367 367 371 378 387 391 393 400 408 415 412 415 419 421 421 426 434 435 440 445 454 457 459 462 463 466 473 479 480 481 487 493 496 502 505 513 515 521 530 531 535 541 550 556 557 565 570 562 566 575 581 587 591 592 600 601 602 611 614 615 617 620 621 622 630
 56 262 271 265 273 281 274 281 282 283 281 285 286 289 290 299 302 297 306 307 316 312 319 327 323 332 337 340 349 344 343 349 348 357 365 369 365 368 375 379 382 384 392 399 407 406 406 410 412 420 428 436 436 445 446 454 456 463 464 470 475 480 484 485 484 491 497 492 495 500 504 513 519 528 526 534 543 547 548 557 561 561 560 563 571 576 584 583 583 592 593 601 602 606 615 616 624 630 630 633
 58 259 262 264 266 272 266 275 282 278 279 286 291 285 291 292 293 294 303 306 307 311 313 320 322 323 331 340 349 346 339 341 347 350 357 366 364 366 375 377 380 382 386 393 401 398 399 402 411 416 420 429 436 440 445 448 451 455 459 468 477 482 484 493 488 493 492 487 495 504 510 504 513 520 521 527 534 539 548 552 561 556 558 561 564 571 579 578 581 586 590 597 603 609 616 624 619 628 636 642
 66 255 257 262 260 263 261 269 273 277 285 283 283 276 285 292 297 303 307 308 316 314 319 320 329 332 338 332 341 337 338 346 355 358 353 357 363 369 372 376 385 389 394 394 395 397 406 411 410 416 425 431 432 433 442 442 443 448 455 463 469 477 482 490 481 485 484 486 487 496 501 502 511 519 528 532 533 540 545 544 553 554 560 567 573 569 571 575 576 577 584 591 594 603 607 616 618 627 630 637
 73 254 248 254 251 255 257 266 265 273 276 281 276 272 279 287 288 294 299 300 308 317 314 315 322 331 332 330 334 336 343 352 360 353 352 358 360 361 370 374 380 389 394 388 397 392 400 405 409 412 416 424 431 440 439 436 445 452 459 460 460 468 474 483 475 476 483 485 488 497 500 505 512 514 522 524 527 534 537 543 549 556 557 565 565 567 576 574 575 583 586 594 595 597 606 611 620 629 627 632
 74 246 247 245 248 250 254 260 264 264 267 275 272 268 270 279 283 291 294 299 307 311 313 314 315 324 323 329 334 337 344 353 356 355 351 358 352 358 366 365 374 383 385 385 394 385 394 401 403 408 415 423 432 432 431 432 441 446 451 452 459 468 466 474 474 475 476 483 488 496 503 510 512 513 514 515 523 529 530 539 547 547 551 556 557 564 570 573 575 581 583 585 593 602 606 610 612 621 622 623
 83 241 238 244 245 250 252 259 261 263 261 268 275 267 271 280 289 287 295 294 299 303 310 305 312 315 319 326 330 338 347 355 348 352 350 349 349 355 360 364 370 379 388 383 386 383 386 392 399 401 406 415 424 433 430 435 442 445 450 453 458 466 464 465 473 478 484 492 489 498 506 507 510 519 521 520 529 530 538 542 550 542 543 551 560 567 568 575 581 586 590 587 595 600 605 608 611 618 621 629
 89 239 231 240 246 241 250 255 263 263 255 260 268 264 271 274 280 284 286 288 294 296 301 302 305 310 313 317 325 333 339 348 339 345 341 342 346 350 355 361 368 374 381 380 378 380 386 395 403 407 408 417 415 424 425 429 435 440 448 454 458 461 458 467 468 477 485 491 497 498 506 511 516 520 522 521 530 536 534 540 543 541 549 556 561 570 569 577 578 584 588 591 600 609 612 608 609 617 618 627
 93 233 229 235 242 239 245 252 255 254 253 259 262 263 272 272 276 281 290 291 293 291 292 296 297 306 307 308 316 324 333 341 332 336 337 345 354 356 358 364 365 370 377 385 377 384 389 398 407 412 409 409 411 415 424 429 436 434 442 448 452 457 456 463 472 473 480 489 491 499 499 508 507 512 513 522 521 527 526 531 534 537 544 553 556 563 572 581 579 586 585 592 593 600 607 607 616 620 626 631
 94 233 226 233 235 234 241 248 251 245 246 255 264 263 268 268 275 281 281 290 292 287 290 299 302 307 315 311 317 324 332 335 331 333 341 339 346 353 362 359 367 363 371 376 375 378 387 396 398 405 410 405 412 413 420 429 430 431 439 441 448 450 454 462 464 473 477 480 489 497 497 506 506 514 516 514 512 519 522 527 536 545 549 553 561 570 572 581 578 582 584 590 597 597 598 599 607 612 617 622
100 230 225 226 231 232 241 242 247 243 237 246 255 260 266 264 266 274 273 282 283 286 295 301 301 306 314 319 324 328 330 332 325 326 333 334 337 346 354 358 360 357 362 369 372 381 387 388 389 398 401 403 412 415 416 422 429 430 437 443 443 452 458 464 469 473 481 487 494 494 494 500 504 512 508 505 511 513 518 527 535 542 549 551 556 565 572 579 572 573 580 582 589 596 601 602 604 611 620 628
109 221 218 224 224 233 238 233 240 242 236 238 246 253 257 260 263 266 268 275 284 287 293 298 300 305 308 314 317 319 321 323 324 332 331 336 330 339 345 350 351 354 355 364 365 374 380 387 391 397 394 402 408 414 420 429 425 434 435 436 441 450 452 459 465 467 476 478 485 485 486 491 495 504 510 502 511 520 526 529 533 539 548 557 552 561 563 570 571 576 579 587 580 588 593 594 599 605 611 620
118 212 211 218 220 226 231 232 232 233 235 240 248 249 254 263 264 271 277 283 284 287 291 300 303 303 306 307 308 310 318 318 325 323 325 328 328 330 339 346 354 356 359 363 366 372 380 381 390 390 393 398 406 415 415 421 420 425 426 427 434 443 443 452 458 460 469 475 476 483 484 492 500 508 506 500 505 511 518 520 529 535 539 548 551 555 560 561 563 572 578 578 579 582 591 590 595 602 604 612
122 203 208 211 214 221 225 233 228 235 241 246 248 257 257 259 263 264 268 275 277 286 290 293 300 302 300 306 315 313 313 315 316 316 319 324 326 334 343 351 353 357 360 369 363 369 376 378 387 385 387 390 399 406 411 412 418 422 429 436 436 437 442 449 458 467 468 467 476 477 477 486 493 502 500 497 506 512 514 522 523 532 539 541 542 551 557 561 563 572 573 577 585 582 586 587 596 604 608 613
127 200 204 210 210 215 217 224 226 233 234 242 245 254 255 255 261 255 260 268 277 286 295 287 291 296 299 297 306 305 312 309 314 311 320 324 333 339 338 342 344 350 351 360 361 363 367 375 384 383 388 389 393 402 411 417 418 427 430 436 445 445 443 451 460 461 462 466 473 474 475 477 486 494 495 496 497 505 513 515 520 529 530 539 543 549 558 553 557 565 572 580 585 578 587 581 589 595 604 605
132 195 198 207 202 207 216 225 230 231 237 241 249 252 256 249 254 252 258 267 273 281 288 279 286 290 290 295 302 302 303 303 311 310 312 321 329 335 332 336 343 349 354 358 362 367 368 369 377 379 387 394 398 406 413 422 424 431 438 432 436 445 451 452 461 464 467 475 482 478 477 486 494 496 501 503 504 508 514 515 521 530 539 541 543 541 550 550 553 561 563 572 576 577 578 579 588 591 600 604
133 194 192 199 199 207 216 219 228 226 232 233 240 243 251 248 247 250 254 263 271 275 279 277 280 281 288 288 293 299 296 301 308 303 312 318 324 326 327 328 337 340 347 350 355 362 370 370 371 379 388 397 400 403 412 415 424 432 437 429 432 440 442 446 455 457 460 468 476 477 484 491 500 504 509 502 511 510 515 523 530 533 536 532 534 537 543 544 553 561 570 577 575 578 582 588 589 593 595 600
141 196 189 195 193 202 211 212 219 224 233 235 240 244 243 252 246 254 257 261 262 267 273 269 271 277 279 287 288 290 292 293 301 302 308 317 326 335 336 335 344 348 348 357 364 363 372 373 373 382 389 393 396 404 409 417 423 429 428 427 435 438 446 453 449 448 457 463 471 478 479 488 496 500 500 494 502 511 516 521 524 529 536 529 533 535 544 553 554 556 565 573 572 574 582 585 594 596 604 603
142 195 187 186 188 197 204 205 212 216 225 232 232 239 241 245 245 245 254 257 263 258 266 267 265 274 280 289 297 297 301 300 309 311 314 323 328 337 337 338 347 353 355 359 365 370 374 375 382 389 397 401 397 398 404 409 415 422 427 423 432 434 443 444 445 446 453 460 462 469 478 481 490 492 492 493 500 508 512 513 517 521 528 526 535 541 542 549 549 551 559 567 568 572 579 586 595 596 605 606
151 187 188 179 183 191 198 194 203 212 220 222 223 228 236 237 239 240 243 248 252 254 255 261 262 272 278 282 291 294 303 301 306 307 315 324 333 339 339 339 348 356 360 366 372 379 380 382 391 392 401 408 404 400 401 408 413 414 418 419 428 437 439 448 447 449 451 460 461 468 469 478 483 486 487 494 501 502 504 505 511 512 519 525 532 541 544 545 546 554 560 563 565 573 580 588 597 605 607 607
155 164 173 174 175 184 187 193 200 208 216 224 231 233 242 246 246 242 251 249 257 261 263 263 264 265 275 284 287 294 303 303 309 316 321 325 328 335 342 341 347 351 357 365 373 382 384 391 399 401 395 404 407 401 408 417 414 422 427 428 431 439 448 456 449 452 459 465 470 476 473 475 484 490 493 499 506 510 510 511 518 517 526 527 531 536 538 547 545 553 561 564 573 581 589 594 596 596 602 598
162 169 174 175 181 190 196 199 207 210 219 228 229 238 234 243 247 243 252 258 264 262 265 269 272 270 278 284 290 293 295 296 302 311 320 320 329 335 342 347 352 358 361 368 374 375 383 390 390 393 394 401 402 403 412 421 419 426 435 436 438 445 449 454 458 459 467 470 477 479 472 479 485 486 488 497 505 506 513 514 511 518 524 519 525 527 534 539 541 546 552 558 567 575 584 591 594 592 597 594
171 176 181 177 184 185 194 203 211 218 219 222 231 232 233 241 250 246 255 264 261 264 265 274 281 272 279 280 287 291 297 297 304 312 314 319 321 329 336 343 346 350 355 360 365 373 374 382 388 397 396 405 410 412 420 426 424 426 431 440 441 441 447 451 460 465 467 467 468 470 471 476 477 486 487 493 502 511 512 512 509 517 515 518 523 527 528 537 545 552 558 560 565 569 576 583 585 589 594 592
176 182 190 186 190 193 201 210 215 218 226 231 236 241 235 240 248 247 256 258 260 267 272 281 281 275 280 284 290 296 297 305 305 310 319 328 330 330 338 344 349 354 363 366 366 375 383 387 393 395 402 409 406 412 421 425 428 435 439 436 432 440 444 447 453 457 459 466 467 464 466 471 480 483 486 489 498 507 513 507 507 515 514 522 525 527 536 542 543 552 561 566 571 577 574 575 580 581 589 591
180 189 198 192 191 192 197 205 214 216 221 229 231 238 236 245 251 256 264 259 262 268 274 279 283 278 286 290 295 304 304 311 307 308 311 321 330 339 341 342 348 349 358 363 363 370 378 387 385 393 395 403 404 412 416 417 426 427 434 435 428 437 444 445 454 455 459 458 458 456 457 466 473 475 478 487 492 499 505 498 499 506 511 517 521 522 528 537 545 550 554 559 562 571 567 575 580 589 592 584
184 191 194 200 199 201 202 210 218 223 222 229 231 239 239 243 252 261 263 262 268 277 279 288 286 287 288 289 294 303 305 309 316 317 312 320 325 333 334 338 340 348 356 357 358 365 370 379 382 391 397 397 405 407 409 410 417 421 425 426 427 428 437 440 445 450 454 452 453 455 457 461 466 467 476 484 485 494 499 497 502 500 503 512 516 524 527 536 544 541 550 551 557 563 559 566 573 580 589 582
193 199 203 201 205 207 210 219 219 225 228 229 231 239 242 249 253 262 261 266 270 274 282 291 295 296 294 290 299 300 308 310 319 319 314 322 327 336 340 347 349 355 362 359 367 366 371 372 381 383 388 393 402 411 415 417 424 428 425 430 436 437 439 446 446 448 450 451 460 464 464 467 468 475 476 485 494 492 492 493 494 499 508 504 513 517 525 530 539 540 546 552 548 555 556 565 566 571 580 581
201 200 206 209 214 209 218 222 223 225 226 235 238 243 246 249 251 259 260 265 267 276 276 283 286 292 301 293 296 299 307 312 317 324 321 331 331 338 346 355 351 360 364 356 361 367 367 369 377 381 390 395 403 406 407 413 417 420 422 426 433 439 448 448 455 455 452 453 454 456 457 460 468 470 475 483 485 483 491 498 495 496 502 503 511 515 519 524 533 540 537 543 544 553 561 565 573 579 586 590
206 207 212 218 222 218 225 225 224 231 227 236 240 245 250 256 256 258 265 271 268 271 273 282 284 291 298 295 298 306 313 321 326 326 324 331 337 342 349 357 349 353 359 353 354 362 366 374 376 384 387 388 397 405 413 414 422 419 424 429 433 442 450 450 458 455 454 455 463 458 466 461 468 474 474 481 476 477 484 492 496 503 505 506 515 519 526 529 537 532 534 540 544 553 558 559 567 576 585 589
214 210 213 215 224 224 233 234 227 233 232 234 243 247 250 252 254 262 270 279 274 278 279 284 293 292 293 302 304 312 319 320 327 331 326 327 328 338 343 349 348 350 352 351 358 359 367 373 380 387 391 389 395 404 412 413 417 418 424 433 441 447 447 453 456 455 460 463 471 467 467 462 463 465 472 473 475 480 489 494 501 504 505 509 512 514 518 527 530 531 540 547 545 554 561 561 563 572 577 580
219 217 216 217 225 233 235 240 236 240 237 243 252 255 258 253 257 264 272 281 275 281 283 290 295 293 299 307 305 310 312 320 327 336 328 329 329 335 338 339 341 344 346 350 352 361 366 374 376 385 394 393 394 395 404 407 408 417 419 428 432 441 438 446 454 452 453 462 464 472 475 467 472 473 480 477 484 489 490 494 500 501 508 514 519 523 524 533 533 538 547 551 550 558 559 567 564 568 577 586
224 218 224 220 227 234 235 244 242 243 245 244 252 257 259 261 264 266 275 276 279 285 290 291 299 296 301 307 310 319 319 322 328 332 335 334 338 344 339 340 348 346 353 358 361 369 375 369 377 380 386 384 385 388 397 399 408 412 413 420 429 434 433 442 445 446 447 454 457 466 474 476 472 474 476 484 491 496 496 501 501 504 512 514 518 527 533 540 539 547 550 559 556 562 568 576 572 570 572 579
226 219 220 227 231 236 244 249 249 252 252 246 252 258 261 270 265 266 274 281 281 289 296 299 302 301 303 309 315 324 328 331 333 340 344 343 341 345 344 344 352 347 349 350 353 361 370 364 371 374 377 380 383 391 398 402 411 415 421 421 423 428 431 440 441 447 456 463 458 460 468 469 470 479 478 483 490 496 502 510 506 513 517 523 524 533 541 545 546 552 559 568 565 571 576 579 575 571 572 581
235 226 229 236 233 242 250 254 250 258 254 249 258 259 260 264 265 267 269 277 283 291 295 298 301 304 305 314 318 324 332 333 342 347 350 344 346 346 350 353 359 353 356 352 356 358 360 361 362 367 370 379 383 388 389 396 402 411 417 426 427 435 432 440 446 449 458 461 460 468 465 460 463 472 475 483 484 488 497 504 508 515 520 525 526 535 543 546 553 553 560 561 568 576 582 584 583 580 579 588
244 235 230 231 233 238 242 248 249 257 260 251 257 265 265 266 268 273 278 284 292 295 296 297 306 310 310 315 322 323 325 327 335 342 348 353 347 347 356 356 365 362 357 361 364 359 368 369 370 368 369 371 379 388 389 398 407 410 416 423 426 434 435 436 445 445 452 454 461 468 460 459 467 476 479 487 490 496 501 510 509 514 521 528 534 531 540 544 550 555 564 565 574 583 591 593 586 589 581 585
238 233 232 238 240 239 247 255 256 264 265 257 260 264 272 271 276 281 285 293 299 304 304 299 308 310 316 323 331 324 325 327 336 337 341 347 342 351 359 358 365 360 358 365 363 362 369 370 379 373 374 373 375 384 391 399 401 402 408 417 419 427 434 437 446 443 451 459 454 459 456 458 467 473 480 485 494 502 509 506 506 507 515 519 528 529 538 547 555 564 573 569 578 587 592 600 595 593 589 586
239 240 241 244 244 244 251 259 264 273 269 263 268 267 276 275 278 282 288 290 297 304 305 305 313 319 317 321 329 325 331 328 329 334 338 339 341 348 352 361 369 366 367 374 371 371 371 379 380 381 375 379 376 384 388 396 400 401 407 413 420 424 427 428 437 440 449 450 452 454 455 463 466 473 482 483 492 499 500 501 504 508 517 522 524 533 542 543 549 557 564 573 579 582 589 593 592 592 594 592
244 245 248 253 253 253 260 262 269 277 272 264 270 272 277 284 283 290 297 295 304 309 309 314 316 322 321 325 331 334 337 335 338 340 340 346 347 351 354 355 360 362 365 371 380 380 380 388 389 381 376 384 383 384 386 388 396 405 413 421 421 425 430 434 440 449 456 454 460 462 464 471 474 482 491 489 498 505 506 509 513 509 518 519 528 533 542 551 555 563 572 568 576 581 588 589 590 591 599 597
253 254 249 258 262 262 266 263 272 268 267 266 275 274 281 281 282 287 296 304 313 313 316 322 325 324 326 334 339 341 341 339 342 348 348 353 351 358 363 364 368 364 366 374 383 385 382 391 387 386 385 388 388 389 391 395 402 410 414 418 427 434 431 437 446 450 453 460 467 463 471 473 478 480 488 497 506 509 515 516 512 511 519 528 537 537 546 555 563 568 563 565 571 572 579 587 596 600 607 599
258 256 257 266 263 271 272 266 267 271 276 270 272 274 279 280 288 296 303 307 308 309 315 321 326 332 329 338 347 345 342 348 350 349 349 358 357 366 367 368 373 366 374 383 384 392 384 393 394 389 386 395 395 398 400 402 411 419 423 423 429 434 433 440 445 451 459 464 462 463 466 469 478 485 494 501 502 511 519 520 514 517 518 523 529 532 541 550 554 560 561 570 579 579 585 592 593 601 600 607
259 263 265 273 266 270 271 273 269 270 271 276 281 278 281 285 291 298 307 309 314 312 321 328 330 333 332 334 342 350 351 354 358 356 352 360 366 373 371 369 378 375 381 382 383 388 393 402 395 395 395 404 402 402 402 407 409 416 422 423 432 440 440 444 452 453 459 460 461 466 475 477 486 489 494 495 504 509 515 516 521 518 526 531 538 541 542 547 550 555 564 573 574 581 589 596 594 602 598 607
260 269 266 272 273 271 279 282 278 278 278 279 288 287 288 293 300 303 308 314 316 320 325 334 331 339 337 338 347 354 356 362 363 364 359 368 371 378 373 377 381 377 378 386 390 396 396 397 396 404 401 404 405 403 404 409 418 420 425 432 441 444 449 453 456 461 468 467 469 474 476 485 486 490 491 499 505 512 520 525 523 524 530 535 539 548 550 548 553 558 563 568 569 578 584 591 597 600 594 603
267 276 271 275 282 274 276 284 281 284 279 282 291 296 294 300 306 304 306 307 316 322 324 331 336 343 346 342 346 347 350 353 354 355 364 365 374 382 374 376 378 386 387 389 392 399 405 398 403 412 408 412 411 405 413 416 424 429 432 439 444 450 450 454 459 467 476 475 470 476 484 486 494 497 499 506 507 509 517 518 519 526 534 542 543 544 546 551 552 558 566 572 578 587 584 585 588 591 592 597
274 275 280 284 288 283 279 288 286 286 283 289 293 301 297 303 307 305 309 312 321 327 328 336 338 347 354 351 351 350 356 361 359 364 368 366 374 380 383 378 380 381 383 392 393 402 406 399 400 405 413 421 416 406 415 424 433 436 439 440 441 448 452 452 453 458 467 468 473 476 485 493 499 502 505 507 511 513 521 523 524 525 527 535 536 544 547 550 559 564 565 572 577 580 583 582 589 598 597 600
283 284 289 288 289 292 287 296 287 290 292 290 299 302 304 312 316 314 317 319 325 328 334 342 339 342 350 357 358 356 362 363 364 372 371 375 377 380 386 386 388 386 391 392 400 408 414 408 408 413 421 419 412 410 417 422 426 427 436 443 442 443 451 450 458 467 474 476 482 477 480 486 494 499 504 509 510 519 528 527 532 527 536 543 542 549 550 552 553 555 556 565 568 571 578 579 588 597 604 609
292 293 298 297 297 294 290 295 294 299 301 298 307 303 307 316 318 323 320 320 323 324 331 340 348 350 355 358 366 359 367 369 366 374 380 376 383 381 386 394 389 390 395 401 408 416 415 414 417 417 419 428 420 418 423 430 434 436 445 444 443 444 446 448 456 459 467 471 478 485 485 492 497 504 513 518 513 522 524 525 533 528 530 534 539 548 550 556 554 563 564 572 577 580 587 584 590 591 600 607
294 302 303 300 304 295 291 297 303 300 300 299 301 307 308 317 326 330 329 329 329 331 335 339 345 346 355 361 367 366 373 371 371 373 374 382 388 389 392 401 398 399 404 405 413 417 420 422 425 420 422 426 429 422 429 436 439 445 447 445 445 453 455 452 453 462 468 470 479 483 486 488 495 502 505 514 518 524 530 533 536 536 539 537 538 542 548 555 559 563 567 569 572 573 582 591 599 595 599 603
302 310 307 304 301 297 298 305 304 308 308 301 303 308 312 317 326 331 334 338 331 339 337 344 353 348 357 363 365 369 374 380 378 382 375 379 380 386 395 403 403 400 408 412 413 414 421 422 425 423 431 434 430 425 427 433 434 443 448 454 454 454 456 457 460 467 471 476 477 486 494 497 502 505 508 509 514 523 532 533 542 537 540 538 546 551 556 562 568 568 576 572 576 582 587 588 593 602 601 610
303 306 315 313 306 302 307 307 311 310 311 302 303 306 313 316 325 332 334 338 337 346 341 350 357 357 366 368 374 373 382 387 382 382 381 388 389 395 399 401 407 405 414 414 422 423 430 431 430 427 435 440 439 434 435 442 441 447 448 457 463 462 458 460 469 468 470 476 483 492 493 498 507 506 507 508 517 526 535 541 542 544 544 545 548 557 559 560 568 577 585 581 580 583 585 587 595 597 606 615
306 315 324 321 313 310 310 315 314 318 315 306 304 311 317 321 322 327 334 340 345 349 348 355 360 360 368 369 377 376 380 389 391 387 388 391 390 393 400 399 401 405 406 415 418 424 426 428 437 428 431 439 446 439 437 443 444 448 457 459 463 470 466 469 471 477 479 478 481 489 498 504 505 508 508 517 526 528 529 535 543 551 545 551 555 563 568 567 572 580 585 585 587 585 587 592 600 606 615 624
315 322 330 325 320 319 313 321 318 322 315 314 305 310 318 327 331 335 334 340 343 349 357 362 367 365 373 377 386 382 389 398 396 388 389 393 392 393 397 398 399 408 408 409 410 419 427 435 438 437 435 443 452 446 444 451 453 453 460 465 465 468 472 478 480 485 487 480 488 495 496 504 512 514 509 511 517 524 532 541 549 548 552 556 564 570 575 576 581 584 591 590 591 591 596 600 608 613 620 623
322 331 338 333 325 317 314 315 324 326 322 313 306 310 315 322 328 331 332 340 346 352 361 369 364 373 376 381 384 390 396 405 396 391 396 394 394 400 405 402 404 410 415 418 417 419 425 430 439 442 436 444 447 454 446 453 460 457 462 466 470 471 476 482 484 485 487 482 488 497 502 511 513 522 517 520 525 528 536 540 541 545 551 553 560 569 575 578 579 587 596 597 598 595 600 602 610 617 626 631
327 336 342 338 332 323 317 324 332 328 326 319 315 315 317 322 325 334 341 343 344 353 354 361 362 371 372 373 375 384 391 399 398 395 402 402 401 407 409 408 412 416 423 426 421 422 427 436 445 451 445 449 449 450 450 458 461 466 463 468 469 471 479 486 485 487 485 483 491 492 501 510 518 522 524 526 528 536 537 539 540 542 549 558 560 564 571 579 582 583 591 596 600 603 601 609 617 625 632 638
333 340 345 336 335 328 320 321 323 332 324 317 316 320 321 329 330 337 339 348 353 362 355 360 369 372 380 374 381 382 391 397 405 404 408 409 409 413 417 416 417 417 419 424 430 423 429 437 446 454 454 452 455 459 459 459 466 469 464 465 467 475 476 479 485 490 487 492 500 501 509 512 513 518 527 535 532 534 536 545 546 543 552 556 559 564 573 579 585 584 589 595 602 599 603 612 612 618 627 632
336 344 337 336 334 332 326 329 331 327 322 320 317 322 324 330 338 344 341 344 352 360 356 360 362 371 379 380 382 390 399 406 408 411 416 413 415 422 419 421 423 424 420 425 434 431 437 444 446 451 458 454 462 464 461 468 472 471 471 468 471 473 477 480 487 489 492 493 501 507 512 516 517 526 527 536 536 535 542 544 553 547 548 550 559 563 572 581 582 583 586 595 594 597 603 607 611 620 628 635
340 348 344 345 341 336 327 336 340 333 325 326 325 326 332 335 338 346 347 350 359 360 362 369 370 373 382 389 390 394 396 405 407 415 424 417 422 429 420 428 428 426 427 433 434 439 444 450 449 450 459 459 468 471 462 464 465 468 474 477 472 481 484 487 495 490 498 502 508 516 513 515 522 525 534 543 544 536 539 545 553 554 556 559 567 564 571 579 588 588 586 588 591 596 604 608 617 620 625 634
346 355 353 353 347 343 336 344 335 328 327 329 329 335 333 342 342 351 356 357 363 367 366 370 371 379 383 385 386 387 396 397 400 409 417 418 423 426 429 434 429 427 436 441 443 448 451 459 450 454 463 468 475 466 463 472 472 469 478 478 474 483 492 491 500 499 504 503 505 514 520 519 520 523 529 538 540 544 546 549 551 558 564 568 576 569 570 574 582 584 585 594 600 597 604 608 610 617 618 626
347 356 360 354 354 345 342 340 333 331 331 331 337 340 340 342 344 352 353 357 366 372 371 378 380 388 387 387 388 394 400 406 408 417 421 426 431 435 430 438 437 431 440 446 444 453 459 466 457 462 471 471 472 468 470 471 479 477 483 486 480 485 495 498 500 504 506 511 510 512 520 521 523 532 531 533 542 551 553 558 552 560 561 564 573 573 573 582 589 587 589 595 601 598 607 615 618 620 627 628
355 364 363 362 353 352 349 342 334 338 334 335 341 341 349 343 345 349 351 359 366 375 378 379 380 384 391 395 396 403 409 407 414 418 426 432 439 439 432 435 444 437 438 446 447 452 458 465 462 465 472 477 472 469 478 478 485 486 492 487 488 487 488 491 499 503 512 512 511 520 529 522 528 535 535 539 548 550 554 557 560 561 569 568 572 577 578 581 588 596 593 597 598 606 608 614 615 624 626 635
364 373 364 361 357 351 350 345 338 347 339 338 347 348 356 351 352 357 359 368 374 378 379 382 381 389 398 403 404 412 412 416 418 427 430 431 435 436 438 436 439 441 446 449 453 461 459 461 469 467 468 471 472 475 482 479 480 482 483 492 497 494 494 496 506 512 514 513 517 519 526 527 531 532 534 543 552 555 562 565 562 562 568 576 574 575 584 582 591 597 602 600 606 611 617 615 617 618 625 632
373 373 371 362 360 360 357 348 342 345 342 347 352 349 355 360 361 366 361 362 370 379 388 391 389 397 406 411 413 418 421 420 423 424 429 433 434 438 439 437 446 444 446 455 454 462 463 465 471 471 477 474 475 478 486 488 488 490 484 485 489 498 500 497 498 503 510 514 521 528 535 529 537 540 537 540 544 546 554 558 562 567 571 576 576 584 590 591 595 602 603 608 607 614 615 618 618 623 630 637
382 376 378 369 362 363 360 355 346 350 346 351 360 357 362 364 364 372 363 367 376 377 385 386 390 391 400 409 415 420 425 424 426 432 438 439 439 447 443 440 444 452 453 462 458 459 468 469 470 479 477 476 484 479 487 493 494 498 490 486 492 493 497 506 503 512 518 516 526 530 536 530 538 544 544 541 546 554 561 567 571 571 577 583 585 586 591 596 602 609 604 610 616 622 620 619 619 625 627 633
386 385 384 378 371 370 362 355 351 352 351 352 361 366 371 367 372 369 365 373 382 381 387 392 397 399 407 410 419 420 428 425 431 439 446 441 446 453 450 448 449 457 459 463 460 468 475 474 479 484 486 484 484 481 487 496 503 500 493 493 501 501 502 505 509 512 519 517 523 528 535 539 539 544 553 550 547 551 552 558 563 571 575 584 593 594 600 597 605 612 613 614 617 625 628 628 626 634 633 634
394 394 393 384 380 379 371 364 355 353 360 353 355 364 369 375 381 378 373 375 376 385 388 397 398 407 411 411 416 425 434 433 436 440 449 447 448 456 457 454 455 464 467 471 468 477 477 475 481 490 490 493 486 482 491 497 499 497 495 496 504 509 510 512 517 519 525 526 525 534 539 545 548 553 554 559 552 559 559 561 568 573 581 589 595 602 609 603 604 612 616 622 623 631 635 637 634 643 642 638
397 389 388 384 381 384 375 366 361 362 357 356 359 360 365 366 375 377 379 383 385 387 391 399 401 410 412 417 424 433 435 438 438 439 447 455 457 458 460 463 458 459 468 475 477 479 485 476 477 484 493 499 495 489 498 506 504 502 496 502 509 515 518 519 526 521 530 531 526 534 542 551 556 561 562 568 559 568 560 563 571 578 583 584 592 601 602 604 613 618 624 631 630 631 638 645 636 641 650 642
405 396 395 387 379 378 376 368 365 361 360 365 360 369 367 375 382 380 387 389 394 388 397 405 408 415 419 425 432 440 444 444 447 441 444 448 454 456 464 461 459 460 465 466 474 482 488 485 484 488 496 497 504 498 507 512 509 511 504 510 518 521 525 527 534 528 537 536 533 541 549 551 551 560 566 570 562 565 566 572 575 576 583 589 590 592 599 607 615 623 631 633 638 632 639 640 645 649 650 651
412 403 395 395 387 384 375 368 367 363 365 374 369 376 369 370 373 380 381 384 387 395 399 406 408 412 421 427 436 445 449 453 445 443 444 451 460 461 468 465 465 461 464 468 471 478 486 490 486 495 496 500 501 499 507 515 513 517 508 509 517 522 526 528 537 533 537 537 535 544 552 549 550 552 560 561 565 574 574 574 575 578 586 592 594 595 604 612 613 620 628 636 636 634 640 648 646 655 659 657
405 402 393 393 384 375 374 373 373 369 367 375 377 374 372 375 380 386 390 386 390 392 401 404 410 418 419 426 433 442 447 450 453 444 445 447 453 462 469 474 474 470 473 470 478 486 491 493 493 494 503 508 510 506 515 518 518 522 517 512 519 526 529 533 541 542 545 541 538 540 542 546 549 550 559 563 573 576 579 578 576 581 590 597 603 600 609 616 622 628 633 639 639 643 648 649 652 657 662 665
397 393 390 388 387 379 381 374 374 375 376 383 378 379 376 383 387 395 397 388 389 392 400 401 402 409 412 421 425 434 443 444 445 447 454 456 462 469 476 483 480 479 481 479 487 495 500 495 499 497 498 507 508 509 518 522 523 527 524 520 527 535 537 542 550 549 545 543 540 546 550 554 558 559 565 567 577 584 586 586 585 585 590 598 606 609 617 619 626 631 640 648 648 649 657 655 655 656 660 668
406 399 399 396 389 387 379 375 381 379 380 382 387 387 384 391 388 389 398 397 393 400 405 410 403 412 420 425 432 438 439 446 452 454 452 460 469 468 472 479 483 488 489 486 493 494 499 496 503 506 505 509 510 518 519 521 529 536 533 527 535 541 546 551 551 556 551 551 543 552 558 555 561 568 572 569 579 587 594 589 588 594 593 601 609 618 621 622 624 627 634 643 640 641 648 657 659 660 667 673
410 402 402 398 389 385 384 384 389 380 385 389 392 393 388 397 389 398 404 406 401 402 407 414 411 414 421 427 434 439 442 440 443 448 450 454 463 465 471 472 480 489 492 487 492 500 501 505 512 515 507 516 512 517 523 528 534 542 539 534 543 543 548 551 558 564 557 554 546 555 563 557 560 567 571 573 577 582 590 590 592 593 596 605 610 617 622 629 633 633 626 635 639 641 650 659 668 667 670 679
413 406 403 406 398 394 393 393 390 389 392 396 400 394 397 393 390 398 406 407 409 404 413 416 414 419 420 425 429 430 434 438 446 455 453 454 461 465 470 471 480 489 495 489 492 501 507 508 511 520 516 525 521 518 526 533 534 535 537 538 542 549 556 552 561 563 557 553 549 553 561 565 561 567 575 580 578 580 581 584 586 595 602 606 607 614 613 621 628 629 624 633 636 645 651 655 664 668 669 678
420 414 411 413 404 399 402 400 399 392 393 402 407 400 406 400 399 400 405 412 418 413 422 417 419 427 429 428 437 439 439 447 450 458 462 460 469 474 477 480 483 484 493 492 499 507 515 511 519 526 523 530 523 527 529 534 538 538 545 546 545 551 560 561 565 570 564 559 550 559 561 566 563 572 579 586 580 582 589 591 589 594 595 602 604 608 612 614 619 620 621 630 635 638 645 654 659 660 668 670
428 423 420 422 413 406 404 401 402 393 402 405 413 405 412 403 408 402 411 413 422 414 416 423 422 431 432 429 431 435 444 453 455 459 468 467 474 481 481 487 492 493 500 497 504 509 513 515 519 528 525 530 525 534 530 539 546 540 547 555 550 558 564 570 566 570 563 562 554 563 570 574 567 574 578 578 587 590 597 592 594 599 601 610 611 610 614 615 623 623 624 633 635 644 653 657 662 668 674 671
436 430 424 415 414 413 411 402 404 396 405 411 417 414 414 405 411 405 412 417 425 423 425 432 429 435 441 438 434 443 446 448 457 458 467 475 482 488 487 488 490 498 505 500 504 511 513 519 528 535 526 535 534 543 535 543 548 549 552 561 556 563 569 576 575 576 570 563 562 569 577 575 569 570 571 576 585 593 600 595 598 602 605 613 618 611 618 624 630 626 632 633 641 649 650 659 668 669 674 677
433 426 417 416 421 421 412 403 411 403 410 414 420 417 423 414 414 411 418 419 422 423 429 435 431 432 436 444 436 445 447 456 462 463 472 480 481 490 496 494 499 507 512 509 506 508 514 523 529 535 527 528 530 538 536 538 544 545 553 559 560 554 563 570 575 568 577 569 571 578 586 577 574 577 575 579 587 591 598 601 607 610 613 618 615 613 615 620 622 629 632 638 645 648 655 664 673 676 683 686
433 424 423 424 428 419 414 405 412 412 418 423 424 419 426 421 423 420 419 420 423 424 432 441 439 434 443 441 438 439 442 449 458 464 469 478 481 485 492 499 500 508 512 509 507 512 515 524 526 528 535 537 531 540 543 539 542 545 549 551 552 553 557 566 572 567 575 576 578 587 591 584 583 581 578 581 589 597 603 610 613 619 620 627 623 618 622 629 629 635 635 636 645 652 661 669 676 677 686 693
439 430 432 429 429 420 420 414 413 421 419 422 429 420 429 430 431 429 428 429 424 432 438 447 440 435 443 445 447 441 450 458 465 465 469 475 476 483 486 491 498 507 515 512 515 520 524 532 527 535 536 541 539 547 549 547 547 549 557 556 556 554 562 563 564 566 571 577 578 584 593 592 591 590 586 589 592 596 605 609 610 614 620 629 624 619 622 629 632 637 641 643 644 653 661 663 669 676 679 684
436 433 435 436 430 429 422 415 419 421 424 424 427 428 435 433 437 434 429 429 427 428 430 439 448 444 448 453 449 450 458 462 471 474 476 477 482 487 488 492 501 508 512 515 524 528 527 536 534 540 545 550 542 548 554 555 548 556 564 558 565 563 567 570 571 568 569 575 584 587 591 594 597 591 588 592 593 595 600 602 611 619 626 627 626 626 625 626 630 635 637 646 651 655 656 664 666 675 683 687
445 437 442 445 439 438 431 424 425 426 432 432 428 431 440 434 439 436 434 437 428 437 438 447 455 451 449 458 451 457 466 471 480 483 481 485 487 492 497 493 498 504 505 514 519 526 530 539 537 538 541 546 550 549 551 557 557 563 572 563 570 571 574 576 580 576 578 584 592 595 596 601 601 596 590 599 595 602 601 610 616 620 623 632 632 634 629 634 631 639 646 655 654 655 664 670 668 673 675 678
446 445 451 446 447 443 434 430 426 431 435 433 431 432 440 442 446 438 437 445 436 437 438 447 453 452 456 465 456 465 466 475 483 492 488 486 495 498 497 496 497 503 512 519 528 535 535 543 545 539 540 549 555 558 558 564 564 564 572 571 576 574 576 585 584 577 583 586 587 588 589 595 603 597 598 602 604 604 610 612 618 623 627 628 630 638 638 638 632 636 638 647 648 657 663 664 668 669 678 686
452 450 458 453 445 442 436 434 433 432 440 441 438 438 445 451 451 447 439 448 442 446 447 448 452 456 460 461 458 467 471 480 485 494 493 487 493 500 506 503 503 509 517 524 528 537 541 543 552 543 549 551 558 563 562 565 569 566 570 573 578 582 582 585 588 579 588 594 596 592 594 596 601 604 601 610 612 613 613 613 615 624 633 629 636 643 644 640 636 642 644 645 647 648 654 662 663 668 676 680
461 459 459 451 447 438 437 442 441 437 438 439 444 443 449 458 455 446 445 454 449 455 456 453 461 459 460 461 461 469 474 483 489 490 499 492 499 508 505 504 512 510 515 524 533 539 548 551 560 551 557 560 566 572 571 571 578 575 576 574 579 586 591 591 590 581 583 587 592 597 602 599 603 604 604 611 620 614 618 614 618 619 626 634 642 648 652 643 641 645 652 651 656 650 657 663 668 667 668 671
468 459 451 450 441 440 445 446 442 445 443 441 450 444 452 453 462 455 450 453 450 454 463 457 465 460 468 469 469 470 472 480 483 489 498 501 508 512 514 507 511 519 523 532 541 548 555 558 555 553 555 564 567 575 572 579 585 584 581 582 588 590 596 592 594 590 584 591 595 599 600 608 611 611 613 618 627 622 619 618 626 621 624 626 634 643 643 652 647 652 658 660 661 652 653 654 659 665 673 672
465 458 451 450 442 446 454 450 451 449 452 450 455 447 454 454 459 462 453 457 452 461 470 464 473 467 476 471 473 477 478 486 485 491 500 504 513 513 518 512 518 526 529 537 546 551 560 567 562 558 562 571 575 580 579 582 588 592 584 583 592 599 601 601 597 589 587 595 602 605 608 614 619 620 621 623 627 623 628 623 631 622 625 626 634 636 639 647 655 653 658 659 658 655 659 657 667 667 671 679
470 464 455 451 451 449 451 451 460 451 457 459 457 448 457 463 462 461 454 461 460 463 470 469 474 473 480 475 476 481 483 492 494 500 501 510 513 522 523 519 527 531 536 538 545 546 555 564 569 566 563 572 580 581 584 589 594 601 592 586 592 601 610 610 601 594 593 601 605 614 616 621 628 621 629 626 627 626 633 624 633 630 634 635 643 640 648 656 662 661 659 667 663 662 667 663 666 668 677 684
470 462 456 459 457 456 453 456 459 452 456 465 460 457 466 464 464 470 463 466 466 472 479 473 480 474 483 480 485 483 485 492 499 504 506 509 518 525 525 528 533 538 539 539 545 549 556 565 569 572 564 572 581 590 588 591 596 603 601 595 601 608 613 612 610 602 602 607 613 622 617 626 631 627 634 632 633 627 636 629 638 638 643 644 649 641 650 658 667 670 667 673 664 667 670 670 673 669 670 674
472 465 465 466 465 462 462 463 454 453 461 464 467 458 463 468 472 471 470 468 468 470 476 481 480 479 480 489 493 490 494 493 501 509 515 511 520 521 529 526 535 539 548 544 549 558 562 564 572 576 571 580 585 586 595 600 597 598 604 600 607 616 622 615 609 606 608 615 622 625 623 632 636 628 635 640 632 630 633 630 637 640 649 653 656 649 656 660 669 676 675 677 669 675 675 674 679 671 678 680
475 469 470 474 466 470 469 467 460 458 465 465 474 467 472 477 481 477 475 474 476 472 480 488 489 480 488 489 497 495 502 499 506 512 519 512 519 524 532 525 526 535 544 553 558 555 555 560 566 567 568 572 576 578 587 596 605 607 609 609 608 617 622 623 617 609 617 624 626 627 631 634 642 636 641 645 640 631 639 639 641 649 655 659 659 651 660 669 673 681 684 681 676 682 681 683 687 680 684 681
478 478 472 475 471 478 470 468 467 467 467 474 476 469 478 485 490 485 476 475 478 475 483 485 494 487 488 496 499 504 511 508 508 517 524 516 518 520 523 524 526 530 538 546 552 553 554 556 565 573 574 581 584 587 590 598 605 614 617 610 616 625 626 628 623 617 626 632 633 628 633 640 643 641 644 644 643 639 647 648 650 650 658 659 660 652 659 666 674 675 682 689 682 683 690 692 691 687 692 690
