  0 274 268 273 276 272 281 283 286 294 293 289 287 295 299 299 293 294 298 297 300 309 317 317 326 328 328 333 336 337 341 338 339 348 349 355 355 362 363 364 372 375 384 385 391 391 395 397 405 409 412 414 423 432 432 440 440 448 451 456 465 457 459 467 476 474 478 486 487 493 502 511 518 520 527 529 532 530 535 530 535 543 547 555 557 566 574 583 580 586 592 593 594 600 608 614 615 611 617 626
  8 267 266 267 267 271 272 279 284 285 288 280 285 286 290 297 292 295 293 294 297 303 308 316 325 326 324 326 332 340 332 334 338 345 346 355 354 360 366 373 373 374 380 384 392 387 390 392 397 401 403 409 417 424 426 433 436 440 442 450 459 451 459 468 472 471 478 481 489 497 505 504 509 512 519 524 524 521 530 527 529 538 547 551 559 568 573 581 578 585 583 589 596 596 605 605 606 607 616 623
 16 259 257 266 264 273 265 271 276 278 280 278 276 279 284 291 284 287 288 295 304 310 317 315 319 321 320 326 329 333 327 331 339 346 355 360 353 358 358 366 373 379 371 376 383 381 389 395 403 401 405 414 418 420 425 433 436 435 442 449 457 449 457 460 464 469 476 478 484 490 499 501 509 509 510 518 519 520 521 525 528 537 546 547 554 563 564 573 569 576 581 586 587 595 596 599 606 607 608 614
 17 263 256 258 259 264 262 263 267 275 277 272 274 275 277 284 282 287 289 298 303 307 312 307 313 314 319 321 322 324 326 335 343 348 357 351 351 352 357 358 364 370 368 370 379 378 386 391 394 400 405 408 412 419 425 428 429 433 441 440 448 448 449 455 464 468 475 477 485 494 494 503 505 505 514 514 523 520 526 529 537 541 539 540 546 555 557 566 565 567 572 580 583 586 590 594 602 611 612 620
 26 263 255 252 258 259 261 268 273 272 268 269 277 279 277 275 279 288 293 297 305 300 303 303 306 310 310 312 314 317 322 331 338 339 348 345 344 353 358 350 359 361 362 369 370 377 386 391 399 405 412 405 407 416 418 425 434 435 435 437 443 442 450 459 461 465 472 477 481 489 486 494 496 504 506 507 516 517 519 520 529 537 538 541 547 549 557 558 559 563 570 572 574 583 589 597 601 610 618 627
 28 257 248 246 249 250 259 268 267 263 261 263 272 270 268 274 282 286 291 291 299 296 302 301 305 311 309 314 313 314 319 322 329 338 339 346 341 346 352 347 352 355 361 369 370 376 379 385 391 397 404 402 410 411 420 424 426 430 431 434 438 441 445 450 459 461 465 469 478 480 485 486 495 501 509 507 516 525 525 528 529 538 545 542 551 550 558 563 568 572 572 578 575 580 586 589 598 607 612 618
 29 249 240 240 245 249 258 264 259 261 252 259 264 261 262 268 275 280 282 289 291 287 294 298 296 303 307 309 310 317 325 319 326 333 340 337 339 340 343 344 351 352 360 364 368 376 378 381 388 390 399 400 404 409 411 417 419 424 433 436 437 440 445 454 462 469 468 472 476 477 478 485 492 493 501 506 510 516 523 527 529 532 537 545 554 559 567 571 570 577 579 580 579 587 593 590 592 600 607 610
 33 242 236 239 248 251 255 258 251 259 251 256 262 260 268 268 276 273 282 285 288 285 293 300 295 294 299 300 308 313 317 318 322 329 332 336 345 348 350 347 356 360 368 373 370 373 375 379 385 394 398 400 408 417 413 417 420 422 428 431 433 435 437 446 454 463 470 470 473 479 487 493 501 494 503 503 504 509 518 520 521 529 534 540 549 555 563 572 576 585 587 585 588 592 596 592 600 601 610 614
 41 236 235 237 241 242 247 250 249 257 249 249 258 259 262 267 268 272 280 276 281 283 291 293 297 291 295 302 311 320 316 316 320 324 331 340 339 344 351 356 363 362 365 367 370 379 381 388 391 394 397 400 405 412 419 423 429 430 436 440 436 442 440 449 458 464 467 469 476 478 486 495 501 496 499 501 504 508 509 512 519 527 533 538 543 552 560 563 567 576 582 591 591 600 604 600 609 609 602 610
 42 228 232 229 234 237 246 244 243 252 245 246 251 258 264 273 269 265 274 275 283 279 288 295 288 290 294 303 310 314 307 315 320 323 329 337 332 338 346 355 358 358 366 368 372 374 383 392 394 396 395 404 406 413 421 429 433 435 439 440 440 449 446 453 455 463 467 474 475 483 484 491 496 504 508 503 504 513 518 516 525 526 535 544 548 552 558 566 574 576 577 585 594 593 601 603 605 608 601 607
 51 223 230 222 230 232 238 238 240 246 244 250 251 250 256 265 269 260 265 267 274 278 284 287 286 295 295 299 301 308 306 311 313 320 321 328 330 334 341 350 355 357 364 372 379 380 383 387 389 389 394 402 403 408 413 422 425 427 430 431 434 441 447 448 449 455 461 465 472 477 486 488 494 503 508 507 510 519 526 521 529 535 537 541 550 556 562 569 570 578 579 580 589 592 593 595 598 599 600 608
 56 218 227 221 229 237 230 237 238 239 237 241 242 246 247 256 263 258 267 268 277 273 280 288 284 293 298 301 310 305 304 310 309 318 326 330 329 332 339 343 346 348 356 363 371 374 374 378 380 388 396 404 404 413 414 422 427 435 435 438 443 448 452 453 452 459 465 470 473 478 482 491 497 506 504 512 519 525 526 530 533 538 538 541 549 554 562 561 561 570 571 579 580 584 593 594 602 608 608 611
 58 215 218 220 222 228 222 231 238 234 235 242 250 246 252 253 254 255 264 267 268 272 274 281 283 284 292 301 310 307 300 302 308 311 318 327 328 330 339 341 344 346 350 357 365 366 367 370 379 384 388 397 404 411 416 422 428 432 436 445 452 453 454 462 459 467 470 465 473 482 488 482 491 498 499 505 512 517 526 530 539 534 536 539 542 549 557 556 559 564 568 575 581 587 594 602 597 606 614 620
 66 211 213 218 216 219 217 225 229 233 242 243 244 237 246 253 258 264 268 269 277 275 280 281 290 293 299 293 302 298 299 307 316 319 319 323 329 337 340 344 353 353 358 363 364 369 376 379 380 386 395 402 403 404 413 419 420 425 432 440 446 454 460 468 459 463 462 464 465 474 479 480 489 497 506 510 511 518 523 522 531 532 538 545 551 547 549 553 554 555 562 569 572 581 585 594 596 605 608 615
 73 210 204 210 207 211 213 222 221 230 236 241 237 233 240 248 249 255 260 261 269 278 275 276 283 292 293 291 295 297 304 313 321 320 320 326 328 329 338 342 348 357 362 358 367 366 374 379 383 386 390 398 405 413 416 413 422 429 436 437 437 445 452 461 453 454 461 463 466 475 478 483 490 492 500 502 505 512 515 521 527 534 535 543 543 545 554 552 553 561 564 572 573 575 584 589 598 607 605 610
 74 202 203 201 204 206 210 216 220 221 227 235 233 229 231 240 244 252 255 260 268 272 274 275 276 285 284 290 295 298 305 314 322 323 319 326 320 326 334 333 342 351 353 355 364 359 368 375 377 382 389 397 406 407 408 409 418 423 428 429 436 445 444 452 452 453 454 461 466 474 481 488 490 491 492 493 501 507 508 517 525 525 529 534 535 542 548 551 553 559 561 563 571 580 584 588 590 599 600 601
 83 197 194 200 201 207 209 216 218 220 222 229 236 228 232 241 250 248 256 255 260 264 271 266 273 276 280 287 291 299 308 316 316 320 318 317 317 323 328 332 338 347 356 354 360 357 360 366 373 375 380 389 398 407 408 413 420 423 428 431 436 444 442 443 451 456 462 470 467 476 484 485 488 497 499 498 507 508 516 520 528 520 521 529 538 545 546 553 559 564 568 565 573 578 583 586 589 596 599 607
 89 195 187 196 202 198 207 212 220 224 216 221 229 225 232 235 241 245 247 249 255 257 262 263 266 271 274 278 286 294 300 309 307 313 309 310 314 318 323 329 336 342 349 351 352 354 360 369 377 381 382 391 393 402 403 407 413 418 426 432 436 439 436 445 446 455 463 469 475 476 484 489 494 498 500 499 508 514 512 518 521 519 527 534 539 548 547 555 556 562 566 569 578 587 590 586 587 595 596 605
 93 189 185 191 198 196 202 209 213 215 214 220 223 224 233 233 237 242 251 252 254 252 253 257 258 267 268 269 277 285 294 303 300 304 305 313 322 324 326 332 333 340 347 356 354 361 365 374 383 388 383 387 389 393 402 407 414 412 420 426 430 435 434 441 450 451 458 467 469 477 477 486 485 490 491 500 499 505 504 509 512 515 522 531 534 541 550 559 557 564 563 570 571 578 585 585 594 598 604 609
 94 189 182 189 192 191 198 205 211 206 207 216 225 224 229 229 236 242 242 251 253 248 251 260 263 268 276 272 278 285 293 297 299 301 309 307 316 323 332 333 341 341 349 354 353 356 365 374 376 383 388 383 390 391 398 407 408 409 417 419 426 428 432 440 442 451 455 458 467 475 475 484 484 492 494 492 490 497 500 505 514 523 527 531 539 548 550 559 556 560 562 568 575 575 576 577 585 590 595 600
100 186 181 182 188 189 198 200 206 204 198 207 216 221 227 225 227 235 234 243 244 247 256 262 262 267 275 280 285 293 295 300 293 294 301 302 309 318 327 335 338 335 340 347 350 359 365 366 367 376 379 381 390 393 394 400 407 408 415 421 421 430 436 442 447 451 459 465 472 472 472 478 482 490 486 483 489 491 496 505 513 520 527 529 534 543 550 557 550 551 558 560 567 574 579 580 582 589 598 606
109 177 174 180 181 190 196 191 199 203 197 199 207 214 218 221 224 227 229 236 245 248 254 259 261 266 269 276 282 284 286 291 292 301 307 310 308 317 323 328 329 332 333 342 343 352 358 365 369 375 372 380 386 392 398 407 403 412 413 414 419 428 430 437 443 445 454 456 463 463 464 469 473 482 488 480 489 498 504 507 511 517 526 535 530 539 541 548 549 554 557 565 558 566 571 572 577 583 589 598
118 168 167 174 177 183 189 190 193 194 196 201 209 210 215 224 225 232 238 244 251 251 255 264 264 265 271 272 273 275 283 286 295 301 303 306 306 308 317 324 332 334 337 341 344 350 358 359 368 368 371 376 384 393 393 399 398 403 404 405 412 421 421 430 436 438 447 453 454 461 462 470 478 486 484 478 483 489 496 498 507 513 517 526 529 533 538 539 541 550 556 556 557 560 569 568 573 580 582 590
122 159 164 167 171 178 186 194 189 196 202 207 209 218 218 222 226 235 243 250 252 260 259 265 273 271 272 281 282 283 284 290 292 294 297 302 304 312 321 329 331 335 338 347 341 347 354 356 365 363 365 368 377 384 389 390 396 400 407 414 414 415 420 427 436 445 446 445 454 455 455 464 471 480 478 475 484 490 492 500 501 510 517 519 520 529 535 539 541 550 551 555 563 560 564 565 574 582 586 591
127 156 159 165 171 176 178 185 187 194 195 203 206 215 216 222 229 230 235 243 252 261 268 265 269 274 277 275 284 283 290 287 292 289 298 302 311 317 316 320 322 328 329 338 339 341 345 353 362 361 366 367 371 380 389 395 396 405 408 414 423 423 421 429 438 439 440 444 451 452 453 455 464 472 473 474 475 483 491 493 498 507 508 517 521 527 536 531 535 543 550 558 563 556 565 559 567 573 582 583
132 151 153 162 163 168 177 186 191 196 201 209 215 221 223 222 229 227 233 242 248 256 265 257 264 268 268 273 280 280 281 281 289 288 290 299 307 313 310 314 321 327 332 336 340 345 346 347 355 357 365 372 376 384 391 400 402 409 416 410 414 423 429 430 439 442 445 453 460 456 455 464 472 474 479 481 482 486 492 493 499 508 517 519 521 519 528 528 531 539 541 550 554 555 556 557 566 569 578 582
133 135 138 154 160 168 177 184 193 195 201 202 209 212 220 221 222 225 229 238 246 253 257 255 258 259 266 266 271 277 274 279 286 281 290 296 302 304 305 306 315 318 325 328 333 340 348 348 349 357 366 375 378 381 390 393 402 410 415 407 410 418 420 424 433 435 438 446 454 455 462 469 478 482 487 480 489 488 493 501 508 511 514 510 512 515 521 522 531 539 548 555 554 557 560 566 567 571 573 578
141 142 140 153 158 167 176 183 190 198 207 205 213 217 219 228 223 232 232 236 237 245 251 247 249 255 257 265 266 268 270 271 279 280 286 295 304 313 314 313 322 326 326 335 342 341 350 351 351 360 367 371 374 382 387 395 401 407 406 405 413 416 424 431 427 426 435 441 449 456 457 466 474 478 478 472 480 489 494 499 502 507 514 507 511 513 522 531 533 535 544 552 551 553 561 564 573 574 582 581
142 150 141 148 157 166 173 182 189 193 202 210 210 217 219 223 223 223 232 235 241 236 244 245 243 252 258 267 275 275 279 278 287 289 292 301 306 315 315 316 325 331 333 337 343 348 352 353 360 367 375 379 375 376 382 387 393 400 405 401 410 412 421 422 423 424 431 438 440 447 456 459 468 470 470 471 478 486 490 491 495 499 506 504 513 519 520 527 528 530 538 546 547 551 558 565 574 575 584 584
151 159 150 151 159 167 176 172 181 190 198 200 201 206 214 215 217 218 221 226 230 232 233 239 242 250 256 260 269 272 281 279 284 285 293 302 311 317 317 317 326 334 338 344 350 357 358 360 369 370 379 386 382 378 379 386 391 392 396 397 406 415 417 426 425 427 429 438 439 446 447 456 461 464 465 472 479 480 482 483 489 490 497 503 510 519 523 524 525 533 539 542 544 552 559 567 576 584 586 586
155 164 159 152 153 162 165 171 178 186 194 202 209 211 220 224 224 220 229 227 235 239 241 241 243 244 254 263 266 273 282 282 288 294 299 304 307 314 321 319 325 329 335 343 351 360 362 369 378 379 374 383 385 379 386 395 392 400 405 406 409 417 426 434 427 430 437 443 448 454 451 453 462 468 471 477 484 488 488 489 496 495 504 506 510 515 517 526 524 532 540 543 552 560 568 573 575 575 581 577
162 165 158 153 159 168 174 177 185 188 197 206 207 216 212 221 225 221 230 236 242 240 243 247 251 249 257 263 269 272 274 275 281 290 299 299 308 314 321 325 331 337 340 347 353 354 362 369 369 372 373 380 381 381 390 399 397 404 413 414 416 423 427 432 436 437 445 448 456 458 451 458 464 465 467 476 484 485 492 492 490 497 503 498 504 506 513 518 520 525 531 537 546 554 563 570 573 571 576 573
171 169 162 155 162 163 172 181 189 196 197 200 209 210 211 219 228 224 233 242 239 242 243 252 260 251 258 259 266 270 276 276 283 291 293 298 300 308 315 322 325 329 334 339 344 352 353 361 367 376 375 384 389 390 398 404 402 404 409 418 420 420 426 430 439 444 446 446 447 449 450 455 456 465 466 472 481 490 491 491 488 496 494 497 502 506 507 516 524 531 537 539 544 548 555 562 564 568 573 571
176 175 171 164 168 171 179 188 193 196 204 209 214 219 213 218 226 225 234 236 238 245 250 259 260 254 259 263 269 275 276 284 284 289 298 307 309 309 317 323 328 333 342 345 345 354 362 366 372 374 381 388 385 391 400 404 406 413 417 415 411 419 423 426 432 436 438 445 446 443 445 450 459 462 465 468 477 486 492 486 486 494 493 501 504 506 515 521 522 531 540 545 550 556 553 554 559 560 568 570
180 184 179 170 169 170 175 183 192 194 199 207 209 216 214 223 229 234 242 237 240 246 252 257 262 257 265 269 274 283 283 290 286 287 290 300 309 318 320 321 327 328 337 342 342 349 357 366 364 372 374 382 383 391 395 396 405 406 413 414 407 416 423 424 433 434 438 437 437 435 436 445 452 454 457 466 471 478 484 477 478 485 490 496 500 501 507 516 524 529 533 538 541 550 546 554 559 568 571 563
184 188 181 178 177 179 180 188 196 201 200 207 209 217 217 221 230 239 241 240 246 255 257 266 265 266 267 268 273 282 284 288 295 296 291 299 304 312 313 317 319 327 335 336 337 344 349 358 361 370 376 376 384 386 388 389 396 400 404 405 406 407 416 419 424 429 433 431 432 434 436 440 445 446 455 463 464 473 478 476 481 479 482 491 495 503 506 515 523 520 529 530 536 542 538 545 552 559 568 561
193 196 188 179 183 185 188 197 197 203 206 207 209 217 220 227 231 240 239 244 248 252 260 269 273 275 273 269 278 279 287 289 298 298 293 301 306 315 319 326 328 334 341 338 346 345 350 351 360 362 367 372 381 390 394 396 403 407 404 409 415 416 418 425 425 427 429 430 439 443 443 446 447 454 455 464 473 471 471 472 473 478 487 483 492 496 504 509 518 519 525 531 527 534 535 544 545 550 559 560
201 194 193 187 192 187 196 200 201 203 204 213 216 221 224 227 229 237 238 243 245 254 254 261 264 270 279 272 275 278 286 291 296 303 300 310 310 317 325 334 330 339 343 335 340 346 346 348 356 360 369 374 382 385 386 392 396 399 401 405 412 418 427 427 434 434 431 432 433 435 436 439 447 449 454 462 464 462 470 477 474 475 481 482 490 494 498 503 512 519 516 522 523 532 540 544 552 558 565 569
206 201 199 196 200 196 203 203 202 209 205 214 218 223 228 234 234 236 243 249 246 249 251 260 262 269 276 274 277 285 292 300 305 305 303 310 316 321 328 336 328 332 338 332 333 341 345 353 355 363 366 367 376 384 392 393 401 398 403 408 412 421 429 429 437 434 433 434 442 437 445 440 447 453 453 460 455 456 463 471 475 482 484 485 494 498 505 508 516 511 513 519 523 532 537 538 546 555 564 568
212 204 201 198 207 202 211 212 205 211 210 212 221 225 228 230 232 240 248 257 252 256 257 262 271 270 271 280 283 291 298 299 306 310 305 306 307 317 322 328 327 329 331 330 337 338 346 352 359 366 370 368 374 383 391 392 396 397 403 412 420 426 426 432 435 434 439 442 450 446 446 441 442 444 451 452 454 459 468 473 480 483 484 488 491 493 497 506 509 510 519 526 524 533 540 540 542 551 556 559
215 210 203 200 208 211 213 218 214 218 215 221 230 233 236 231 235 242 250 259 253 259 261 268 273 271 277 285 284 289 291 299 306 315 307 308 308 314 317 318 320 323 325 329 331 340 345 353 355 364 373 372 373 374 383 386 387 396 398 407 411 420 417 425 433 431 432 441 443 451 454 446 451 452 459 456 463 468 469 473 479 480 487 493 498 502 503 512 512 517 526 530 529 537 538 546 543 547 556 565
217 211 211 203 210 217 214 223 220 221 223 222 230 235 237 239 242 244 253 254 257 263 268 269 277 274 279 285 289 298 298 301 307 311 314 313 317 323 318 319 327 325 332 337 340 348 354 348 356 359 365 363 364 367 376 378 387 391 392 399 408 413 412 421 424 425 426 433 436 445 453 455 451 453 455 463 470 475 475 480 480 483 491 493 497 506 512 519 518 526 529 538 535 541 547 555 551 549 551 558
219 212 211 210 214 219 223 228 227 230 230 224 230 236 239 248 243 244 252 259 259 267 274 277 280 279 281 287 293 302 307 310 312 319 323 322 320 324 323 323 331 326 328 329 332 340 349 343 350 353 356 359 362 370 377 381 390 394 400 400 402 407 410 419 420 426 435 442 437 439 447 448 449 458 457 462 469 475 481 489 485 492 496 502 503 512 520 524 525 531 538 547 544 550 555 558 554 550 551 560
228 219 220 219 216 225 231 234 228 236 232 227 236 237 238 242 243 245 247 255 261 269 273 276 279 282 283 292 296 302 310 311 320 326 329 323 325 325 329 332 338 332 335 331 335 337 339 340 341 346 349 358 362 367 368 375 381 390 396 405 406 414 411 419 425 428 437 440 439 447 444 439 442 451 454 462 463 467 476 483 487 494 499 504 505 514 522 525 532 532 539 540 547 555 561 563 562 559 558 567
237 228 220 219 218 223 227 233 229 237 238 229 235 243 243 244 246 251 256 262 270 273 274 275 284 288 288 293 300 301 303 305 313 320 326 332 325 326 335 335 344 341 336 340 343 338 347 348 349 347 348 350 358 367 368 377 386 389 395 402 405 413 414 415 424 424 431 433 440 447 439 438 446 455 458 466 469 475 480 489 488 493 500 507 513 510 519 523 529 534 543 544 553 562 570 572 565 568 560 564
228 223 222 226 225 224 232 240 236 244 243 235 238 242 250 249 254 259 263 271 277 282 282 277 286 288 294 301 309 302 303 305 314 315 319 325 320 329 337 337 344 339 337 344 342 341 348 349 358 352 353 352 354 363 370 378 380 381 387 396 398 406 413 416 425 422 430 438 433 438 435 437 446 452 459 464 473 481 488 485 485 486 494 498 507 508 517 526 534 543 552 548 557 566 571 579 574 572 568 565
229 230 231 232 229 229 236 244 244 253 247 241 246 245 254 253 256 260 266 268 275 282 283 283 291 297 295 299 307 303 309 306 307 312 316 317 319 326 330 339 347 345 346 353 350 350 350 358 359 360 354 358 355 363 367 375 379 380 386 392 399 403 406 407 416 419 428 429 431 433 434 442 445 452 461 462 471 478 479 480 483 487 496 501 503 512 521 522 528 536 543 552 558 561 568 572 571 571 573 571
234 235 238 241 238 238 245 247 251 255 250 242 248 250 255 262 261 268 275 273 282 287 287 292 294 300 299 303 309 312 315 313 316 318 318 324 325 329 332 333 338 340 343 349 358 359 359 367 368 360 355 363 362 363 365 367 375 384 392 400 400 404 409 413 419 428 435 433 439 441 443 450 453 461 470 468 477 484 485 488 492 488 497 498 507 512 521 530 534 542 551 547 555 560 567 568 569 570 578 576
243 244 239 248 247 247 251 248 255 246 245 244 253 252 259 259 260 265 274 282 291 291 294 300 303 302 304 312 317 319 319 317 320 326 326 331 329 336 341 342 346 342 344 352 361 364 361 370 366 365 364 367 367 368 370 374 381 389 393 397 406 413 410 416 425 429 432 439 446 442 450 452 457 459 467 476 485 488 494 495 491 490 498 507 516 516 525 534 542 547 542 544 550 551 558 566 575 579 586 578
248 246 247 256 248 256 257 251 251 250 254 248 250 252 257 258 266 274 281 285 286 287 293 299 304 310 307 316 325 323 320 326 328 327 327 336 335 344 345 346 351 344 352 361 362 370 363 372 373 368 365 374 374 377 379 381 390 398 402 402 408 413 412 419 424 430 438 443 441 442 445 448 457 464 473 480 481 490 498 499 493 496 497 502 508 511 520 529 533 539 540 549 558 558 564 571 572 580 579 586
249 253 255 259 251 255 256 258 253 251 252 254 259 256 259 263 269 276 285 287 292 290 299 306 308 311 310 312 320 328 329 332 336 334 330 338 344 351 349 347 356 353 359 360 361 366 372 381 374 374 374 383 381 381 381 386 388 395 401 402 411 419 419 423 431 432 438 439 440 445 454 456 465 468 473 474 483 488 494 495 500 497 505 510 517 520 521 526 529 534 543 552 553 560 568 575 573 581 577 586
250 259 256 262 258 256 264 267 262 259 259 257 266 265 266 271 278 281 286 292 294 298 303 312 309 317 315 316 325 332 334 340 341 342 337 346 349 356 351 355 359 355 356 364 368 374 375 376 375 383 380 383 384 382 383 388 397 399 404 411 420 423 428 432 435 440 447 446 448 453 455 464 465 469 470 478 484 491 499 504 502 503 509 514 518 527 529 527 532 537 542 547 548 557 563 570 576 579 573 582
257 266 261 265 267 259 261 269 265 265 260 260 269 274 272 278 284 282 284 285 294 300 302 309 314 321 324 320 324 325 328 331 332 333 342 343 352 360 352 354 356 364 365 367 370 377 384 377 382 391 387 391 390 384 392 395 403 408 411 418 423 429 429 433 438 446 455 454 449 455 463 465 473 476 478 485 486 488 496 497 498 505 513 521 522 523 525 530 531 537 545 551 557 566 563 564 567 570 571 576
264 265 270 274 273 268 264 273 270 267 264 267 271 279 275 281 285 283 287 290 299 305 306 314 316 325 332 329 329 328 334 339 337 342 346 344 352 358 361 356 358 359 361 370 371 380 385 378 379 384 392 400 395 385 394 403 412 415 418 419 420 427 431 431 432 437 446 447 452 455 464 472 478 481 484 486 490 492 500 502 503 504 506 514 515 523 526 529 538 543 544 551 556 559 562 561 568 577 576 579
273 274 279 278 274 277 272 280 271 271 273 268 277 280 282 290 294 292 295 297 303 306 312 320 317 320 328 335 336 334 340 341 342 350 349 353 355 358 364 364 366 364 369 370 378 386 393 387 387 392 400 398 391 389 396 401 405 406 415 422 421 422 430 429 437 446 453 455 461 456 459 465 473 478 483 488 489 498 507 506 511 506 515 522 521 528 529 531 532 534 535 544 547 550 557 558 567 576 583 588
282 283 288 287 282 279 275 280 278 280 282 276 285 281 285 294 296 301 298 298 301 302 309 318 326 328 333 336 344 337 345 347 344 352 358 354 361 359 364 372 367 368 373 379 386 394 394 393 396 396 398 407 399 397 402 409 413 415 424 423 422 423 425 427 435 438 446 450 457 464 464 471 476 483 492 497 492 501 503 504 512 507 509 513 518 527 529 535 533 542 543 551 556 559 566 563 569 570 579 586
284 292 293 290 289 280 276 282 287 279 278 277 279 285 286 295 304 308 307 307 307 309 313 317 323 324 333 339 345 344 351 349 349 351 352 360 366 367 370 379 376 377 382 383 391 395 399 401 404 399 401 405 408 401 408 415 418 424 426 424 424 432 434 431 432 441 447 449 458 462 465 467 474 481 484 493 497 503 509 512 515 515 518 516 517 521 527 534 538 542 546 548 551 552 561 570 578 574 578 582
292 300 294 290 286 282 283 290 288 287 286 279 281 286 290 295 304 309 312 316 309 317 315 322 331 326 335 341 343 347 352 358 356 360 353 357 358 364 373 381 381 378 386 390 391 392 399 400 403 402 410 413 409 404 406 412 413 422 427 433 433 433 435 436 439 446 450 455 456 465 473 476 481 484 487 488 493 502 511 512 521 516 519 517 525 530 535 541 547 547 555 551 555 561 566 567 572 581 580 589
293 296 303 299 291 287 292 292 295 289 289 280 281 284 291 294 303 310 312 316 315 324 319 328 335 335 344 346 352 351 360 365 360 360 359 366 367 373 377 379 385 383 392 392 400 401 408 409 408 406 414 419 418 413 414 421 420 426 427 436 442 441 437 439 448 447 449 455 462 471 472 477 486 485 486 487 496 505 514 520 521 523 523 524 527 536 538 539 547 556 564 560 559 562 564 566 574 576 585 594
296 305 312 306 298 295 295 300 298 297 293 284 282 289 295 299 300 305 312 318 323 327 326 333 338 338 346 347 355 354 358 367 369 365 366 369 368 371 378 377 379 383 384 393 396 402 404 406 415 407 410 418 425 418 416 422 423 427 436 438 442 449 445 448 450 456 458 457 460 468 477 483 484 487 487 496 505 507 508 514 522 530 524 530 534 542 547 546 551 559 564 564 566 564 566 571 579 585 594 603
305 312 318 310 305 304 298 306 302 300 293 292 283 288 296 305 309 313 312 318 321 327 335 340 345 343 351 355 364 360 367 376 374 366 367 371 370 371 375 376 377 386 386 387 388 397 405 413 416 416 414 422 431 425 423 430 432 432 439 444 444 447 451 457 459 464 466 459 467 474 475 483 491 493 488 490 496 503 511 520 528 527 531 535 543 549 554 555 560 563 570 569 570 570 575 579 587 592 599 602
312 321 326 318 310 302 299 300 309 304 300 291 284 288 293 300 306 309 310 318 324 330 339 347 342 351 354 359 362 368 374 383 374 369 374 372 372 378 383 380 382 388 393 396 395 397 403 408 417 421 415 423 426 433 425 432 439 436 441 445 449 450 455 461 463 464 466 461 467 476 481 490 492 501 496 499 504 507 515 519 520 524 530 532 539 548 554 557 558 566 575 576 577 574 579 581 589 596 605 610
317 326 329 323 317 308 302 309 315 306 304 297 293 293 295 300 303 312 319 321 322 331 332 339 340 349 350 351 353 362 369 377 376 373 380 380 379 385 387 386 390 394 401 404 399 400 405 414 423 430 424 428 428 429 429 437 440 445 442 447 448 450 458 465 464 466 464 462 470 471 480 489 497 501 503 505 507 515 516 518 519 521 528 537 539 543 550 558 561 562 570 575 579 582 580 588 596 604 611 617
323 330 330 321 320 313 305 306 308 311 302 295 294 298 299 307 308 315 317 326 331 340 333 338 347 350 358 352 359 360 369 375 383 382 386 387 387 391 395 394 395 395 397 402 408 401 407 415 424 432 433 431 434 438 438 438 445 448 443 444 446 454 455 458 464 469 466 471 479 480 488 491 492 497 506 514 511 513 515 524 525 522 531 535 538 543 552 558 564 563 568 574 581 578 582 591 591 597 606 611
326 330 322 321 319 317 311 314 313 305 300 298 295 300 302 308 316 322 319 322 330 338 334 338 340 349 357 358 360 368 377 384 386 389 394 391 393 400 397 399 401 402 398 403 412 409 415 422 424 429 436 433 441 443 440 447 451 450 450 447 450 452 456 459 466 468 471 472 480 486 491 495 496 505 506 515 515 514 521 523 532 526 527 529 538 542 551 560 561 562 565 574 573 576 582 586 590 599 607 614
330 337 329 330 326 321 312 321 320 311 303 304 303 304 310 313 316 324 325 328 337 338 340 347 348 351 360 367 368 372 374 383 385 393 402 395 400 407 398 406 406 404 405 411 412 417 422 428 427 428 437 438 447 450 441 443 444 447 453 456 451 460 463 466 474 469 477 481 487 495 492 494 501 504 513 522 523 515 518 524 532 533 535 538 546 543 550 558 567 567 565 567 570 575 583 587 596 599 604 613
336 345 338 338 332 328 321 322 313 306 305 307 307 313 311 320 320 329 334 335 341 345 344 348 349 357 361 363 364 365 374 375 378 387 395 396 401 404 407 412 407 405 414 419 421 426 429 437 428 432 441 447 454 445 442 451 451 448 457 457 453 462 471 470 479 478 483 482 484 493 499 498 499 502 508 517 519 523 525 528 530 537 543 547 555 548 549 553 561 563 564 573 579 576 583 587 589 596 597 605
337 346 344 337 336 327 324 318 311 309 309 309 315 318 318 320 322 330 331 335 344 350 349 356 358 366 365 365 366 372 378 384 386 395 399 404 409 413 408 416 415 409 418 424 422 431 437 444 435 440 449 450 451 447 449 450 458 456 462 465 459 464 474 477 479 483 485 490 489 491 499 500 502 511 510 512 521 530 532 537 531 539 540 543 552 552 552 561 568 566 568 574 580 577 586 594 597 599 606 607
345 354 345 344 335 334 327 320 312 316 312 313 319 319 327 321 323 327 329 337 344 353 356 357 358 362 369 373 374 381 387 385 392 396 404 410 417 417 410 413 422 415 416 424 425 430 436 443 440 443 450 455 451 448 457 457 464 465 471 466 467 466 467 470 478 482 491 491 490 499 508 501 507 514 514 518 527 529 533 536 539 540 548 547 551 556 557 560 567 575 572 576 577 585 587 593 594 603 605 614
354 351 342 339 335 329 328 323 316 325 317 316 325 326 334 329 330 335 337 346 352 356 357 360 359 367 376 381 382 390 390 394 396 405 408 409 413 414 416 414 417 419 424 427 431 439 437 439 447 445 446 449 450 454 461 458 459 461 462 471 476 473 473 475 485 491 493 492 496 498 505 506 510 511 513 522 531 534 541 544 541 541 547 555 553 554 563 561 570 576 581 579 585 590 596 594 596 597 604 611
360 351 349 340 338 338 335 326 320 323 320 325 330 327 333 338 339 344 339 340 348 357 366 369 367 375 384 389 391 396 399 398 401 402 407 411 412 416 417 415 424 422 424 433 432 440 441 443 449 449 455 452 453 456 464 467 467 469 463 464 468 477 479 476 477 482 489 493 500 507 514 508 516 519 516 519 523 525 533 537 541 546 550 555 555 563 569 570 574 581 582 587 586 593 594 597 597 602 609 616
363 354 356 347 340 341 338 333 324 328 324 329 338 335 340 342 342 350 341 345 354 355 363 364 368 369 378 387 393 398 403 402 404 410 416 417 417 425 421 418 422 430 431 440 436 437 446 447 448 457 455 454 462 457 465 471 473 477 469 465 471 472 476 485 482 491 497 495 505 509 515 509 517 523 523 520 525 533 540 546 550 550 556 562 564 565 570 575 581 588 583 589 595 601 599 598 598 604 606 612
367 363 362 356 349 348 340 333 329 330 329 330 339 344 349 345 350 347 343 351 360 359 365 370 375 377 385 388 397 398 406 403 409 417 424 419 424 431 428 426 427 435 437 441 438 446 453 452 457 462 464 462 462 459 465 474 482 479 472 472 480 480 481 484 488 491 498 496 502 507 514 518 518 523 532 529 526 530 531 537 542 550 554 563 572 573 579 576 584 591 592 593 596 604 607 607 605 613 612 613
375 372 371 362 358 357 349 342 333 331 338 331 333 342 347 353 359 356 351 353 354 363 366 375 376 385 389 389 394 403 412 411 414 418 427 425 426 434 435 432 433 442 445 449 446 455 455 453 459 468 468 471 464 460 469 475 477 476 474 475 483 488 489 491 496 498 504 505 504 513 518 524 527 532 533 538 531 538 538 540 547 552 560 568 574 581 588 582 583 591 595 601 602 610 614 616 613 622 621 617
375 367 366 362 359 362 353 344 339 340 335 334 337 338 343 344 353 355 357 361 363 365 369 377 379 388 390 395 402 411 413 416 416 417 425 433 435 436 438 441 436 437 446 453 455 457 463 454 455 462 471 477 473 467 476 484 482 481 475 481 488 494 497 498 505 500 509 510 505 513 521 530 535 540 541 547 538 547 539 542 550 557 562 563 571 580 581 583 592 597 603 610 609 610 617 624 615 620 629 621
383 374 373 365 357 356 354 346 343 339 338 343 338 347 345 353 360 358 365 367 372 366 375 383 386 393 397 403 410 418 422 422 425 419 422 426 432 434 442 439 437 438 443 444 452 460 466 463 462 466 474 475 482 476 485 490 487 490 483 489 497 500 504 506 513 507 516 515 512 520 528 530 530 539 545 549 541 544 545 551 554 555 562 568 569 571 578 586 594 602 610 612 617 611 618 619 624 628 629 630
390 381 373 373 365 362 353 346 345 341 343 352 347 354 347 348 351 358 359 362 365 373 377 384 386 390 399 405 414 423 427 431 423 421 422 429 438 439 446 443 443 439 442 446 449 456 464 468 464 473 474 478 479 477 485 493 491 496 487 488 496 501 505 507 516 512 516 516 514 523 531 528 529 531 539 540 544 553 553 553 554 557 565 571 573 574 583 591 592 599 607 615 615 613 619 627 625 634 638 636
383 380 371 371 362 353 352 351 351 347 345 353 355 352 350 353 358 364 368 364 368 370 379 382 388 396 397 404 411 420 425 428 431 422 423 425 431 440 447 452 452 448 451 448 456 464 469 471 471 472 481 486 488 484 493 496 496 501 496 491 498 505 508 512 520 521 524 520 517 519 521 525 528 529 538 542 552 555 558 557 555 560 569 576 582 579 588 595 601 607 612 618 618 622 627 628 631 636 641 644
375 371 368 366 365 357 359 352 352 353 354 361 356 357 354 361 365 373 375 366 367 370 378 379 380 387 390 399 403 412 421 422 423 425 432 434 440 447 454 461 458 457 459 457 465 473 478 473 477 475 476 485 486 487 496 500 501 506 503 499 506 514 516 521 529 528 524 522 519 525 529 533 537 538 544 546 556 563 565 565 564 564 569 577 585 588 596 598 605 610 619 627 627 628 636 634 634 635 639 647
384 377 377 374 367 365 357 353 359 357 358 360 365 365 362 369 366 367 376 375 371 378 383 388 381 390 398 403 410 416 417 424 430 432 430 438 447 446 450 457 461 466 467 464 471 472 477 474 481 484 483 487 488 496 497 499 507 515 512 506 514 520 525 530 530 535 530 530 522 531 537 534 540 547 551 548 558 566 573 568 567 573 572 580 588 597 600 601 603 606 613 622 619 620 627 636 638 639 646 652
388 380 380 376 367 363 362 362 367 358 363 367 370 371 366 375 367 376 382 384 379 380 385 392 389 392 399 405 412 417 420 418 421 426 428 432 441 443 449 450 458 467 470 465 470 478 479 483 490 493 485 494 490 495 501 506 512 520 518 513 522 522 527 530 537 543 536 533 525 534 542 536 539 546 550 552 556 561 569 569 571 572 575 584 589 596 601 608 612 612 605 614 618 620 629 638 647 646 649 658
391 384 381 384 376 372 371 371 368 367 370 374 378 372 375 371 368 376 384 385 387 382 391 394 392 397 398 403 407 408 412 416 424 433 431 432 439 443 448 449 458 467 473 467 470 479 485 486 489 498 494 503 499 496 504 511 512 513 515 517 521 528 535 531 540 542 536 532 528 532 540 544 540 546 554 559 557 559 560 563 565 574 581 585 586 593 592 600 607 608 603 612 615 624 630 634 643 647 648 657
398 392 389 391 382 377 380 378 377 370 371 380 385 378 384 378 377 378 383 390 396 391 400 395 397 405 407 406 415 417 417 425 428 436 440 438 447 452 455 458 461 462 471 470 477 485 493 489 497 504 501 508 501 505 507 512 516 516 523 525 524 530 539 540 544 549 543 538 529 538 540 545 542 551 558 565 559 561 568 570 568 573 574 581 583 587 591 593 598 599 600 609 614 617 624 633 638 639 647 649
406 401 398 400 391 384 382 379 380 371 380 383 391 383 390 381 386 380 389 391 400 392 394 401 400 409 410 407 409 413 422 431 433 437 446 445 452 459 459 465 470 471 478 475 482 487 491 493 497 506 503 508 503 512 508 517 524 518 525 534 529 537 543 549 545 549 542 541 533 542 549 553 546 553 557 557 566 569 576 571 573 578 580 589 590 589 593 594 602 602 603 612 614 623 632 636 641 647 653 650
414 408 402 393 392 391 389 380 382 374 383 389 395 392 392 383 389 383 390 395 403 401 403 410 407 413 419 416 412 421 424 426 435 436 445 453 460 466 465 466 468 476 483 478 482 489 491 497 506 513 504 513 512 521 513 521 526 527 530 539 535 541 547 554 554 554 549 542 541 548 556 554 548 549 550 555 564 572 579 574 577 581 584 592 597 590 597 603 609 605 611 612 620 628 629 638 647 648 653 656
411 404 395 394 399 399 390 381 389 381 388 392 398 395 401 392 392 389 396 397 400 401 407 413 409 410 414 422 414 423 425 434 440 441 450 458 459 468 474 472 477 485 490 487 484 486 492 501 507 513 505 506 508 516 514 516 522 523 531 537 538 532 541 548 553 546 555 548 550 557 565 556 553 556 554 558 566 570 577 580 586 589 592 597 594 592 594 599 601 608 611 617 624 627 634 643 652 655 662 665
411 402 401 402 406 397 392 383 390 390 396 401 402 397 404 399 401 398 397 398 401 402 410 419 417 412 421 419 416 417 420 427 436 442 447 456 459 463 470 477 478 486 490 487 485 490 493 502 504 506 513 515 509 518 521 517 520 523 527 529 530 531 535 544 550 545 553 555 557 566 570 563 562 560 557 560 568 576 582 589 592 598 599 606 602 597 601 608 608 614 614 615 624 631 640 648 655 656 665 672
417 408 410 407 407 398 398 392 391 399 397 400 407 398 407 408 409 407 406 407 402 410 416 425 418 413 421 423 425 419 428 436 443 443 447 453 454 461 464 469 476 485 493 490 493 498 502 510 505 513 514 519 517 525 527 525 525 527 535 534 534 532 540 541 542 544 549 555 556 562 571 571 570 569 565 568 571 575 584 588 589 593 599 608 603 598 601 608 611 616 620 622 623 632 640 642 648 655 658 663
414 411 413 414 408 407 400 393 397 399 402 402 405 406 413 411 415 412 407 407 405 406 408 417 426 422 426 431 427 428 436 440 449 452 454 455 460 465 466 470 479 486 490 493 502 506 505 514 512 518 523 528 520 526 532 533 526 534 542 536 543 541 545 548 549 546 547 553 562 565 569 572 576 570 567 571 572 574 579 581 590 598 605 606 605 605 604 605 609 614 616 625 630 634 635 643 645 654 662 666
423 415 420 423 417 416 409 402 403 404 410 410 406 409 418 412 417 414 412 415 406 415 416 425 433 429 427 436 429 435 444 449 458 461 459 463 465 470 475 471 476 482 483 492 497 504 508 517 515 516 519 524 528 527 529 535 535 541 550 541 548 549 552 554 558 554 556 562 570 573 574 579 580 575 569 578 574 581 580 589 595 599 602 611 611 613 608 613 610 618 625 634 633 634 643 649 647 652 654 657
424 423 429 424 425 421 412 408 404 409 413 411 409 410 418 420 424 416 415 423 414 415 416 425 431 430 434 443 434 443 444 453 461 470 466 464 473 476 475 474 475 481 490 497 506 513 513 521 523 517 518 527 533 536 536 542 542 542 550 549 554 552 554 563 562 555 561 564 565 566 567 573 581 576 577 581 583 583 589 591 597 602 606 607 609 617 617 617 611 615 617 626 627 636 642 643 647 648 657 665
430 428 436 431 423 420 414 412 411 410 418 419 416 416 423 429 429 425 417 426 420 424 425 426 430 434 438 439 436 445 449 458 463 472 471 465 471 478 484 481 481 487 495 502 506 515 519 521 530 521 527 529 536 541 540 543 547 544 548 551 556 560 560 563 566 557 566 572 574 570 572 574 579 583 580 589 591 592 592 592 594 603 612 608 615 622 623 619 615 621 623 624 626 627 633 641 642 647 655 659
439 437 437 429 425 416 415 420 419 415 416 417 422 421 427 436 433 424 423 432 427 433 434 431 439 437 438 439 439 447 452 461 467 468 477 470 477 486 483 482 490 488 493 502 511 517 526 529 538 529 535 538 544 550 549 549 556 553 554 552 557 564 569 569 568 559 561 565 570 575 580 577 581 582 583 590 599 593 597 593 597 598 605 613 621 627 631 622 620 624 631 630 635 629 636 642 647 646 647 650
446 437 429 428 419 418 423 424 420 423 421 419 428 422 430 431 440 433 428 431 428 432 441 435 443 438 446 447 447 448 450 458 461 467 476 479 486 490 492 485 489 497 501 510 519 526 533 536 533 531 533 542 545 553 550 557 563 562 559 560 566 568 574 570 572 568 562 569 573 577 578 586 589 589 592 597 606 601 598 597 605 600 603 605 613 622 622 631 626 631 637 639 640 631 632 633 638 644 652 651
443 436 429 428 420 424 432 428 429 427 430 428 433 425 432 432 437 440 431 435 430 439 448 442 451 445 454 449 451 455 456 464 463 469 478 482 491 491 496 490 496 504 507 515 524 529 538 545 540 536 540 549 553 558 557 560 566 570 562 561 570 577 579 579 575 567 565 573 580 583 586 592 597 598 600 602 606 602 607 602 610 601 604 605 613 615 618 626 634 632 637 638 637 634 638 636 646 646 650 658
448 442 433 429 429 427 429 429 438 429 435 437 435 426 435 441 440 439 432 439 438 441 448 447 452 451 458 453 454 459 461 470 472 478 479 488 491 500 501 497 505 509 514 516 523 524 533 542 547 544 541 550 558 559 562 567 572 579 570 564 570 579 588 588 579 572 571 579 583 592 594 599 606 599 607 605 606 605 612 603 612 609 613 614 622 619 627 635 641 640 638 646 642 641 646 642 645 647 656 663
448 440 434 437 435 434 431 434 437 430 434 443 438 435 444 442 442 448 441 444 444 450 457 451 458 452 461 458 463 461 463 470 477 482 484 487 496 503 503 506 511 516 517 517 523 527 534 543 547 550 542 550 559 568 566 569 574 581 579 573 579 586 591 590 588 580 580 585 591 600 595 604 609 605 612 611 612 606 615 608 617 617 622 623 628 620 629 637 646 649 646 652 643 646 649 649 652 648 649 653
450 443 443 444 443 440 440 441 432 431 439 442 445 436 441 446 450 449 448 446 446 448 454 459 458 457 458 467 471 468 472 471 479 487 493 489 498 499 507 504 513 517 526 522 527 536 540 542 550 554 549 558 563 564 573 578 575 576 582 578 585 594 600 593 587 584 586 593 600 603 601 610 614 606 613 619 611 609 612 609 616 619 628 632 635 628 635 639 648 655 654 656 648 654 654 653 658 650 657 659
453 447 448 452 444 448 447 445 438 436 443 443 452 445 450 455 459 455 453 452 454 450 458 466 467 458 466 467 475 473 480 477 484 490 497 490 497 502 510 503 504 513 522 531 536 533 533 538 544 545 546 550 554 556 565 574 583 585 587 587 586 595 600 601 595 587 595 602 604 605 609 612 620 614 619 624 619 610 618 618 620 628 634 638 638 630 639 648 652 660 663 660 655 661 660 662 666 659 663 660
456 456 450 453 449 456 448 446 445 445 445 452 454 447 456 463 468 463 454 453 456 453 461 463 472 465 466 474 477 482 489 486 486 495 502 494 496 498 501 502 504 508 516 524 530 531 532 534 543 551 552 559 562 565 568 576 583 592 595 588 594 603 604 606 601 595 604 610 611 606 611 618 621 619 622 623 622 618 626 627 629 629 637 638 639 631 638 645 653 654 661 668 661 662 669 671 670 666 671 669
