  0 253 247 252 255 251 260 262 265 273 272 268 266 274 278 278 272 273 277 276 279 288 296 296 305 306 306 311 314 315 319 316 317 326 327 333 333 340 341 342 350 353 362 363 369 369 373 375 383 387 390 392 401 410 410 418 418 426 429 434 443 435 437 445 454 452 456 464 465 471 480 489 496 498 505 507 510 508 513 508 513 521 525 533 535 544 552 561 558 564 570 571 572 578 586 592 593 589 595 604
  8 246 245 246 246 250 251 258 263 264 267 259 264 265 269 276 271 274 272 273 276 282 287 295 304 304 302 304 310 318 310 312 316 323 324 333 332 338 344 351 351 352 358 362 370 365 368 370 375 379 381 387 395 402 404 411 414 418 420 428 437 429 437 446 450 449 456 459 467 475 483 482 487 490 497 502 502 499 508 505 507 516 525 529 537 546 551 559 556 563 561 567 574 574 583 583 584 585 594 601
 16 238 236 245 243 252 244 250 255 257 259 257 255 258 263 270 263 266 267 274 283 289 296 293 297 299 298 304 307 311 305 309 317 324 333 338 331 336 336 344 351 357 349 354 361 359 367 373 381 379 383 392 396 398 403 411 414 413 420 427 435 427 435 438 442 447 454 456 462 468 477 479 487 487 488 496 497 498 499 503 506 515 524 525 532 541 542 551 547 554 559 564 565 573 574 577 584 585 586 592
 17 242 235 237 238 243 241 242 246 254 256 251 253 254 256 263 261 266 268 277 282 285 290 285 291 292 297 299 300 302 304 313 321 326 335 329 329 330 335 336 342 348 346 348 357 356 364 369 372 378 383 386 390 397 403 406 407 411 419 418 426 426 427 433 442 446 453 455 463 472 472 481 483 483 492 492 501 498 504 507 515 519 517 518 524 533 535 544 543 545 550 558 561 564 568 572 580 589 590 598
 26 242 234 231 237 238 240 247 252 251 247 248 256 258 256 254 258 267 272 275 283 278 281 281 284 288 288 290 292 295 300 309 316 317 326 323 322 331 336 328 337 339 340 347 348 355 364 369 377 383 390 383 385 394 396 403 412 413 413 415 421 420 428 437 439 443 450 455 459 467 464 472 474 482 484 485 494 495 497 498 507 515 516 519 525 527 535 536 537 541 548 550 552 561 567 575 579 588 596 605
 28 236 227 225 228 229 238 247 246 242 240 242 251 249 247 253 261 264 269 269 277 274 280 279 283 289 287 292 291 292 297 300 307 316 317 324 319 324 330 325 330 333 339 347 348 354 357 363 369 375 382 380 388 389 398 402 404 408 409 412 416 419 423 428 437 439 443 447 456 458 463 464 473 479 487 485 494 503 503 506 507 516 523 520 529 528 536 541 546 550 550 556 553 558 564 567 576 585 590 596
 29 228 219 219 224 228 237 243 238 240 231 238 243 240 241 247 254 258 260 267 269 265 272 276 274 281 285 287 288 295 303 297 304 311 318 315 317 318 321 322 329 330 338 342 346 354 356 359 366 368 377 378 382 387 389 395 397 402 411 414 415 418 423 432 440 447 446 450 454 455 456 463 470 471 479 484 488 494 501 505 507 510 515 523 532 537 545 549 548 555 557 558 557 565 571 568 570 578 585 588
 33 221 215 218 227 230 234 237 230 238 230 235 241 239 247 247 255 251 260 263 266 263 271 278 273 272 277 278 286 291 295 296 300 307 310 314 323 326 328 325 334 338 346 351 348 351 353 357 363 372 376 378 386 395 391 395 398 400 406 409 411 413 415 424 432 441 448 448 451 457 465 471 479 472 481 481 482 487 496 498 499 507 512 518 527 533 541 550 554 563 565 563 566 570 574 570 578 579 588 592
 41 215 214 216 220 221 226 229 228 236 228 228 237 238 241 246 247 250 258 254 259 261 269 271 275 269 273 280 289 298 294 294 298 302 309 318 317 322 329 334 341 340 343 345 348 357 359 366 369 372 375 378 383 390 397 401 407 408 414 418 414 420 418 427 436 442 445 447 454 456 464 473 479 474 477 479 482 486 487 490 497 505 511 516 521 530 538 541 545 554 560 569 569 578 582 578 587 587 587 595
 42 207 211 208 213 216 225 223 222 231 224 225 230 237 243 252 247 243 252 253 261 257 266 273 266 268 272 281 288 292 285 293 298 301 307 315 310 316 324 333 336 336 344 346 350 352 361 370 372 374 373 382 384 391 399 407 411 413 417 418 418 427 424 431 433 441 445 452 453 461 462 469 474 482 486 481 482 491 496 494 503 504 513 522 526 530 536 544 552 554 555 563 572 573 581 586 590 593 586 592
 51 202 209 201 209 211 217 217 219 225 223 229 230 229 235 244 247 238 243 245 252 256 262 265 264 273 273 277 279 286 284 289 291 298 299 306 308 312 319 328 333 335 342 350 357 358 361 365 367 367 372 380 381 386 391 400 403 405 408 409 412 419 425 426 427 433 439 443 450 455 464 466 472 481 486 485 488 497 504 499 507 513 515 519 528 534 540 548 555 562 563 564 573 577 578 580 583 584 585 593
 56 197 206 200 208 216 209 216 217 218 216 220 221 225 226 235 241 236 245 246 255 251 258 266 262 271 276 279 288 283 282 288 287 296 304 308 307 310 317 321 324 326 334 341 349 352 352 356 358 366 374 382 382 391 392 400 405 413 413 416 421 426 430 431 430 437 443 448 451 456 460 469 475 484 485 493 497 505 505 508 511 516 517 520 528 533 541 546 546 555 556 564 565 569 578 579 587 593 593 596
 58 194 197 199 201 207 201 210 217 213 214 221 229 224 230 231 232 233 242 245 246 250 252 259 261 262 270 279 288 285 278 280 286 289 296 305 306 308 317 319 322 324 328 335 343 344 345 348 357 362 366 375 382 389 394 400 406 410 414 423 430 431 432 440 437 445 451 446 454 463 469 463 472 479 480 486 493 498 507 511 520 515 517 520 523 530 538 541 544 549 553 560 566 572 579 587 582 591 599 605
 66 190 192 197 195 198 196 204 208 212 221 222 222 215 224 231 236 242 246 247 255 253 258 259 268 271 277 271 280 276 277 285 294 297 297 301 307 315 318 322 331 331 336 341 342 347 354 357 358 364 373 380 381 382 391 397 398 403 410 418 424 432 439 448 440 444 443 445 446 455 460 461 470 478 487 491 492 499 504 503 512 513 519 526 532 532 534 538 539 540 547 554 557 566 570 579 581 590 593 600
 73 189 183 189 186 190 192 201 200 209 215 220 215 211 218 226 227 233 238 239 247 256 253 254 261 270 271 269 273 275 282 291 299 298 298 304 306 307 316 320 326 335 340 336 345 344 352 357 361 364 368 376 383 391 394 391 400 407 414 415 415 423 431 440 434 435 442 444 447 456 459 464 471 473 481 483 486 493 496 502 508 517 523 532 532 534 543 539 540 548 550 559 559 561 570 575 584 593 594 599
 74 181 182 180 183 185 189 195 199 200 206 214 211 207 209 218 222 230 233 238 246 250 252 253 254 263 262 268 273 276 283 292 300 301 297 304 298 304 312 311 320 329 331 333 342 337 346 353 355 360 367 375 384 385 386 387 396 401 406 407 414 423 425 433 433 434 435 442 447 455 462 469 471 472 473 474 482 488 489 498 506 511 518 523 524 531 537 540 542 548 550 552 560 569 573 577 579 588 589 590
 83 176 173 179 180 186 188 195 197 199 200 207 214 206 210 219 228 226 234 233 238 242 249 244 251 254 258 265 269 277 286 294 294 298 296 295 295 301 306 310 316 325 334 332 338 335 338 344 351 353 358 367 376 385 386 391 398 402 407 410 415 423 423 424 432 437 443 451 448 457 465 466 469 478 480 479 488 489 497 501 509 509 510 518 527 534 535 542 548 553 557 554 562 567 572 575 578 585 588 596
 89 174 166 175 181 177 186 191 199 202 194 199 207 203 210 213 219 223 225 227 233 235 240 241 244 249 252 256 264 272 278 287 285 291 287 288 292 296 301 307 314 320 327 329 330 332 338 347 355 359 360 369 371 380 381 385 391 397 405 411 417 420 417 426 427 436 444 450 456 457 465 470 478 483 485 480 489 498 501 507 510 508 516 523 528 537 536 544 545 551 555 558 567 576 579 575 576 584 585 594
 93 168 164 170 177 175 181 188 192 193 192 198 201 202 211 211 215 220 229 230 232 230 231 235 236 245 246 247 255 263 272 281 278 282 283 291 300 302 304 310 311 318 325 334 332 339 343 352 361 366 361 365 367 371 380 385 392 393 401 407 411 416 415 422 431 432 439 448 450 458 460 469 470 475 476 485 488 494 493 498 501 504 511 520 523 530 539 548 546 553 552 559 560 567 574 574 583 587 593 598
 94 168 161 168 171 170 177 184 189 184 185 194 203 202 207 207 214 220 220 229 231 226 229 238 241 246 254 250 256 263 271 275 277 279 287 285 294 301 310 311 319 322 330 335 334 337 346 355 357 364 370 367 374 372 379 388 389 390 398 400 407 409 413 421 423 432 436 439 448 456 459 468 470 478 483 481 479 486 489 494 503 512 516 520 528 537 539 548 545 549 551 557 564 564 565 566 574 579 584 589
100 168 160 161 167 168 177 177 183 182 176 185 194 199 205 203 205 213 212 221 222 225 234 240 240 245 253 258 263 271 273 278 271 272 279 280 287 296 305 313 319 316 321 328 331 340 346 347 348 357 364 366 375 375 376 382 389 390 397 404 406 415 419 425 428 434 442 448 457 461 461 467 471 479 475 472 478 480 485 494 502 509 516 518 523 532 539 546 539 540 547 549 556 563 568 569 571 578 587 595
109 159 153 159 160 169 173 168 176 181 175 177 185 192 196 199 202 205 207 214 223 226 232 237 239 244 247 254 260 262 264 269 270 279 285 288 289 298 304 309 310 313 314 323 324 333 339 346 350 357 358 366 372 378 382 391 392 399 402 403 408 417 419 426 432 434 443 445 452 452 453 458 462 471 477 469 478 487 493 496 500 506 515 524 519 528 530 537 538 543 546 554 547 555 560 561 566 572 578 587
118 150 146 153 153 159 165 166 170 171 173 178 186 187 192 202 203 210 216 222 229 229 233 242 242 243 249 250 251 253 261 264 273 280 284 287 287 289 298 305 313 315 318 322 325 331 339 342 351 356 360 365 373 382 382 388 387 392 393 394 401 410 410 419 425 427 436 442 443 450 451 459 467 475 473 467 472 478 485 487 496 502 506 515 518 522 527 528 530 539 545 545 546 549 558 557 562 569 571 579
122 135 140 143 147 154 162 171 172 178 180 184 187 196 195 200 204 213 221 228 230 238 237 243 251 249 250 259 260 261 262 268 270 275 278 283 285 293 302 311 320 322 327 331 327 333 342 345 354 352 354 357 366 373 378 379 385 389 396 403 403 404 409 416 425 434 435 434 443 444 444 453 460 469 467 464 473 479 481 489 490 499 506 508 509 518 524 528 530 539 540 544 552 549 553 554 563 571 575 580
127 132 138 144 152 160 162 169 171 178 179 187 190 199 196 202 210 213 218 226 235 244 246 251 256 255 259 261 269 264 271 274 275 276 285 287 294 299 305 311 313 319 320 329 328 330 334 342 351 350 355 356 360 369 378 384 385 394 397 403 412 412 410 418 427 428 429 433 440 441 442 444 453 461 462 463 464 472 480 482 487 496 497 506 510 516 525 520 524 532 539 547 552 545 554 548 556 562 571 572
132 133 139 148 151 156 165 174 176 181 185 193 199 208 203 203 211 211 217 226 232 240 249 249 256 262 261 267 274 267 274 275 283 282 284 293 301 307 304 308 315 321 326 330 334 335 335 336 344 346 354 361 365 373 380 389 391 398 405 399 403 412 418 419 428 431 434 442 449 445 444 453 461 463 468 470 471 475 481 482 488 497 506 508 510 508 517 517 520 528 530 539 543 544 545 546 555 558 567 571
133 135 138 145 151 159 168 175 184 183 189 190 197 200 208 204 205 209 213 222 230 238 243 247 252 253 260 260 265 271 268 273 280 275 284 290 296 298 299 300 309 312 319 322 327 334 342 337 338 346 355 364 367 370 379 382 391 399 404 396 399 407 409 413 422 424 427 435 443 444 451 458 467 471 476 469 478 477 482 490 497 500 503 499 501 504 510 511 520 528 537 544 545 548 549 555 556 560 562 567
141 142 140 149 154 163 172 179 186 191 198 193 201 205 207 213 206 216 216 220 221 230 237 239 243 249 251 259 260 262 264 265 273 274 280 289 298 307 308 307 316 320 320 329 336 335 344 340 340 349 356 360 363 371 376 384 390 396 395 394 402 405 413 420 416 415 424 430 438 445 446 455 463 467 467 461 469 478 483 488 491 496 503 496 500 502 511 520 524 526 535 543 542 544 552 555 564 563 571 570
142 149 141 148 153 162 169 178 185 189 198 201 208 214 210 216 210 214 223 227 230 230 238 239 237 246 252 261 269 269 273 272 281 283 286 295 300 309 309 310 319 325 327 331 337 342 346 342 349 356 364 368 364 365 371 376 382 389 394 390 399 401 410 411 412 413 420 427 429 436 445 448 457 459 459 460 467 475 479 480 484 488 495 493 502 508 509 516 519 521 529 537 538 542 549 556 565 564 573 573
151 158 150 151 157 165 174 172 181 190 198 200 201 206 214 214 212 213 216 221 225 227 228 234 235 244 250 254 263 266 275 273 278 279 287 296 305 311 311 311 320 328 332 338 344 351 352 349 358 359 368 375 371 367 368 375 380 381 385 386 395 404 406 415 414 416 418 427 428 435 436 445 450 453 454 461 468 469 471 472 478 479 486 492 499 508 514 515 516 524 530 533 535 543 550 558 567 573 578 580
155 164 159 152 153 162 165 171 178 186 194 202 209 211 220 223 219 215 224 222 230 234 236 236 237 238 248 257 260 267 276 276 282 288 293 298 301 308 315 313 319 323 329 337 345 354 356 358 367 368 368 377 374 368 375 384 381 389 394 395 398 406 415 423 416 419 426 432 437 443 440 442 451 457 460 466 473 477 477 478 485 484 493 500 504 509 511 520 518 526 534 537 544 551 559 564 566 569 575 571
162 165 158 153 159 168 174 177 185 188 197 206 207 216 212 221 220 216 225 231 237 235 238 242 245 243 251 257 263 266 268 269 275 284 293 293 302 308 315 319 325 331 334 341 347 348 356 363 363 366 367 374 371 370 379 388 386 393 402 403 405 412 416 421 425 426 434 437 446 450 441 448 456 457 459 468 476 477 484 481 483 490 497 492 498 500 507 512 514 519 525 531 540 548 557 564 567 565 570 567
171 169 162 155 162 163 172 181 189 196 197 200 209 210 211 219 228 219 228 237 234 237 238 247 254 245 252 253 260 264 270 270 277 285 287 292 294 302 309 316 319 323 328 333 338 346 347 355 361 370 369 378 379 379 387 393 391 393 398 407 414 413 419 423 432 434 440 438 439 443 444 449 450 459 460 466 475 484 485 485 482 490 488 491 496 500 501 510 518 525 531 533 538 542 549 556 558 562 567 565
176 175 171 164 168 171 179 188 193 196 204 209 214 219 213 218 226 220 229 231 233 240 245 254 254 248 253 257 263 269 270 278 278 283 292 301 303 303 311 317 322 327 336 339 339 348 356 360 366 368 375 382 379 385 394 398 395 402 406 409 405 413 417 420 426 430 432 439 440 437 439 444 453 456 459 462 471 480 486 480 480 488 487 495 498 500 509 515 516 525 534 539 544 550 547 548 553 554 562 564
180 184 179 170 169 170 175 183 192 194 199 207 209 216 214 223 229 229 237 232 235 241 247 252 256 251 259 263 268 277 277 284 280 281 284 294 303 312 314 315 321 322 331 336 336 343 351 360 358 366 368 376 377 385 389 390 399 400 407 408 401 410 417 418 427 428 432 431 431 429 430 439 446 448 451 460 465 472 478 471 472 479 484 490 494 495 501 510 518 523 527 532 535 544 540 548 553 562 565 557
184 188 181 178 177 179 180 188 196 201 200 207 209 217 217 221 230 238 237 235 241 250 252 261 259 260 261 262 267 276 278 282 289 290 285 293 298 306 307 311 313 321 329 330 331 338 343 352 355 364 370 370 378 380 382 383 390 394 398 399 400 401 410 413 418 423 427 425 426 428 430 434 439 440 449 457 458 467 472 470 475 473 476 485 489 497 500 509 517 514 523 524 530 536 532 539 546 553 562 555
193 196 188 179 183 185 188 197 197 203 206 207 209 217 220 227 231 240 238 240 244 248 256 265 268 269 267 263 272 273 281 283 292 292 287 295 300 309 313 320 322 328 335 332 340 339 344 345 354 356 361 366 375 384 388 390 397 401 398 403 409 410 412 419 419 421 423 424 433 437 437 440 441 448 449 458 467 465 465 466 467 472 481 477 486 490 498 503 512 513 519 525 521 528 529 538 539 544 553 554
201 194 193 187 192 187 196 200 201 203 204 213 216 221 224 227 229 237 238 243 245 254 254 261 264 270 275 266 269 272 280 285 290 297 294 304 304 311 319 328 324 333 337 329 334 340 340 342 350 354 363 368 376 379 380 386 390 393 395 399 406 412 421 421 428 428 425 426 427 429 430 433 441 443 448 456 458 456 464 471 468 469 475 476 484 488 492 497 506 513 510 516 517 526 534 538 546 552 559 563
206 201 199 196 200 196 203 203 202 209 205 214 218 223 228 234 234 236 243 249 246 249 251 260 262 269 275 268 271 279 286 294 299 299 297 304 310 315 322 330 322 326 332 326 327 335 339 347 349 357 360 361 370 378 386 387 395 392 397 402 406 415 423 423 431 428 427 428 436 431 439 434 441 447 447 454 449 450 457 465 469 476 478 479 488 492 499 502 510 505 507 513 517 526 531 532 540 549 558 562
212 204 201 198 207 202 211 212 205 211 210 212 221 225 228 230 232 240 248 257 252 256 257 262 271 270 271 277 277 285 292 293 300 304 299 300 301 311 316 322 321 323 325 324 331 332 340 346 353 360 364 362 368 377 385 386 390 391 397 406 414 420 420 426 429 428 433 436 444 440 440 435 436 438 445 446 448 453 462 467 474 477 478 482 485 487 491 500 503 504 513 520 518 527 534 534 536 545 550 553
215 210 203 200 208 211 213 218 214 218 215 221 230 233 236 231 235 242 250 259 253 259 261 268 273 271 277 285 278 283 285 293 300 309 301 302 302 308 311 312 314 317 319 323 325 334 339 347 349 358 367 366 367 368 377 380 381 390 392 401 405 414 411 419 427 425 426 435 437 445 448 440 445 446 453 450 457 462 463 467 473 474 481 487 492 496 497 506 506 511 520 524 523 531 532 540 537 541 550 559
217 211 211 203 210 217 214 223 220 221 223 222 230 235 237 239 242 244 253 254 257 263 268 269 277 274 279 285 283 292 292 295 301 305 308 307 311 317 312 313 321 319 326 331 334 342 348 342 350 353 359 357 358 361 370 372 381 385 386 393 402 407 406 415 418 419 420 427 430 439 447 449 445 447 449 457 464 469 469 474 474 477 485 487 491 500 506 513 512 520 523 532 529 535 541 549 545 543 545 552
219 212 211 210 214 219 223 228 227 230 230 224 230 236 239 248 243 244 252 259 259 267 274 277 280 279 281 287 289 298 301 304 306 313 317 316 314 318 317 317 325 320 322 323 326 334 343 337 344 347 350 353 356 364 371 375 384 388 394 394 396 401 404 413 414 420 429 436 431 433 441 442 443 452 451 456 463 469 475 483 479 486 490 496 497 506 514 518 519 525 532 541 538 544 549 552 548 544 545 554
228 219 220 219 216 225 231 234 228 236 232 227 236 237 238 242 243 245 247 255 261 269 273 276 279 282 283 292 293 299 307 310 315 320 323 317 319 319 323 326 332 326 329 325 329 331 333 334 335 340 343 352 356 361 362 369 375 384 390 399 400 408 405 413 419 422 431 434 433 441 438 433 436 445 448 456 457 461 470 477 481 488 493 498 499 508 516 519 526 526 533 534 541 549 555 557 556 553 552 561
237 228 220 219 218 223 227 233 229 237 238 229 235 243 243 244 246 251 256 262 270 273 274 275 284 288 288 293 300 300 302 304 312 319 325 326 324 320 329 329 338 335 330 334 337 332 341 342 343 341 342 344 352 361 362 371 380 383 389 396 399 407 408 409 418 418 425 427 434 441 433 432 440 449 452 460 463 469 474 483 482 487 494 501 507 504 513 517 523 528 537 538 547 556 564 566 559 562 554 558
228 223 222 226 225 224 232 240 236 244 243 235 238 242 250 249 254 259 263 271 277 282 282 277 286 288 294 301 309 301 302 304 313 314 318 324 319 328 336 331 338 333 331 338 336 335 342 343 352 346 347 346 348 357 364 372 374 375 381 390 392 400 407 410 419 416 424 432 427 432 429 431 440 446 453 458 467 475 482 479 479 480 488 492 501 502 511 520 528 537 546 542 551 560 565 573 568 566 562 559
229 230 231 232 229 229 236 244 244 253 247 241 246 245 254 253 256 260 266 268 275 282 283 283 291 297 295 299 307 302 308 305 306 311 315 316 318 325 329 338 346 339 340 347 344 344 344 352 353 354 348 352 349 357 361 369 373 374 380 386 393 397 400 401 410 413 422 423 425 427 428 436 439 446 455 456 465 472 473 474 477 481 490 495 497 506 515 516 522 530 537 546 552 555 562 566 565 565 567 565
234 235 238 241 238 238 245 247 251 255 250 242 248 250 255 262 261 268 275 273 282 287 287 292 294 300 299 303 309 311 314 312 315 317 317 323 324 328 331 332 337 339 342 348 353 353 353 361 362 354 349 357 356 357 359 361 369 378 386 394 394 398 403 407 413 422 429 427 433 435 437 444 447 455 464 462 471 478 479 482 486 482 491 492 501 506 515 524 528 536 545 541 549 554 561 562 563 564 572 570
243 244 239 248 247 247 251 248 255 246 245 244 253 252 259 259 260 265 274 282 291 291 294 300 303 302 304 312 317 318 318 316 319 325 325 330 328 335 340 341 345 341 343 351 360 358 355 364 360 359 358 361 361 362 364 368 375 383 387 391 400 407 404 410 419 423 426 433 440 436 444 446 451 453 461 470 479 482 488 489 485 484 492 501 510 510 519 528 536 541 536 538 544 545 552 560 569 573 580 572
248 246 247 256 248 256 257 251 251 250 254 248 250 252 257 258 266 274 281 285 286 287 293 299 304 310 307 316 325 322 319 325 327 326 326 335 334 343 344 345 350 343 351 360 361 365 357 366 367 362 359 368 368 371 373 375 384 392 396 396 402 407 406 413 418 424 432 437 435 436 439 442 451 458 467 474 475 484 492 493 487 490 491 496 502 505 514 523 527 533 534 543 552 552 558 565 566 574 573 580
249 253 255 259 251 255 256 258 253 251 252 254 259 256 259 263 269 276 285 287 292 290 299 306 308 311 310 312 320 328 328 331 335 333 329 337 343 350 348 346 355 352 358 359 360 365 366 375 368 368 368 377 375 375 375 380 382 389 395 396 405 413 413 417 425 426 432 433 434 439 448 450 459 462 467 468 477 482 488 489 494 491 499 504 511 514 515 520 523 528 537 546 547 554 562 569 567 575 571 580
250 259 256 262 258 256 264 267 262 259 259 257 266 265 266 271 278 281 286 292 294 298 303 312 309 317 315 316 325 332 334 340 341 342 336 345 348 355 350 354 358 354 355 363 367 373 369 370 369 377 374 377 378 376 377 382 391 393 398 405 414 417 422 426 429 434 441 440 442 447 449 458 459 463 464 472 478 485 493 498 496 497 503 508 512 521 523 521 526 531 536 541 542 551 557 564 570 573 567 576
257 266 261 265 267 259 261 269 265 265 260 260 269 274 272 278 284 282 284 285 294 300 302 309 314 321 324 320 324 325 328 331 332 333 342 343 352 359 351 353 355 363 364 366 369 376 378 371 376 385 381 385 384 378 386 389 397 402 405 412 417 423 423 427 432 440 449 448 443 449 457 459 467 470 472 479 480 482 490 491 492 499 507 515 516 517 519 524 525 531 539 545 551 560 557 558 561 564 565 570
264 265 270 274 273 268 264 273 270 267 264 267 271 279 275 281 285 283 287 290 299 305 306 314 316 325 332 329 329 328 334 339 337 342 346 344 352 358 360 355 357 358 360 369 370 379 379 372 373 378 386 394 389 379 388 397 406 409 412 413 414 421 425 425 426 431 440 441 446 449 458 466 472 475 478 480 484 486 494 496 497 498 500 508 509 517 520 523 532 537 538 545 550 553 556 555 562 571 570 573
273 274 279 278 274 277 272 280 271 271 273 268 277 280 282 290 294 292 295 297 303 306 312 320 317 320 328 335 336 334 340 341 342 350 349 353 355 358 364 363 365 363 368 369 377 385 387 381 381 386 394 392 385 383 390 395 399 400 409 416 415 416 424 423 431 440 447 449 455 450 453 459 467 472 477 482 483 492 501 500 505 500 509 516 515 522 523 525 526 528 529 538 541 544 551 552 561 570 577 582
282 283 288 287 282 279 275 280 278 280 282 276 285 281 285 294 296 301 298 298 301 302 309 318 326 328 333 336 344 337 345 347 344 352 358 354 361 359 364 371 366 367 372 378 385 393 388 387 390 390 392 401 393 391 396 403 407 409 418 417 416 417 419 421 429 432 440 444 451 458 458 465 470 477 486 491 486 495 497 498 506 501 503 507 512 521 523 529 527 536 537 545 550 553 560 557 563 564 573 580
284 292 293 290 289 280 276 282 287 279 278 277 279 285 286 295 304 308 307 307 307 309 313 317 323 324 333 339 345 344 351 349 349 351 352 360 366 367 370 379 375 376 381 382 390 394 393 395 398 393 395 399 402 395 402 409 412 418 420 418 418 426 428 425 426 435 441 443 452 456 459 461 468 475 478 487 491 497 503 506 509 509 512 510 511 515 521 528 532 536 540 542 545 546 555 564 572 568 572 576
292 300 294 290 286 282 283 290 288 287 286 279 281 286 290 295 304 309 312 316 309 317 315 322 331 326 335 341 343 347 352 358 356 360 353 357 358 364 373 381 380 377 385 389 390 391 398 396 399 396 404 407 403 398 400 406 407 416 421 427 427 427 429 430 433 440 444 449 450 459 467 470 475 478 481 482 487 496 505 506 515 510 513 511 519 524 529 535 541 541 549 545 549 555 560 561 566 575 574 583
293 296 303 299 291 287 292 292 295 289 289 280 281 284 291 294 303 310 312 316 315 324 319 328 335 335 344 346 352 351 360 365 360 360 359 366 367 373 377 379 385 382 391 391 399 400 407 405 404 400 408 413 412 407 408 415 414 420 421 430 436 435 431 433 442 441 443 449 456 465 466 471 480 479 480 481 490 499 508 514 515 517 517 518 521 530 532 533 541 550 558 554 553 556 558 560 568 570 579 588
296 305 312 306 298 295 295 300 298 297 293 284 282 289 295 299 300 305 312 318 323 327 326 333 338 338 346 347 355 354 358 367 369 365 366 369 368 371 378 377 379 383 384 393 396 402 404 406 410 401 404 412 419 412 410 416 417 421 430 432 436 443 439 442 444 450 452 451 454 462 471 477 478 481 481 490 499 501 502 508 516 524 518 524 528 536 541 540 545 553 558 558 560 558 560 565 573 579 588 597
305 312 318 310 305 304 298 306 302 300 293 292 283 288 296 305 309 313 312 318 321 327 335 340 345 343 351 355 364 360 367 376 374 366 367 371 370 371 375 376 377 386 386 387 388 397 405 413 413 410 408 416 425 419 417 424 426 426 433 438 438 441 445 451 453 458 460 453 461 468 469 477 485 487 482 484 490 497 505 514 522 521 525 529 537 543 548 549 554 557 564 563 564 564 569 573 581 586 593 596
312 321 326 318 310 302 299 300 309 304 300 291 284 288 293 300 306 309 310 318 324 330 339 347 342 351 354 359 362 368 374 383 374 369 374 372 372 378 383 380 382 388 393 396 395 397 403 408 417 415 409 417 420 427 419 426 433 430 435 439 443 444 449 455 457 458 460 455 461 470 475 484 486 495 490 493 498 501 509 513 514 518 524 526 533 542 548 551 552 560 569 570 571 568 573 575 583 590 599 604
317 326 329 323 317 308 302 309 315 306 304 297 293 293 295 300 303 312 319 321 322 331 332 339 340 349 350 351 353 362 369 377 376 373 380 380 379 385 387 386 390 394 401 404 399 400 405 414 423 424 418 422 422 423 423 431 434 439 436 441 442 444 452 459 458 460 458 456 464 465 474 483 491 495 497 499 501 509 510 512 513 515 522 531 533 537 544 552 555 556 564 569 573 576 574 582 590 598 605 611
323 330 330 321 320 313 305 306 308 311 302 295 294 298 299 307 308 315 317 326 331 340 333 338 347 350 358 352 359 360 369 375 383 382 386 387 387 391 395 394 395 395 397 402 408 401 407 415 424 432 427 425 428 432 432 432 439 442 437 438 440 448 449 452 458 463 460 465 473 474 482 485 486 491 500 508 505 507 509 518 519 516 525 529 532 537 546 552 558 557 562 568 575 572 576 585 585 591 600 605
326 330 322 321 319 317 311 314 313 305 300 298 295 300 302 308 316 322 319 322 330 338 334 338 340 349 357 358 360 368 377 384 386 389 394 391 393 400 397 399 401 402 398 403 412 409 415 422 424 429 434 427 435 437 434 441 445 444 444 441 444 446 450 453 460 462 465 466 474 480 485 489 490 499 500 509 509 508 515 517 526 520 521 523 532 536 545 554 555 556 559 568 567 570 576 580 584 593 601 608
330 337 329 330 326 321 312 321 320 311 303 304 303 304 310 313 316 324 325 328 337 338 340 347 348 351 360 367 368 372 374 383 385 393 402 395 400 407 398 406 406 404 405 411 412 417 422 428 427 428 437 432 441 444 435 437 438 441 447 450 445 454 457 460 468 463 471 475 481 489 486 488 495 498 507 516 517 509 512 518 526 527 529 532 540 537 544 552 561 561 559 561 564 569 577 581 590 593 598 607
336 345 338 338 332 328 321 322 313 306 305 307 307 313 311 320 320 329 334 335 341 345 344 348 349 357 361 363 364 365 374 375 378 387 395 396 401 404 407 412 407 405 414 419 421 426 429 437 428 432 441 441 448 439 436 445 445 442 451 451 447 456 465 464 473 472 477 476 478 487 493 492 493 496 502 511 513 517 519 522 524 531 537 541 549 542 543 547 555 557 558 567 573 570 577 581 583 590 591 599
337 346 344 337 336 327 324 318 311 309 309 309 315 318 318 320 322 330 331 335 344 350 349 356 358 366 365 365 366 372 378 384 386 395 399 404 409 413 408 416 415 409 418 424 422 431 437 444 435 440 449 444 445 441 443 444 452 450 456 459 453 458 468 471 473 477 479 484 483 485 493 494 496 505 504 506 515 524 526 531 525 533 534 537 546 546 546 555 562 560 562 568 574 571 580 588 591 593 600 601
345 354 345 344 335 334 327 320 312 316 312 313 319 319 327 321 323 327 329 337 344 353 356 357 358 362 369 373 374 381 387 385 392 396 404 410 417 417 410 413 422 415 416 424 425 430 436 443 440 443 450 450 445 442 451 451 458 459 465 460 461 460 461 464 472 476 485 485 484 493 502 495 501 508 508 512 521 523 527 530 533 534 542 541 545 550 551 554 561 569 566 570 571 579 581 587 588 597 599 608
354 351 342 339 335 329 328 323 316 325 317 316 325 326 334 329 330 335 337 346 352 356 357 360 359 367 376 381 382 390 390 394 396 405 408 409 413 414 416 414 417 419 424 427 431 439 437 439 447 445 446 449 446 448 455 452 453 455 456 465 470 467 467 469 479 485 487 486 490 492 499 500 504 505 507 516 525 528 535 538 535 535 541 549 547 548 557 555 564 570 575 573 579 584 590 588 590 591 598 605
360 351 349 340 338 338 335 326 320 323 320 325 330 327 333 338 339 344 339 340 348 357 366 369 367 375 384 389 391 396 399 398 401 402 407 411 412 416 417 415 424 422 424 433 432 440 441 443 449 449 455 452 449 451 459 461 461 463 457 458 462 471 473 470 471 476 483 487 494 501 508 502 510 513 510 513 517 519 527 531 535 540 544 549 549 557 563 564 568 575 576 581 580 587 588 591 591 596 603 610
363 354 356 347 340 341 338 333 324 328 324 329 338 335 340 342 342 350 341 345 354 355 363 364 368 369 378 387 393 398 403 402 404 410 416 417 417 425 421 418 422 430 431 440 436 437 446 447 448 457 455 454 458 452 460 466 467 471 463 459 465 466 470 479 476 485 491 489 499 503 509 503 511 517 517 514 519 527 534 540 544 544 550 556 558 559 564 569 575 582 577 583 589 595 593 592 592 598 600 606
367 363 362 356 349 348 340 333 329 330 329 330 339 344 349 345 350 347 343 351 360 359 365 370 375 377 385 388 397 398 406 403 409 417 424 419 424 431 428 426 427 435 437 441 438 446 453 452 457 462 464 462 457 454 460 469 476 473 466 466 474 474 475 478 482 485 492 490 496 501 508 512 512 517 526 523 520 524 525 531 536 544 548 557 566 567 573 570 578 585 586 587 590 598 601 601 599 607 606 607
375 372 371 362 358 357 349 342 333 331 338 331 333 342 347 353 359 356 351 353 354 363 366 375 376 385 389 389 394 403 412 411 414 418 427 425 426 434 435 432 433 442 445 449 446 455 455 453 459 468 468 468 459 455 464 470 472 470 468 469 477 482 483 485 490 492 498 499 498 507 512 518 521 526 527 532 525 532 532 534 541 546 554 562 568 575 582 576 577 585 589 595 596 604 608 610 607 616 615 611
375 367 366 362 359 362 353 344 339 340 335 334 337 338 343 344 353 355 357 361 363 365 369 377 379 388 390 395 402 411 413 416 416 417 425 433 435 436 438 441 436 437 446 453 455 457 463 454 455 462 471 474 468 462 471 479 477 475 469 475 482 488 491 492 499 494 503 504 499 507 515 524 529 534 535 541 532 541 533 536 544 551 556 557 565 574 575 577 586 591 597 604 603 604 611 618 609 614 623 615
383 374 373 365 357 356 354 346 343 339 338 343 338 347 345 353 360 358 365 367 372 366 375 383 386 393 397 403 410 418 422 422 425 419 422 426 432 434 442 439 437 438 443 444 452 460 466 463 462 466 474 475 477 471 480 485 482 484 477 483 491 494 498 500 507 501 510 509 506 514 522 524 524 533 539 543 535 538 539 545 548 549 556 562 563 565 572 580 588 596 604 606 611 605 612 613 618 622 623 624
390 381 373 373 365 362 353 346 345 341 343 352 347 354 347 348 351 358 359 362 365 373 377 384 386 390 399 405 414 423 427 431 423 421 422 429 438 439 446 443 443 439 442 446 449 456 464 468 464 473 474 478 474 472 480 488 486 490 481 482 490 495 499 501 510 506 510 510 508 517 525 522 523 525 533 534 538 547 547 547 548 551 559 565 567 568 577 585 586 593 601 609 609 607 613 621 619 628 632 630
383 380 371 371 362 353 352 351 351 347 345 353 355 352 350 353 358 364 368 364 368 370 379 382 388 396 397 404 411 420 425 428 431 422 423 425 431 440 447 452 452 448 451 448 456 464 469 471 471 472 481 486 483 479 488 491 491 495 490 485 492 499 502 506 514 515 518 514 511 513 515 519 522 523 532 536 546 549 552 551 549 554 563 570 576 573 582 589 595 601 606 612 612 616 621 622 625 630 635 638
375 371 368 366 365 357 359 352 352 353 354 361 356 357 354 361 365 373 375 366 367 370 378 379 380 387 390 399 403 412 421 422 423 425 432 434 440 447 454 461 458 457 459 457 465 473 478 473 477 475 476 485 483 482 491 495 496 500 497 493 500 508 510 515 523 522 518 516 513 519 523 527 531 532 538 540 550 557 559 559 558 558 563 571 579 582 590 592 599 604 613 621 621 622 630 628 628 629 633 641
384 377 377 374 367 365 357 353 359 357 358 360 365 365 362 369 366 367 376 375 371 378 383 388 381 390 398 403 410 416 417 424 430 432 430 438 447 446 450 457 461 466 467 464 471 472 477 474 481 484 483 487 485 491 492 494 502 509 506 500 508 514 519 524 524 529 524 524 516 525 531 528 534 541 545 542 552 560 567 562 561 567 566 574 582 591 594 595 597 600 607 616 613 614 621 630 632 633 640 646
388 380 380 376 367 363 362 362 367 358 363 367 370 371 366 375 367 376 382 384 379 380 385 392 389 392 399 405 412 417 420 418 421 426 428 432 441 443 449 450 458 467 470 465 470 478 479 483 490 493 485 494 487 492 498 501 507 515 512 507 516 516 521 524 531 537 530 527 519 528 536 530 533 540 544 546 550 555 563 563 565 566 569 578 583 590 595 602 606 606 599 608 612 614 623 632 641 640 643 652
391 384 381 384 376 372 371 371 368 367 370 374 378 372 375 371 368 376 384 385 387 382 391 394 392 397 398 403 407 408 412 416 424 433 431 432 439 443 448 449 458 467 473 467 470 479 485 486 489 498 494 503 496 493 501 508 508 509 511 511 515 522 529 525 534 536 530 526 522 526 534 538 534 540 548 553 551 553 554 557 559 568 575 579 580 587 586 594 601 602 597 606 609 618 624 628 637 641 642 651
398 392 389 391 382 377 380 378 377 370 371 380 385 378 384 378 377 378 383 390 396 391 400 395 397 405 407 406 415 417 417 425 428 436 440 438 447 452 455 458 461 462 471 470 477 485 493 489 497 504 501 505 498 502 504 509 512 512 519 519 518 524 533 534 538 543 537 532 523 532 534 539 536 545 552 559 553 555 562 564 562 567 568 575 577 581 585 587 592 593 594 603 608 611 618 627 632 633 641 643
406 401 398 400 391 384 382 379 380 371 380 383 391 383 390 381 386 380 389 391 400 392 394 401 400 409 410 407 409 413 422 431 433 437 446 445 452 459 459 465 470 471 478 475 482 487 491 493 497 506 503 505 500 509 505 514 520 514 521 528 523 531 537 543 539 543 536 535 527 536 543 547 540 547 551 551 560 563 570 565 567 572 574 583 584 583 587 588 596 596 597 606 608 617 626 630 635 641 647 644
414 408 402 393 392 391 389 380 382 374 383 389 395 392 392 383 389 383 390 395 403 401 403 410 407 413 419 416 412 421 424 426 435 436 445 453 460 466 465 466 468 476 483 478 482 489 491 497 506 513 504 513 509 518 510 518 523 523 526 535 529 538 543 550 548 551 543 536 535 542 550 548 542 543 544 549 558 566 573 568 571 575 578 586 591 584 591 597 603 599 605 606 614 622 623 632 641 642 647 650
411 404 395 394 399 399 390 381 389 381 388 392 398 395 401 392 392 389 396 397 400 401 407 413 409 410 414 422 414 423 425 434 440 441 450 458 459 468 474 472 477 485 490 487 484 486 492 501 507 513 505 506 508 516 511 513 519 520 528 534 535 529 538 545 550 543 551 542 544 551 559 550 547 550 548 552 560 564 571 574 580 583 586 591 588 586 588 593 595 602 605 611 618 621 628 637 646 649 656 659
411 402 401 402 406 397 392 383 390 390 396 401 402 397 404 399 401 398 397 398 401 402 410 419 417 412 421 419 416 417 420 427 436 442 447 456 459 463 470 477 478 486 490 487 485 490 493 502 504 506 513 515 509 518 518 514 517 520 524 526 527 528 532 541 547 542 550 549 551 560 564 557 556 554 551 554 562 570 576 583 586 592 593 600 596 591 595 602 602 608 608 609 618 625 634 642 649 650 659 666
417 408 410 407 407 398 398 392 391 399 397 400 407 398 407 408 409 407 406 407 402 410 416 425 418 413 421 423 425 419 428 436 443 443 447 453 454 461 464 469 476 485 493 490 493 498 502 510 505 513 514 519 517 525 524 522 522 524 532 531 531 529 537 538 539 541 546 552 552 558 567 565 564 563 559 562 565 569 578 582 583 587 593 602 597 592 595 602 605 610 614 616 617 626 634 636 642 649 652 657
414 411 413 414 408 407 400 393 397 399 402 402 405 406 413 411 415 412 407 407 405 406 408 417 426 422 426 431 427 428 436 440 449 452 454 455 460 465 466 470 479 486 490 493 502 506 505 514 512 518 523 528 520 526 530 530 523 531 539 533 540 538 542 545 546 543 544 550 559 561 565 568 570 564 561 565 566 568 573 575 584 592 599 600 599 599 598 599 603 608 610 619 624 628 629 637 639 648 656 660
423 415 420 423 417 416 409 402 403 404 410 410 406 409 418 412 417 414 412 415 406 415 416 425 433 429 427 436 429 435 444 449 458 461 459 463 465 470 475 471 476 482 483 492 497 504 508 517 515 516 519 524 528 527 529 535 532 538 547 538 545 546 549 551 555 551 553 559 567 569 571 575 574 569 563 572 568 575 574 583 589 593 596 605 605 607 602 607 604 612 619 628 627 628 637 643 641 646 648 651
424 423 429 424 425 421 412 408 404 409 413 411 409 410 418 420 424 416 415 423 414 415 416 425 431 430 434 443 434 443 444 453 461 470 466 464 473 476 475 474 475 481 490 497 506 513 513 521 523 517 518 527 533 536 536 542 539 539 547 546 551 549 551 560 559 552 558 561 562 563 564 570 578 570 571 575 577 577 583 585 591 596 600 601 603 611 611 611 605 609 611 620 621 630 636 637 641 642 651 659
430 428 436 431 423 420 414 412 411 410 418 419 416 416 423 429 429 425 417 426 420 424 425 426 430 434 438 439 436 445 449 458 463 472 471 465 471 478 484 481 481 487 495 502 506 515 519 521 530 521 527 529 536 541 540 543 544 541 545 548 553 557 557 560 563 554 563 569 571 567 569 571 576 577 574 583 585 586 586 586 588 597 606 602 609 616 617 613 609 615 617 618 620 621 627 635 636 641 649 653
439 437 437 429 425 416 415 420 419 415 416 417 422 421 427 436 433 424 423 432 427 433 434 431 439 437 438 439 439 447 452 461 467 468 477 470 477 486 483 482 490 488 493 502 511 517 526 529 538 529 535 538 544 550 549 549 553 550 551 549 554 561 566 566 565 556 558 562 567 572 577 574 578 578 577 584 593 587 591 587 591 592 599 607 615 621 625 616 614 618 625 624 629 623 630 636 641 640 641 644
446 437 429 428 419 418 423 424 420 423 421 419 428 422 430 431 440 433 428 431 428 432 441 435 443 438 446 447 447 448 450 458 461 467 476 479 486 490 492 485 489 497 501 510 519 526 533 536 533 531 533 542 545 553 550 557 560 559 556 557 563 565 571 567 569 565 559 566 570 574 575 583 586 585 586 591 600 595 592 591 599 594 597 599 607 616 616 625 620 625 631 633 634 625 626 627 632 638 646 645
443 436 429 428 420 424 432 428 429 427 430 428 433 425 432 432 437 440 431 435 430 439 448 442 451 445 454 449 451 455 456 464 463 469 478 482 491 491 496 490 496 504 507 515 524 529 538 545 540 536 540 549 553 558 557 560 566 567 559 558 567 574 576 576 572 564 562 570 577 580 583 589 594 594 594 596 600 596 601 596 604 595 598 599 607 609 612 620 628 626 631 632 631 628 632 630 640 640 644 652
448 442 433 429 429 427 429 429 438 429 435 437 435 426 435 441 440 439 432 439 438 441 448 447 452 451 458 453 454 459 461 470 472 478 479 488 491 500 501 497 505 509 514 516 523 524 533 542 547 544 541 550 558 559 562 567 572 576 567 561 567 576 585 585 576 569 568 576 580 589 591 596 603 595 602 599 600 599 606 597 606 603 607 608 616 613 621 629 635 634 632 640 636 635 640 636 639 641 650 657
448 440 434 437 435 434 431 434 437 430 434 443 438 435 444 442 442 448 441 444 444 450 457 451 458 452 461 458 463 461 463 470 477 482 484 487 496 503 503 506 511 516 517 517 523 527 534 543 547 550 542 550 559 568 566 569 574 581 576 570 576 583 588 587 585 577 577 582 588 597 592 601 606 601 608 605 606 600 609 602 611 611 616 617 622 614 623 631 640 643 640 646 637 640 643 643 646 642 643 647
450 443 443 444 443 440 440 441 432 431 439 442 445 436 441 446 450 449 448 446 446 448 454 459 458 457 458 467 471 468 472 471 479 487 493 489 498 499 507 504 513 517 526 522 527 536 540 542 550 554 549 558 563 564 573 578 575 576 581 575 582 591 597 590 584 581 583 590 597 600 598 607 610 602 609 613 605 603 606 603 610 613 622 626 629 622 629 633 642 649 648 650 642 648 648 647 652 644 651 653
453 447 448 452 444 448 447 445 438 436 443 443 452 445 450 455 459 455 453 452 454 450 458 466 467 458 466 467 475 473 480 477 484 490 497 490 497 502 510 503 504 513 522 531 536 533 533 538 544 545 546 550 554 556 565 574 583 585 586 584 583 592 597 598 592 584 592 599 601 602 606 609 617 610 615 618 613 604 612 612 614 622 628 632 632 624 633 642 646 654 657 654 649 655 654 656 660 653 657 654
456 456 450 453 449 456 448 446 445 445 445 452 454 447 456 463 468 463 454 453 456 453 461 463 472 465 466 474 477 482 489 486 486 495 502 494 496 498 501 502 504 508 516 524 530 531 532 534 543 551 552 559 562 565 568 576 583 592 593 585 591 600 601 603 598 592 601 607 608 603 608 615 618 615 618 617 616 612 620 621 623 623 631 632 633 625 632 639 647 648 655 662 655 656 663 665 664 660 665 663
