  0 505 499 504 507 503 512 514 517 523 516 512 506 511 512 510 504 505 509 508 511 520 528 524 533 528 526 531 534 535 539 536 537 546 547 550 544 551 552 553 561 564 573 574 580 577 581 583 591 595 598 600 609 613 610 618 618 625 628 633 642 634 636 644 653 651 655 663 664 670 679 688 695 697 704 706 709 707 712 707 712 720 724 732 734 743 751 760 757 763 9223372036854775808 9223372036854775808 9223372036854775808 9223372036854775808 9223372036854775808 9223372036854775808 9223372036854775808 9223372036854775808 9223372036854775808 9223372036854775808
  8 498 497 498 498 502 503 510 515 514 511 503 504 502 503 509 503 506 504 505 508 514 519 523 528 526 522 524 530 538 530 532 536 543 544 552 543 549 555 562 562 563 569 573 581 573 576 578 583 587 589 595 603 604 604 611 614 617 619 627 636 628 636 645 649 648 655 658 666 674 682 681 686 689 696 701 701 698 707 704 706 715 724 728 736 745 750 758 755 762 760 9223372036854775808 9223372036854775808 9223372036854775808 9223372036854775808 9223372036854775808 9223372036854775808 9223372036854775808 9223372036854775808 9223372036854775808
 16 490 488 497 495 504 496 502 507 507 504 501 495 495 497 502 495 498 499 506 515 514 521 515 519 521 518 524 527 531 525 529 537 544 553 549 542 547 547 555 562 568 560 565 572 567 575 581 589 587 591 594 595 597 602 610 613 612 619 626 634 626 634 637 641 646 653 655 661 667 676 678 686 686 687 695 696 697 698 702 705 714 723 724 731 740 741 750 746 753 758 763 9223372036854775808 9223372036854775808 9223372036854775808 9223372036854775808 9223372036854775808 9223372036854775808 9223372036854775808 9223372036854775808
 17 494 487 489 490 495 493 494 498 505 502 496 493 491 490 495 493 498 500 509 512 507 512 507 513 514 517 519 520 522 524 531 537 539 548 540 540 541 546 547 553 559 557 559 565 564 572 577 580 586 590 585 589 596 602 605 606 610 618 617 625 625 626 632 641 645 652 654 662 671 671 680 682 682 691 691 700 697 703 706 714 718 716 717 723 732 734 743 742 744 749 757 760 9223372036854775808 9223372036854775808 9223372036854775808 9223372036854775808 9223372036854775808 9223372036854775808 9223372036854775808
 26 494 486 483 489 490 492 499 502 497 493 494 494 490 488 486 490 499 503 503 507 500 503 503 506 510 508 510 512 515 520 522 529 530 539 534 533 542 547 539 548 550 551 558 556 563 569 572 580 584 590 582 584 593 595 602 611 612 612 614 620 619 627 636 638 642 649 654 658 666 663 671 673 681 683 684 693 694 696 697 706 714 715 718 724 726 734 735 736 740 747 749 751 760 9223372036854775808 9223372036854775808 9223372036854775808 9223372036854775808 9223372036854775808 9223372036854775808
 28 488 479 477 480 481 490 499 496 488 486 488 486 481 479 485 493 493 498 497 499 496 502 501 503 509 507 512 511 512 517 513 520 529 530 537 530 535 541 536 541 544 550 558 555 561 560 566 572 576 583 579 587 588 597 601 603 607 608 611 615 618 622 627 636 638 642 646 655 657 662 663 672 678 686 684 693 702 702 705 706 715 721 719 728 727 735 740 745 749 749 753 752 757 763 9223372036854775808 9223372036854775808 9223372036854775808 9223372036854775808 9223372036854775808
 29 480 471 471 476 480 489 494 488 486 477 484 477 472 473 479 486 487 489 495 491 487 494 498 494 501 505 507 508 515 518 510 517 524 531 528 528 529 532 533 540 541 549 553 553 560 557 560 567 569 578 577 581 586 588 594 596 601 610 613 614 617 622 631 639 646 645 649 653 654 655 662 669 670 678 683 687 693 700 703 705 708 713 721 730 735 742 743 739 746 747 747 751 759 764 760 9223372036854775808 765 764 9223372036854775808
 33 473 467 470 479 482 486 488 480 484 476 481 477 471 479 479 485 480 489 488 491 485 493 500 493 492 497 498 506 511 511 509 513 520 523 527 526 530 536 536 545 547 550 553 549 552 554 558 564 573 575 576 584 593 590 594 597 599 605 608 610 612 614 623 631 640 647 646 649 655 664 670 678 671 680 680 681 686 694 696 697 705 709 713 721 726 733 735 737 744 740 745 753 753 757 759 765 757 757 760
 41 467 466 468 472 473 478 481 478 482 474 474 479 470 473 478 477 479 487 479 484 483 491 493 495 489 493 500 509 514 507 507 511 515 522 526 517 522 529 538 542 539 542 544 547 556 560 567 570 572 571 574 579 586 593 599 606 607 613 617 613 619 617 626 635 641 643 645 651 653 661 669 671 673 676 678 680 684 685 688 695 703 704 707 712 720 725 726 728 735 732 741 744 748 755 757 760 756 748 756
 42 459 463 460 465 468 477 475 472 479 470 471 472 469 475 484 476 472 481 478 486 479 488 494 486 488 492 501 508 505 498 506 511 514 518 519 510 516 524 533 535 535 543 545 549 551 560 569 567 569 568 577 579 586 594 602 606 608 612 613 613 622 623 628 628 636 640 644 644 652 653 660 665 673 679 676 677 686 694 692 701 698 698 702 707 711 717 723 724 726 726 734 743 739 747 749 751 754 747 753
 51 454 461 453 461 463 469 469 469 473 469 471 467 461 467 476 476 467 472 470 477 478 484 487 484 493 493 497 499 503 497 502 504 511 510 515 508 512 519 528 532 534 541 549 556 553 556 560 562 562 567 575 576 581 586 595 598 600 603 604 607 614 620 621 622 628 634 635 641 644 652 654 660 669 670 674 680 689 692 696 700 697 689 693 702 708 714 715 716 724 725 726 735 738 739 741 744 745 746 754
 56 449 458 452 460 468 461 468 467 466 462 462 458 457 458 467 470 465 474 468 477 473 480 487 482 491 496 496 505 496 495 501 500 509 509 510 506 509 516 520 523 525 533 540 548 547 547 551 553 561 569 577 577 586 587 595 597 604 605 611 616 621 625 626 625 632 637 631 634 639 643 652 658 667 665 673 679 683 684 691 692 688 687 690 698 703 711 707 707 716 717 725 726 730 739 740 744 753 754 757
 58 446 449 451 453 459 453 462 469 461 460 459 459 453 459 460 461 462 471 467 468 472 474 479 481 482 490 493 502 498 491 493 499 502 501 507 505 507 516 518 521 523 527 534 542 539 540 543 552 557 561 570 577 581 586 589 592 596 600 609 618 623 623 632 627 632 631 626 634 643 649 643 652 659 660 666 670 675 684 682 691 683 685 688 691 698 703 702 705 710 714 721 727 733 740 744 736 745 748 756
 66 442 444 449 447 450 448 456 460 460 461 452 451 444 453 460 464 466 467 464 473 475 472 472 481 490 491 484 493 489 490 498 507 502 494 498 504 510 513 517 526 530 535 535 536 538 547 552 551 557 566 572 573 574 583 583 584 589 596 604 610 618 621 629 620 624 623 625 626 635 640 641 650 653 661 662 663 670 675 674 683 681 687 694 698 693 695 699 700 701 708 715 718 727 731 739 735 744 740 747
 73 441 435 441 438 442 444 453 452 456 459 450 444 440 447 455 455 457 459 456 464 472 466 467 474 483 484 482 486 488 495 504 502 494 493 499 501 502 511 515 521 530 535 529 538 533 541 546 550 553 557 565 572 581 580 577 586 593 600 601 601 609 613 622 614 615 622 624 627 636 639 644 649 645 652 654 657 664 667 673 679 680 681 689 689 691 700 698 699 707 710 718 719 721 730 730 733 742 737 742
 74 433 434 432 435 437 441 447 451 447 450 448 440 436 438 447 450 451 454 455 463 463 465 466 467 476 475 481 486 489 496 505 497 496 492 499 493 499 507 506 515 524 526 526 535 526 535 542 544 549 556 564 573 573 572 573 582 587 592 593 600 609 605 613 613 614 615 622 627 635 642 644 642 643 644 645 653 659 660 669 677 671 675 680 681 688 694 697 699 705 707 709 717 726 729 725 724 733 732 733
 83 428 425 431 432 437 439 446 448 446 444 451 443 435 439 442 446 443 451 450 455 455 462 457 464 467 471 478 482 490 499 497 489 493 491 490 490 496 501 505 511 520 529 524 527 524 527 533 540 542 547 556 565 574 571 576 583 586 591 594 599 607 603 604 612 617 623 631 628 637 639 637 640 649 651 650 659 660 666 668 674 666 667 675 684 691 692 699 699 704 709 708 716 721 726 721 722 729 731 739
 89 426 418 427 433 428 437 442 446 446 438 443 440 432 439 433 437 440 442 444 450 448 453 454 457 462 465 469 477 485 491 489 480 486 482 483 487 491 496 502 509 515 522 521 519 521 527 536 544 548 549 558 556 565 566 570 576 581 589 595 599 601 597 606 607 616 624 629 633 632 631 636 640 644 646 647 654 660 658 664 667 665 673 680 685 694 693 701 693 699 702 706 715 722 725 718 719 727 728 737
 93 420 416 422 429 426 432 439 438 437 436 440 434 431 439 430 431 436 442 445 445 443 444 448 449 458 459 460 468 476 485 482 473 477 478 486 495 497 499 505 506 511 518 526 518 525 530 539 548 553 550 550 552 556 565 570 577 575 583 589 593 598 595 602 611 612 619 623 625 631 623 632 631 636 637 646 645 651 650 655 658 661 668 677 680 687 696 701 692 699 698 705 706 713 718 717 726 730 736 741
 94 420 413 420 422 421 428 435 434 428 429 438 439 430 430 426 427 433 433 442 444 439 442 451 453 458 466 463 469 476 479 476 472 474 482 480 487 494 503 500 508 504 512 517 516 519 528 537 539 546 551 546 553 554 561 570 571 572 580 582 589 591 593 601 602 611 615 614 623 626 621 630 630 638 640 638 636 643 646 651 660 669 673 677 683 692 692 700 691 695 697 703 709 708 709 709 717 722 727 732
100 417 412 413 418 419 428 429 433 426 420 429 436 427 425 422 418 426 425 434 435 438 447 453 448 453 458 463 465 469 471 473 466 467 474 475 478 487 495 499 501 498 503 510 513 522 528 529 530 539 542 544 553 556 557 563 570 571 578 584 583 592 589 595 600 604 612 611 618 618 618 624 628 636 632 629 635 637 642 651 659 666 673 675 675 684 690 692 685 686 693 695 701 707 712 708 710 717 726 734
109 408 405 411 411 420 425 420 427 428 419 421 428 420 416 418 415 418 420 427 436 438 444 449 447 449 450 455 458 460 462 464 465 473 472 477 471 480 486 491 492 495 496 505 506 515 521 528 532 538 535 543 549 555 561 570 566 575 576 577 581 586 583 590 596 598 607 602 609 609 610 615 619 628 634 626 635 644 650 653 657 663 672 679 670 679 681 683 684 689 692 699 692 699 704 700 705 711 717 726
118 399 398 405 407 413 418 419 419 419 418 423 421 413 412 416 412 419 425 431 432 435 439 445 445 444 447 448 449 451 459 459 466 464 466 469 469 471 480 487 495 497 500 504 507 513 521 522 531 531 534 539 547 556 556 562 561 566 567 568 574 577 574 583 589 591 600 599 600 607 608 616 624 632 630 624 629 635 642 644 653 659 663 671 669 673 678 674 676 685 691 690 691 691 700 696 701 708 710 718
122 390 395 398 401 408 412 420 415 422 416 418 418 416 407 407 411 412 416 423 425 434 438 436 442 443 441 447 456 454 454 456 457 457 460 465 467 475 484 492 494 498 501 510 504 510 517 519 528 526 528 531 540 547 552 553 559 563 568 567 567 568 573 580 589 594 592 591 600 601 601 610 617 626 624 621 630 636 638 646 646 655 662 662 660 669 675 673 675 684 685 689 696 688 692 693 702 710 714 719
127 387 391 397 397 402 404 411 413 415 409 412 415 413 404 403 409 403 408 416 425 434 439 430 433 437 440 438 447 446 453 450 455 452 461 465 474 480 479 483 485 491 492 501 502 504 508 516 525 524 529 530 534 543 552 558 559 568 561 558 565 573 572 580 589 585 586 590 597 598 599 601 610 618 619 620 621 629 637 638 643 652 653 662 659 661 670 665 669 677 684 692 692 684 693 687 695 701 710 711
132 382 385 394 389 394 403 412 413 408 408 404 412 409 404 397 402 400 406 415 421 427 431 422 428 431 431 436 443 443 444 444 452 451 453 462 470 476 473 477 484 490 495 499 503 508 509 510 518 520 528 535 534 540 547 552 558 564 560 552 556 565 571 572 581 584 587 596 605 601 600 609 617 619 625 621 628 629 635 636 642 651 657 653 655 653 662 662 665 673 675 684 683 683 684 685 694 697 706 710
133 381 379 386 386 394 403 406 412 403 402 396 403 400 400 396 395 398 402 411 416 419 423 420 421 422 429 429 434 440 437 442 449 444 453 459 465 467 468 469 478 481 488 491 496 503 511 511 512 520 529 538 529 532 541 543 552 557 557 549 552 560 562 566 575 577 580 588 596 597 598 605 614 620 621 614 623 625 630 638 645 645 648 644 646 649 655 656 665 668 677 684 679 682 686 694 695 699 701 706
141 383 376 382 380 389 398 399 406 401 404 395 397 397 392 401 394 399 402 406 407 411 417 412 412 418 420 428 429 431 433 434 442 443 449 458 467 476 477 476 485 489 489 498 505 504 513 514 514 523 530 529 525 529 532 540 546 549 548 547 555 558 566 573 569 568 577 583 591 598 591 600 608 612 612 606 614 623 628 633 636 641 648 641 645 647 656 665 658 660 669 677 676 678 686 689 698 701 710 709
142 382 374 373 375 384 391 392 399 393 400 392 389 396 390 394 393 390 399 402 408 402 410 410 406 415 421 430 438 438 442 441 450 452 455 464 469 478 477 479 488 494 496 500 506 511 510 512 521 525 525 530 522 521 527 532 538 542 547 543 552 554 563 564 565 566 573 580 582 589 590 593 602 604 604 605 612 620 624 625 629 633 640 638 647 653 649 656 653 655 663 671 672 676 683 690 699 700 709 712
151 384 375 366 370 378 385 383 392 389 391 384 382 387 387 388 389 387 390 395 399 400 401 407 405 413 419 423 432 435 444 440 445 446 454 463 470 474 476 477 486 494 498 504 502 506 506 513 521 518 517 524 527 520 521 528 533 534 538 539 548 557 559 568 567 569 571 580 581 588 581 590 595 598 599 606 613 614 616 617 623 624 631 637 642 649 648 649 650 658 664 667 669 677 684 692 701 709 711 711
155 378 372 363 364 373 376 382 387 380 383 386 381 384 379 388 390 386 395 396 402 398 402 402 404 405 414 423 426 433 441 439 445 454 460 458 461 468 475 477 483 487 493 497 495 497 500 509 512 515 508 517 521 518 525 534 534 542 547 548 551 559 564 568 569 572 579 582 590 588 580 582 591 596 598 604 611 618 622 623 622 627 636 631 635 640 642 651 649 657 665 668 677 685 693 698 700 700 706 702
162 369 367 362 368 370 379 385 380 372 375 378 373 379 370 379 383 384 393 402 394 391 394 400 408 410 418 422 428 430 432 433 438 447 456 453 462 468 475 481 485 489 492 489 487 488 496 503 503 506 507 514 515 517 526 535 539 546 554 556 552 552 555 560 569 576 579 576 581 583 576 583 589 590 592 601 609 610 617 618 615 622 628 623 629 631 638 643 645 650 656 662 671 679 688 695 698 696 701 698
171 362 368 361 364 361 370 379 373 369 366 369 372 370 369 377 386 385 394 393 387 390 391 400 409 411 418 416 423 427 433 434 441 445 447 452 454 462 469 476 479 481 486 481 478 486 487 495 501 510 509 518 520 526 534 535 538 540 545 549 545 545 551 555 564 569 571 571 572 574 575 580 581 590 591 597 606 615 616 616 613 621 619 622 627 631 632 641 649 656 662 664 669 673 680 687 689 693 698 696
176 355 361 359 357 360 365 374 365 361 365 372 363 372 368 373 381 382 391 384 386 393 398 407 413 413 418 415 421 427 428 436 434 438 446 455 463 463 471 471 476 477 485 476 473 482 491 496 499 501 508 515 512 518 527 529 533 540 546 540 536 544 548 551 557 561 563 570 571 568 570 575 584 587 590 593 602 611 617 611 611 619 618 626 629 631 640 646 647 656 665 670 675 681 678 679 684 685 693 695
180 349 352 350 351 352 357 365 360 358 357 365 358 365 366 375 381 390 386 382 385 391 397 402 407 410 415 411 415 424 427 431 433 434 437 446 455 464 464 465 471 472 479 470 470 477 485 494 491 499 501 509 510 518 520 521 530 531 538 539 532 541 548 549 558 559 563 562 562 560 561 570 577 579 582 591 596 603 609 602 603 610 615 621 625 626 632 641 649 654 658 663 666 675 671 679 684 693 696 688
184 340 343 344 350 357 357 358 351 356 352 359 356 364 367 371 380 387 378 381 385 392 394 403 403 412 407 405 410 419 420 424 433 442 436 443 448 456 457 461 463 471 472 464 465 472 477 485 488 496 501 501 509 511 513 514 521 525 529 530 531 532 541 544 549 554 558 556 557 559 561 565 570 571 580 588 589 598 603 601 606 604 607 616 620 628 631 640 648 645 654 655 661 667 663 670 677 684 693 686
193 333 340 336 342 348 352 350 343 349 351 352 354 362 365 372 371 380 376 381 379 383 389 397 400 406 410 404 413 410 418 420 429 433 435 442 447 456 462 470 464 471 470 463 472 472 476 476 485 487 492 497 506 515 519 521 528 532 529 534 540 541 543 550 550 552 554 555 564 568 568 571 572 579 580 589 598 596 596 597 598 603 612 608 617 621 629 634 643 644 650 656 652 659 660 669 670 675 684 685
201 325 331 335 344 342 344 341 342 344 345 354 361 366 367 368 367 375 375 380 375 384 381 388 391 397 406 403 406 409 417 422 427 434 441 449 447 454 462 464 455 464 468 460 465 471 471 473 481 485 494 499 507 510 511 517 521 524 526 530 537 543 552 552 559 559 556 557 558 560 561 564 572 574 579 587 589 587 595 602 599 600 606 607 615 619 623 628 637 644 641 647 648 657 665 669 677 683 690 694
206 324 325 327 335 340 335 337 338 345 346 354 358 363 363 365 365 367 374 379 373 376 378 387 389 396 398 400 403 411 418 427 435 433 436 440 443 448 455 461 453 457 463 457 458 466 470 478 480 488 491 492 501 509 517 518 526 523 528 533 537 546 554 554 562 559 558 559 567 562 570 565 572 578 578 585 580 581 588 596 600 607 609 610 619 623 630 633 641 636 638 644 648 657 662 663 671 680 689 693
214 317 319 318 327 331 328 334 337 343 348 345 354 358 358 358 360 366 374 379 372 379 382 387 396 390 391 400 406 414 418 419 426 431 433 434 435 444 449 453 452 454 456 455 462 463 471 477 484 491 495 493 499 508 516 517 521 522 528 537 545 551 551 557 560 559 564 567 575 571 571 566 567 569 576 577 579 584 593 598 605 608 609 613 616 618 622 631 634 635 644 651 649 658 665 665 667 676 681 684
219 314 316 316 319 325 319 325 334 338 343 343 351 355 355 356 359 358 366 370 366 372 376 383 388 389 395 403 404 409 411 419 426 435 435 436 436 442 445 444 446 449 450 454 456 465 470 478 480 489 498 497 498 499 508 511 512 521 523 532 536 545 542 550 558 556 557 566 568 576 579 571 576 577 584 581 588 593 594 598 604 605 612 618 623 627 628 637 637 642 651 655 654 662 663 671 668 672 681 690
225 307 313 314 311 316 317 326 328 331 339 334 342 347 347 355 355 351 360 361 365 371 378 379 387 390 395 401 406 415 418 421 427 431 438 441 445 445 442 443 451 451 457 462 465 473 479 473 481 484 490 488 489 492 501 503 512 516 517 524 533 538 537 546 549 550 551 558 561 570 578 580 576 578 580 588 595 600 600 605 605 608 616 618 622 631 637 644 643 651 654 663 660 666 672 680 676 674 676 683
232 306 305 311 304 309 318 323 322 331 335 333 339 345 345 354 348 349 357 364 366 374 381 387 386 391 390 396 402 411 420 425 430 438 446 445 438 436 441 445 453 452 454 455 457 465 474 468 475 478 481 484 487 495 502 506 515 519 525 525 527 532 535 544 545 551 560 567 562 564 572 573 574 583 582 587 594 600 606 614 610 617 621 627 628 637 645 649 650 656 663 672 669 675 680 683 679 675 676 685
241 308 304 305 300 309 315 319 315 323 328 331 340 341 342 346 347 349 351 359 365 373 377 380 383 386 388 397 401 407 415 416 425 432 437 436 435 432 438 447 454 458 461 457 461 463 465 466 467 472 474 483 487 492 493 500 506 515 521 530 531 539 536 544 550 553 562 565 564 572 569 564 567 576 579 587 588 592 601 608 612 619 624 629 630 639 647 650 657 657 664 665 672 680 686 688 687 684 683 692
250 301 295 296 298 303 307 313 314 322 331 333 339 347 347 348 350 355 360 366 374 377 378 379 388 392 393 398 405 406 408 410 418 425 431 439 430 431 440 443 452 461 455 464 469 464 473 474 475 473 474 476 483 492 493 502 511 514 520 527 530 538 539 540 549 549 556 558 565 572 564 563 571 580 583 591 594 600 605 614 613 618 625 632 638 635 644 648 654 659 668 669 678 687 695 697 690 693 685 689
255 292 294 301 305 304 312 320 321 329 337 334 337 340 348 353 352 356 361 365 370 379 379 379 388 390 396 404 413 407 408 410 419 420 424 430 425 434 442 444 451 453 454 461 462 465 472 473 482 478 479 478 480 488 495 503 505 506 512 521 523 531 538 541 550 547 555 563 558 563 560 562 571 577 584 589 598 606 613 610 610 611 619 623 632 633 642 651 659 668 677 673 682 691 696 704 699 697 693 690
256 291 296 302 306 309 316 324 329 336 333 328 336 336 345 348 344 348 354 356 363 370 371 377 385 394 395 399 407 408 414 411 412 417 421 422 424 431 435 444 452 451 457 463 470 474 474 482 483 486 480 484 481 488 492 500 504 505 511 517 524 528 531 532 541 544 553 554 556 558 559 567 570 577 586 587 596 603 604 605 608 612 621 626 628 637 646 647 653 661 668 677 683 686 693 697 696 696 698 696
261 266 287 296 305 314 322 316 323 327 327 322 328 333 338 344 341 349 358 361 370 372 375 384 387 393 397 401 407 416 420 418 421 423 423 429 430 434 437 438 443 445 448 454 463 472 481 490 492 486 481 489 488 489 490 492 500 509 517 525 525 529 534 538 544 553 560 558 564 566 568 575 578 586 595 593 602 609 610 613 617 613 622 623 632 637 646 655 659 667 676 672 680 685 692 693 694 695 703 701
270 275 276 289 298 307 313 313 322 318 319 321 330 330 337 334 335 340 350 359 368 367 374 382 389 390 395 404 412 419 417 421 425 431 431 436 434 441 446 447 451 447 449 457 466 471 473 482 483 488 490 493 493 494 495 499 506 514 518 522 531 538 535 541 550 554 557 564 571 567 575 577 582 584 592 601 610 613 619 620 616 615 623 632 641 641 650 659 667 672 667 669 675 676 683 691 700 704 711 703
275 277 284 293 294 304 309 312 313 317 323 323 325 327 332 333 341 349 356 360 361 362 368 374 379 388 391 400 409 412 413 422 430 430 431 440 440 449 450 451 456 449 457 466 462 470 472 481 487 489 490 499 500 503 504 506 515 523 527 527 533 538 537 544 549 555 563 568 566 567 570 573 582 589 598 605 606 615 623 624 618 621 622 627 633 636 645 654 658 664 665 674 683 683 689 696 697 705 704 711
276 283 291 299 297 301 302 309 311 312 313 319 328 331 334 338 344 351 360 362 367 365 374 381 383 386 389 391 400 408 417 423 429 429 432 440 446 451 447 448 457 458 459 460 461 466 475 484 480 486 495 504 507 505 505 510 512 519 525 526 535 543 544 548 556 557 563 564 565 570 579 581 590 593 598 599 608 613 619 620 625 622 630 635 642 645 646 651 654 659 668 677 678 685 693 700 698 706 702 711
277 286 287 293 300 301 309 318 320 320 320 322 331 340 341 346 353 356 361 367 369 373 378 387 384 392 394 395 405 412 414 420 421 422 429 432 437 444 443 451 449 451 452 460 467 474 477 478 479 488 494 497 500 501 503 508 517 521 526 535 544 547 553 557 560 565 572 571 573 578 580 589 590 594 595 603 609 616 624 629 627 628 634 639 643 652 654 652 657 662 667 672 673 682 688 695 701 704 698 707
284 293 292 296 305 304 306 314 317 323 321 324 333 342 347 353 359 357 359 360 369 375 377 384 389 396 403 399 403 404 407 410 411 413 422 423 432 440 441 443 445 454 459 462 463 470 479 478 485 492 498 505 506 503 512 515 523 530 533 540 545 551 552 555 558 566 575 575 573 579 587 589 597 601 603 610 611 613 621 622 623 630 638 646 647 648 650 655 656 662 670 676 682 691 688 689 692 695 696 701
291 292 301 305 311 313 309 318 322 325 325 331 335 343 346 352 356 357 361 365 374 380 381 389 391 400 408 408 408 407 413 418 416 422 426 424 432 438 447 445 447 448 450 459 460 469 476 477 478 483 491 500 509 504 512 521 530 533 540 541 542 549 553 551 552 557 566 567 572 575 584 592 598 603 609 610 613 617 625 627 628 629 631 639 640 648 651 654 663 668 669 676 681 684 687 686 693 702 701 704
300 301 310 309 310 319 317 326 323 327 334 332 341 344 351 360 365 366 369 372 378 381 387 395 392 395 403 410 415 413 419 420 421 430 429 433 435 438 444 452 455 453 458 459 467 475 483 486 486 491 499 506 507 508 514 519 523 524 533 540 541 542 550 549 557 566 573 575 581 576 579 585 593 598 603 608 609 618 627 628 636 631 640 647 646 653 654 656 657 659 660 669 672 675 682 683 692 701 708 713
309 310 319 318 318 322 320 325 330 336 343 340 349 345 349 358 360 369 372 373 376 377 384 393 401 403 408 411 419 416 424 426 423 432 438 434 441 439 444 452 453 457 462 468 475 483 484 490 495 495 497 506 514 516 520 527 531 533 542 541 542 543 545 547 555 558 566 570 577 584 584 591 596 603 612 617 612 621 623 624 632 632 634 638 643 652 654 660 658 667 668 676 681 684 691 688 694 695 704 711
311 319 324 321 327 325 321 327 336 337 338 339 341 347 348 357 366 373 381 382 382 384 388 392 398 399 408 414 420 423 430 428 428 430 431 440 446 447 450 459 462 466 471 472 480 484 489 497 500 498 500 504 513 517 523 530 533 542 543 542 544 552 554 551 552 561 567 569 578 582 585 587 594 601 604 613 617 623 629 632 635 640 643 641 642 646 652 659 663 667 671 673 676 677 686 695 703 699 703 707
319 327 328 325 329 327 328 335 336 344 346 341 343 348 352 357 366 371 376 385 384 392 390 397 406 401 410 416 418 422 427 436 435 439 432 436 437 444 453 461 466 467 475 479 480 481 488 489 492 495 504 512 516 519 521 527 528 536 541 550 553 553 555 556 559 566 570 575 576 585 593 596 601 604 607 608 613 622 631 632 641 641 644 642 650 655 660 666 672 672 680 676 680 686 691 692 697 706 705 714
320 323 332 334 334 332 337 337 343 345 351 342 343 346 353 356 365 372 374 378 384 393 394 403 410 410 419 421 427 426 435 442 439 439 438 445 446 453 457 459 465 468 473 475 484 490 493 495 497 499 507 513 522 528 529 536 535 539 540 549 558 561 557 559 568 567 569 575 582 591 592 597 606 605 606 607 616 625 634 640 641 648 648 649 652 661 663 664 672 681 689 685 684 687 689 691 699 701 710 719
323 332 341 342 341 340 340 345 346 353 355 346 344 351 357 361 362 367 374 380 388 392 399 406 411 413 421 422 430 429 433 442 448 444 445 448 447 451 458 457 458 462 463 473 476 482 484 486 495 496 499 507 514 519 521 527 530 534 543 545 549 557 565 568 570 576 578 575 578 586 595 601 602 605 606 615 624 626 627 633 641 648 648 654 659 667 672 671 676 684 689 689 691 689 691 696 704 710 719 728
332 339 347 347 348 349 343 351 350 357 355 354 345 350 358 367 371 375 374 380 383 389 398 405 411 416 424 429 433 435 442 451 453 445 446 450 449 450 454 455 456 465 465 466 467 477 485 493 496 505 503 511 520 526 528 535 539 539 545 551 551 554 560 569 576 575 580 573 581 588 589 597 605 611 607 609 615 622 630 639 641 640 647 650 659 666 673 679 680 683 690 694 695 695 700 704 712 717 724 727
339 348 355 355 355 347 344 345 354 358 362 353 346 350 355 362 368 371 372 380 386 392 401 409 404 413 416 421 424 432 438 447 447 448 453 451 451 457 462 459 461 467 472 475 474 476 483 488 497 503 504 512 515 523 524 531 538 542 547 550 552 552 557 563 567 567 572 571 577 586 592 601 603 612 615 618 623 626 634 635 633 637 643 645 652 661 667 670 671 679 688 695 699 699 701 703 711 718 727 735
344 353 359 361 362 353 347 354 362 360 366 359 355 355 357 362 365 374 381 383 384 393 394 401 402 411 412 413 415 424 431 439 442 446 453 459 458 464 466 465 469 473 480 483 478 479 485 494 503 512 513 517 517 518 522 530 533 542 543 547 547 549 557 564 564 566 568 569 577 578 587 596 604 608 615 621 624 632 629 631 632 634 641 650 652 656 663 671 674 675 683 688 692 699 696 704 712 718 725 731
350 357 366 362 365 358 350 351 353 362 364 357 356 360 361 369 370 377 379 388 393 402 395 400 409 412 420 414 421 422 431 437 445 454 459 466 466 470 474 473 474 474 476 481 487 480 486 495 504 512 521 520 523 527 531 531 538 542 543 544 546 553 554 557 563 568 570 578 586 587 595 598 599 604 613 622 626 626 628 637 638 635 644 648 651 656 665 671 677 676 681 687 694 691 695 704 704 710 719 724
353 361 362 364 364 362 356 359 361 366 362 360 357 362 364 370 378 384 381 384 392 400 396 400 402 411 419 420 422 430 439 446 448 455 463 466 472 479 476 478 480 481 477 482 491 488 494 501 503 509 516 518 526 531 533 540 544 543 550 547 550 551 555 558 565 567 572 573 581 587 592 596 600 609 610 619 623 624 631 633 642 639 640 642 651 655 664 673 674 675 678 687 686 689 695 699 703 712 720 727
357 365 369 373 371 366 357 366 370 373 365 366 365 366 372 375 378 386 387 390 399 400 402 409 410 413 422 429 430 434 436 445 447 455 464 462 469 475 476 484 485 483 484 490 491 496 501 507 506 508 517 522 531 540 534 536 537 540 546 555 551 559 562 565 573 568 576 582 588 596 593 595 602 605 614 623 628 625 628 634 642 646 648 651 659 656 663 671 680 680 678 680 683 688 696 700 709 712 717 726
363 372 378 381 377 373 366 375 375 368 367 369 369 375 373 382 382 391 396 397 403 407 406 410 411 419 423 425 426 427 436 437 440 449 457 458 463 466 475 481 483 484 493 498 500 505 508 516 507 512 521 530 539 538 535 544 544 541 550 553 553 561 570 569 578 577 582 583 585 594 600 599 600 603 609 618 620 628 635 638 640 647 655 660 668 661 662 666 674 676 677 686 692 689 696 700 702 709 710 718
364 373 380 381 384 375 372 379 373 371 371 371 377 380 380 382 384 392 393 397 406 412 411 418 420 428 427 427 428 434 440 446 448 457 461 466 471 475 476 484 491 488 497 503 501 510 516 524 514 520 529 532 536 536 542 543 551 549 555 561 559 564 573 576 578 582 584 591 590 592 600 601 603 612 611 613 622 631 638 646 641 649 650 653 662 665 665 674 681 679 681 687 693 690 699 707 710 712 719 720
372 381 383 390 383 382 379 382 374 378 374 375 381 381 389 383 385 389 391 399 406 415 418 419 420 424 431 435 436 443 449 447 454 458 466 472 479 482 478 481 490 494 495 503 504 509 515 522 519 522 530 535 533 534 543 550 552 556 557 558 566 566 567 570 577 581 590 587 588 597 606 602 608 615 615 619 628 630 634 637 645 645 653 657 661 665 670 673 680 688 685 689 690 698 700 706 707 716 718 727
381 390 386 390 389 383 384 385 378 387 379 378 387 388 396 391 392 397 399 408 414 418 419 422 421 429 438 443 444 452 452 456 458 467 470 471 475 476 482 482 485 489 497 500 506 515 516 518 526 524 525 528 529 535 542 543 544 546 547 557 563 570 573 574 579 584 585 586 592 594 601 606 610 611 613 622 631 634 641 645 643 644 650 658 659 660 669 670 679 685 694 692 698 703 709 707 709 710 717 724
390 392 395 392 392 392 393 388 382 385 382 387 392 389 395 400 401 406 401 402 410 419 428 431 429 437 446 451 453 458 461 460 463 464 469 473 474 478 480 481 490 492 494 503 504 512 516 520 526 528 534 531 532 535 543 552 552 554 548 549 554 563 568 569 570 575 582 586 592 601 610 608 616 619 616 619 623 625 633 637 641 646 650 655 657 666 672 679 683 690 691 699 699 706 707 710 710 715 722 729
399 395 404 399 394 395 398 395 386 390 386 391 400 397 402 404 404 412 403 407 416 417 425 426 430 431 440 449 455 460 465 464 466 472 478 479 479 487 484 484 488 496 501 510 508 509 518 522 523 532 533 533 541 536 544 550 556 562 554 550 556 557 561 571 575 584 590 588 597 601 607 608 616 622 623 620 625 633 640 646 650 650 656 662 666 668 673 678 685 692 692 698 707 714 712 711 711 717 719 725
403 404 410 408 403 403 402 395 391 392 391 392 401 406 411 407 412 409 405 413 422 421 427 432 437 439 447 450 459 460 468 465 471 479 486 481 486 493 491 492 493 501 507 511 510 518 525 527 532 537 542 541 541 538 544 553 562 564 557 557 565 565 566 569 575 578 585 586 592 597 604 613 614 619 628 629 626 630 631 637 642 650 654 663 672 676 682 679 687 694 701 702 705 713 720 720 718 726 725 726
411 413 419 414 412 412 411 404 395 393 400 393 395 404 409 415 421 418 413 415 416 425 428 437 438 447 451 451 456 465 474 473 476 480 489 487 488 496 498 498 499 508 515 519 518 527 527 528 534 543 546 550 543 539 548 554 556 558 559 560 568 573 574 576 583 585 591 595 594 603 608 614 623 628 629 638 631 638 638 640 647 652 660 668 674 682 690 685 686 694 698 706 711 719 726 729 726 735 734 730
419 414 418 417 414 421 415 406 401 402 397 396 399 400 405 406 415 417 419 423 425 427 431 439 441 450 452 457 464 473 475 478 478 479 487 495 497 498 501 507 502 503 512 519 527 528 536 529 530 537 546 552 552 546 555 563 561 564 560 566 573 579 582 583 592 587 596 600 595 603 611 620 628 636 637 646 638 647 639 642 650 657 662 663 671 680 681 683 692 698 706 715 718 719 726 735 728 733 742 734
428 421 426 423 415 417 416 408 405 401 400 405 400 409 407 415 422 420 427 429 434 428 437 445 448 455 459 465 472 480 484 484 487 481 484 488 494 496 504 505 503 504 509 510 518 526 532 538 537 541 549 550 559 555 564 569 566 573 568 574 582 585 589 591 599 594 603 605 602 610 618 620 620 629 635 639 637 640 645 651 654 655 662 668 669 671 678 686 694 702 710 712 720 720 727 728 737 741 742 743
437 429 428 431 423 424 415 408 407 403 405 414 409 416 409 410 413 420 421 424 427 435 439 446 448 452 461 467 476 485 489 493 485 483 484 491 500 501 508 509 509 505 508 512 515 522 530 535 537 546 547 551 553 554 562 570 570 579 572 573 581 586 590 592 601 599 603 604 604 613 621 618 619 621 629 630 634 643 651 653 654 657 665 671 673 674 683 691 692 699 707 715 717 719 725 733 734 743 751 749
445 438 431 433 424 415 414 413 413 409 407 415 417 414 412 415 420 426 430 426 430 432 441 444 450 458 459 466 473 482 487 490 493 484 485 487 493 502 509 518 518 514 517 514 522 530 535 538 544 545 554 559 562 561 570 573 575 580 581 576 583 590 593 597 605 608 611 608 607 609 611 615 618 619 628 632 642 645 650 654 655 660 669 676 682 679 688 695 701 707 712 718 720 727 733 733 739 739 743 751
437 433 430 428 427 419 421 414 414 415 416 423 418 419 416 423 427 435 437 428 429 432 440 441 442 449 452 461 465 474 483 484 485 487 494 496 502 509 516 525 524 523 525 523 531 539 544 540 546 548 549 558 559 562 571 575 580 585 588 584 591 599 601 606 614 615 613 611 609 615 619 623 627 628 634 636 646 653 657 662 664 664 669 677 685 688 696 698 705 708 712 721 718 718 726 732 733 734 738 746
446 439 439 436 429 427 419 415 421 419 420 422 427 427 424 431 428 429 438 437 433 440 445 450 443 452 460 465 472 478 479 486 492 494 492 500 509 508 512 519 523 532 533 530 537 538 543 541 548 557 556 560 561 570 571 573 581 590 597 591 599 605 610 615 615 622 619 619 612 621 627 624 630 637 641 638 648 656 664 662 664 671 668 676 684 693 695 698 700 703 703 712 709 710 717 726 730 734 741 747
450 442 442 438 429 425 424 424 429 420 425 429 432 433 428 437 429 438 444 446 441 442 447 454 451 454 461 467 474 479 482 480 483 488 490 494 503 505 511 512 520 529 534 531 536 544 545 550 557 566 558 567 563 568 574 580 586 594 594 598 605 605 610 613 620 628 625 623 615 624 632 626 629 636 640 642 646 651 659 659 661 662 665 674 679 686 691 698 706 702 695 704 708 710 719 728 737 741 741 750
453 446 443 446 438 434 433 433 430 429 432 436 440 434 437 433 430 438 446 447 449 444 453 456 454 459 460 465 469 470 474 478 486 495 493 494 501 505 510 511 520 529 535 533 536 545 551 553 556 565 567 576 572 569 577 584 585 586 588 592 596 603 611 612 621 627 626 622 618 622 630 634 630 636 644 649 647 649 650 653 655 664 671 675 676 683 682 690 697 698 693 702 705 714 720 724 733 737 738 747
460 454 451 453 444 439 442 440 439 432 433 442 447 440 446 440 439 440 445 452 458 453 462 457 459 467 469 468 477 479 479 487 490 498 502 500 509 514 517 520 523 524 533 536 543 551 559 556 564 571 574 581 574 578 580 585 589 589 596 600 599 605 614 621 625 632 633 628 619 628 630 635 632 641 648 655 649 651 658 660 658 663 664 671 673 677 681 683 688 689 690 699 704 707 714 723 728 729 737 739
468 463 460 462 453 446 444 441 442 433 442 445 453 445 452 443 448 442 451 453 462 454 456 463 462 471 472 469 471 475 484 493 495 499 508 507 514 521 521 527 532 533 540 541 548 553 557 560 564 573 575 580 576 585 581 590 597 591 598 607 604 612 618 627 626 633 632 631 623 632 639 643 636 643 647 647 656 659 666 661 663 668 670 679 680 679 683 684 692 692 693 702 704 713 722 726 731 737 743 740
476 470 464 455 454 453 451 442 444 436 445 451 457 454 454 445 451 445 452 457 465 463 465 472 469 475 481 478 474 483 486 488 497 498 507 515 522 528 527 528 530 538 545 544 548 555 557 563 572 581 576 585 585 594 586 594 599 600 603 612 610 614 620 627 635 627 634 632 631 638 646 644 638 639 640 645 654 662 669 664 667 671 674 682 687 680 687 693 699 695 701 702 710 718 719 728 737 738 743 746
473 466 457 456 461 461 452 443 451 443 450 454 460 457 463 454 454 451 458 459 462 463 469 475 471 472 476 484 476 485 487 496 502 503 512 520 521 530 536 534 539 547 552 553 550 552 558 567 573 580 577 578 580 588 587 589 595 596 604 610 611 605 614 621 626 619 628 634 640 647 655 646 643 646 644 648 656 660 667 670 676 679 682 687 684 682 684 689 691 698 701 707 714 717 724 733 742 745 752 755
473 464 463 464 468 459 454 445 452 452 458 463 464 459 466 461 463 460 459 460 463 464 472 481 479 474 483 481 478 479 482 489 498 504 509 518 521 525 532 539 540 548 552 553 551 556 559 568 570 572 580 587 581 590 594 590 593 596 600 602 603 604 608 617 623 618 626 633 636 644 651 653 652 650 647 650 658 666 672 679 682 688 689 696 692 687 691 698 698 704 704 705 714 721 730 738 745 746 755 762
479 470 472 469 469 460 460 454 453 461 459 462 469 460 469 470 471 469 468 469 464 472 478 487 480 475 483 485 487 481 490 498 505 505 509 515 516 523 526 531 538 547 555 556 559 564 568 576 571 579 580 585 589 597 600 598 598 600 608 607 607 605 613 614 615 617 622 628 629 635 644 652 659 659 655 658 661 665 674 677 678 682 688 697 693 688 691 698 701 706 710 712 713 722 730 732 738 745 748 753
476 473 475 476 470 469 462 455 459 461 464 464 467 468 475 473 477 474 469 469 467 468 470 479 488 484 488 493 489 490 498 502 511 514 516 517 522 527 528 532 541 548 552 555 564 572 571 580 578 584 589 594 592 598 604 606 599 607 615 609 616 614 618 621 622 619 620 626 635 638 642 645 651 654 656 660 661 663 668 670 679 687 694 695 695 695 694 695 699 704 706 715 720 724 725 733 735 744 752 756
485 477 482 485 479 478 471 464 465 466 472 472 468 471 480 474 479 476 474 477 468 477 478 487 495 491 489 498 491 497 506 511 520 523 521 525 527 532 537 533 538 544 545 554 559 566 570 579 581 582 585 590 598 599 601 607 608 614 623 614 621 622 625 627 631 627 629 635 643 646 647 652 656 660 658 667 663 670 669 678 684 688 691 700 701 703 698 703 700 708 715 724 723 724 733 739 737 742 744 747
486 485 491 486 487 483 474 470 466 471 475 473 471 472 480 482 486 478 477 485 476 477 478 487 493 492 496 505 496 505 506 515 523 532 528 526 535 538 537 536 537 543 552 559 568 575 575 583 589 583 584 593 599 608 608 614 615 615 623 622 627 625 627 636 635 628 634 637 638 639 640 646 654 655 663 667 672 672 678 680 686 691 695 696 698 706 707 707 701 705 707 716 717 726 732 733 737 738 747 755
492 490 498 493 485 482 476 474 473 472 480 481 478 478 485 491 491 487 479 488 482 486 487 488 492 496 500 501 498 507 511 520 525 534 533 527 533 540 546 543 543 549 557 564 568 577 581 583 592 587 593 595 602 607 611 614 619 617 621 624 629 633 633 636 639 630 639 645 647 643 645 647 652 659 661 670 678 681 681 681 683 692 701 697 704 711 713 709 705 711 713 714 716 717 723 731 732 737 745 749
501 499 499 491 487 478 477 482 481 477 478 479 484 483 489 498 495 486 485 494 489 495 496 493 501 499 500 501 501 509 514 523 529 530 539 532 539 548 545 544 552 550 555 564 573 579 588 591 600 595 601 604 610 616 620 620 628 626 627 625 630 637 642 642 641 632 634 638 643 648 653 650 654 655 658 665 674 675 680 681 685 686 693 701 709 715 719 712 710 714 721 720 725 719 726 732 737 736 737 740
508 499 491 490 481 480 485 486 482 485 483 481 490 484 492 493 502 495 490 493 490 494 503 497 505 500 508 509 509 510 512 520 523 529 538 541 548 552 554 547 551 559 563 572 581 588 595 598 599 597 599 608 611 619 620 628 635 635 632 633 639 641 647 643 645 641 635 642 646 650 651 659 662 662 667 672 681 683 681 685 693 688 691 693 701 710 710 719 716 721 727 729 730 721 722 723 728 734 742 741
505 498 491 490 482 486 494 490 491 489 492 490 495 487 494 494 499 502 493 497 492 501 510 504 513 507 516 511 513 517 518 526 525 531 540 544 553 553 558 552 558 566 569 577 586 591 600 607 606 602 606 615 619 624 627 630 636 643 635 634 643 650 652 652 648 640 638 646 653 656 659 665 670 671 675 677 681 682 690 690 698 689 692 693 701 703 706 714 722 722 727 728 727 724 728 726 736 736 740 748
510 504 495 491 491 489 491 491 500 491 497 499 497 488 497 503 502 501 494 501 500 503 510 509 514 513 520 515 516 521 523 532 534 540 541 550 553 562 563 559 567 571 576 578 585 586 595 604 611 610 607 616 624 625 630 637 642 651 643 637 643 652 661 661 652 645 644 652 656 665 667 672 679 672 680 680 681 684 693 691 700 697 701 702 710 707 715 723 729 730 728 736 732 731 736 732 735 737 746 753
510 502 496 499 497 496 493 496 499 492 496 505 500 497 506 504 504 510 503 506 506 512 519 513 520 514 523 520 525 523 525 532 539 544 546 549 558 565 565 568 573 578 579 579 585 589 596 605 609 616 608 616 625 634 634 637 642 649 652 646 652 659 664 663 661 653 653 658 664 673 668 677 682 678 685 686 687 685 694 696 705 705 710 711 716 708 717 725 734 739 736 742 733 736 739 739 742 738 739 743
512 505 505 506 505 502 502 503 494 493 501 504 507 498 503 508 512 511 510 508 508 510 516 521 520 519 520 529 533 530 534 533 541 549 555 551 560 561 569 566 575 579 588 584 589 598 602 604 612 616 615 621 625 626 635 644 643 644 650 651 658 667 673 666 660 657 659 666 673 676 674 683 687 679 686 694 689 688 691 692 699 702 711 720 723 716 723 727 736 743 744 746 738 744 744 743 748 740 747 749
515 509 510 514 506 510 509 507 500 498 505 505 514 507 512 517 521 517 515 514 516 512 520 528 529 520 528 529 537 535 542 539 546 552 559 552 559 564 572 565 566 575 584 593 598 595 595 600 606 607 608 612 616 618 627 636 645 653 655 660 659 668 673 674 668 660 668 675 677 678 682 685 693 687 692 697 698 689 697 701 703 711 717 723 726 718 727 736 740 748 753 750 745 751 750 752 756 749 753 750
518 518 512 515 511 518 510 508 507 507 507 514 516 509 518 525 530 525 516 515 518 515 523 525 534 527 528 536 539 544 551 548 548 557 564 556 558 560 563 564 566 570 578 586 592 593 594 596 605 613 614 621 624 627 630 638 645 654 662 661 667 676 677 679 674 668 677 683 684 679 684 691 694 692 695 696 700 697 705 710 712 712 720 721 727 719 726 733 741 742 749 757 751 752 759 761 760 756 761 759
