  0 451 445 450 453 449 458 460 463 471 470 466 463 468 469 467 461 462 466 465 468 477 485 481 490 485 483 488 491 492 496 493 494 503 504 508 502 509 510 511 519 522 531 532 538 535 539 541 549 553 556 558 567 571 568 576 576 583 586 591 600 592 594 602 611 609 613 621 622 628 637 646 653 655 662 664 667 665 670 665 670 678 682 690 692 701 709 718 715 721 727 728 729 735 743 9223372036854775808 9223372036854775808 9223372036854775808 9223372036854775808 9223372036854775808
  8 444 443 444 444 448 449 456 461 462 465 457 461 459 460 466 460 463 461 462 465 471 476 480 485 483 479 481 487 495 487 489 493 500 501 510 501 507 513 520 520 521 527 531 539 531 534 536 541 545 547 553 561 562 562 569 572 575 577 585 594 586 594 603 607 606 613 616 624 632 640 639 644 647 654 659 659 656 665 662 664 673 682 686 694 703 708 716 713 720 718 724 731 731 740 740 9223372036854775808 9223372036854775808 9223372036854775808 9223372036854775808
 16 436 434 443 441 450 442 448 453 455 457 455 452 452 454 459 452 455 456 463 472 471 478 472 476 478 475 481 484 488 482 486 494 501 510 507 500 505 505 513 520 526 518 523 530 525 533 539 547 545 549 552 553 555 560 568 571 570 577 584 592 584 592 595 599 604 611 613 619 625 634 636 644 644 645 653 654 655 656 660 663 672 681 682 689 698 699 708 704 711 716 721 722 730 731 734 741 9223372036854775808 9223372036854775808 9223372036854775808
 17 440 433 435 436 441 439 440 444 452 454 449 450 448 447 452 450 455 457 466 469 464 469 464 470 471 474 476 477 479 481 488 494 496 505 498 498 499 504 505 511 517 515 517 523 522 530 535 538 544 548 543 547 554 560 563 564 568 576 575 583 583 584 590 599 603 610 612 620 629 629 638 640 640 649 649 658 655 661 664 672 676 674 675 681 690 692 701 700 702 707 715 718 721 725 729 737 746 739 9223372036854775808
 26 440 432 429 435 436 438 445 450 449 445 446 451 447 445 443 447 456 460 460 464 457 460 460 463 467 465 467 469 472 477 479 486 487 496 492 491 500 505 497 506 508 509 516 514 521 527 530 538 542 548 540 542 551 553 560 569 570 570 572 578 577 585 594 596 600 607 612 616 624 621 629 631 639 641 642 651 652 654 655 664 672 673 676 682 684 692 693 694 698 705 707 709 718 724 729 733 741 735 738
 28 434 425 423 426 427 436 445 444 440 438 440 443 438 436 442 450 450 455 454 456 453 459 458 460 466 464 469 468 469 474 470 477 486 487 494 488 493 499 494 499 502 508 516 513 519 518 524 530 534 541 537 545 546 555 559 561 565 566 569 573 576 580 585 594 596 600 604 613 615 620 621 630 636 644 642 651 660 660 663 664 673 679 677 686 685 693 698 703 707 707 711 710 715 721 721 729 732 727 729
 29 426 417 417 422 426 435 441 436 438 429 436 434 429 430 436 443 444 446 452 448 444 451 455 451 458 462 464 465 472 475 467 474 481 488 485 486 487 490 491 498 499 507 511 511 518 515 518 525 527 536 535 539 544 546 552 554 559 568 571 572 575 580 589 597 604 603 607 611 612 613 620 627 628 636 641 645 651 658 661 663 666 671 679 688 693 700 701 697 704 705 705 709 717 722 718 720 723 722 721
 33 419 413 416 425 428 432 435 428 436 428 433 434 428 436 436 442 437 446 445 448 442 450 457 450 449 454 455 463 468 468 466 470 477 480 484 484 488 494 494 503 505 508 511 507 510 512 516 522 531 533 534 542 551 548 552 555 557 563 566 568 570 572 581 589 598 605 604 607 613 622 628 636 629 638 638 639 644 652 654 655 663 667 671 679 684 691 693 695 702 698 703 711 711 715 717 723 715 715 718
 41 413 412 414 418 419 424 427 426 434 426 426 435 427 430 435 434 436 444 436 441 440 448 450 452 446 450 457 466 471 464 464 468 472 479 484 475 480 487 496 500 497 500 502 505 514 518 525 528 530 529 532 537 544 551 557 564 565 571 575 571 577 575 584 593 599 601 603 609 611 619 627 629 631 634 636 638 642 643 646 653 661 662 665 670 678 683 684 686 693 690 699 702 706 713 715 718 714 706 714
 42 405 409 406 411 414 423 421 420 429 422 423 428 426 432 441 433 429 438 435 443 436 445 451 443 445 449 458 465 462 455 463 468 471 476 477 468 474 482 491 493 493 501 503 507 509 518 527 525 527 526 535 537 544 552 560 564 566 570 571 571 580 581 586 586 594 598 602 602 610 611 618 623 631 637 634 635 644 652 650 659 656 656 660 665 669 675 681 682 684 684 692 701 697 705 707 709 712 705 711
 51 400 407 399 407 409 415 415 417 423 421 427 424 418 424 433 433 424 429 427 434 435 441 444 441 450 450 454 456 460 454 459 461 468 468 473 466 470 477 486 490 492 499 507 514 511 514 518 520 520 525 533 534 539 544 553 556 558 561 562 565 572 578 579 580 586 592 593 599 602 610 612 618 627 628 632 638 647 650 654 658 655 647 651 660 666 672 673 674 682 683 684 693 696 697 699 702 703 704 712
 56 395 404 398 406 414 407 414 415 416 414 418 415 414 415 424 427 422 431 425 434 430 437 444 439 448 453 453 462 453 452 458 457 466 467 468 464 467 474 478 481 483 491 498 506 505 505 509 511 519 527 535 535 544 545 553 555 562 563 569 574 579 583 584 583 590 595 589 592 597 601 610 616 625 623 631 637 641 642 649 650 646 645 648 656 661 669 665 665 674 675 683 684 688 697 698 702 711 712 715
 58 392 395 397 399 405 399 408 415 411 412 416 416 410 416 417 418 419 428 424 425 429 431 436 438 439 447 450 459 455 448 450 456 459 459 465 463 465 474 476 479 481 485 492 500 497 498 501 510 515 519 528 535 539 544 547 550 554 558 567 576 581 581 590 585 590 589 584 592 601 607 601 610 617 618 624 628 633 642 640 649 641 643 646 649 656 661 660 663 668 672 679 685 691 698 702 694 703 706 714
 66 388 390 395 393 396 394 402 406 410 418 409 408 401 410 417 421 423 424 421 430 432 429 429 438 447 448 441 450 446 447 455 464 460 452 456 462 468 471 475 484 488 493 493 494 496 505 510 509 515 524 530 531 532 541 541 542 547 554 562 568 576 579 587 578 582 581 583 584 593 598 599 608 611 619 620 621 628 633 632 641 639 645 652 656 651 653 657 658 659 666 673 676 685 689 697 693 702 698 705
 73 387 381 387 384 388 390 399 398 406 409 407 401 397 404 412 412 414 416 413 421 429 423 424 431 440 441 439 443 445 452 461 460 452 451 457 459 460 469 473 479 488 493 487 496 491 499 504 508 511 515 523 530 539 538 535 544 551 558 559 559 567 571 580 572 573 580 582 585 594 597 602 607 603 610 612 615 622 625 631 637 638 639 647 647 649 658 656 657 665 668 676 677 679 688 688 691 700 695 700
 74 379 380 378 381 383 387 393 397 397 400 405 397 393 395 404 407 408 411 412 420 420 422 423 424 433 432 438 443 446 453 462 455 454 450 457 451 457 465 464 473 482 484 484 493 484 493 500 502 507 514 522 531 531 530 531 540 545 550 551 558 567 563 571 571 572 573 580 585 593 600 602 600 601 602 603 611 617 618 627 635 629 633 638 639 646 652 655 657 663 665 667 675 684 687 683 682 691 690 691
 83 374 371 377 378 383 385 392 394 396 394 401 400 392 396 399 403 400 408 407 412 412 419 414 421 424 428 435 439 447 456 455 447 451 449 448 448 454 459 463 469 478 487 482 485 482 485 491 498 500 505 514 523 532 529 534 541 544 549 552 557 565 561 562 570 575 581 589 586 595 597 595 598 607 609 608 617 618 624 626 632 624 625 633 642 649 650 657 657 662 667 666 674 679 684 679 680 687 689 697
 89 372 364 373 379 374 383 388 396 396 388 393 397 389 396 390 394 397 399 401 407 405 410 411 414 419 422 426 434 442 448 447 438 444 440 441 445 449 454 460 467 473 480 479 477 479 485 494 502 506 507 516 514 523 524 528 534 539 547 553 557 559 555 564 565 574 582 587 591 590 589 594 598 602 604 605 612 618 616 622 625 623 631 638 643 652 651 659 651 657 660 664 673 680 683 676 677 685 686 695
 93 366 362 368 375 372 378 385 388 387 386 392 391 388 396 387 388 393 399 402 402 400 401 405 406 415 416 417 425 433 442 440 431 435 436 444 453 455 457 463 464 469 476 484 476 483 488 497 506 511 508 508 510 514 523 528 535 533 541 547 551 556 553 560 569 570 577 581 583 589 581 590 589 594 595 604 603 609 608 613 616 619 626 635 638 645 654 659 650 657 656 663 664 671 676 675 684 688 694 699
 94 366 359 366 368 367 374 381 384 378 379 388 396 387 387 383 384 390 390 399 401 396 399 408 411 416 424 420 426 433 437 434 430 432 440 438 445 452 461 458 466 462 470 475 474 477 486 495 497 504 509 504 511 512 519 528 529 530 538 540 547 549 551 559 560 569 573 572 581 584 579 588 588 596 598 596 594 601 604 609 618 627 631 635 641 650 650 658 649 653 655 661 667 666 667 667 675 680 685 690
100 363 358 359 364 365 374 375 380 376 370 379 388 384 382 379 375 383 382 391 392 395 404 410 406 411 416 421 423 427 429 431 424 425 432 433 436 445 453 457 459 456 461 468 471 480 486 487 488 497 500 502 511 514 515 521 528 529 536 542 541 550 547 553 558 562 570 569 576 576 576 582 586 594 590 587 593 595 600 609 617 624 631 633 633 642 648 650 643 644 651 653 659 665 670 666 668 675 684 692
109 354 351 357 357 366 371 366 373 375 369 371 379 377 373 375 372 375 377 384 393 395 401 406 405 407 408 413 416 418 420 422 423 431 430 435 429 438 444 449 450 453 454 463 464 473 479 486 490 496 493 501 507 513 519 528 524 533 534 535 539 544 541 548 554 556 565 560 567 567 568 573 577 586 592 584 593 602 608 611 615 621 630 637 628 637 639 641 642 647 650 657 650 657 662 658 663 669 675 684
118 345 344 351 353 359 364 365 365 366 368 373 378 370 369 373 369 376 382 388 389 392 396 403 403 402 405 406 407 409 417 417 424 422 424 427 427 429 438 445 453 455 458 462 465 471 479 480 489 489 492 497 505 514 514 520 519 524 525 526 532 535 532 541 547 549 558 557 558 565 566 574 582 590 588 582 587 593 600 602 611 617 621 629 627 631 636 632 634 643 649 648 649 649 658 654 659 666 668 676
122 336 341 344 347 354 358 366 361 368 373 375 375 373 364 364 368 369 373 380 382 391 395 394 400 401 399 405 414 412 412 414 415 415 418 423 425 433 442 450 452 456 459 468 462 468 475 477 486 484 486 489 498 505 510 511 517 521 526 525 525 526 531 538 547 552 550 549 558 559 559 568 575 584 582 579 588 594 596 604 604 613 620 620 618 627 633 631 633 642 643 647 654 646 650 651 660 668 672 677
127 333 337 343 343 348 350 357 359 366 366 369 372 370 361 360 366 360 365 373 382 391 397 388 391 395 398 396 405 404 411 408 413 410 419 423 432 438 437 441 443 449 450 459 460 462 466 474 483 482 487 488 492 501 510 516 517 526 519 516 523 531 530 538 547 543 544 548 555 556 557 559 568 576 577 578 579 587 595 596 601 610 611 620 617 619 628 623 627 635 642 650 650 642 651 645 653 659 668 669
132 328 331 340 335 340 349 358 363 364 365 361 369 366 361 354 359 357 363 372 378 385 389 380 386 389 389 394 401 401 402 402 410 409 411 420 428 434 431 435 442 448 453 457 461 466 467 468 476 478 486 493 492 498 505 510 516 522 518 510 514 523 529 530 539 542 545 554 563 559 558 567 575 577 583 579 586 587 593 594 600 609 615 611 613 611 620 620 623 631 633 642 641 641 642 643 652 655 664 668
133 327 325 332 332 340 349 352 361 359 359 353 360 357 357 353 352 355 359 368 373 377 381 378 379 380 387 387 392 398 395 400 407 402 411 417 423 425 426 427 436 439 446 449 454 461 469 469 470 478 487 496 487 490 499 501 510 515 515 507 510 518 520 524 533 535 538 546 554 555 556 563 572 578 579 572 581 583 588 596 603 603 606 602 604 607 613 614 623 626 635 642 637 640 644 652 653 657 659 664
141 329 322 328 326 335 344 345 352 357 361 352 354 354 349 358 351 356 359 363 364 369 375 370 370 376 378 386 387 389 391 392 400 401 407 416 425 434 435 434 443 447 447 456 463 462 471 472 472 481 488 487 483 487 490 498 504 507 506 505 513 516 524 531 527 526 535 541 549 556 549 558 566 570 570 564 572 581 586 591 594 599 606 599 603 605 614 623 616 618 627 635 634 636 644 647 656 659 668 667
142 328 320 319 321 330 337 338 345 349 357 349 346 353 347 351 350 347 356 359 365 360 368 368 364 373 379 388 396 396 400 399 408 410 413 422 427 436 435 437 446 452 454 458 464 469 468 470 479 483 483 488 480 479 485 490 496 500 505 501 510 512 521 522 523 524 531 538 540 547 548 551 560 562 562 563 570 578 582 583 587 591 598 596 605 611 607 614 611 613 621 629 630 634 641 648 657 658 667 670
151 330 321 312 316 324 331 329 338 346 348 341 339 344 344 345 346 344 347 352 356 358 359 365 363 371 377 381 390 393 402 398 403 404 412 421 428 432 434 435 444 452 456 462 460 464 464 471 479 476 475 482 485 478 479 486 491 492 496 497 506 515 517 526 525 527 529 538 539 546 539 548 553 556 557 564 571 572 574 575 581 582 589 595 600 607 606 607 608 616 622 625 627 635 642 650 659 667 669 669
155 321 318 309 310 319 322 328 335 337 340 343 338 341 336 345 347 343 352 353 360 356 360 360 362 363 372 381 384 391 399 397 403 412 418 416 419 426 433 435 441 445 451 455 453 455 458 467 470 473 466 475 479 476 483 492 492 500 505 506 509 517 522 526 527 530 537 540 548 546 538 540 549 554 556 562 569 576 580 581 580 585 594 589 593 598 600 609 607 615 623 626 635 643 651 656 658 658 664 660
162 312 313 308 314 316 325 331 337 329 332 335 330 336 327 336 340 341 350 359 352 349 352 358 366 368 376 380 386 388 390 391 396 405 414 411 420 426 433 439 443 447 450 447 445 446 454 461 461 464 465 472 473 475 484 493 497 504 512 514 510 510 513 518 527 534 537 534 539 541 534 541 547 548 550 559 567 568 575 576 573 580 586 581 587 589 596 601 603 608 614 620 629 637 646 653 656 654 659 656
171 305 311 307 310 307 316 325 330 326 323 326 329 327 326 334 343 342 351 351 345 348 349 358 367 369 376 374 381 385 391 392 399 403 405 410 412 420 427 434 437 439 444 439 436 444 445 453 459 468 467 476 478 484 492 493 496 498 503 507 503 503 509 513 522 527 529 529 530 532 533 538 539 548 549 555 564 573 574 574 571 579 577 580 585 589 590 599 607 614 620 622 627 631 638 645 647 651 656 654
176 298 304 305 303 306 311 320 322 318 322 329 320 329 325 330 338 339 348 342 344 351 356 365 371 371 376 373 379 385 386 394 392 396 404 413 421 421 429 429 434 435 443 434 431 440 449 454 457 459 466 473 470 476 485 487 491 498 504 498 494 502 506 509 515 519 521 528 529 526 528 533 542 545 548 551 560 569 575 569 569 577 576 584 587 589 598 604 605 614 623 628 633 639 636 637 642 643 651 653
180 292 295 296 297 298 303 311 317 315 314 322 315 322 323 332 338 347 344 340 343 349 355 360 365 368 373 369 373 382 385 389 391 392 395 404 413 422 422 423 429 430 437 428 428 435 443 452 449 457 459 467 468 476 478 479 488 489 496 497 490 499 506 507 516 517 521 520 520 518 519 528 535 537 540 549 554 561 567 560 561 568 573 579 583 584 590 599 607 612 616 621 624 633 629 637 642 651 654 646
184 283 286 290 296 303 307 315 308 313 309 316 313 321 324 328 337 345 336 339 343 350 352 361 361 370 365 363 368 377 378 382 391 400 394 401 406 414 415 419 421 429 430 422 423 430 435 443 446 454 459 459 467 469 471 472 479 483 487 488 489 490 499 502 507 512 516 514 515 517 519 523 528 529 538 546 547 556 561 559 564 562 565 574 578 586 589 598 606 603 612 613 619 625 621 628 635 642 651 644
193 276 283 282 288 294 302 307 300 306 308 309 311 319 322 329 329 338 334 339 337 341 347 355 358 364 368 362 371 368 376 378 387 391 393 400 405 414 420 428 422 429 428 421 430 430 434 434 443 445 450 455 464 473 477 479 486 490 487 492 498 499 501 508 508 510 512 513 522 526 526 529 530 537 538 547 556 554 554 555 556 561 570 566 575 579 587 592 601 602 608 614 610 617 618 627 628 633 642 643
201 268 274 281 290 290 299 298 299 301 302 311 318 323 325 326 325 333 333 338 333 342 339 346 349 355 364 361 364 367 375 380 385 392 399 407 405 412 420 422 413 422 426 418 423 429 429 431 439 443 452 457 465 468 469 475 479 482 484 488 495 501 510 510 517 517 514 515 516 518 519 522 530 532 537 545 547 545 553 560 557 558 564 565 573 577 581 586 595 602 599 605 606 615 623 627 635 641 648 652
206 267 269 273 281 288 292 294 295 302 303 312 316 321 321 323 323 325 332 337 331 334 336 345 347 354 356 358 361 369 376 385 393 391 394 398 401 406 413 419 411 415 421 415 416 424 428 436 438 446 449 450 459 467 475 476 484 481 486 491 495 504 512 512 520 517 516 517 525 520 528 523 530 536 536 543 538 539 546 554 558 565 567 568 577 581 588 591 599 594 596 602 606 615 620 621 629 638 647 651
214 260 263 264 273 279 285 291 294 300 305 303 312 316 316 316 318 324 332 337 330 337 340 345 354 348 349 358 364 372 376 377 384 389 391 392 393 402 407 411 410 412 414 413 420 421 429 435 442 449 453 451 457 466 474 475 479 480 486 495 503 509 509 515 518 517 522 525 533 529 529 524 525 527 534 535 537 542 551 556 563 566 567 571 574 576 580 589 592 593 602 609 607 616 623 623 625 634 639 642
219 257 260 262 270 279 276 282 291 296 301 301 309 313 313 314 317 316 324 328 324 330 334 341 346 347 353 361 362 367 369 377 384 393 393 394 394 400 403 402 404 407 408 412 414 423 428 436 438 447 456 455 456 457 466 469 470 479 481 490 494 503 500 508 516 514 515 524 526 534 537 529 534 535 542 539 546 551 552 556 562 563 570 576 581 585 586 595 595 600 609 613 612 620 621 629 626 630 639 648
225 250 258 260 267 273 274 283 286 289 297 292 300 305 305 313 313 309 318 319 323 329 336 337 345 348 353 359 364 373 376 379 385 389 396 399 403 403 400 401 409 409 415 420 423 431 437 431 439 442 448 446 447 450 459 461 470 474 475 482 491 496 495 504 507 508 509 516 519 528 536 538 534 536 538 546 553 558 558 563 563 566 574 576 580 589 595 602 601 609 612 621 618 624 630 638 634 632 634 641
232 233 250 257 261 266 275 280 280 289 293 291 297 303 303 312 306 307 315 322 324 332 339 345 344 349 348 354 360 369 378 383 388 396 404 403 396 394 399 403 411 410 412 413 415 423 432 426 433 436 439 442 445 453 460 464 473 477 483 483 485 490 493 502 503 509 518 525 520 522 530 531 532 541 540 545 552 558 564 572 568 575 579 585 586 595 603 607 608 614 621 630 627 633 638 641 637 633 634 643
241 240 257 263 258 267 273 277 273 281 286 289 298 299 300 304 305 307 309 317 323 331 335 338 341 344 346 355 359 365 373 374 383 390 395 394 393 390 396 405 412 416 419 415 419 421 423 424 425 430 432 441 445 450 451 458 464 473 479 488 489 497 494 502 508 511 520 523 522 530 527 522 525 534 537 545 546 550 559 566 570 577 582 587 588 597 605 608 615 615 622 623 630 638 644 646 645 642 641 650
250 249 250 251 253 258 265 271 272 280 289 291 297 305 305 306 308 313 318 324 332 335 336 337 346 350 351 356 363 364 366 368 376 383 389 397 388 389 398 401 410 419 413 422 427 422 431 432 433 431 432 434 441 450 451 460 469 472 478 485 488 496 497 498 507 507 514 516 523 530 522 521 529 538 541 549 552 558 563 572 571 576 583 590 596 593 602 606 612 617 626 627 636 645 653 655 648 651 643 647
255 250 252 258 260 259 269 277 279 287 295 297 300 304 312 311 316 321 325 333 339 344 344 339 348 350 356 364 372 365 366 368 377 378 382 388 383 392 400 402 409 411 412 419 420 423 430 431 440 436 437 436 438 446 453 461 463 464 470 479 481 489 496 499 508 505 513 521 516 521 518 520 529 535 542 547 556 564 571 568 568 569 577 581 590 591 600 609 617 626 635 631 640 649 654 662 657 655 651 648
256 257 261 264 264 264 271 279 287 296 301 303 308 307 316 315 318 322 328 330 337 344 345 345 353 359 357 361 369 366 372 369 370 375 379 380 382 389 393 402 410 409 415 421 428 432 432 440 441 444 438 442 439 446 450 458 462 463 469 475 482 486 489 490 499 502 511 512 514 516 517 525 528 535 544 545 554 561 562 563 566 570 579 584 586 595 604 605 611 619 626 635 641 644 651 655 654 654 656 654
261 262 268 273 273 273 280 282 290 299 302 297 303 308 313 320 317 325 334 335 344 348 349 354 356 362 361 365 371 375 378 376 379 381 381 387 388 392 395 396 401 403 406 412 421 430 439 448 450 444 439 447 446 447 448 450 458 467 475 483 483 487 492 496 502 511 518 516 522 524 526 533 536 544 553 551 560 567 568 571 575 571 580 581 590 595 604 613 617 625 634 630 638 643 650 651 652 653 661 659
270 271 269 278 282 282 286 283 293 292 293 295 305 306 313 310 311 316 326 335 344 343 350 358 365 364 366 374 379 382 382 380 383 389 389 394 392 399 404 405 409 405 407 415 424 429 431 440 441 446 448 451 451 452 453 457 464 472 476 480 489 496 493 499 508 512 515 522 529 525 533 535 540 542 550 559 568 571 577 578 574 573 581 590 599 599 608 617 625 630 625 627 633 634 641 649 658 662 669 661
275 273 277 286 283 291 292 286 287 291 300 299 301 303 308 309 317 325 332 336 337 338 344 350 355 364 367 376 385 386 383 389 391 390 390 399 398 407 408 409 414 407 415 424 425 433 433 442 448 449 449 458 458 461 462 464 473 481 485 485 491 496 495 502 507 513 521 526 524 525 528 531 540 547 556 563 564 573 581 582 576 579 580 585 591 594 603 612 616 622 623 632 641 641 647 654 655 663 662 669
276 280 285 293 286 290 291 293 289 290 291 297 306 307 310 314 320 327 336 338 343 341 350 357 359 362 365 367 376 384 392 395 399 397 393 401 407 414 412 410 419 416 422 423 424 429 438 447 443 449 458 467 465 465 464 469 471 478 484 485 494 502 502 506 514 515 521 522 523 528 537 539 548 551 556 557 566 571 577 578 583 580 588 593 600 603 604 609 612 617 626 635 636 643 651 658 656 664 660 669
277 286 286 292 293 291 299 302 298 298 298 300 309 316 317 322 329 332 337 343 345 349 354 363 360 368 370 371 381 388 390 396 397 398 400 408 412 419 414 418 422 418 419 427 431 437 440 441 442 451 457 460 463 464 466 471 480 482 487 494 503 506 511 515 518 523 530 529 531 536 538 547 548 552 553 561 567 574 582 587 585 586 592 597 601 610 612 610 615 620 625 630 631 640 646 653 659 662 656 665
284 293 291 295 302 294 296 304 301 304 299 302 311 320 323 329 335 333 335 336 345 351 353 360 365 372 379 375 379 380 383 386 387 389 398 399 408 416 415 417 419 427 428 430 433 440 449 442 449 458 464 468 469 466 475 478 486 491 494 501 506 512 512 516 521 529 538 537 532 538 546 548 556 559 561 568 569 571 579 580 581 588 596 604 605 606 608 613 614 620 628 634 640 649 646 647 650 653 654 659
291 292 300 304 308 303 299 308 306 306 303 309 313 321 324 330 334 334 338 341 350 356 357 365 367 376 384 384 384 383 389 394 392 398 402 400 408 414 423 419 421 422 424 433 434 443 450 443 444 449 457 466 475 467 475 484 493 496 501 502 503 510 514 514 515 520 529 530 535 538 547 555 561 564 567 569 573 575 583 585 586 587 589 597 598 606 609 612 621 626 627 634 639 642 645 644 651 660 659 662
300 301 309 308 309 312 307 316 307 310 312 310 319 322 329 338 343 343 346 348 354 357 363 371 368 371 379 386 391 389 395 396 397 406 405 409 411 414 420 427 429 427 432 433 441 449 457 452 452 457 465 472 472 471 477 482 486 487 496 503 504 505 513 512 520 529 536 538 544 539 542 548 556 561 566 571 572 581 590 589 594 589 598 605 604 611 612 614 615 617 618 627 630 633 640 641 650 659 666 671
309 310 318 317 317 314 310 315 314 319 321 318 327 323 327 336 338 347 349 349 352 353 360 369 377 379 384 387 395 392 400 402 399 408 414 410 417 415 420 428 429 431 436 442 449 457 458 458 461 461 463 472 480 479 483 490 494 496 505 504 505 506 508 510 518 521 529 533 540 547 547 554 559 566 575 580 575 584 586 587 595 590 592 596 601 610 612 618 616 625 626 634 639 642 649 646 652 653 662 669
311 319 323 320 324 315 311 317 323 320 320 319 321 327 328 337 346 353 358 358 358 360 364 368 374 375 384 390 396 399 406 404 404 406 407 416 422 423 426 435 438 440 445 446 454 458 463 466 469 464 466 470 479 483 489 496 499 505 507 505 507 515 517 514 515 524 530 532 541 545 548 550 557 564 567 576 580 586 592 595 598 598 601 599 600 604 610 617 621 625 629 631 634 635 644 653 661 657 661 665
319 327 327 324 321 317 318 325 324 328 328 321 323 328 332 337 346 351 356 365 360 368 366 373 382 377 386 392 394 398 403 412 411 415 408 412 413 420 429 437 442 441 449 453 454 455 462 463 466 467 475 478 482 485 487 493 494 502 507 514 516 516 518 519 522 529 533 538 539 548 556 559 564 567 570 571 576 585 594 595 604 599 602 600 608 613 618 624 630 630 638 634 638 644 649 650 655 664 663 672
320 323 332 333 326 322 327 327 331 330 331 322 323 326 333 336 345 352 354 358 364 373 370 379 386 386 395 397 403 402 411 418 415 415 414 421 422 429 433 435 441 444 449 451 460 464 469 471 471 471 479 484 491 494 495 502 501 506 507 516 525 524 520 522 531 530 532 538 545 554 555 560 569 568 569 570 579 588 597 603 604 606 606 607 610 619 621 622 630 639 647 643 642 645 647 649 657 659 668 677
323 332 341 341 333 330 330 335 334 338 335 326 324 331 337 341 342 347 354 360 368 372 377 384 389 389 397 398 406 405 409 418 424 420 421 424 423 427 434 433 434 438 439 449 452 458 460 462 471 472 475 483 490 495 497 503 504 508 516 518 522 530 528 531 533 539 541 540 543 551 560 566 567 570 570 579 588 590 591 597 605 613 607 613 617 625 630 629 634 642 647 647 649 647 649 654 662 668 677 686
332 339 347 345 340 339 333 341 338 342 335 334 325 330 338 347 351 355 354 360 363 369 378 385 391 394 402 406 413 411 418 427 429 421 422 426 425 426 430 431 432 441 441 442 443 453 461 469 472 481 479 487 496 502 504 511 513 513 519 524 524 527 533 540 542 547 549 542 550 557 558 566 574 576 571 573 579 586 594 603 611 610 614 618 626 632 637 638 643 646 653 652 653 653 658 662 670 675 682 685
339 348 355 353 345 337 334 335 344 346 342 333 326 330 335 342 348 351 352 360 366 372 381 389 384 393 396 401 404 412 418 427 427 424 429 427 427 433 438 435 437 443 448 451 450 452 459 464 473 479 480 488 491 499 500 507 514 517 522 525 528 528 533 539 543 543 548 544 550 559 564 573 575 584 579 582 587 590 598 602 603 607 613 615 622 631 637 640 641 649 658 659 660 657 662 664 672 679 688 693
344 353 359 358 352 343 337 344 352 348 346 339 335 335 337 342 345 354 361 363 364 373 374 381 382 391 392 393 395 404 411 419 422 426 433 435 434 440 442 441 445 449 456 459 454 455 461 470 479 488 489 493 493 494 498 506 509 518 519 523 523 525 533 540 540 542 544 545 553 554 563 572 580 584 586 588 590 598 599 601 602 604 611 620 622 626 633 641 644 645 653 658 662 665 663 671 679 687 694 700
350 357 365 356 355 348 340 341 343 352 344 337 336 340 341 349 350 357 359 368 373 382 375 380 389 392 400 394 401 402 411 417 425 434 439 442 442 446 450 449 450 450 452 457 463 456 462 471 480 488 497 496 499 503 507 507 514 518 519 520 522 529 530 533 539 544 546 554 562 563 571 574 575 580 589 597 594 596 598 607 608 605 614 618 621 626 635 641 647 646 651 657 664 661 665 674 674 680 689 694
353 361 357 356 354 352 346 349 351 347 342 340 337 342 344 350 358 364 361 364 372 380 376 380 382 391 399 400 402 410 419 426 428 435 443 446 448 455 452 454 456 457 453 458 467 464 470 477 479 485 492 494 502 507 509 516 520 519 526 523 526 527 531 534 541 543 548 549 557 563 568 572 576 585 586 595 598 597 604 606 615 609 610 612 621 625 634 643 644 645 648 657 656 659 665 669 673 682 690 697
357 365 364 365 361 356 347 356 360 353 345 346 345 346 352 355 358 366 367 370 379 380 382 389 390 393 402 409 410 414 416 425 427 435 444 442 449 455 453 461 461 459 460 466 467 472 477 483 482 484 493 498 507 516 510 512 513 516 522 531 527 535 538 541 549 544 552 558 564 572 569 571 578 581 590 599 604 598 601 607 615 616 618 621 629 626 633 641 650 650 648 650 653 658 666 670 679 682 687 696
363 372 373 373 367 363 356 364 355 348 347 349 349 355 353 362 362 371 376 377 383 387 386 390 391 399 403 405 406 407 416 417 420 429 437 438 443 446 455 461 462 460 469 474 476 481 484 492 483 488 497 506 515 514 511 520 520 517 526 529 529 537 546 545 554 553 558 559 561 570 576 575 576 579 585 594 596 604 608 611 613 620 626 630 638 631 632 636 644 646 647 656 662 659 666 670 672 679 680 688
364 373 380 374 374 365 362 360 353 351 351 351 357 360 360 362 364 372 373 377 386 392 391 398 400 408 407 407 408 414 420 426 428 437 441 446 451 455 456 464 470 464 473 479 477 486 492 500 490 496 505 508 512 512 518 519 527 525 531 537 535 540 549 552 554 558 560 567 566 568 576 577 579 588 587 589 598 607 614 620 614 622 623 626 635 635 635 644 651 649 651 657 663 660 669 677 680 682 689 690
372 381 383 382 373 372 369 362 354 358 354 355 361 361 369 363 365 369 371 379 386 395 398 399 400 404 411 415 416 423 429 427 434 438 446 452 459 462 458 461 470 470 471 479 480 485 491 498 495 498 506 511 509 510 519 526 528 532 533 534 542 542 543 546 553 557 566 563 564 573 582 578 584 591 591 595 604 606 610 613 621 621 629 630 634 639 640 643 650 658 655 659 660 668 670 676 677 686 688 697
381 390 384 381 377 371 370 365 358 367 359 358 367 368 376 371 372 377 379 388 394 398 399 402 401 409 418 423 424 432 432 436 438 447 450 451 455 456 462 462 465 469 477 480 486 494 492 494 502 500 501 504 505 511 518 519 520 522 523 533 539 546 549 550 555 560 561 562 568 570 577 582 586 587 589 598 607 610 617 621 619 620 626 634 635 636 645 644 653 659 664 662 668 673 679 677 679 680 687 694
390 392 391 382 380 380 377 368 362 365 362 367 372 369 375 380 381 386 381 382 390 399 408 411 409 417 426 431 433 438 441 440 443 444 449 453 454 458 460 461 470 472 474 483 484 492 496 498 504 504 510 507 508 511 519 528 528 530 524 525 530 539 544 545 546 551 558 562 568 577 586 584 592 595 592 595 599 601 609 613 617 622 626 631 633 642 648 653 657 664 665 670 669 676 677 680 680 685 692 699
399 395 398 389 382 383 380 375 366 370 366 371 380 377 382 384 384 392 383 387 396 397 405 406 410 411 420 429 435 440 445 444 446 452 458 459 459 467 464 464 468 476 481 490 488 489 498 502 503 512 510 509 517 512 520 526 532 538 530 526 532 533 537 547 551 560 566 564 573 577 583 584 592 598 599 596 601 609 616 622 626 626 632 638 642 644 649 654 661 668 666 672 678 684 682 681 681 687 689 695
403 404 404 398 391 390 382 375 371 372 371 372 381 386 391 387 392 389 385 393 402 401 407 412 417 419 427 430 439 440 448 445 451 459 466 461 466 473 471 472 473 481 487 491 490 498 505 507 512 517 519 517 517 514 520 529 538 540 533 533 541 541 542 545 551 554 561 562 568 573 580 589 590 595 604 605 602 606 607 613 618 626 630 639 648 652 658 655 663 670 675 676 679 687 690 690 688 696 695 696
411 413 413 404 400 399 391 384 375 373 380 373 375 384 389 395 401 398 393 395 396 405 408 417 418 427 431 431 436 445 454 453 456 460 469 467 468 476 478 478 479 488 495 499 498 507 507 508 514 523 523 526 519 515 524 530 532 534 535 536 544 549 550 552 559 561 567 571 570 579 584 590 599 604 605 614 607 614 614 616 623 628 636 644 650 658 666 661 662 670 674 682 685 693 697 699 696 705 704 700
417 409 408 404 401 404 395 386 381 382 377 376 379 380 385 386 395 397 399 403 405 407 411 419 421 430 432 437 444 453 455 458 458 459 467 475 477 478 481 487 482 483 492 499 507 508 516 509 510 517 526 532 528 522 531 539 537 540 536 542 549 555 558 559 568 563 572 576 571 579 587 596 604 612 613 622 614 623 615 618 626 633 638 639 647 656 657 659 668 674 682 691 692 693 700 707 698 703 712 704
425 416 415 407 399 398 396 388 385 381 380 385 380 389 387 395 402 400 407 409 414 408 417 425 428 435 439 445 452 460 464 464 467 461 464 468 474 476 484 485 483 484 489 490 498 506 512 518 517 521 529 530 537 531 540 545 542 549 544 550 558 561 565 567 575 570 579 581 578 586 594 596 596 605 611 615 613 616 621 627 630 631 638 644 645 647 654 662 670 678 686 688 696 694 701 702 707 711 712 713
432 423 415 415 407 404 395 388 387 383 385 394 389 396 389 390 393 400 401 404 407 415 419 426 428 432 441 447 456 465 469 473 465 463 464 471 480 481 488 489 489 485 488 492 495 502 510 515 517 526 527 531 533 532 540 548 546 555 548 549 557 562 566 568 577 575 579 580 580 589 597 594 595 597 605 606 610 619 627 629 630 633 641 647 649 650 659 667 668 675 683 691 693 695 701 709 708 717 721 719
425 422 413 413 404 395 394 393 393 389 387 395 397 394 392 395 400 406 410 406 410 412 421 424 430 438 439 446 453 462 467 470 473 464 465 467 473 482 489 498 498 494 497 494 502 510 515 518 524 525 534 539 542 539 548 551 551 556 557 552 559 566 569 573 581 584 587 584 583 585 587 591 594 595 604 608 618 621 626 630 631 636 645 652 658 655 664 671 677 683 688 694 696 703 709 709 714 715 719 727
417 413 410 408 407 399 401 394 394 395 396 403 398 399 396 403 407 415 417 408 409 412 420 421 422 429 432 441 445 454 463 464 465 467 474 476 482 489 496 505 504 503 505 503 511 519 524 520 526 528 529 538 539 542 551 555 556 561 564 560 567 575 577 582 590 591 589 587 585 591 595 599 603 604 610 612 622 629 633 638 640 640 645 653 661 664 672 674 681 684 688 697 694 694 702 708 709 710 714 722
426 419 419 416 409 407 399 395 401 399 400 402 407 407 404 411 408 409 418 417 413 420 425 430 423 432 440 445 452 458 459 466 472 474 472 480 489 488 492 499 503 512 513 510 517 518 523 521 528 537 536 540 541 550 551 553 561 570 573 567 575 581 586 591 591 598 595 595 588 597 603 600 606 613 617 614 624 632 640 638 640 647 644 652 660 669 671 674 676 679 679 688 685 686 693 702 706 710 717 723
430 422 422 418 409 405 404 404 409 400 405 409 412 413 408 417 409 418 424 426 421 422 427 434 431 434 441 447 454 459 462 460 463 468 470 474 483 485 491 492 500 509 514 511 516 524 525 530 537 546 538 547 543 548 554 560 566 574 574 574 583 583 588 591 598 606 601 599 591 600 608 602 605 612 616 618 622 627 635 635 637 638 641 650 655 662 667 674 682 678 671 680 684 686 695 704 713 717 717 726
433 426 423 426 418 414 413 413 410 409 412 416 420 414 417 413 410 418 426 427 429 424 433 436 434 439 440 445 449 450 454 458 466 475 473 474 481 485 490 491 500 509 515 513 516 525 531 533 536 545 547 556 552 549 557 564 565 566 568 572 576 583 591 592 601 607 602 598 594 598 606 610 606 612 620 625 623 625 626 629 631 640 647 651 652 659 658 666 673 674 669 678 681 690 696 700 709 713 714 723
440 434 431 433 424 419 422 420 419 412 413 422 427 420 426 420 419 420 425 432 438 433 442 437 439 447 449 448 457 459 459 467 470 478 482 480 489 494 497 500 503 504 513 516 523 531 539 536 544 551 554 561 554 558 560 565 569 569 576 580 579 585 594 601 605 612 609 604 595 604 606 611 608 617 624 631 625 627 634 636 634 639 640 647 649 653 657 659 664 665 666 675 680 683 690 699 704 705 713 715
448 443 440 442 433 426 424 421 422 413 422 425 433 425 432 423 428 422 431 433 442 434 436 443 442 451 452 449 451 455 464 473 475 479 488 487 494 501 501 507 512 513 520 521 528 533 537 540 544 553 555 560 556 565 561 570 577 571 578 587 584 592 598 607 606 613 608 607 599 608 615 619 612 619 623 623 632 635 642 637 639 644 646 655 656 655 659 660 668 668 669 678 680 689 698 702 707 713 719 716
456 450 444 435 434 433 431 422 424 416 425 431 437 434 434 425 431 425 432 437 445 443 445 452 449 455 461 458 454 463 466 468 477 478 487 495 502 508 507 508 510 518 525 524 528 535 537 543 552 561 556 565 565 574 566 574 579 580 583 592 590 594 600 607 615 607 614 608 607 614 622 620 614 615 616 621 630 638 645 640 643 647 650 658 663 656 663 669 675 671 677 678 686 694 695 704 713 714 719 722
453 446 437 436 441 441 432 423 431 423 430 434 440 437 443 434 434 431 438 439 442 443 449 455 451 452 456 464 456 465 467 476 482 483 492 500 501 510 516 514 519 527 532 533 530 532 538 547 553 560 557 558 560 568 567 569 575 576 584 590 591 585 594 601 606 599 608 614 616 623 631 622 619 622 620 624 632 636 643 646 652 655 658 663 660 658 660 665 667 674 677 683 690 693 700 709 718 721 728 731
453 444 443 444 448 439 434 425 432 432 438 443 444 439 446 441 443 440 439 440 443 444 452 461 459 454 463 461 458 459 462 469 478 484 489 498 501 505 512 519 520 528 532 533 531 536 539 548 550 552 560 567 561 570 574 570 573 576 580 582 583 584 588 597 603 598 606 613 616 624 631 629 628 626 623 626 634 642 648 655 658 664 665 672 668 663 667 674 674 680 680 681 690 697 706 714 721 722 731 738
459 450 452 449 449 440 440 434 433 441 439 442 449 440 449 450 451 449 448 449 444 452 458 467 460 455 463 465 467 461 470 478 485 485 489 495 496 503 506 511 518 527 535 536 539 544 548 556 551 559 560 565 569 577 580 578 578 580 588 587 587 585 593 594 595 597 602 608 609 615 624 632 636 635 631 634 637 641 650 654 655 659 665 674 669 664 667 674 677 682 686 688 689 698 706 708 714 721 724 729
456 453 455 456 450 449 442 435 439 441 444 444 447 448 455 453 457 454 449 449 447 448 450 459 468 464 468 473 469 470 478 482 491 494 496 497 502 507 508 512 521 528 532 535 544 552 551 560 558 564 569 574 572 578 584 586 579 587 595 589 596 594 598 601 602 599 600 606 615 618 622 625 631 634 633 637 638 640 645 647 656 664 671 672 671 671 670 671 675 680 682 691 696 700 701 709 711 720 728 732
465 457 462 465 459 458 451 444 445 446 452 452 448 451 460 454 459 456 454 457 448 457 458 467 475 471 469 478 471 477 486 491 500 503 501 505 507 512 517 513 518 524 525 534 539 546 550 559 561 562 565 570 578 579 581 587 588 594 603 594 601 602 605 607 611 607 609 615 623 626 627 632 636 640 635 644 640 647 646 655 661 665 668 677 677 679 674 679 676 684 691 700 699 700 709 715 713 718 720 723
466 465 471 466 467 463 454 450 446 451 455 453 451 452 460 462 466 458 457 465 456 457 458 467 473 472 476 485 476 485 486 495 503 512 508 506 515 518 517 516 517 523 532 539 548 555 555 563 569 563 564 573 579 588 588 594 595 595 603 602 607 605 607 616 615 608 614 617 618 619 620 626 634 635 643 647 649 649 655 657 663 668 672 673 675 683 683 683 677 681 683 692 693 702 708 709 713 714 723 731
472 470 478 473 465 462 456 454 453 452 460 461 458 458 465 471 471 467 459 468 462 466 467 468 472 476 480 481 478 487 491 500 505 514 513 507 513 520 526 523 523 529 537 544 548 557 561 563 572 567 573 575 582 587 591 594 599 597 601 604 609 613 613 616 619 610 619 625 627 623 625 627 632 639 641 650 657 658 658 658 660 669 678 674 681 688 689 685 681 687 689 690 692 693 699 707 708 713 721 725
481 479 479 471 467 458 457 462 461 457 458 459 464 463 469 478 475 466 465 474 469 475 476 473 481 479 480 481 481 489 494 503 509 510 519 512 519 528 525 524 532 530 535 544 553 559 568 571 580 575 581 584 590 596 600 600 608 606 607 605 610 617 622 622 621 612 614 618 623 628 633 630 634 635 638 645 654 655 660 659 663 664 671 679 687 693 697 688 686 690 697 696 701 695 702 708 713 712 713 716
488 479 471 470 461 460 465 466 462 465 463 461 470 464 472 473 482 475 470 473 470 474 483 477 485 480 488 489 489 490 492 500 503 509 518 521 528 532 534 527 531 539 543 552 561 568 575 578 579 577 579 588 591 599 600 608 615 615 612 613 619 621 627 623 625 621 615 622 626 630 631 639 642 642 647 652 661 663 661 663 671 666 669 671 679 688 688 697 692 697 703 705 706 697 698 699 704 710 718 717
485 478 471 470 462 466 474 470 471 469 472 470 475 467 474 474 479 482 473 477 472 481 490 484 493 487 496 491 493 497 498 506 505 511 520 524 533 533 538 532 538 546 549 557 566 571 580 587 586 582 586 595 599 604 607 610 616 623 615 614 623 630 632 632 628 620 618 626 633 636 639 645 650 651 655 657 661 662 670 668 676 667 670 671 679 681 684 692 700 698 703 704 703 700 704 702 712 712 716 724
490 484 475 471 471 469 471 471 480 471 477 479 477 468 477 483 482 481 474 481 480 483 490 489 494 493 500 495 496 501 503 512 514 520 521 530 533 542 543 539 547 551 556 558 565 566 575 584 591 590 587 596 604 605 610 617 622 631 623 617 623 632 641 641 632 625 624 632 636 645 647 652 659 652 660 660 661 664 673 669 678 675 679 680 688 685 693 701 707 706 704 712 708 707 712 708 711 713 722 729
490 482 476 479 477 476 473 476 479 472 476 485 480 477 486 484 484 490 483 486 486 492 499 493 500 494 503 500 505 503 505 512 519 524 526 529 538 545 545 548 553 558 559 559 565 569 576 585 589 596 588 596 605 614 614 617 622 629 632 626 632 639 644 643 641 633 633 638 644 653 648 657 662 658 665 666 667 665 674 674 683 683 688 689 694 686 695 703 712 715 712 718 709 712 715 715 718 714 715 719
492 485 485 486 485 482 482 483 474 473 481 484 487 478 483 488 492 491 490 488 488 490 496 501 500 499 500 509 513 510 514 513 521 529 535 531 540 541 549 546 555 559 568 564 569 578 582 584 592 596 595 601 605 606 615 624 623 624 630 631 638 647 653 646 640 637 639 646 653 656 654 663 667 659 666 674 669 668 671 672 679 682 691 698 701 694 701 705 714 721 720 722 714 720 720 719 724 716 723 725
495 489 490 494 486 490 489 487 480 478 485 485 494 487 492 497 501 497 495 494 496 492 500 508 509 500 508 509 517 515 522 519 526 532 539 532 539 544 552 545 546 555 564 573 578 575 575 580 586 587 588 592 596 598 607 616 625 633 635 640 639 648 653 654 648 640 648 655 657 658 662 665 673 667 672 677 678 669 677 681 683 691 697 703 704 696 705 714 718 726 729 726 721 727 726 728 732 725 729 726
498 498 492 495 491 498 490 488 487 487 487 494 496 489 498 505 510 505 496 495 498 495 503 505 514 507 508 516 519 524 531 528 528 537 544 536 538 540 543 544 546 550 558 566 572 573 574 576 585 593 594 601 604 607 610 618 625 634 642 641 647 656 657 659 654 648 657 663 664 659 664 671 674 672 675 676 680 677 685 690 692 692 700 701 705 697 704 711 719 720 727 734 727 728 735 737 736 732 737 735
