  0 237 231 236 239 235 244 246 249 257 256 252 250 258 262 262 256 257 261 260 263 272 280 280 289 291 292 297 300 301 305 302 303 312 313 319 320 327 328 329 337 340 349 350 356 356 360 362 370 374 377 379 388 397 397 405 405 413 416 421 430 422 424 432 441 439 443 451 452 458 467 476 483 485 492 494 497 495 500 495 500 508 512 520 522 531 539 548 545 551 557 558 559 565 573 579 580 576 582 591
  8 230 229 230 230 234 235 242 247 248 251 243 248 249 253 260 255 258 256 257 260 266 271 279 288 290 288 290 296 304 296 298 302 309 310 319 319 325 331 338 338 339 345 349 357 352 355 357 362 366 368 374 382 389 391 398 401 405 407 415 424 416 424 433 437 436 443 446 454 462 470 469 474 477 484 489 489 486 495 492 494 503 512 516 524 533 538 546 543 550 548 554 561 561 570 570 571 572 581 588
 16 222 220 229 227 236 228 234 239 241 243 241 239 242 247 254 247 250 251 258 267 273 280 279 283 285 284 290 293 297 291 295 303 310 319 325 318 323 323 331 338 344 336 341 348 346 354 360 368 366 370 379 383 385 390 398 401 400 407 414 422 414 422 425 429 434 441 443 449 455 464 466 474 474 475 483 484 485 486 490 493 502 511 512 519 528 529 538 534 541 546 551 552 560 561 564 571 572 573 579
 17 226 219 221 222 227 225 226 230 238 240 235 237 238 240 247 245 250 252 261 266 271 276 271 277 278 283 285 286 288 290 299 307 312 321 316 316 317 322 323 329 335 333 335 344 343 351 356 359 365 370 373 377 384 390 393 394 398 406 405 413 413 414 420 429 433 440 442 450 459 459 468 470 470 479 479 488 485 491 494 502 506 504 505 511 520 522 531 530 532 537 545 548 551 555 559 567 576 577 585
 26 226 218 215 221 222 224 231 236 235 231 232 240 242 240 238 242 251 256 261 269 264 267 267 270 274 274 276 278 281 286 295 302 303 312 310 309 318 323 315 324 326 327 334 335 342 351 356 364 370 377 370 372 381 383 390 399 400 400 402 408 407 415 424 426 430 437 442 446 454 451 459 461 469 471 472 481 482 484 485 494 502 503 506 512 514 522 523 524 528 535 537 539 548 554 562 566 575 583 592
 28 220 211 209 212 213 222 231 230 226 224 226 235 233 231 237 245 250 255 255 263 260 266 265 269 275 273 278 277 278 283 286 293 302 303 311 306 311 317 312 317 320 326 334 335 341 344 350 356 362 369 367 375 376 385 389 391 395 396 399 403 406 410 415 424 426 430 434 443 445 450 451 460 466 474 472 481 490 490 493 494 503 510 507 516 515 523 528 533 537 537 543 540 545 551 554 563 572 577 583
 29 212 203 203 208 212 221 227 222 224 215 222 227 224 225 231 238 244 246 253 255 251 258 262 260 267 271 273 274 281 289 284 291 298 305 302 304 305 308 309 316 317 325 329 333 341 343 346 353 355 364 365 369 374 376 382 384 389 398 401 402 405 410 419 427 434 433 437 441 442 443 450 457 458 466 471 475 481 488 492 494 497 502 510 519 524 532 536 535 542 544 545 544 552 558 555 557 565 572 575
 33 205 199 202 211 214 218 221 214 222 214 219 225 223 231 231 239 237 246 249 252 249 257 264 259 258 263 264 272 277 281 283 287 294 297 301 310 313 315 312 321 325 333 338 335 338 340 344 350 359 363 365 373 382 378 382 385 387 393 396 398 400 402 411 419 428 435 435 438 444 452 458 466 459 468 468 469 474 483 485 486 494 499 505 514 520 528 537 541 550 552 550 553 557 561 557 565 566 575 579
 41 199 198 200 204 205 210 213 212 220 212 212 221 222 225 230 231 236 244 240 245 247 255 257 261 255 259 266 275 284 283 283 287 291 298 307 306 311 318 321 328 329 332 334 337 346 346 353 356 359 362 365 370 377 384 388 394 395 401 405 401 407 405 414 423 429 432 434 441 443 451 460 466 461 464 466 469 473 474 477 484 492 498 503 508 517 525 528 532 541 547 556 556 565 569 565 574 574 575 583
 42 191 195 192 197 200 209 207 206 215 208 209 214 221 227 236 233 229 238 239 247 243 252 259 252 254 258 267 274 279 274 282 287 290 296 304 299 305 313 322 325 325 333 335 339 341 350 359 361 363 362 371 373 380 388 396 400 402 406 407 407 416 411 418 422 430 434 441 442 450 451 458 463 469 473 468 469 478 483 481 490 491 500 509 513 517 523 531 539 541 542 550 559 560 568 573 579 582 575 581
 51 186 193 185 193 195 201 201 203 209 207 213 214 213 219 228 233 224 229 231 238 242 248 251 250 259 259 263 265 272 273 278 280 287 288 295 297 301 308 317 322 324 331 339 346 347 350 354 356 356 361 369 370 375 380 389 392 394 397 398 401 408 414 415 416 422 428 432 439 444 453 455 461 470 475 472 475 484 491 486 494 500 502 506 515 521 527 535 544 549 550 551 560 566 567 569 572 573 574 582
 56 181 190 184 192 200 193 200 201 202 200 204 205 209 210 219 227 222 231 232 241 237 244 252 248 257 262 265 274 272 271 277 276 285 293 297 296 299 306 310 313 315 323 330 338 341 341 345 347 355 363 371 371 380 381 389 394 402 402 405 410 415 419 420 419 426 432 437 440 445 449 458 464 473 474 480 484 492 492 495 498 503 504 507 515 520 528 533 535 544 545 553 554 558 567 568 576 582 582 585
 58 178 181 183 185 191 185 194 201 197 198 205 213 213 216 217 218 219 228 231 232 236 238 245 247 248 256 265 274 274 267 269 275 278 285 294 295 297 306 308 311 313 317 324 332 333 334 337 346 351 355 364 371 378 383 389 395 399 403 412 419 420 421 429 426 434 440 435 443 452 458 452 461 468 469 475 482 487 496 500 507 504 506 509 512 519 527 530 533 538 542 549 555 561 568 576 571 580 588 594
 66 174 176 181 179 182 180 188 192 196 205 206 211 204 213 220 225 228 235 236 241 239 244 248 256 257 263 260 269 265 266 274 283 286 286 290 296 304 307 311 320 320 325 330 331 336 343 346 347 353 362 369 370 371 380 386 387 392 399 407 413 421 428 437 429 433 432 434 435 444 449 450 459 467 476 480 481 488 493 492 501 502 508 515 521 521 523 527 528 529 536 543 546 555 559 568 570 579 582 589
 73 173 167 173 170 174 176 185 184 193 199 204 204 200 207 215 216 222 227 228 236 245 242 243 250 259 260 258 262 264 271 280 288 287 287 293 295 296 305 309 315 324 329 325 334 333 341 346 350 353 357 365 372 380 383 380 389 396 403 404 404 412 420 429 423 424 431 433 436 445 448 453 460 462 470 472 475 482 485 491 497 506 512 521 521 523 532 528 529 537 539 548 548 550 559 564 573 582 583 588
 74 165 166 164 167 169 173 179 183 184 190 198 200 196 198 207 211 219 222 227 235 239 241 242 243 252 251 257 262 265 272 281 289 290 286 293 287 293 301 300 309 318 320 322 331 326 335 342 344 349 356 364 373 374 375 376 385 390 395 396 403 412 414 422 422 423 424 431 436 444 451 458 460 461 462 463 471 477 478 487 495 500 507 512 513 520 526 529 531 537 539 541 549 558 562 566 568 577 578 579
 83 160 157 163 164 171 173 180 182 184 189 196 203 195 199 208 217 215 223 222 227 231 238 233 240 243 247 254 258 266 275 283 283 287 285 284 284 290 295 299 305 314 323 321 327 324 327 333 340 342 347 356 365 374 375 380 387 391 396 399 404 412 412 413 421 426 432 440 437 446 454 455 458 467 469 468 477 478 486 490 498 498 499 507 516 523 524 531 537 542 546 543 551 556 561 564 567 574 577 585
 89 158 150 159 165 162 171 176 184 191 183 188 196 192 199 202 208 212 214 216 222 224 229 230 233 238 241 245 253 261 267 276 274 280 276 277 281 285 290 296 303 309 316 318 319 321 327 336 344 348 349 358 360 369 370 374 380 386 394 400 406 409 406 415 416 425 433 439 445 446 454 459 467 472 474 469 478 487 490 496 499 497 505 512 517 526 525 533 534 540 544 547 556 565 568 564 565 573 574 583
 93 152 148 154 161 160 166 173 177 182 181 187 190 191 200 200 204 209 218 219 221 219 220 224 225 234 235 236 244 252 261 270 267 271 272 280 289 291 293 299 300 307 314 323 321 328 332 341 350 355 350 354 356 360 369 374 381 382 390 396 400 405 404 411 420 421 428 437 439 447 449 458 459 464 465 474 477 483 482 487 490 493 500 509 512 519 528 537 535 542 541 548 549 556 563 563 572 576 582 587
 94 152 145 152 156 155 162 169 175 173 174 183 192 191 196 196 203 209 209 218 220 215 218 227 230 235 243 239 245 252 260 264 266 268 276 274 283 290 299 300 308 311 319 324 323 326 335 344 346 353 359 356 363 361 368 377 378 379 387 389 396 398 402 410 412 421 425 428 437 445 448 457 459 467 472 470 468 475 478 483 492 501 505 509 517 526 528 537 534 538 540 546 553 553 554 555 563 568 573 578
100 145 144 145 152 153 162 166 172 171 165 174 183 188 194 192 194 202 201 210 211 214 223 229 229 234 242 247 252 260 262 267 260 261 268 269 276 285 294 302 308 305 310 317 320 329 335 336 337 346 353 355 364 364 365 371 378 379 386 393 395 404 408 414 417 423 431 437 446 450 450 456 460 468 464 461 467 469 474 483 491 498 505 507 512 521 528 535 528 529 536 538 545 552 557 558 560 567 576 584
109 118 125 143 147 156 162 157 165 170 164 166 174 181 185 188 191 194 196 203 212 215 221 226 228 233 236 243 249 251 253 258 259 268 274 277 278 287 293 298 299 302 303 312 313 322 328 335 339 346 347 355 361 367 371 380 381 388 391 392 397 406 408 415 421 423 432 434 441 441 442 447 451 460 466 458 467 476 482 485 489 495 504 513 508 517 519 526 527 532 535 543 536 544 549 550 555 561 567 576
118 127 128 135 141 147 153 154 158 159 161 166 174 175 180 191 192 199 205 211 218 218 222 231 231 232 238 239 240 242 250 253 262 269 273 276 276 278 287 294 302 304 307 311 314 320 328 331 340 345 349 354 362 371 371 377 376 381 382 383 390 399 399 408 414 416 425 431 432 439 440 448 456 464 462 456 461 467 474 476 485 491 495 504 507 511 516 517 519 528 534 534 535 538 547 546 551 558 560 568
122 125 130 133 137 144 152 161 160 166 168 172 175 184 183 189 193 202 210 217 219 227 226 232 240 238 239 248 249 250 251 257 259 264 267 272 274 282 291 300 309 311 316 320 316 322 331 334 343 341 343 346 355 362 367 368 374 378 385 392 392 393 398 405 414 423 424 423 432 433 433 442 449 458 456 453 462 468 470 478 479 488 495 497 498 507 513 517 519 528 529 533 541 538 542 543 552 560 564 569
127 130 136 139 145 152 154 161 162 169 169 177 178 187 184 192 199 202 207 215 224 233 235 240 245 244 248 250 258 253 260 263 264 265 274 276 283 288 294 300 302 308 309 318 317 319 323 331 340 339 344 345 349 358 367 373 374 383 386 392 401 401 399 407 416 417 418 422 429 430 431 433 442 450 451 452 453 461 469 471 476 485 486 495 499 505 514 509 513 521 528 536 541 534 543 537 545 551 560 561
132 131 137 146 148 153 162 170 167 172 175 183 187 196 191 192 200 200 206 215 221 229 238 238 245 251 250 256 263 256 263 264 272 271 273 282 290 296 293 297 304 310 315 319 323 324 324 325 333 335 343 350 354 362 369 378 380 387 394 388 392 401 407 408 417 420 423 431 438 434 433 442 450 452 457 459 460 464 470 471 477 486 495 497 499 497 506 506 509 517 519 528 532 533 534 535 544 547 556 560
133 133 136 143 149 157 166 173 176 174 180 181 188 191 199 193 194 198 202 211 219 227 232 236 241 242 249 249 254 260 257 262 269 264 273 279 285 287 288 289 298 301 308 311 316 323 331 326 327 335 344 353 356 359 368 371 380 388 393 385 388 396 398 402 411 413 416 424 432 433 440 447 456 460 465 458 467 466 471 479 486 489 492 488 490 493 499 500 509 517 526 533 534 537 538 544 545 549 551 556
141 140 138 147 152 161 170 177 183 182 189 184 192 196 198 202 195 205 205 209 210 219 226 228 232 238 240 248 249 251 253 254 262 263 269 278 287 296 297 296 305 309 309 318 325 324 333 329 329 338 345 349 352 360 365 373 379 385 384 383 391 394 402 409 405 404 413 419 427 434 435 444 452 456 456 450 458 467 472 477 480 485 492 485 489 491 500 509 513 515 524 532 531 533 541 544 553 552 560 559
142 147 139 146 151 160 167 176 183 186 195 192 199 205 201 206 199 203 212 216 219 219 227 228 226 235 241 250 258 258 262 261 270 272 275 284 289 298 298 299 308 314 316 320 326 331 335 331 338 345 353 357 353 354 360 365 371 378 383 379 388 390 399 400 401 402 409 416 418 425 434 437 446 448 448 449 456 464 468 469 473 477 484 482 491 497 498 505 508 510 518 526 527 531 538 545 554 553 562 562
151 156 148 149 155 163 172 170 179 188 196 194 195 200 208 203 201 202 205 210 214 216 217 223 224 233 239 243 252 255 264 262 267 268 276 285 294 300 300 300 309 317 321 327 333 340 341 338 347 348 357 364 360 356 357 364 369 370 374 375 384 393 395 404 403 405 407 416 417 424 425 434 439 442 443 450 457 458 460 461 467 468 475 481 488 497 503 504 505 513 519 522 524 532 539 547 556 562 567 569
155 164 157 150 151 160 163 169 176 184 192 200 203 205 214 212 208 204 213 211 219 223 225 225 226 227 237 246 249 256 265 265 271 277 282 287 290 297 304 302 308 312 318 326 334 343 345 347 356 357 357 366 363 357 364 373 370 378 383 384 387 395 404 412 405 408 415 421 426 432 429 431 440 446 449 455 462 466 466 467 474 473 482 489 493 498 500 509 507 515 523 526 533 540 548 553 555 558 564 560
162 163 156 151 157 166 172 175 183 186 195 204 204 213 210 218 209 205 214 220 226 224 227 231 234 232 241 247 253 256 258 259 264 273 282 282 291 297 304 308 314 320 323 330 336 337 345 352 352 355 356 363 360 359 368 377 375 382 391 392 394 401 405 410 414 415 423 426 435 439 430 437 445 446 448 457 465 466 473 470 472 479 486 481 487 489 496 501 503 508 514 520 529 537 546 553 556 554 559 556
171 167 160 153 160 161 170 179 187 194 195 198 207 208 209 217 217 208 217 226 223 226 227 236 243 234 241 242 249 253 259 260 267 274 276 281 283 291 298 305 308 312 317 322 327 335 336 344 350 359 358 367 368 368 376 382 380 382 387 396 403 402 408 412 421 423 429 427 428 432 433 438 439 448 449 455 464 473 474 474 471 479 477 480 485 489 490 499 507 514 520 522 527 531 538 545 547 551 556 554
176 173 169 162 166 169 177 186 191 194 202 207 212 217 211 216 217 209 218 220 222 229 234 243 243 237 242 246 252 258 259 267 268 272 281 290 292 292 300 306 311 316 325 328 328 337 345 349 355 357 364 371 368 374 383 387 384 391 395 398 394 402 406 409 415 419 421 428 429 426 428 433 442 445 448 451 460 469 475 469 469 477 476 484 487 489 498 504 505 514 523 528 533 539 536 537 542 543 551 553
180 182 177 168 167 168 173 181 190 192 197 205 207 214 212 221 223 218 226 221 224 230 236 241 245 240 248 252 257 266 266 273 270 271 274 283 292 301 303 304 310 311 320 325 325 332 340 349 347 355 357 365 366 374 378 379 388 389 396 397 390 399 406 407 416 417 421 420 420 418 419 428 435 437 440 449 454 461 467 460 461 468 473 479 483 484 490 499 507 512 516 521 524 533 529 537 542 551 554 546
184 186 179 176 175 177 178 186 194 199 198 205 207 215 215 219 228 227 226 224 230 239 241 250 248 249 250 251 256 265 267 271 279 280 275 282 287 295 296 300 302 310 318 319 320 327 332 341 344 353 359 359 367 369 371 372 379 383 387 388 389 390 399 402 407 412 416 414 415 417 419 423 428 429 438 446 447 456 461 459 464 462 465 474 478 486 489 498 506 503 512 513 519 525 521 528 535 542 551 544
193 194 186 177 181 183 186 195 195 201 204 205 207 215 218 225 229 236 227 229 233 237 245 254 257 258 256 252 261 262 270 272 281 281 277 284 289 298 302 309 311 317 324 321 329 328 333 334 343 345 350 355 364 373 377 379 386 390 387 392 398 399 401 408 408 410 412 413 422 426 426 429 430 437 438 447 456 454 454 455 456 461 470 466 475 479 487 492 501 502 508 514 510 517 518 527 528 533 542 543
200 192 191 185 190 185 194 198 199 201 202 211 214 219 222 225 227 235 228 233 235 244 244 251 254 260 264 255 258 261 269 274 279 286 284 293 293 300 308 317 313 322 326 318 323 329 329 331 339 343 352 357 365 368 369 375 379 382 384 388 395 401 410 410 417 417 414 415 416 418 419 422 430 432 437 445 447 445 453 460 457 458 464 465 473 477 481 486 495 502 499 505 506 515 523 527 535 541 548 552
204 199 197 194 198 194 201 201 200 207 203 212 216 221 226 232 232 234 235 239 236 239 241 250 252 259 264 257 260 268 275 283 288 288 287 293 299 304 311 319 311 315 321 315 316 324 328 336 338 346 349 350 359 367 375 376 384 381 386 391 395 404 412 412 420 417 416 417 425 420 428 423 430 436 436 443 438 439 446 454 458 465 467 468 477 481 488 491 499 494 496 502 506 515 520 521 529 538 547 551
210 202 199 196 205 200 209 210 203 209 208 210 219 223 226 228 230 238 243 248 242 246 247 252 261 260 261 266 266 274 281 282 289 293 289 290 291 300 305 311 310 312 314 313 320 321 329 335 342 349 353 351 357 366 374 375 379 380 386 395 403 409 409 415 418 417 422 425 433 429 429 424 425 427 434 435 437 442 451 456 463 466 467 471 474 476 480 489 492 493 502 509 507 516 523 523 525 534 539 542
213 208 201 198 206 209 211 216 212 216 213 219 228 231 234 229 233 240 248 252 243 249 251 258 263 261 267 274 267 272 274 282 289 298 291 292 292 298 301 302 304 307 308 312 314 323 328 336 338 347 356 355 356 357 366 369 370 379 381 390 394 403 400 408 416 414 415 424 426 434 437 429 434 435 442 439 446 451 452 456 462 463 470 476 481 485 486 495 495 500 509 513 512 520 521 529 526 530 539 548
215 209 209 201 208 215 212 221 218 219 221 220 228 233 235 237 240 242 251 248 247 253 258 259 267 264 269 275 272 281 281 284 290 294 298 297 301 307 302 303 311 309 315 320 323 331 337 331 339 342 348 346 347 350 359 361 370 374 375 382 391 396 395 404 407 408 409 416 419 428 436 438 434 436 438 446 453 458 458 463 463 466 474 476 480 489 495 502 501 509 512 521 518 524 530 538 534 532 534 541
217 210 209 208 212 217 221 226 225 228 228 222 228 234 237 246 241 242 250 255 249 257 264 267 270 269 271 277 278 287 290 293 295 302 307 306 304 308 307 307 315 310 312 313 315 323 332 326 333 336 339 342 345 353 360 364 373 377 383 383 385 390 393 402 403 409 418 425 420 422 430 431 432 441 440 445 452 458 464 472 468 475 479 485 486 495 503 507 508 514 521 530 527 533 538 541 537 533 534 543
226 217 218 217 214 223 229 232 226 234 230 225 234 235 236 240 241 243 245 253 255 263 267 270 273 272 273 282 282 288 296 299 304 309 313 307 309 309 313 316 322 316 319 315 319 321 323 324 325 330 332 341 345 350 351 358 364 373 379 388 389 397 394 402 408 411 420 423 422 430 427 422 425 434 437 445 446 450 459 466 470 477 482 487 488 497 505 508 515 515 522 523 530 538 544 546 545 542 541 550
235 226 218 217 216 221 225 231 227 235 236 227 233 241 241 242 244 249 254 260 264 267 268 269 278 278 278 283 289 289 291 293 301 308 314 316 313 310 319 319 328 325 320 324 327 322 331 332 333 331 332 334 341 350 351 360 369 372 378 385 388 396 397 398 407 407 414 416 423 430 422 421 429 438 441 449 452 458 463 472 471 476 483 490 496 493 502 506 512 517 526 527 536 545 553 555 548 551 543 547
226 221 220 224 223 222 230 238 234 242 241 233 236 240 248 247 252 257 261 269 271 276 276 271 280 280 284 291 298 290 291 293 302 303 307 313 308 317 325 321 328 323 321 328 326 325 332 333 342 336 337 336 338 346 353 361 363 364 370 379 381 389 396 399 408 405 413 421 416 421 418 420 429 435 442 447 456 464 471 468 468 469 477 481 490 491 500 509 517 526 535 531 540 549 554 562 557 555 551 548
227 228 229 230 227 227 234 242 242 251 245 239 244 243 252 251 254 258 264 266 273 280 277 277 285 289 285 289 297 291 297 294 295 300 304 305 307 314 318 327 335 329 330 337 334 334 334 342 343 344 338 342 339 346 350 358 362 363 369 375 382 386 389 390 399 402 411 412 414 416 417 425 428 435 444 445 454 461 462 463 466 470 479 484 486 495 504 505 511 519 526 535 541 544 551 555 554 554 556 554
232 233 236 239 236 236 243 245 249 253 248 240 246 248 253 260 259 266 273 271 280 285 281 286 288 294 289 293 299 300 303 301 304 306 306 312 313 317 320 321 326 328 331 337 343 343 343 351 352 344 339 347 346 347 348 350 358 367 375 383 383 387 392 396 402 411 418 416 422 424 426 433 436 444 453 451 460 467 468 471 475 471 480 481 490 495 504 513 517 525 534 530 538 543 550 551 552 553 561 559
241 242 237 246 245 245 249 246 253 244 243 242 251 250 257 257 258 263 272 280 289 289 288 294 297 296 294 302 307 307 307 305 308 314 314 319 317 324 329 330 334 330 332 340 349 348 345 354 350 349 348 351 351 352 353 357 364 372 376 380 389 396 393 399 408 412 415 422 429 425 433 435 440 442 450 459 468 471 477 478 474 473 481 490 499 499 508 517 525 530 525 527 533 534 541 549 558 562 569 561
246 244 245 254 246 254 255 249 249 248 252 246 248 250 255 256 264 272 279 283 284 285 291 297 302 304 297 306 315 311 308 314 316 315 315 324 323 332 333 334 339 332 340 349 350 355 347 356 357 352 349 358 358 361 362 364 373 381 385 385 391 396 395 402 407 413 421 426 424 425 428 431 440 447 456 463 464 473 481 482 476 479 480 485 491 494 503 512 516 522 523 532 541 541 547 554 555 563 562 569
247 251 253 257 249 253 254 256 251 249 250 252 257 254 257 261 267 274 283 285 290 288 297 304 306 303 300 302 310 318 317 320 324 322 318 326 332 339 337 335 344 341 347 348 349 354 356 365 358 358 358 367 365 365 364 369 371 378 384 385 394 402 402 406 414 415 421 422 423 428 437 439 448 451 456 457 466 471 477 478 483 480 488 493 500 503 504 509 512 517 526 535 536 543 551 558 556 564 560 569
248 257 254 260 256 254 262 265 260 257 257 255 264 263 264 269 276 279 284 290 292 296 301 310 307 311 305 306 315 322 323 329 331 331 325 334 337 344 339 343 347 343 344 352 356 362 359 360 359 367 364 367 368 366 366 371 380 382 387 394 403 406 411 415 418 423 430 429 431 436 438 447 448 452 453 461 467 474 482 487 485 486 492 497 501 510 512 510 515 520 525 530 531 540 546 553 559 562 556 565
255 264 259 263 265 257 259 267 263 263 258 258 267 272 270 276 282 280 282 283 292 298 300 307 312 318 314 310 314 315 318 321 322 323 332 333 342 348 340 342 344 352 353 355 358 365 368 361 366 375 371 375 374 368 375 378 386 391 394 401 406 412 412 416 421 429 438 437 432 438 446 448 456 459 461 468 469 471 479 480 481 488 496 504 505 506 508 513 514 520 528 534 540 549 546 547 550 553 554 559
262 263 268 272 271 266 262 271 268 265 262 265 269 277 273 279 283 281 285 288 297 303 304 312 314 323 322 319 319 318 324 329 327 332 336 334 342 348 349 344 346 347 349 358 359 368 369 362 363 368 376 384 378 369 377 386 395 398 401 402 403 410 414 414 415 420 429 430 435 438 447 455 461 464 467 469 473 475 483 485 486 487 489 497 498 506 509 512 521 526 527 534 539 542 545 544 551 560 559 562
271 272 277 276 272 275 270 278 269 269 271 266 275 278 280 288 292 290 293 295 301 304 310 318 315 318 326 326 326 324 330 331 332 340 339 343 345 348 354 352 354 352 357 358 366 374 377 371 371 376 384 381 374 373 379 384 388 389 398 405 404 405 413 412 420 429 436 438 444 439 442 448 456 461 466 471 472 481 490 489 494 489 498 505 504 511 512 514 515 517 518 527 530 533 540 541 550 559 566 571
280 281 286 285 280 277 273 278 276 278 280 274 283 279 283 292 294 299 296 296 299 300 307 316 324 326 331 329 334 327 335 337 334 342 348 344 351 349 354 360 355 356 361 367 374 382 378 377 380 380 382 390 382 381 385 392 396 398 407 406 405 406 408 410 418 421 429 433 440 447 447 454 459 466 475 480 475 484 486 487 495 490 492 496 501 510 512 518 516 525 526 534 539 542 549 546 552 553 562 569
282 290 291 288 287 278 274 280 285 277 276 275 277 283 284 293 302 306 305 305 305 307 311 315 321 322 331 335 340 334 341 339 339 341 342 350 356 357 360 369 364 365 370 371 379 383 383 385 388 383 385 389 391 385 391 398 401 407 409 407 407 415 417 414 415 424 430 432 441 445 448 450 457 464 467 476 480 486 492 495 498 498 501 499 500 504 510 517 521 525 529 531 534 535 544 553 561 557 561 565
290 298 292 288 284 280 281 288 286 285 284 277 279 284 288 293 302 307 310 314 307 315 313 320 329 324 333 339 340 338 343 348 346 350 343 347 348 354 363 371 369 366 374 378 379 380 387 386 389 386 394 397 392 388 390 396 397 405 410 416 416 416 418 419 422 429 433 438 439 448 456 459 464 467 470 471 476 485 494 495 504 499 502 500 508 513 518 524 530 530 538 534 538 544 549 550 555 564 563 572
291 294 301 297 289 285 290 290 293 287 287 278 279 282 289 292 301 308 310 314 313 322 317 326 333 333 342 344 349 342 351 355 350 350 349 356 357 363 367 369 375 371 380 380 388 389 396 395 394 390 398 403 401 397 398 405 404 409 410 419 425 424 420 422 431 430 432 438 445 454 455 460 469 468 469 470 479 488 497 503 504 506 506 507 510 519 521 522 530 539 547 543 542 545 547 549 557 559 568 577
294 303 310 304 296 293 293 298 296 295 291 282 280 287 293 297 298 303 310 316 321 325 324 331 336 336 344 345 353 345 349 358 359 355 356 359 358 361 368 367 369 373 374 383 386 392 394 396 400 391 394 402 408 402 400 406 407 411 419 421 425 432 428 431 433 439 441 440 443 451 460 466 467 470 470 479 488 490 491 497 505 513 507 513 517 525 530 529 534 542 547 547 549 547 549 554 562 568 577 586
303 310 316 308 303 302 296 304 300 298 291 290 281 286 294 303 307 311 310 316 319 325 333 338 343 341 349 353 360 351 358 367 364 356 357 361 360 361 365 366 367 376 376 377 378 387 395 403 403 400 398 406 415 409 407 414 416 416 422 427 427 430 434 440 442 447 449 442 450 457 458 466 474 476 471 473 479 486 494 503 511 510 514 518 526 532 537 538 543 546 553 552 553 553 558 562 570 575 582 585
310 319 324 316 308 300 297 298 307 302 298 289 282 286 291 298 304 307 308 316 322 328 337 345 340 349 352 357 360 359 365 373 364 359 364 362 362 368 373 370 372 378 383 386 385 387 393 398 407 405 399 407 410 417 409 416 423 420 425 428 432 433 438 444 446 447 449 444 450 459 464 473 475 484 479 482 487 490 498 502 503 507 513 515 522 531 537 540 541 549 558 559 560 557 562 564 572 579 588 593
315 324 327 321 315 306 300 307 313 304 302 295 291 291 293 298 301 310 317 319 320 329 330 337 338 347 348 349 351 360 367 374 366 363 370 370 369 375 377 376 380 384 391 394 389 390 395 404 413 414 408 412 412 413 413 421 424 429 426 430 431 433 441 448 447 449 447 445 453 454 463 472 480 484 486 488 490 498 499 501 502 504 511 520 522 526 533 541 544 545 553 558 562 565 563 571 579 587 594 600
321 328 328 319 318 311 303 304 306 309 300 293 292 296 297 305 306 313 315 324 329 338 331 336 345 348 356 350 357 358 367 373 374 372 376 377 377 381 385 384 385 385 387 392 398 391 397 405 414 422 417 415 418 422 422 422 429 431 427 428 430 437 438 441 447 452 449 454 462 463 471 474 475 480 489 497 494 496 498 507 508 505 514 518 521 526 535 541 547 546 551 557 564 561 565 574 574 580 589 594
324 328 320 319 317 315 309 312 311 303 298 296 293 298 300 306 314 320 317 320 328 336 332 336 338 347 355 356 358 366 375 382 377 379 384 381 383 390 387 389 391 392 388 393 402 399 405 412 414 419 424 417 425 427 424 431 435 434 434 431 434 435 439 442 449 451 454 455 463 469 474 478 479 488 489 498 498 497 504 506 515 509 510 512 521 525 534 543 544 545 548 557 556 559 565 569 573 582 590 597
328 335 327 328 324 319 310 319 318 309 301 302 301 302 308 311 314 322 323 326 335 336 338 345 346 349 358 365 366 370 372 381 383 387 393 385 390 397 388 396 396 394 395 401 402 407 412 418 417 418 427 422 431 434 425 427 428 431 437 440 435 443 446 449 457 452 460 464 470 478 475 477 484 487 496 505 506 498 501 507 515 516 518 521 529 526 533 541 550 550 548 550 553 558 566 570 579 582 587 596
334 343 336 336 330 326 319 320 311 304 303 305 305 311 309 318 318 327 332 333 339 343 342 346 347 355 359 361 362 363 372 373 376 385 393 386 391 394 397 402 397 395 404 409 411 416 419 427 418 422 431 431 438 429 426 435 435 432 441 440 437 445 454 453 462 461 466 465 467 476 482 481 482 485 491 500 502 506 508 511 513 520 526 530 538 531 532 536 544 546 547 556 562 559 566 570 572 579 580 588
335 344 342 335 334 325 322 316 309 307 307 307 313 316 316 318 320 328 329 333 342 348 347 354 356 364 363 363 364 370 376 382 384 393 397 394 399 403 398 406 405 399 408 414 412 421 427 434 425 430 439 434 435 431 433 434 442 440 446 448 443 448 457 460 462 466 468 473 472 474 482 483 485 494 493 495 504 513 515 520 514 522 523 526 535 535 535 544 551 549 551 557 563 560 569 577 580 582 589 590
343 352 343 342 333 332 325 318 310 314 310 311 317 317 325 319 321 325 327 335 342 351 354 355 356 360 367 371 372 379 385 383 390 394 402 400 407 407 400 403 412 405 406 414 415 420 426 433 430 433 440 440 435 432 441 441 448 449 455 449 451 450 451 454 461 465 474 474 473 482 491 484 490 497 497 501 510 512 516 519 522 523 531 530 534 539 540 543 550 558 555 559 560 568 570 576 577 586 588 597
352 349 340 337 333 327 326 321 314 323 315 314 323 324 332 327 328 333 335 344 350 354 355 358 357 365 374 379 380 388 388 392 394 403 405 401 405 406 406 404 407 409 414 417 421 429 427 429 437 435 436 439 436 438 445 442 443 445 446 455 460 457 457 459 468 474 476 475 479 481 488 489 493 494 496 505 514 517 524 527 524 524 530 538 536 537 546 544 553 559 564 562 568 573 579 577 579 580 587 594
358 349 347 338 336 336 333 324 318 321 318 323 328 325 331 336 337 342 337 338 346 355 364 367 365 373 382 387 389 394 397 396 399 400 405 405 406 410 407 405 414 412 414 423 422 430 431 433 439 439 445 442 439 441 449 451 451 453 447 448 452 461 463 460 461 466 473 477 483 490 497 491 499 502 499 502 506 508 516 520 524 529 533 538 538 546 552 553 557 564 565 570 569 576 577 580 580 585 592 599
361 352 354 345 338 339 336 331 322 326 322 327 336 333 338 340 340 348 339 343 352 353 361 362 366 367 376 385 391 396 401 400 402 408 414 411 411 419 411 408 412 420 421 430 426 427 436 437 438 447 445 444 448 442 450 456 457 461 453 449 455 456 460 469 466 475 481 479 488 492 498 492 500 506 506 503 508 516 523 529 533 533 539 545 547 548 553 558 564 571 566 572 578 584 582 581 581 587 589 595
365 361 360 354 347 346 338 331 327 328 327 328 337 342 347 343 348 345 341 349 358 357 363 368 373 375 383 386 395 396 404 401 407 415 421 413 418 425 418 416 417 425 427 431 428 436 443 442 447 452 454 452 447 444 450 459 466 463 456 456 464 464 465 468 472 475 482 480 486 490 497 501 501 506 515 512 509 513 514 520 525 533 537 546 555 556 562 559 567 574 575 576 579 587 590 590 588 596 595 596
373 370 369 360 356 355 347 340 331 329 336 329 331 340 345 351 357 354 349 351 352 361 364 373 374 383 387 387 392 401 410 409 412 416 425 419 420 428 425 422 423 432 435 439 436 445 445 443 449 458 458 458 449 445 454 460 462 460 458 459 467 472 473 475 480 482 488 489 488 496 501 507 510 515 516 521 514 521 521 523 530 535 543 551 557 564 571 565 566 574 578 584 585 593 597 599 596 605 604 600
373 365 364 360 357 360 351 342 337 338 333 332 335 336 341 342 351 353 355 359 361 363 367 375 377 386 388 393 400 409 411 414 414 415 423 427 429 430 428 431 426 427 436 443 445 447 453 444 445 452 461 464 458 452 461 469 467 465 459 465 472 478 481 482 489 484 493 494 489 496 504 513 518 523 524 530 521 530 522 525 533 540 545 546 554 563 564 566 575 580 586 593 592 593 600 607 598 603 612 604
381 372 371 363 355 354 352 344 341 337 336 341 336 345 343 351 358 356 363 365 370 364 373 381 384 391 395 401 408 416 420 420 423 417 420 424 430 432 436 429 427 428 433 434 442 450 456 453 452 456 464 465 467 461 470 475 472 474 467 473 481 484 488 490 497 491 500 499 496 503 511 513 513 522 528 532 524 527 528 534 537 538 545 551 552 554 561 569 577 585 593 595 600 594 601 602 607 611 612 613
388 379 371 371 363 360 351 344 343 339 341 350 345 352 345 346 349 356 357 360 363 371 375 382 384 388 397 403 412 421 425 429 421 419 420 427 436 437 440 433 433 429 432 436 439 446 454 458 454 463 464 468 464 462 470 478 476 480 471 472 480 485 489 491 500 496 500 499 498 506 514 511 512 514 522 523 527 536 536 536 537 540 548 554 556 557 566 574 575 582 590 598 598 596 602 610 608 617 621 619
381 378 369 369 360 351 350 349 349 345 343 351 353 350 348 351 356 362 366 362 366 368 377 380 386 394 395 402 409 418 423 426 429 420 421 423 429 438 445 442 442 438 441 438 446 454 459 461 461 462 471 476 473 469 478 481 481 485 480 475 482 489 492 496 504 505 508 503 501 503 505 509 512 513 522 526 535 538 541 540 538 543 552 559 565 562 571 578 584 590 595 601 601 605 610 611 614 619 624 627
373 369 366 364 363 355 357 350 350 351 352 359 354 355 352 359 363 371 373 364 365 368 376 377 378 385 388 397 401 410 419 420 421 423 430 432 438 445 452 451 448 447 449 447 455 463 468 463 467 465 466 475 473 472 481 485 486 490 487 483 490 498 500 505 513 512 508 506 503 509 513 517 521 522 528 530 539 546 548 548 547 547 552 560 568 571 579 581 588 593 602 610 610 611 619 617 617 618 622 630
382 375 375 372 365 363 355 351 357 355 356 358 363 363 360 367 364 365 374 373 369 376 381 386 379 388 396 401 408 414 415 422 428 430 428 436 445 444 448 455 452 456 457 454 461 462 467 464 471 474 473 477 475 481 482 484 492 499 496 490 498 504 509 514 514 519 514 514 506 515 521 518 524 531 535 532 541 549 556 551 550 556 555 563 571 580 583 584 586 589 596 605 602 603 610 619 621 622 629 635
386 378 378 374 365 361 360 360 365 356 361 365 368 369 364 373 365 374 380 382 377 378 383 390 387 390 397 403 410 415 418 416 419 424 426 430 439 441 447 448 456 465 460 455 460 468 469 473 480 483 475 484 477 482 488 491 497 505 502 497 506 506 511 514 521 527 520 517 509 518 526 520 523 530 534 536 540 544 552 552 554 555 558 567 572 579 584 591 595 595 588 597 601 603 612 621 630 629 632 641
389 382 379 382 374 370 369 369 366 365 368 372 376 370 373 369 366 374 382 383 385 380 389 392 390 395 396 401 405 406 410 414 422 431 429 430 437 441 446 447 456 465 463 457 460 469 475 476 479 488 484 493 486 483 491 498 498 499 501 501 505 512 519 515 524 526 520 516 512 516 524 528 524 530 538 543 541 543 544 547 549 557 564 568 569 576 575 583 590 591 586 595 598 607 613 617 626 630 631 640
396 390 387 389 380 375 378 376 375 368 369 378 383 376 382 376 375 376 381 388 394 389 398 393 395 403 405 404 413 415 415 423 426 434 438 436 445 450 453 456 459 460 469 460 467 475 483 479 487 494 491 495 488 492 494 499 502 502 509 509 508 514 523 524 528 533 527 522 513 522 524 529 526 535 542 549 543 545 552 554 552 557 558 565 567 571 574 576 581 582 583 592 597 600 607 616 621 622 630 632
404 399 396 398 389 382 380 377 378 369 378 381 389 381 388 379 384 378 387 389 398 390 392 399 398 407 408 405 407 411 420 429 431 435 444 443 450 457 457 463 468 469 472 465 472 477 481 483 487 496 493 495 490 499 495 504 510 504 511 518 513 521 527 533 529 533 526 525 517 526 533 537 530 537 541 541 550 553 560 555 557 562 564 573 574 573 576 577 585 585 586 595 597 606 615 619 624 630 636 633
412 406 400 391 390 389 387 378 380 372 381 387 393 390 390 381 387 381 388 393 401 399 401 408 405 411 417 414 410 419 422 424 433 434 443 451 458 464 463 464 466 474 475 468 472 479 481 487 496 503 494 503 499 508 500 508 513 513 516 525 519 528 533 540 538 541 533 526 525 532 540 538 532 533 534 539 548 556 563 558 561 565 568 576 581 574 580 586 592 588 594 595 603 611 612 621 630 631 636 639
409 402 393 392 397 397 388 379 387 379 386 390 396 393 399 390 390 387 394 395 398 399 405 411 407 408 412 420 412 421 423 432 438 439 448 456 457 466 472 470 475 483 482 477 474 476 482 491 497 503 495 496 498 506 501 503 509 510 518 524 525 519 528 535 540 533 541 532 534 541 549 540 537 540 538 542 550 554 561 564 570 573 576 581 577 576 577 582 584 591 594 600 607 610 617 626 635 638 645 648
409 400 399 400 404 395 390 381 388 388 394 399 400 395 402 397 399 396 395 396 399 400 408 417 415 410 419 417 414 415 418 425 434 440 445 454 457 461 468 475 476 484 481 477 475 480 483 492 494 496 503 505 499 508 508 504 507 510 514 516 517 518 522 531 537 532 540 539 541 550 554 547 546 544 541 544 552 560 566 573 576 582 583 590 585 581 584 591 591 597 597 598 607 614 623 631 638 639 648 655
415 406 408 405 405 396 396 390 389 397 395 398 405 396 405 406 407 405 404 405 400 408 414 423 416 411 419 421 423 417 426 434 441 441 445 451 452 459 462 467 474 483 488 480 483 488 492 500 495 503 504 509 507 515 514 512 512 514 522 521 521 519 527 528 529 531 536 542 542 548 557 555 554 553 549 552 555 559 568 572 573 577 583 592 586 582 585 591 594 599 603 605 606 615 623 625 631 638 641 646
412 409 411 412 406 405 398 391 395 397 400 400 403 404 411 409 413 410 405 405 403 404 406 415 424 420 424 429 425 426 434 438 447 450 452 453 458 463 464 468 477 484 488 483 492 496 495 504 502 508 513 518 510 516 520 520 513 521 529 523 530 528 532 535 536 533 534 540 549 551 555 558 560 554 551 555 556 558 563 565 574 582 589 589 588 589 588 589 593 597 599 608 613 617 618 626 628 637 645 649
421 413 418 421 415 414 407 400 401 402 408 408 404 407 416 410 415 412 410 413 404 413 414 423 431 427 425 434 427 433 442 447 456 459 457 461 463 468 473 469 474 480 481 490 495 502 499 508 505 506 509 514 518 517 519 525 522 528 537 528 535 536 539 541 545 541 543 549 557 559 561 565 564 559 553 562 558 565 564 573 579 583 586 595 594 597 592 597 594 601 608 617 616 617 626 632 630 635 637 640
422 421 427 422 423 419 410 406 402 407 411 409 407 408 416 418 422 414 413 421 412 413 414 423 429 428 432 441 432 441 442 451 459 468 464 462 471 474 473 472 473 479 488 495 504 511 504 512 513 507 508 517 523 526 526 532 529 529 537 536 541 539 541 550 549 542 548 551 552 553 554 560 568 560 561 565 567 567 573 575 581 586 590 591 593 601 601 600 595 599 601 609 610 619 625 626 630 631 640 648
428 426 434 429 421 418 412 410 409 408 416 417 414 414 421 427 427 423 415 424 418 422 423 424 428 432 436 437 434 443 447 456 461 470 469 463 469 476 482 479 479 485 493 500 504 513 510 512 520 511 517 519 526 531 530 533 534 531 535 538 543 547 547 550 553 544 553 559 561 557 559 561 566 567 564 573 575 576 576 576 578 587 596 592 599 606 607 603 599 605 607 608 610 611 616 624 625 630 638 642
437 435 435 427 423 414 413 418 417 413 414 415 420 419 425 434 431 422 421 430 425 431 432 429 437 435 436 437 437 445 450 459 465 466 475 468 475 484 481 480 488 486 491 500 509 515 519 520 528 519 525 528 534 540 539 539 543 540 541 539 544 551 556 556 555 546 548 552 557 562 567 564 568 568 567 574 583 577 581 577 581 582 589 597 605 611 615 606 604 608 615 614 619 613 619 625 630 629 630 633
444 435 427 426 417 416 421 422 418 421 419 417 426 420 428 429 438 431 426 429 426 430 439 433 441 436 444 445 445 446 448 456 459 465 474 477 484 488 490 483 487 495 499 508 517 524 526 527 523 521 523 532 535 543 540 547 550 549 546 547 553 555 561 557 559 555 549 556 560 564 565 573 576 575 576 581 590 585 582 581 589 584 587 589 597 606 606 615 610 615 621 623 623 615 616 617 621 627 635 634
441 434 427 426 418 422 430 426 427 425 428 426 431 423 430 430 435 438 429 433 428 437 446 440 449 443 452 447 449 453 454 462 461 467 476 480 489 489 494 488 494 502 505 513 522 527 535 536 530 526 530 539 543 548 547 550 556 557 549 548 557 564 566 566 562 554 552 560 567 570 573 579 584 584 584 586 590 586 591 586 594 585 588 589 597 599 602 610 618 616 621 622 621 618 622 620 629 629 633 641
446 440 431 427 427 425 427 427 436 427 433 435 433 424 433 439 438 437 430 437 436 439 446 445 450 449 456 451 452 457 459 468 470 476 477 486 489 498 499 495 503 507 512 514 521 522 531 540 537 534 531 540 548 549 552 557 562 566 557 551 557 566 575 575 566 559 558 566 570 579 581 586 593 585 592 589 590 589 596 587 596 593 597 598 606 603 611 619 625 624 622 630 626 625 630 626 629 631 639 646
446 438 432 435 433 432 429 432 435 428 432 441 436 433 442 440 440 446 439 442 442 448 455 449 456 450 459 456 461 459 461 468 475 480 482 485 494 501 501 504 509 514 515 515 521 525 532 541 541 540 532 540 549 558 556 559 564 571 566 560 566 573 578 577 575 567 567 572 578 587 582 591 596 591 598 595 596 590 599 592 601 601 606 607 612 604 613 621 630 633 630 636 627 630 633 633 636 632 633 637
448 441 441 442 441 438 438 439 430 429 437 440 443 434 439 444 448 447 446 444 444 446 452 457 456 455 456 465 469 466 470 469 477 485 491 487 496 497 505 502 511 515 524 520 525 534 538 540 548 548 539 548 557 558 565 568 565 566 571 565 572 581 587 580 574 571 573 580 587 590 588 597 600 592 599 603 595 593 596 593 600 603 612 616 619 612 619 623 632 639 638 640 632 638 638 637 642 634 641 643
451 445 446 450 442 446 445 443 436 434 441 441 450 443 448 453 457 453 451 450 452 448 456 464 465 456 464 465 473 471 478 475 482 488 495 488 495 500 508 501 502 511 520 529 534 531 531 536 542 541 540 544 548 550 559 568 574 575 576 574 573 582 587 588 582 574 582 589 591 592 596 599 607 600 605 608 603 594 602 602 604 612 618 622 622 614 623 632 636 644 647 644 639 645 644 646 650 643 647 644
454 454 448 451 447 454 446 444 443 443 443 450 452 445 454 461 466 461 452 451 454 451 459 461 470 463 464 472 475 480 487 484 484 493 500 492 494 496 499 500 502 506 514 522 528 529 530 532 541 549 546 553 556 559 562 570 577 584 583 575 581 590 591 593 588 582 591 597 598 593 598 605 608 605 608 607 606 602 610 611 613 613 621 622 623 615 622 629 637 638 645 652 645 646 653 655 654 650 655 653
