  0 451 445 450 453 449 458 460 463 471 470 466 461 466 467 465 459 460 464 463 466 475 483 479 488 483 481 486 489 490 494 491 492 501 502 505 499 506 507 508 516 519 528 529 535 532 536 538 546 550 553 555 564 568 565 573 573 580 583 588 597 589 591 599 608 606 610 618 619 625 634 643 650 652 659 661 664 662 667 662 667 675 679 687 689 698 706 715 712 718 724 725 726 732 740 9223372036854775808 9223372036854775808 9223372036854775808 9223372036854775808 9223372036854775808
  8 444 443 444 444 448 449 456 461 462 465 457 459 457 458 464 458 461 459 460 463 469 474 478 483 481 477 479 485 493 485 487 491 498 499 507 498 504 510 517 517 518 524 528 536 528 531 533 538 542 544 550 558 559 559 566 569 572 574 582 591 583 591 600 604 603 610 613 621 629 637 636 641 644 651 656 656 653 662 659 661 670 679 683 691 700 705 713 710 717 715 721 728 728 737 737 9223372036854775808 9223372036854775808 9223372036854775808 9223372036854775808
 16 436 434 443 441 450 442 448 453 455 457 455 450 450 452 457 450 453 454 461 470 469 476 470 474 476 473 479 482 486 480 484 492 499 508 504 497 502 502 510 517 523 515 520 527 522 530 536 544 542 546 549 550 552 557 565 568 567 574 581 589 581 589 592 596 601 608 610 616 622 631 633 641 641 642 650 651 652 653 657 660 669 678 679 686 695 696 705 701 708 713 718 719 727 728 731 738 9223372036854775808 9223372036854775808 9223372036854775808
 17 440 433 435 436 441 439 440 444 452 454 449 448 446 445 450 448 453 455 464 467 462 467 462 468 469 472 474 475 477 479 486 492 494 503 495 495 496 501 502 508 514 512 514 520 519 527 532 535 541 545 540 544 551 557 560 561 565 573 572 580 580 581 587 596 600 607 609 617 626 626 635 637 637 646 646 655 652 658 661 669 673 671 672 678 687 689 698 697 699 704 712 715 718 722 726 734 743 736 9223372036854775808
 26 440 432 429 435 436 438 445 450 449 445 446 449 445 443 441 445 454 458 458 462 455 458 458 461 465 463 465 467 470 475 477 484 485 494 489 488 497 502 494 503 505 506 513 511 518 524 527 535 539 545 537 539 548 550 557 566 567 567 569 575 574 582 591 593 597 604 609 613 621 618 626 628 636 638 639 648 649 651 652 661 669 670 673 679 681 689 690 691 695 702 704 706 715 721 726 730 738 732 735
 28 434 425 423 426 427 436 445 444 440 438 440 441 436 434 440 448 448 453 452 454 451 457 456 458 464 462 467 466 467 472 468 475 484 485 492 485 490 496 491 496 499 505 513 510 516 515 521 527 531 538 534 542 543 552 556 558 562 563 566 570 573 577 582 591 593 597 601 610 612 617 618 627 633 641 639 648 657 657 660 661 670 676 674 683 682 690 695 700 704 704 708 707 712 718 718 726 729 724 726
 29 426 417 417 422 426 435 441 436 438 429 436 432 427 428 434 441 442 444 450 446 442 449 453 449 456 460 462 463 470 473 465 472 479 486 483 483 484 487 488 495 496 504 508 508 515 512 515 522 524 533 532 536 541 543 549 551 556 565 568 569 572 577 586 594 601 600 604 608 609 610 617 624 625 633 638 642 648 655 658 660 663 668 676 685 690 697 698 694 701 702 702 706 714 719 715 717 720 719 718
 33 419 413 416 425 428 432 435 428 436 428 433 432 426 434 434 440 435 444 443 446 440 448 455 448 447 452 453 461 466 466 464 468 475 478 482 481 485 491 491 500 502 505 508 504 507 509 513 519 528 530 531 539 548 545 549 552 554 560 563 565 567 569 578 586 595 602 601 604 610 619 625 633 626 635 635 636 641 649 651 652 660 664 668 676 681 688 690 692 699 695 700 708 708 712 714 720 712 712 715
 41 413 412 414 418 419 424 427 426 434 426 426 434 425 428 433 432 434 442 434 439 438 446 448 450 444 448 455 464 469 462 462 466 470 477 481 472 477 484 493 497 494 497 499 502 511 515 522 525 527 526 529 534 541 548 554 561 562 568 572 568 574 572 581 590 596 598 600 606 608 616 624 626 628 631 633 635 639 640 643 650 658 659 662 667 675 680 681 683 690 687 696 699 703 710 712 715 711 703 711
 42 405 409 406 411 414 423 421 420 429 422 423 427 424 430 439 431 427 436 433 441 434 443 449 441 443 447 456 463 460 453 461 466 469 473 474 465 471 479 488 490 490 498 500 504 506 515 524 522 524 523 532 534 541 549 557 561 563 567 568 568 577 578 583 583 591 595 599 599 607 608 615 620 628 634 631 632 641 649 647 656 653 653 657 662 666 672 678 679 681 681 689 698 694 702 704 706 709 702 708
 51 400 407 399 407 409 415 415 417 423 421 426 422 416 422 431 431 422 427 425 432 433 439 442 439 448 448 452 454 458 452 457 459 466 465 470 463 467 474 483 487 489 496 504 511 508 511 515 517 517 522 530 531 536 541 550 553 555 558 559 562 569 575 576 577 583 589 590 596 599 607 609 615 624 625 629 635 644 647 651 655 652 644 648 657 663 669 670 671 679 680 681 690 693 694 696 699 700 701 709
 56 395 404 398 406 414 407 414 415 416 414 417 413 412 413 422 425 420 429 423 432 428 435 442 437 446 451 451 460 451 450 456 455 464 464 465 461 464 471 475 478 480 488 495 503 502 502 506 508 516 524 532 532 541 542 550 552 559 560 566 571 576 580 581 580 587 592 586 589 594 598 607 613 622 620 628 634 638 639 646 647 643 642 645 653 658 666 662 662 671 672 680 681 685 694 695 699 708 709 712
 58 392 395 397 399 405 399 408 415 411 412 414 414 408 414 415 416 417 426 422 423 427 429 434 436 437 445 448 457 453 446 448 454 457 456 462 460 462 471 473 476 478 482 489 497 494 495 498 507 512 516 525 532 536 541 544 547 551 555 564 573 578 578 587 582 587 586 581 589 598 604 598 607 614 615 621 625 630 639 637 646 638 640 643 646 653 658 657 660 665 669 676 682 688 695 699 691 700 703 711
 66 388 390 395 393 396 394 402 406 410 416 407 406 399 408 415 419 421 422 419 428 430 427 427 436 445 446 439 448 444 445 453 462 457 449 453 459 465 468 472 481 485 490 490 491 493 502 507 506 512 521 527 528 529 538 538 539 544 551 559 565 573 576 584 575 579 578 580 581 590 595 596 605 608 616 617 618 625 630 629 638 636 642 649 653 648 650 654 655 656 663 670 673 682 686 694 690 699 695 702
 73 387 381 387 384 388 390 399 398 406 409 405 399 395 402 410 410 412 414 411 419 427 421 422 429 438 439 437 441 443 450 459 457 449 448 454 456 457 466 470 476 485 490 484 493 488 496 501 505 508 512 520 527 536 535 532 541 548 555 556 556 564 568 577 569 570 577 579 582 591 594 599 604 600 607 609 612 619 622 628 634 635 636 644 644 646 655 653 654 662 665 673 674 676 685 685 688 697 692 697
 74 379 380 378 381 383 387 393 397 397 400 403 395 391 393 402 405 406 409 410 418 418 420 421 422 431 430 436 441 444 451 460 452 451 447 454 448 454 462 461 470 479 481 481 490 481 490 497 499 504 511 519 528 528 527 528 537 542 547 548 555 564 560 568 568 569 570 577 582 590 597 599 597 598 599 600 608 614 615 624 632 626 630 635 636 643 649 652 654 660 662 664 672 681 684 680 679 688 687 688
 83 374 371 377 378 383 385 392 394 396 394 401 398 390 394 397 401 398 406 405 410 410 417 412 419 422 426 433 437 445 454 452 444 448 446 445 445 451 456 460 466 475 484 479 482 479 482 488 495 497 502 511 520 529 526 531 538 541 546 549 554 562 558 559 567 572 578 586 583 592 594 592 595 604 606 605 614 615 621 623 629 621 622 630 639 646 647 654 654 659 664 663 671 676 681 676 677 684 686 694
 89 372 364 373 379 374 383 388 396 396 388 393 395 387 394 388 392 395 397 399 405 403 408 409 412 417 420 424 432 440 446 444 435 441 437 438 442 446 451 457 464 470 477 476 474 476 482 491 499 503 504 513 511 520 521 525 531 536 544 550 554 556 552 561 562 571 579 584 588 587 586 591 595 599 601 602 609 615 613 619 622 620 628 635 640 649 648 656 648 654 657 661 670 677 680 673 674 682 683 692
 93 366 362 368 375 372 378 385 388 387 386 392 389 386 394 385 386 391 397 400 400 398 399 403 404 413 414 415 423 431 440 437 428 432 433 441 450 452 454 460 461 466 473 481 473 480 485 494 503 508 505 505 507 511 520 525 532 530 538 544 548 553 550 557 566 567 574 578 580 586 578 587 586 591 592 601 600 606 605 610 613 616 623 632 635 642 651 656 647 654 653 660 661 668 673 672 681 685 691 696
 94 366 359 366 368 367 374 381 384 378 379 388 394 385 385 381 382 388 388 397 399 394 397 406 408 413 421 418 424 431 434 431 427 429 437 435 442 449 458 455 463 459 467 472 471 474 483 492 494 501 506 501 508 509 516 525 526 527 535 537 544 546 548 556 557 566 570 569 578 581 576 585 585 593 595 593 591 598 601 606 615 624 628 632 638 647 647 655 646 650 652 658 664 663 664 664 672 677 682 687
100 363 358 359 364 365 374 375 380 376 370 379 388 382 380 377 373 381 380 389 390 393 402 408 403 408 413 418 420 424 426 428 421 422 429 430 433 442 450 454 456 453 458 465 468 477 483 484 485 494 497 499 508 511 512 518 525 526 533 539 538 547 544 550 555 559 567 566 573 573 573 579 583 591 587 584 590 592 597 606 614 621 628 630 630 639 645 647 640 641 648 650 656 662 667 663 665 672 681 689
109 354 351 357 357 366 371 366 373 375 369 371 379 375 371 373 370 373 375 382 391 393 399 404 402 404 405 410 413 415 417 419 420 428 427 432 426 435 441 446 447 450 451 460 461 470 476 483 487 493 490 498 504 510 516 525 521 530 531 532 536 541 538 545 551 553 562 557 564 564 565 570 574 583 589 581 590 599 605 608 612 618 627 634 625 634 636 638 639 644 647 654 647 654 659 655 660 666 672 681
118 345 344 351 353 359 364 365 365 366 368 373 376 368 367 371 367 374 380 386 387 390 394 400 400 399 402 403 404 406 414 414 421 419 421 424 424 426 435 442 450 452 455 459 462 468 476 477 486 486 489 494 502 511 511 517 516 521 522 523 529 532 529 538 544 546 555 554 555 562 563 571 579 587 585 579 584 590 597 599 608 614 618 626 624 628 633 629 631 640 646 645 646 646 655 651 656 663 665 673
122 336 341 344 347 354 358 366 361 368 371 373 373 371 362 362 366 367 371 378 380 389 393 391 397 398 396 402 411 409 409 411 412 412 415 420 422 430 439 447 449 453 456 465 459 465 472 474 483 481 483 486 495 502 507 508 514 518 523 522 522 523 528 535 544 549 547 546 555 556 556 565 572 581 579 576 585 591 593 601 601 610 617 617 615 624 630 628 630 639 640 644 651 643 647 648 657 665 669 674
127 333 337 343 343 348 350 357 359 366 364 367 370 368 359 358 364 358 363 371 380 389 394 385 388 392 395 393 402 401 408 405 410 407 416 420 429 435 434 438 440 446 447 456 457 459 463 471 480 479 484 485 489 498 507 513 514 523 516 513 520 528 527 535 544 540 541 545 552 553 554 556 565 573 574 575 576 584 592 593 598 607 608 617 614 616 625 620 624 632 639 647 647 639 648 642 650 656 665 666
132 328 331 340 335 340 349 358 363 363 363 359 367 364 359 352 357 355 361 370 376 382 386 377 383 386 386 391 398 398 399 399 407 406 408 417 425 431 428 432 439 445 450 454 458 463 464 465 473 475 483 490 489 495 502 507 513 519 515 507 511 520 526 527 536 539 542 551 560 556 555 564 572 574 580 576 583 584 590 591 597 606 612 608 610 608 617 617 620 628 630 639 638 638 639 640 649 652 661 665
133 327 325 332 332 340 349 352 361 358 357 351 358 355 355 351 350 353 357 366 371 374 378 375 376 377 384 384 389 395 392 397 404 399 408 414 420 422 423 424 433 436 443 446 451 458 466 466 467 475 484 493 484 487 496 498 507 512 512 504 507 515 517 521 530 532 535 543 551 552 553 560 569 575 576 569 578 580 585 593 600 600 603 599 601 604 610 611 620 623 632 639 634 637 641 649 650 654 656 661
141 329 322 328 326 335 344 345 352 356 359 350 352 352 347 356 349 354 357 361 362 366 372 367 367 373 375 383 384 386 388 389 397 398 404 413 422 431 432 431 440 444 444 453 460 459 468 469 469 478 485 484 480 484 487 495 501 504 503 502 510 513 521 528 524 523 532 538 546 553 546 555 563 567 567 561 569 578 583 588 591 596 603 596 600 602 611 620 613 615 624 632 631 633 641 644 653 656 665 664
142 328 320 319 321 330 337 338 345 348 355 347 344 351 345 349 348 345 354 357 363 357 365 365 361 370 376 385 393 393 397 396 405 407 410 419 424 433 432 434 443 449 451 455 461 466 465 467 476 480 480 485 477 476 482 487 493 497 502 498 507 509 518 519 520 521 528 535 537 544 545 548 557 559 559 560 567 575 579 580 584 588 595 593 602 608 604 611 608 610 618 626 627 631 638 645 654 655 664 667
151 330 321 312 316 324 331 329 338 344 346 339 337 342 342 343 344 342 345 350 354 355 356 362 360 368 374 378 387 390 399 395 400 401 409 418 425 429 431 432 441 449 453 459 457 461 461 468 476 473 472 479 482 475 476 483 488 489 493 494 503 512 514 523 522 524 526 535 536 543 536 545 550 553 554 561 568 569 571 572 578 579 586 592 597 604 603 604 605 613 619 622 624 632 639 647 656 664 666 666
155 321 318 309 310 319 322 328 335 335 338 341 336 339 334 343 345 341 350 351 357 353 357 357 359 360 369 378 381 388 396 394 400 409 415 413 416 423 430 432 438 442 448 452 450 452 455 464 467 470 463 472 476 473 480 489 489 497 502 503 506 514 519 523 524 527 534 537 545 543 535 537 546 551 553 559 566 573 577 578 577 582 591 586 590 595 597 606 604 612 620 623 632 640 648 653 655 655 661 657
162 312 313 308 314 316 325 331 335 327 330 333 328 334 325 334 338 339 348 357 349 346 349 355 363 365 373 377 383 385 387 388 393 402 411 408 417 423 430 436 440 444 447 444 442 443 451 458 458 461 462 469 470 472 481 490 494 501 509 511 507 507 510 515 524 531 534 531 536 538 531 538 544 545 547 556 564 565 572 573 570 577 583 578 584 586 593 598 600 605 611 617 626 634 643 650 653 651 656 653
171 305 311 307 310 307 316 325 328 324 321 324 327 325 324 332 341 340 349 348 342 345 346 355 364 366 373 371 378 382 388 389 396 400 402 407 409 417 424 431 434 436 441 436 433 441 442 450 456 465 464 473 475 481 489 490 493 495 500 504 500 500 506 510 519 524 526 526 527 529 530 535 536 545 546 552 561 570 571 571 568 576 574 577 582 586 587 596 604 611 617 619 624 628 635 642 644 648 653 651
176 298 304 305 303 306 311 320 320 316 320 327 318 327 323 328 336 337 346 339 341 348 353 362 368 368 373 370 376 382 383 391 389 393 401 410 418 418 426 426 431 432 440 431 428 437 446 451 454 456 463 470 467 473 482 484 488 495 501 495 491 499 503 506 512 516 518 525 526 523 525 530 539 542 545 548 557 566 572 566 566 574 573 581 584 586 595 601 602 611 620 625 630 636 633 634 639 640 648 650
180 292 295 296 297 298 303 311 315 313 312 320 313 320 321 330 336 345 341 337 340 346 352 357 362 365 370 366 370 379 382 386 388 389 392 401 410 419 419 420 426 427 434 425 425 432 440 449 446 454 456 464 465 473 475 476 485 486 493 494 487 496 503 504 513 514 518 517 517 515 516 525 532 534 537 546 551 558 564 557 558 565 570 576 580 581 587 596 604 609 613 618 621 630 626 634 639 648 651 643
184 283 286 290 296 303 307 313 306 311 307 314 311 319 322 326 335 342 333 336 340 347 349 358 358 367 362 360 365 374 375 379 388 397 391 398 403 411 412 416 418 426 427 419 420 427 432 440 443 451 456 456 464 466 468 469 476 480 484 485 486 487 496 499 504 509 513 511 512 514 516 520 525 526 535 543 544 553 558 556 561 559 562 571 575 583 586 595 603 600 609 610 616 622 618 625 632 639 648 641
193 276 283 282 288 294 302 305 298 304 306 307 309 317 320 327 326 335 331 336 334 338 344 352 355 361 365 359 368 365 373 375 384 388 390 397 402 411 417 425 419 426 425 418 427 427 431 431 440 442 447 452 461 470 474 476 483 487 484 489 495 496 498 505 505 507 509 510 519 523 523 526 527 534 535 544 553 551 551 552 553 558 567 563 572 576 584 589 598 599 605 611 607 614 615 624 625 630 639 640
201 268 274 281 290 290 299 296 297 299 300 309 316 321 322 323 322 330 330 335 330 339 336 343 346 352 361 358 361 364 372 377 382 389 396 404 402 409 417 419 410 419 423 415 420 426 426 428 436 440 449 454 462 465 466 472 476 479 481 485 492 498 507 507 514 514 511 512 513 515 516 519 527 529 534 542 544 542 550 557 554 555 561 562 570 574 578 583 592 599 596 602 603 612 620 624 632 638 645 649
206 267 269 273 281 288 290 292 293 300 301 309 313 318 318 320 320 322 329 334 328 331 333 342 344 351 353 355 358 366 373 382 390 388 391 395 398 403 410 416 408 412 418 412 413 421 425 433 435 443 446 447 456 464 472 473 481 478 483 488 492 501 509 509 517 514 513 514 522 517 525 520 527 533 533 540 535 536 543 551 555 562 564 565 574 578 585 588 596 591 593 599 603 612 617 618 626 635 644 648
214 260 263 264 273 279 283 289 292 298 303 300 309 313 313 313 315 321 329 334 327 334 337 342 351 345 346 355 361 369 373 374 381 386 388 389 390 399 404 408 407 409 411 410 417 418 426 432 439 446 450 448 454 463 471 472 476 477 483 492 500 506 506 512 515 514 519 522 530 526 526 521 522 524 531 532 534 539 548 553 560 563 564 568 571 573 577 586 589 590 599 606 604 613 620 620 622 631 636 639
219 257 260 262 270 279 274 280 289 293 298 298 306 310 310 311 314 313 321 325 321 327 331 338 343 344 350 358 359 364 366 374 381 390 390 391 391 397 400 399 401 404 405 409 411 420 425 433 435 444 453 452 453 454 463 466 467 476 478 487 491 500 497 505 513 511 512 521 523 531 534 526 531 532 539 536 543 548 549 553 559 560 567 573 578 582 583 592 592 597 606 610 609 617 618 626 623 627 636 645
225 250 258 260 266 271 272 281 283 286 294 289 297 302 302 310 310 306 315 316 320 326 333 334 342 345 350 356 361 370 373 376 382 386 393 396 400 400 397 398 406 406 412 417 420 428 434 428 436 439 445 443 444 447 456 458 467 471 472 479 488 493 492 501 504 505 506 513 516 525 533 535 531 533 535 543 550 555 555 560 560 563 571 573 577 586 592 599 598 606 609 618 615 621 627 635 631 629 631 638
232 233 234 257 259 264 273 278 277 286 290 288 294 300 300 309 303 304 312 319 321 329 336 342 341 346 345 351 357 366 375 380 385 393 401 400 393 391 396 400 408 407 409 410 412 420 429 423 430 433 436 439 442 450 457 461 470 474 480 480 482 487 490 499 500 506 515 522 517 519 527 528 529 538 537 542 549 555 561 569 565 572 576 582 583 592 600 604 605 611 618 627 624 630 635 638 634 630 631 640
241 240 243 258 255 264 270 274 270 278 283 286 295 296 297 301 302 304 306 314 320 328 332 335 338 341 343 352 356 362 370 371 380 387 392 391 390 387 393 402 409 413 416 412 416 418 420 421 422 427 429 438 442 447 448 455 461 470 476 485 486 494 491 499 505 508 517 520 519 527 524 519 522 531 534 542 543 547 556 563 567 574 579 584 585 594 602 605 612 612 619 620 627 635 641 643 642 639 638 647
250 249 244 245 247 258 262 268 269 277 286 288 294 302 302 303 305 310 315 321 329 332 333 334 343 347 348 353 360 361 363 365 373 380 386 394 385 386 395 398 407 416 410 419 424 419 428 429 430 428 429 431 438 447 448 457 466 469 475 482 485 493 494 495 504 504 511 513 520 527 519 518 526 535 538 546 549 555 560 569 568 573 580 587 593 590 599 603 609 614 623 624 633 642 650 652 645 648 640 644
252 247 246 252 254 255 267 275 276 284 292 294 297 301 309 308 313 318 322 330 336 341 341 336 345 347 353 361 369 362 363 365 374 375 379 385 380 389 397 399 406 408 409 416 417 420 427 428 437 433 434 433 435 443 450 458 460 461 467 476 478 486 493 496 505 502 510 518 513 518 515 517 526 532 539 544 553 561 568 565 565 566 574 578 587 588 597 606 614 623 632 628 637 646 651 659 654 652 648 645
253 254 255 258 258 260 267 275 284 293 298 299 305 304 313 312 315 319 325 327 334 341 342 342 350 356 354 358 366 363 369 366 367 372 376 377 379 386 390 399 407 406 412 418 425 429 429 437 438 441 435 439 436 443 447 455 459 460 466 472 479 483 486 487 496 499 508 509 511 513 514 522 525 532 541 542 551 558 559 560 563 567 576 581 583 592 601 602 608 616 623 632 638 641 648 652 651 651 653 651
258 259 262 267 267 269 276 278 286 295 298 293 299 304 309 316 313 321 330 332 341 344 346 351 353 359 358 362 368 372 375 373 376 378 378 384 385 389 392 393 398 400 403 409 418 427 436 445 447 441 436 444 443 444 445 447 455 464 472 480 480 484 489 493 499 508 515 513 519 521 523 530 533 541 550 548 557 564 565 568 572 568 577 578 587 592 601 610 614 622 631 627 635 640 647 648 649 650 658 656
267 268 263 272 276 278 282 279 289 288 289 291 301 302 309 306 307 312 322 331 340 339 346 354 361 361 363 371 376 379 379 377 380 386 386 391 389 396 401 402 406 402 404 412 421 426 428 437 438 443 445 448 448 449 450 454 461 469 473 477 486 493 490 496 505 509 512 519 526 522 530 532 537 539 547 556 565 568 574 575 571 570 578 587 596 596 605 614 622 627 622 624 630 631 638 646 655 659 666 658
272 270 271 280 277 286 288 282 283 287 296 295 297 299 304 305 313 321 328 332 333 334 340 346 351 360 363 372 381 383 380 386 388 387 387 396 395 404 405 406 411 404 412 421 422 430 430 439 445 446 446 455 455 458 459 461 470 478 482 482 488 493 492 499 504 510 518 523 521 522 525 528 537 544 553 560 561 570 578 579 573 576 577 582 588 591 600 609 613 619 620 629 638 638 644 651 652 660 659 666
273 277 279 287 280 284 285 289 285 286 287 293 302 303 306 310 316 323 332 334 339 337 346 353 355 358 361 363 372 380 389 392 396 394 390 398 404 411 409 407 416 413 419 420 421 426 435 444 440 446 455 464 462 462 461 466 468 475 481 482 491 499 499 503 511 512 518 519 520 525 534 536 545 548 553 554 563 568 574 575 580 577 585 590 597 600 601 606 609 614 623 632 633 640 648 655 653 661 657 666
274 283 280 286 287 285 293 298 294 294 294 296 305 312 313 318 325 328 333 339 341 345 350 359 356 364 366 367 377 384 386 392 393 394 397 404 409 416 411 415 419 415 416 424 428 434 437 438 439 448 454 457 460 461 463 468 477 479 484 491 500 503 508 512 515 520 527 526 528 533 535 544 545 549 550 558 564 571 579 584 582 583 589 594 598 607 609 607 612 617 622 627 628 637 643 650 656 659 653 662
281 290 285 289 296 288 290 298 297 300 295 298 307 316 319 325 331 329 331 332 341 347 349 356 361 368 375 371 375 376 379 382 383 385 394 395 404 412 412 414 416 424 425 427 430 437 446 439 446 455 461 465 466 463 472 475 483 488 491 498 503 509 509 513 518 526 535 534 529 535 543 545 553 556 558 565 566 568 576 577 578 585 593 601 602 603 605 610 611 617 625 631 637 646 643 644 647 650 651 656
288 289 294 298 302 297 293 302 302 302 299 305 309 317 320 326 330 330 334 337 346 352 353 361 363 372 380 380 380 379 385 390 388 394 398 396 404 410 419 416 418 419 421 430 431 440 447 440 441 446 454 463 472 464 472 481 490 493 498 499 500 507 511 511 512 517 526 527 532 535 544 552 558 561 564 566 570 572 580 582 583 584 586 594 595 603 606 609 618 623 624 631 636 639 642 641 648 657 656 659
297 298 303 302 303 306 301 310 303 306 308 306 315 318 325 334 339 339 342 344 350 353 359 367 364 367 375 382 387 385 391 392 393 402 401 405 407 410 416 424 426 424 429 430 438 446 454 449 449 454 462 469 469 468 474 479 483 484 493 500 501 502 510 509 517 526 533 535 541 536 539 545 553 558 563 568 569 578 587 586 591 586 595 602 601 608 609 611 612 614 615 624 627 630 637 638 647 656 663 668
306 307 312 311 311 308 304 309 310 315 317 314 323 319 323 332 334 343 345 345 348 349 356 365 373 375 380 383 391 388 396 398 395 404 410 406 413 411 416 424 425 428 433 439 446 454 455 455 458 458 460 469 477 476 480 487 491 493 502 501 502 503 505 507 515 518 526 530 537 544 544 551 556 563 572 577 572 581 583 584 592 587 589 593 598 607 609 615 613 622 623 631 636 639 646 643 649 650 659 666
308 316 317 314 318 309 305 311 319 316 316 315 317 323 324 333 342 349 354 354 354 356 360 364 370 371 380 386 392 395 402 400 400 402 403 412 418 419 422 431 434 437 442 443 451 455 460 463 466 461 463 467 476 480 486 493 496 502 504 502 504 512 514 511 512 521 527 529 538 542 545 547 554 561 564 573 577 583 589 592 595 595 598 596 597 601 607 614 618 622 626 628 631 632 641 650 658 654 658 662
316 324 321 318 315 311 312 319 320 324 324 317 319 324 328 333 342 347 352 361 356 364 362 369 378 373 382 388 390 394 399 408 407 411 404 408 409 416 425 433 438 438 446 450 451 452 459 460 463 464 472 475 479 482 484 490 491 499 504 511 513 513 515 516 519 526 530 535 536 545 553 556 561 564 567 568 573 582 591 592 601 596 599 597 605 610 615 621 627 627 635 631 635 641 646 647 652 661 660 669
317 320 329 327 320 316 321 321 327 326 327 318 319 322 329 332 341 348 350 354 360 369 366 375 382 382 391 393 399 398 407 414 411 411 410 417 418 425 429 431 437 440 445 447 456 461 465 467 468 468 476 481 488 491 492 499 498 503 504 513 522 521 517 519 528 527 529 535 542 551 552 557 566 565 566 567 576 585 594 600 601 603 603 604 607 616 618 619 627 636 644 640 639 642 644 646 654 656 665 674
320 329 338 335 327 324 324 329 330 334 331 322 320 327 333 337 338 343 350 356 364 368 373 380 385 385 393 394 402 401 405 414 420 416 417 420 419 423 430 429 430 434 435 445 448 454 456 458 467 468 471 479 486 491 493 499 501 505 513 515 519 527 525 528 530 536 538 537 540 548 557 563 564 567 567 576 585 587 588 594 602 610 604 610 614 622 627 626 631 639 644 644 646 644 646 651 659 665 674 683
329 336 344 339 334 333 327 335 334 338 331 330 321 326 334 343 347 351 350 356 359 365 374 381 387 390 398 402 409 407 414 423 425 417 418 422 421 422 426 427 428 437 437 438 439 449 457 465 468 477 475 483 492 498 500 507 510 510 516 521 521 524 530 537 539 544 546 539 547 554 555 563 571 573 568 570 576 583 591 600 608 607 611 615 623 629 634 635 640 643 650 649 650 650 655 659 667 672 679 682
336 345 352 347 339 331 328 329 338 342 338 329 322 326 331 338 344 347 348 356 362 368 377 385 380 389 392 397 400 408 414 423 423 420 425 423 423 429 434 431 433 439 444 447 446 448 455 460 469 475 476 484 487 495 496 503 510 514 519 522 524 524 529 535 539 539 544 541 547 556 561 570 572 581 576 579 584 587 595 599 600 604 610 612 619 628 634 637 638 646 655 656 657 654 659 661 669 676 685 690
341 350 356 352 346 337 331 338 346 344 342 335 331 331 333 338 341 350 357 359 360 369 370 377 378 387 388 389 391 400 407 415 418 422 429 431 430 436 438 437 441 445 452 455 450 451 457 466 475 484 485 489 489 490 494 502 505 514 515 519 519 521 529 536 536 538 540 541 549 550 559 568 576 580 583 585 587 595 596 598 599 601 608 617 619 623 630 638 641 642 650 655 659 662 660 668 676 684 691 697
347 354 359 350 349 342 334 335 337 346 340 333 332 336 337 345 346 353 355 364 369 378 371 376 385 388 396 390 397 398 407 413 421 430 435 438 438 442 446 445 446 446 448 453 459 452 458 467 476 484 493 492 495 499 503 503 510 514 515 516 518 525 526 529 535 540 542 550 558 559 567 570 571 576 585 594 591 593 595 604 605 602 611 615 618 623 632 638 644 643 648 654 661 658 662 671 671 677 686 691
350 358 351 350 348 346 340 343 345 343 338 336 333 338 340 346 354 360 357 360 368 376 372 376 378 387 395 396 398 406 415 422 424 431 439 442 444 451 448 450 452 453 449 454 463 460 466 473 475 481 488 490 498 503 505 512 516 515 522 519 522 523 527 530 537 539 544 545 553 559 564 568 572 581 582 591 595 594 601 603 612 606 607 609 618 622 631 640 641 642 645 654 653 656 662 666 670 679 687 694
354 362 358 359 355 350 341 350 354 349 341 342 341 342 348 351 354 362 363 366 375 376 378 385 386 389 398 405 406 410 412 421 423 431 440 438 445 451 449 457 457 455 456 462 463 468 473 479 478 480 489 494 503 512 506 508 509 512 518 527 523 531 534 537 545 540 548 554 560 568 565 567 574 577 586 595 600 595 598 604 612 613 615 618 626 623 630 638 647 647 645 647 650 655 663 667 676 679 684 693
360 369 367 367 361 357 350 359 351 344 343 345 345 351 349 358 358 367 372 373 379 383 382 386 387 395 399 401 402 403 412 413 416 425 433 434 439 442 451 457 458 456 465 470 472 477 480 488 479 484 493 502 511 510 507 516 516 513 522 525 525 533 542 541 550 549 554 555 557 566 572 571 572 575 581 590 592 600 605 608 610 617 623 627 635 628 629 633 641 643 644 653 659 656 663 667 669 676 677 685
361 370 374 368 368 359 356 356 349 347 347 347 353 356 356 358 360 368 369 373 382 388 387 394 396 404 403 403 404 410 416 422 424 433 437 442 447 451 452 460 466 460 469 475 473 482 488 496 486 492 501 504 508 508 514 515 523 521 527 533 531 536 545 548 550 554 556 563 562 564 572 573 575 584 583 585 594 603 610 617 611 619 620 623 632 632 632 641 648 646 648 654 660 657 666 674 677 679 686 687
369 378 377 376 367 366 363 358 350 354 350 351 357 357 365 359 361 365 367 375 382 391 394 395 396 400 407 411 412 419 425 423 430 434 442 448 455 458 454 457 466 466 467 475 476 481 487 494 491 494 502 507 505 506 515 522 524 528 529 530 538 538 539 542 549 553 562 559 560 569 578 574 580 587 587 591 600 602 606 609 617 617 625 627 631 636 637 640 647 655 652 656 657 665 667 673 674 683 685 694
378 387 380 377 373 367 366 361 354 363 355 354 363 364 372 367 368 373 375 384 390 394 395 398 397 405 414 419 420 428 428 432 434 443 446 447 451 452 458 458 461 465 473 476 482 490 488 490 498 496 497 500 501 507 514 515 516 518 519 529 535 542 545 546 551 556 557 558 564 566 573 578 582 583 585 594 603 606 613 617 615 616 622 630 631 632 641 641 650 656 661 659 665 670 676 674 676 677 684 691
387 389 387 378 376 376 373 364 358 361 358 363 368 365 371 376 377 382 377 378 386 395 404 407 405 413 422 427 429 434 437 436 439 440 445 449 450 454 456 457 466 468 470 479 480 488 492 494 500 500 506 503 504 507 515 524 524 526 520 521 526 535 540 541 542 547 554 558 564 573 582 580 588 591 588 591 595 597 605 609 613 618 622 627 629 638 644 650 654 661 662 667 666 673 674 677 677 682 689 696
396 392 394 385 378 379 376 371 362 366 362 367 376 373 378 380 380 388 379 383 392 393 401 402 406 407 416 425 431 436 441 440 442 448 454 455 455 463 460 460 464 472 477 486 484 485 494 498 499 508 506 505 513 508 516 522 528 534 526 522 528 529 533 543 547 556 562 560 569 573 579 580 588 594 595 592 597 605 612 618 622 622 628 634 638 640 645 650 657 664 663 669 675 681 679 678 678 684 686 692
400 401 400 394 387 386 378 371 367 368 367 368 377 382 387 383 388 385 381 389 398 397 403 408 413 415 423 426 435 436 444 441 447 455 462 457 462 469 467 468 469 477 483 487 486 494 501 503 508 513 515 513 513 510 516 525 534 536 529 529 537 537 538 541 547 550 557 558 564 569 576 585 586 591 600 601 598 602 603 609 614 622 626 635 644 648 654 651 659 666 672 673 676 684 687 687 685 693 692 693
408 410 409 400 396 395 387 380 371 369 376 369 371 380 385 391 397 394 389 391 392 401 404 413 414 423 427 427 432 441 450 449 452 456 465 463 464 472 474 474 475 484 491 495 494 503 503 504 510 519 519 522 515 511 520 526 528 530 531 532 540 545 546 548 555 557 563 567 566 575 580 586 595 600 601 610 603 610 610 612 619 624 632 640 646 654 662 657 658 666 670 678 682 690 694 696 693 702 701 697
413 405 404 400 397 400 391 382 377 378 373 372 375 376 381 382 391 393 395 399 401 403 407 415 417 426 428 433 440 449 451 454 454 455 463 471 473 474 477 483 478 479 488 495 503 504 512 505 506 513 522 528 524 518 527 535 533 536 532 538 545 551 554 555 564 559 568 572 567 575 583 592 600 608 609 618 610 619 611 614 622 629 634 635 643 652 653 655 664 670 678 687 689 690 697 704 695 700 709 701
421 412 411 403 395 394 392 384 381 377 376 381 376 385 383 391 398 396 403 405 410 404 413 421 424 431 435 441 448 456 460 460 463 457 460 464 470 472 480 481 479 480 485 486 494 502 508 514 513 517 525 526 533 527 536 541 538 545 540 546 554 557 561 563 571 566 575 577 574 582 590 592 592 601 607 611 609 612 617 623 626 627 634 640 641 643 650 658 666 674 682 684 692 691 698 699 704 708 709 710
428 419 411 411 403 400 391 384 383 379 381 390 385 392 385 386 389 396 397 400 403 411 415 422 424 428 437 443 452 461 465 469 461 459 460 467 476 477 484 485 485 481 484 488 491 498 506 511 513 522 523 527 529 528 536 544 542 551 544 545 553 558 562 564 573 571 575 576 576 585 593 590 591 593 601 602 606 615 623 625 626 629 637 643 645 646 655 663 664 671 679 687 689 691 697 705 705 714 718 716
421 418 409 409 400 391 390 389 389 385 383 391 393 390 388 391 396 402 406 402 406 408 417 420 426 434 435 442 449 458 463 466 469 460 461 463 469 478 485 494 494 490 493 490 498 506 511 514 520 521 530 535 538 535 544 547 547 552 553 548 555 562 565 569 577 580 583 580 579 581 583 587 590 591 600 604 614 617 622 626 627 632 641 648 654 651 660 667 673 679 684 690 692 699 705 705 711 711 715 723
413 409 406 404 403 395 397 390 390 391 392 399 394 395 392 399 403 411 413 404 405 408 416 417 418 425 428 437 441 450 459 460 461 463 470 472 478 485 492 501 500 499 501 499 507 515 520 516 522 524 525 534 535 538 547 551 552 557 560 556 563 571 573 578 586 587 585 583 581 587 591 595 599 600 606 608 618 625 629 634 636 636 641 649 657 660 668 670 677 680 684 693 690 690 698 704 705 706 710 718
422 415 415 412 405 403 395 391 397 395 396 398 403 403 400 407 404 405 414 413 409 416 421 426 419 428 436 441 448 454 455 462 468 470 468 476 485 484 488 495 499 508 509 506 513 514 519 517 524 533 532 536 537 546 547 549 557 566 569 563 571 577 582 587 587 594 591 591 584 593 599 596 602 609 613 610 620 628 636 634 636 643 640 648 656 665 667 670 672 675 675 684 681 682 689 698 702 706 713 719
426 418 418 414 405 401 400 400 405 396 401 405 408 409 404 413 405 414 420 422 417 418 423 430 427 430 437 443 450 455 458 456 459 464 466 470 479 481 487 488 496 505 510 507 512 520 521 526 533 542 534 543 539 544 550 556 562 570 570 570 579 579 584 587 594 602 597 595 587 596 604 598 601 608 612 614 618 623 631 631 633 634 637 646 651 658 663 670 678 674 667 676 680 682 691 700 709 713 713 722
429 422 419 422 414 410 409 409 406 405 408 412 416 410 413 409 406 414 422 423 425 420 429 432 430 435 436 441 445 446 450 454 462 471 469 470 477 481 486 487 496 505 511 509 512 521 527 529 532 541 543 552 548 545 553 560 561 562 564 568 572 579 587 588 597 603 598 594 590 594 602 606 602 608 616 621 619 621 622 625 627 636 643 647 648 655 654 662 669 670 665 674 677 686 692 696 705 709 710 719
436 430 427 429 420 415 418 416 415 408 409 418 423 416 422 416 415 416 421 428 434 429 438 433 435 443 445 444 453 455 455 463 466 474 478 476 485 490 493 496 499 500 509 512 519 527 535 532 540 547 550 557 550 554 556 561 565 565 572 576 575 581 590 597 601 608 605 600 591 600 602 607 604 613 620 627 621 623 630 632 630 635 636 643 645 649 653 655 660 661 662 671 676 679 686 695 700 701 709 711
444 439 436 438 429 422 420 417 418 409 418 421 429 421 428 419 424 418 427 429 438 430 432 439 438 447 448 445 447 451 460 469 471 475 484 483 490 497 497 503 508 509 516 517 524 529 533 536 540 549 551 556 552 561 557 566 573 567 574 583 580 588 594 603 602 609 604 603 595 604 611 615 608 615 619 619 628 631 638 633 635 640 642 651 652 651 655 656 664 664 665 674 676 685 694 698 703 709 715 712
452 446 440 431 430 429 427 418 420 412 421 427 433 430 430 421 427 421 428 433 441 439 441 448 445 451 457 454 450 459 462 464 473 474 483 491 498 504 503 504 506 514 521 520 524 531 533 539 548 557 552 561 561 570 562 570 575 576 579 588 586 590 596 603 611 603 610 604 603 610 618 616 610 611 612 617 626 634 641 636 639 643 646 654 659 652 659 665 671 667 673 674 682 690 691 700 709 710 715 718
449 442 433 432 437 437 428 419 427 419 426 430 436 433 439 430 430 427 434 435 438 439 445 451 447 448 452 460 452 461 463 472 478 479 488 496 497 506 512 510 515 523 528 529 526 528 534 543 549 556 553 554 556 564 563 565 571 572 580 586 587 581 590 597 602 595 604 610 612 619 627 618 615 618 616 620 628 632 639 642 648 651 654 659 656 654 656 661 663 670 673 679 686 689 696 705 714 717 724 727
449 440 439 440 444 435 430 421 428 428 434 439 440 435 442 437 439 436 435 436 439 440 448 457 455 450 459 457 454 455 458 465 474 480 485 494 497 501 508 515 516 524 528 529 527 532 535 544 546 548 556 563 557 566 570 566 569 572 576 578 579 580 584 593 599 594 602 609 612 620 627 625 624 622 619 622 630 638 644 651 654 660 661 668 664 659 663 670 670 676 676 677 686 693 702 710 717 718 727 734
455 446 448 445 445 436 436 430 429 437 435 438 445 436 445 446 447 445 444 445 440 448 454 463 456 451 459 461 463 457 466 474 481 481 485 491 492 499 502 507 514 523 531 532 535 540 544 552 547 555 556 561 565 573 576 574 574 576 584 583 583 581 589 590 591 593 598 604 605 611 620 628 632 631 627 630 633 637 646 650 651 655 661 670 665 660 663 670 673 678 682 684 685 694 702 704 710 717 720 725
452 449 451 452 446 445 438 431 435 437 440 440 443 444 451 449 453 450 445 445 443 444 446 455 464 460 464 469 465 466 474 478 487 490 492 493 498 503 504 508 517 524 528 531 540 548 547 556 554 560 565 570 568 574 580 582 575 583 591 585 592 590 594 597 598 595 596 602 611 614 618 621 627 630 629 633 634 636 641 643 652 660 667 668 667 667 666 667 671 676 678 687 692 696 697 705 707 716 724 728
461 453 458 461 455 454 447 440 441 442 448 448 444 447 456 450 455 452 450 453 444 453 454 463 471 467 465 474 467 473 482 487 496 499 497 501 503 508 513 509 514 520 521 530 535 542 546 555 557 558 561 566 574 575 577 583 584 590 599 590 597 598 601 603 607 603 605 611 619 622 623 628 632 636 631 640 636 643 642 651 657 661 664 673 673 675 670 675 672 680 687 696 695 696 705 711 709 714 716 719
462 461 467 462 463 459 450 446 442 447 451 449 447 448 456 458 462 454 453 461 452 453 454 463 469 468 472 481 472 481 482 491 499 508 504 502 511 514 513 512 513 519 528 535 544 551 551 559 565 559 560 569 575 584 584 590 591 591 599 598 603 601 603 612 611 604 610 613 614 615 616 622 630 631 639 643 645 645 651 653 659 664 668 669 671 679 679 679 673 677 679 688 689 698 704 705 709 710 719 727
468 466 474 469 461 458 452 450 449 448 456 457 454 454 461 467 467 463 455 464 458 462 463 464 468 472 476 477 474 483 487 496 501 510 509 503 509 516 522 519 519 525 533 540 544 553 557 559 568 563 569 571 578 583 587 590 595 593 597 600 605 609 609 612 615 606 615 621 623 619 621 623 628 635 637 646 653 654 654 654 656 665 674 670 677 684 685 681 677 683 685 686 688 689 695 703 704 709 717 721
477 475 475 467 463 454 453 458 457 453 454 455 460 459 465 474 471 462 461 470 465 471 472 469 477 475 476 477 477 485 490 499 505 506 515 508 515 524 521 520 528 526 531 540 549 555 564 567 576 571 577 580 586 592 596 596 604 602 603 601 606 613 618 618 617 608 610 614 619 624 629 626 630 631 634 641 650 651 656 655 659 660 667 675 683 689 693 684 682 686 693 692 697 691 698 704 709 708 709 712
484 475 467 466 457 456 461 462 458 461 459 457 466 460 468 469 478 471 466 469 466 470 479 473 481 476 484 485 485 486 488 496 499 505 514 517 524 528 530 523 527 535 539 548 557 564 571 574 575 573 575 584 587 595 596 604 611 611 608 609 615 617 623 619 621 617 611 618 622 626 627 635 638 638 643 648 657 659 657 659 667 662 665 667 675 684 684 693 688 693 699 701 702 693 694 695 700 706 714 713
481 474 467 466 458 462 470 466 467 465 468 466 471 463 470 470 475 478 469 473 468 477 486 480 489 483 492 487 489 493 494 502 501 507 516 520 529 529 534 528 534 542 545 553 562 567 576 583 582 578 582 591 595 600 603 606 612 619 611 610 619 626 628 628 624 616 614 622 629 632 635 641 646 647 651 653 657 658 666 664 672 663 666 667 675 677 680 688 696 694 699 700 699 696 700 698 708 708 712 720
486 480 471 467 467 465 467 467 476 467 473 475 473 464 473 479 478 477 470 477 476 479 486 485 490 489 496 491 492 497 499 508 510 516 517 526 529 538 539 535 543 547 552 554 561 562 571 580 587 586 583 592 600 601 606 613 618 627 619 613 619 628 637 637 628 621 620 628 632 641 643 648 655 648 656 656 657 660 669 665 674 671 675 676 684 681 689 697 703 702 700 708 704 703 708 704 707 709 718 725
486 478 472 475 473 472 469 472 475 468 472 481 476 473 482 480 480 486 479 482 482 488 495 489 496 490 499 496 501 499 501 508 515 520 522 525 534 541 541 544 549 554 555 555 561 565 572 581 585 592 584 592 601 610 610 613 618 625 628 622 628 635 640 639 637 629 629 634 640 649 644 653 658 654 661 662 663 661 670 670 679 679 684 685 690 682 691 699 708 711 708 714 705 708 711 711 714 710 711 715
488 481 481 482 481 478 478 479 470 469 477 480 483 474 479 484 488 487 486 484 484 486 492 497 496 495 496 505 509 506 510 509 517 525 531 527 536 537 545 542 551 555 564 560 565 574 578 580 588 592 591 597 601 602 611 620 619 620 626 627 634 643 649 642 636 633 635 642 649 652 650 659 663 655 662 670 665 664 667 668 675 678 687 694 697 690 697 701 710 717 716 718 710 716 716 715 720 712 719 721
491 485 486 490 482 486 485 483 476 474 481 481 490 483 488 493 497 493 491 490 492 488 496 504 505 496 504 505 513 511 518 515 522 528 535 528 535 540 548 541 542 551 560 569 574 571 571 576 582 583 584 588 592 594 603 612 621 629 631 636 635 644 649 650 644 636 644 651 653 654 658 661 669 663 668 673 674 665 673 677 679 687 693 699 700 692 701 710 714 722 725 722 717 723 722 724 728 721 725 722
494 494 488 491 487 494 486 484 483 483 483 490 492 485 494 501 506 501 492 491 494 491 499 501 510 503 504 512 515 520 527 524 524 533 540 532 534 536 539 540 542 546 554 562 568 569 570 572 581 589 590 597 600 603 606 614 621 630 638 637 643 652 653 655 650 644 653 659 660 655 660 667 670 668 671 672 676 673 681 686 688 688 696 697 701 693 700 707 715 716 723 730 723 724 731 733 732 728 733 731
