  0 274 268 273 276 272 281 283 286 294 293 289 287 295 299 299 293 294 298 297 300 309 317 317 326 328 329 334 337 338 342 339 340 349 350 356 356 363 364 365 373 376 385 386 392 392 396 398 406 410 413 415 424 433 433 441 441 449 452 457 466 458 460 468 477 475 479 487 488 494 503 512 519 521 528 530 533 531 536 531 536 544 548 556 558 567 575 584 581 587 593 594 595 601 609 615 616 612 618 627
  8 267 266 267 267 271 272 279 284 285 288 280 285 286 290 297 292 295 293 294 297 303 308 316 325 327 325 327 333 341 333 335 339 346 347 356 355 361 367 374 374 375 381 385 393 388 391 393 398 402 404 410 418 425 427 434 437 441 443 451 460 452 460 469 473 472 479 482 490 498 506 505 510 513 520 525 525 522 531 528 530 539 548 552 560 569 574 582 579 586 584 590 597 597 606 606 607 608 617 624
 16 259 257 266 264 273 265 271 276 278 280 278 276 279 284 291 284 287 288 295 304 310 317 316 320 322 321 327 330 334 328 332 340 347 356 361 354 359 359 367 374 380 372 377 384 382 390 396 404 402 406 415 419 421 426 434 437 436 443 450 458 450 458 461 465 470 477 479 485 491 500 502 510 510 511 519 520 521 522 526 529 538 547 548 555 564 565 574 570 577 582 587 588 596 597 600 607 608 609 615
 17 263 256 258 259 264 262 263 267 275 277 272 274 275 277 284 282 287 289 298 303 308 313 308 314 315 320 322 323 325 327 336 344 349 358 352 352 353 358 359 365 371 369 371 380 379 387 392 395 401 406 409 413 420 426 429 430 434 442 441 449 449 450 456 465 469 476 478 486 495 495 504 506 506 515 515 524 521 527 530 538 542 540 541 547 556 558 567 566 568 573 581 584 587 591 595 603 612 613 621
 26 263 255 252 258 259 261 268 273 272 268 269 277 279 277 275 279 288 293 298 306 301 304 304 307 311 311 313 315 318 323 332 339 340 349 346 345 354 359 351 360 362 363 370 371 378 387 392 400 406 413 406 408 417 419 426 435 436 436 438 444 443 451 460 462 466 473 478 482 490 487 495 497 505 507 508 517 518 520 521 530 538 539 542 548 550 558 559 560 564 571 573 575 584 590 598 602 611 619 628
 28 257 248 246 249 250 259 268 267 263 261 263 272 270 268 274 282 287 292 292 300 297 303 302 306 312 310 315 314 315 320 323 330 339 340 347 342 347 353 348 353 356 362 370 371 377 380 386 392 398 405 403 411 412 421 425 427 431 432 435 439 442 446 451 460 462 466 470 479 481 486 487 496 502 510 508 517 526 526 529 530 539 546 543 552 551 559 564 569 573 573 579 576 581 587 590 599 608 613 619
 29 249 240 240 245 249 258 264 259 261 252 259 264 261 262 268 275 281 283 290 292 288 295 299 297 304 308 310 311 318 326 320 327 334 341 338 340 341 344 345 352 353 361 365 369 377 379 382 389 391 400 401 405 410 412 418 420 425 434 437 438 441 446 455 463 470 469 473 477 478 479 486 493 494 502 507 511 517 524 528 530 533 538 546 555 560 568 572 571 578 580 581 580 588 594 591 593 601 608 611
 33 242 236 239 248 251 255 258 251 259 251 256 262 260 268 268 276 274 283 286 289 286 294 301 296 295 300 301 309 314 318 319 323 330 333 337 346 349 351 348 357 361 369 374 371 374 376 380 386 395 399 401 409 418 414 418 421 423 429 432 434 436 438 447 455 464 471 471 474 480 488 494 502 495 504 504 505 510 519 521 522 530 535 541 550 556 564 573 577 586 588 586 589 593 597 593 601 602 611 615
 41 236 235 237 241 242 247 250 249 257 249 249 258 259 262 267 268 273 281 277 282 284 292 294 298 292 296 303 312 321 317 317 321 325 332 341 340 345 352 357 364 363 366 368 371 380 382 389 392 395 398 401 406 413 420 424 430 431 437 441 437 443 441 450 459 465 468 470 477 479 487 496 502 497 500 502 505 509 510 513 520 528 534 539 544 553 561 564 568 577 583 592 592 601 605 601 610 610 606 614
 42 228 232 229 234 237 246 244 243 252 245 246 251 258 264 273 270 266 275 276 284 280 289 296 289 291 295 304 311 315 308 316 321 324 330 338 333 339 347 356 359 359 367 369 373 375 384 393 395 397 396 405 407 414 422 430 434 436 440 441 441 450 447 454 456 464 468 475 476 484 485 492 497 505 509 504 505 514 519 517 526 527 536 545 549 553 559 567 575 577 578 586 595 596 604 607 609 612 605 611
 51 223 230 222 230 232 238 238 240 246 244 250 251 250 256 265 270 261 266 268 275 279 285 288 287 296 296 300 302 309 307 312 314 321 322 329 331 335 342 351 356 358 365 373 380 381 384 388 390 390 395 403 404 409 414 423 426 428 431 432 435 442 448 449 450 456 462 466 473 478 487 489 495 504 509 508 511 520 527 522 530 536 538 542 551 557 563 571 574 582 583 584 593 596 597 599 602 603 604 612
 56 218 227 221 229 237 230 237 238 239 237 241 242 246 247 256 264 259 268 269 278 274 281 289 285 294 299 302 311 306 305 311 310 319 327 331 330 333 340 344 347 349 357 364 372 375 375 379 381 389 397 405 405 414 415 423 428 436 436 439 444 449 453 454 453 460 466 471 474 479 483 492 498 507 508 516 520 528 528 531 534 539 540 543 551 556 564 565 565 574 575 583 584 588 597 598 606 612 612 615
 58 215 218 220 222 228 222 231 238 234 235 242 250 247 253 254 255 256 265 268 269 273 275 282 284 285 293 302 311 308 301 303 309 312 319 328 329 331 340 342 345 347 351 358 366 367 368 371 380 385 389 398 405 412 417 423 429 433 437 446 453 454 455 463 460 468 474 469 477 486 492 486 495 502 503 509 516 521 530 534 543 538 540 543 546 553 561 560 563 568 572 579 585 591 598 606 601 610 618 624
 66 211 213 218 216 219 217 225 229 233 242 243 245 238 247 254 259 265 269 270 278 276 281 282 291 294 300 294 303 299 300 308 317 320 320 324 330 338 341 345 354 354 359 364 365 370 377 380 381 387 396 403 404 405 414 420 421 426 433 441 447 455 462 471 463 467 466 468 469 478 483 484 493 501 510 514 515 522 527 526 535 536 542 549 555 551 553 557 558 559 566 573 576 585 589 598 600 609 612 619
 73 210 204 210 207 211 213 222 221 230 236 241 238 234 241 249 250 256 261 262 270 279 276 277 284 293 294 292 296 298 305 314 322 321 321 327 329 330 339 343 349 358 363 359 368 367 375 380 384 387 391 399 406 414 417 414 423 430 437 438 438 446 454 463 457 458 465 467 470 479 482 487 494 496 504 506 509 516 519 525 531 538 539 547 547 549 558 556 557 565 568 576 577 579 588 593 602 611 609 614
 74 202 203 201 204 206 210 216 220 221 227 235 234 230 232 241 245 253 256 261 269 273 275 276 277 286 285 291 296 299 306 315 323 324 320 327 321 327 335 334 343 352 354 356 365 360 369 376 378 383 390 398 407 408 409 410 419 424 429 430 437 446 448 456 456 457 458 465 470 478 485 492 494 495 496 497 505 511 512 521 529 529 533 538 539 546 552 555 557 563 565 567 575 584 588 592 594 603 604 605
 83 197 194 200 201 207 209 216 218 220 223 230 237 229 233 242 251 249 257 256 261 265 272 267 274 277 281 288 292 300 309 317 317 321 319 318 318 324 329 333 339 348 357 355 361 358 361 367 374 376 381 390 399 408 409 414 421 425 430 433 438 446 446 447 455 460 466 474 471 480 488 489 492 501 503 502 511 512 520 524 532 524 525 533 542 549 550 557 563 568 572 569 577 582 587 590 593 600 603 611
 89 195 187 196 202 198 207 212 220 225 217 222 230 226 233 236 242 246 248 250 256 258 263 264 267 272 275 279 287 295 301 310 308 314 310 311 315 319 324 330 337 343 350 352 353 355 361 370 378 382 383 392 394 403 404 408 414 420 428 434 440 443 440 449 450 459 467 473 479 480 488 493 498 502 504 503 512 518 516 522 525 523 531 538 543 552 551 559 560 566 570 573 582 591 594 590 591 599 600 609
 93 189 185 191 198 196 202 209 213 216 215 221 224 225 234 234 238 243 252 253 255 253 254 258 259 268 269 270 278 286 295 304 301 305 306 314 323 325 327 333 334 341 348 357 355 362 366 375 384 389 384 388 390 394 403 408 415 416 424 430 434 439 438 445 454 455 462 471 473 481 481 490 489 494 495 504 503 509 508 513 516 519 526 535 538 545 554 563 561 568 567 574 575 582 589 589 598 602 608 613
 94 189 182 189 192 191 198 205 211 207 208 217 226 225 230 230 237 243 243 252 254 249 252 261 264 269 277 273 279 286 294 298 300 302 310 308 317 324 333 334 342 345 353 358 357 360 369 378 380 387 392 387 394 395 402 411 412 413 421 423 430 432 436 444 446 455 459 462 471 479 479 488 488 496 498 496 494 501 504 509 518 527 531 535 543 552 554 563 560 564 566 572 579 579 580 581 589 594 599 604
100 186 181 182 188 189 198 200 206 205 199 208 217 222 228 226 228 236 235 244 245 248 257 263 263 268 276 281 286 294 296 301 294 295 302 303 310 319 328 336 342 339 344 351 354 363 369 370 371 380 383 385 394 397 398 404 411 412 419 425 425 434 440 446 451 455 463 469 476 476 476 482 486 494 490 487 493 495 500 509 517 524 531 533 538 547 554 561 554 555 562 564 571 578 583 584 586 593 602 610
109 177 174 180 181 190 196 191 199 204 198 200 208 215 219 222 225 228 230 237 246 249 255 260 262 267 270 277 283 285 287 292 293 302 308 311 312 321 327 332 333 336 337 346 347 356 362 369 373 379 376 384 390 396 402 411 407 416 417 418 423 432 434 441 447 449 458 460 467 467 468 473 477 486 492 484 493 502 508 511 515 521 530 539 534 543 545 552 553 558 561 569 562 570 575 576 581 587 593 602
118 168 167 174 177 183 189 190 194 195 197 202 210 211 216 225 226 233 239 245 252 252 256 265 265 266 272 273 274 276 284 287 296 303 307 310 310 312 321 328 336 338 341 345 348 354 362 363 372 372 375 380 388 397 397 403 402 407 408 409 416 425 425 434 440 442 451 457 458 465 466 474 482 490 488 482 487 493 500 502 511 517 521 530 533 537 542 543 545 554 560 560 561 564 573 572 577 584 586 594
122 159 164 167 171 178 186 195 195 202 204 208 211 220 219 223 227 236 244 251 253 261 260 266 274 272 273 282 283 284 285 291 293 298 301 306 308 316 325 333 335 339 342 351 345 351 358 360 369 367 369 372 381 388 393 394 400 404 411 418 418 419 424 431 440 449 450 449 458 459 459 468 475 484 482 479 488 494 496 504 505 514 521 523 524 533 539 543 545 554 555 559 567 564 568 569 578 586 590 595
127 156 162 168 176 182 184 191 193 200 201 209 212 221 220 226 233 236 241 249 258 267 269 269 273 278 281 279 288 287 294 291 296 293 302 306 315 321 320 324 326 332 333 342 343 345 349 357 366 365 370 371 375 384 393 399 400 409 412 418 427 427 425 433 442 443 444 448 455 456 457 459 468 476 477 478 479 487 495 497 502 511 512 521 525 531 540 535 539 547 554 562 567 560 569 563 571 577 586 587
132 151 157 166 169 174 183 192 197 202 207 215 221 227 227 227 234 233 239 248 254 262 270 261 268 272 272 277 284 284 285 285 293 292 294 303 311 317 314 318 325 331 336 340 344 349 350 351 359 361 369 376 380 388 395 404 406 413 420 414 418 427 433 434 443 446 449 457 464 460 459 468 476 478 483 485 486 490 496 497 503 512 521 523 525 523 532 532 535 543 545 554 558 559 560 561 570 573 582 586
133 135 153 160 166 174 183 190 199 201 207 208 215 218 226 227 228 231 235 244 252 257 261 259 262 263 270 270 275 281 278 283 290 285 294 300 306 308 309 310 319 322 329 332 337 344 352 352 353 361 370 379 382 385 394 397 406 414 419 411 414 422 424 428 437 439 442 450 458 459 466 473 482 486 491 484 493 492 497 505 512 515 518 514 516 519 525 526 535 543 552 559 557 560 564 570 571 575 577 582
141 142 144 159 164 173 182 189 196 204 213 211 219 223 225 234 228 236 238 242 243 249 255 251 253 259 261 269 270 272 274 275 283 284 290 299 308 317 318 317 326 330 330 339 346 345 354 355 355 364 371 375 378 386 391 399 405 411 410 409 417 420 428 435 431 430 439 445 453 460 461 470 478 482 482 476 484 493 498 503 506 511 518 511 515 517 526 535 536 538 547 555 554 556 564 567 576 578 586 585
142 150 145 152 163 172 179 187 194 198 207 214 214 221 223 227 227 227 236 239 245 240 248 249 247 256 262 271 279 279 283 282 291 293 296 305 310 319 319 320 329 335 337 341 347 352 356 357 364 371 379 383 379 380 386 391 397 404 409 405 414 416 425 426 427 428 435 442 444 451 460 463 472 474 474 475 482 490 494 495 499 503 510 508 517 523 524 531 531 533 541 549 550 554 561 568 577 578 587 588
151 159 154 155 163 171 180 176 185 194 202 204 205 210 218 219 221 222 225 230 234 236 237 243 244 254 260 264 273 276 285 283 288 289 297 306 315 321 321 321 330 338 342 348 354 361 362 364 373 374 383 390 386 382 383 390 395 396 400 401 410 419 421 430 429 431 433 442 443 450 451 460 465 468 469 476 483 484 486 487 493 494 501 507 514 523 526 527 528 536 542 545 547 555 562 570 579 587 589 589
155 164 163 156 157 166 169 175 182 190 198 206 213 215 224 228 228 224 233 231 239 243 245 245 246 247 257 266 269 276 285 285 291 298 303 307 310 317 324 323 329 333 339 347 355 364 366 373 381 383 377 386 389 383 390 399 396 404 409 410 413 421 430 438 431 434 441 447 452 458 455 457 466 472 475 481 488 492 492 493 500 499 508 509 513 518 520 529 527 535 543 546 555 563 571 576 578 578 584 580
162 169 162 157 163 172 178 181 189 192 201 210 211 220 216 225 229 225 234 240 246 244 247 251 254 252 260 266 272 275 277 278 284 293 302 302 311 317 324 329 334 340 343 350 356 357 365 372 372 375 376 383 384 385 394 403 401 408 417 418 420 427 431 436 440 441 449 452 459 461 454 461 467 468 470 479 487 488 495 496 493 500 506 501 507 509 516 521 523 528 534 540 549 557 566 573 576 574 579 576
171 173 166 159 166 167 176 185 193 200 201 204 213 214 215 223 232 228 237 246 243 246 247 256 263 254 261 262 269 273 279 279 286 294 296 301 303 311 318 325 328 332 337 342 347 355 356 364 370 379 378 387 392 394 402 408 406 408 413 422 423 423 429 433 442 447 449 449 450 452 453 458 459 468 469 475 484 493 494 494 491 499 497 500 505 509 510 519 527 534 540 542 547 551 558 565 567 571 576 574
176 179 175 168 172 175 183 192 197 200 208 213 218 223 217 222 230 229 238 240 242 249 254 263 263 257 262 266 272 278 279 287 287 292 301 310 312 312 320 326 331 336 345 348 348 357 365 369 375 377 384 391 388 394 403 407 410 417 421 418 414 422 426 429 435 439 441 448 449 446 448 453 462 465 468 471 480 489 495 489 489 497 496 504 507 509 518 524 525 534 543 548 553 559 556 557 562 563 571 573
180 188 183 174 173 174 179 187 196 198 203 211 213 220 218 227 233 238 246 241 244 250 256 261 265 260 268 272 277 286 286 293 289 290 293 303 312 321 323 324 330 331 340 345 345 352 360 369 367 375 377 385 386 394 398 399 408 409 416 417 410 419 426 427 436 437 441 440 440 438 439 448 455 457 460 469 474 481 487 480 481 488 493 499 503 504 510 519 527 532 536 541 544 553 549 557 562 571 574 566
184 191 185 182 181 183 184 192 200 205 204 211 213 221 221 225 234 243 245 244 250 259 261 270 268 269 270 271 276 285 287 291 298 299 294 302 307 315 316 320 322 330 338 339 340 347 352 361 364 373 379 379 387 389 391 392 399 403 407 408 409 410 419 422 427 432 436 434 435 437 439 443 448 449 458 466 467 476 481 479 484 482 485 494 498 506 509 518 526 523 532 533 539 545 541 548 555 562 571 564
193 199 192 183 187 189 192 201 201 207 210 211 213 221 224 231 235 244 243 248 252 256 264 273 277 278 276 272 281 282 290 292 301 301 296 304 309 318 322 329 331 337 344 341 349 348 353 354 363 365 370 375 384 393 397 399 406 410 407 412 418 419 421 428 428 430 432 433 442 446 446 449 450 457 458 467 476 474 474 475 476 481 490 486 495 499 507 512 521 522 528 534 530 537 538 547 548 553 562 563
201 198 197 191 196 191 200 204 205 207 208 217 220 225 228 231 233 241 242 247 249 258 258 265 268 274 283 275 278 281 289 294 299 306 303 313 313 320 328 337 333 342 346 338 343 349 349 351 359 363 372 377 385 388 389 395 399 402 404 408 415 421 430 430 437 437 434 435 436 438 439 442 450 452 457 465 467 465 473 480 477 478 484 485 493 497 501 506 515 522 519 525 526 535 543 547 555 561 568 572
206 205 203 200 204 200 207 207 206 213 209 218 222 227 232 238 238 240 247 253 250 253 255 264 266 273 280 277 280 288 295 303 308 308 306 313 319 324 331 339 331 335 341 335 336 344 348 356 358 366 369 370 379 387 395 396 404 401 406 411 415 424 432 432 440 437 436 437 445 440 448 443 450 456 456 463 458 459 466 474 478 485 487 488 497 501 508 511 519 514 516 522 526 535 540 541 549 558 567 571
214 208 205 202 211 206 215 216 209 215 214 216 225 229 232 234 236 244 252 261 256 260 261 266 275 274 275 284 286 294 301 302 309 313 308 309 310 320 325 331 330 332 334 333 340 341 349 355 362 369 373 371 377 386 394 395 399 400 406 415 423 429 429 435 438 437 442 445 453 449 449 444 445 447 454 455 457 462 471 476 483 486 487 491 494 496 500 509 512 513 522 529 527 536 543 543 545 554 559 562
219 214 207 204 212 215 217 222 218 222 219 225 234 237 240 235 239 246 254 263 257 263 265 272 277 275 281 289 287 292 294 302 309 318 310 311 311 317 320 321 323 326 328 332 334 343 348 356 358 367 376 375 376 377 386 389 390 399 401 410 414 423 420 428 436 434 435 444 446 454 457 449 454 455 462 459 466 471 472 476 482 483 490 496 501 505 506 515 515 520 529 533 532 540 541 549 546 550 559 568
221 215 215 207 214 221 218 227 224 225 227 226 234 239 241 243 246 248 257 258 261 267 272 273 281 278 283 289 292 301 301 304 310 314 317 316 320 326 321 322 330 328 335 340 343 351 357 351 359 362 368 366 367 370 379 381 390 394 395 402 411 416 415 424 427 428 429 436 439 448 456 458 454 456 458 466 473 478 478 483 483 486 494 496 500 509 515 522 521 529 532 541 538 544 550 558 554 552 554 561
223 216 215 214 218 223 227 232 231 234 234 228 234 240 243 252 247 248 256 263 263 271 278 281 284 283 285 291 297 306 310 313 315 322 326 325 323 327 326 326 334 329 331 332 335 343 352 346 353 356 359 362 365 373 380 384 393 397 403 403 405 410 413 422 423 429 438 445 440 442 450 451 452 461 460 465 472 478 484 492 488 495 499 505 506 515 523 527 528 534 541 550 547 553 558 561 557 553 554 563
232 223 224 223 220 229 235 238 232 240 236 231 240 241 242 246 247 249 251 259 265 273 277 280 283 286 287 296 300 306 314 315 324 329 332 326 328 328 332 335 341 335 338 334 338 340 342 343 344 349 352 361 365 370 371 378 384 393 399 408 409 417 414 422 428 431 440 443 442 450 447 442 445 454 457 465 466 470 479 486 490 497 502 507 508 517 525 528 535 535 542 543 550 558 564 566 565 562 561 570
241 232 224 223 222 227 231 237 233 241 242 233 239 247 247 248 250 255 260 266 274 277 278 279 288 292 292 297 304 305 307 309 317 324 330 335 329 329 338 338 347 344 339 343 346 341 350 351 352 350 351 353 361 370 371 380 389 392 398 405 408 416 417 418 427 427 434 436 443 450 442 441 449 458 461 469 472 478 483 492 491 496 503 510 516 513 522 526 532 537 546 547 556 565 573 575 568 571 563 567
232 227 226 230 229 228 236 244 240 248 247 239 242 246 254 253 258 263 267 275 281 286 286 281 290 292 298 305 313 306 307 309 318 319 323 329 324 333 341 340 347 342 340 347 345 344 351 352 361 355 356 355 357 366 373 381 383 384 390 399 401 409 416 419 428 425 433 441 436 441 438 440 449 455 462 467 476 484 491 488 488 489 497 501 510 511 520 529 537 546 555 551 560 569 574 582 577 575 571 568
233 234 235 236 233 233 240 248 248 257 251 245 250 249 258 257 260 264 270 272 279 286 287 287 295 301 299 303 311 307 313 310 311 316 320 321 323 330 334 343 351 348 349 356 353 353 353 361 362 363 357 361 358 366 370 378 382 383 389 395 402 406 409 410 419 422 431 432 434 436 437 445 448 455 464 465 474 481 482 483 486 490 499 504 506 515 524 525 531 539 546 555 561 564 571 575 574 574 576 574
238 239 242 245 242 242 249 251 255 259 254 246 252 254 259 266 265 272 279 277 286 291 291 296 298 304 303 307 313 316 319 317 320 322 322 328 329 333 336 337 342 344 347 353 362 362 362 370 371 363 358 366 365 366 368 370 378 387 395 403 403 407 412 416 422 431 438 436 442 444 446 453 456 464 473 471 480 487 488 491 495 491 500 501 510 515 524 533 537 545 554 550 558 563 570 571 572 573 581 579
247 248 243 252 251 251 255 252 259 250 249 248 257 256 263 263 264 269 278 286 295 295 298 304 307 306 308 316 321 323 323 321 324 330 330 335 333 340 345 346 350 346 348 356 365 367 364 373 369 368 367 370 370 371 373 377 384 392 396 400 409 416 413 419 428 432 435 442 449 445 453 455 460 462 470 479 488 491 497 498 494 493 501 510 519 519 528 537 545 550 545 547 553 554 561 569 578 582 589 581
252 250 251 260 252 260 261 255 255 254 258 252 254 256 261 262 270 278 285 289 290 291 297 303 308 314 311 320 329 327 324 330 332 331 331 340 339 348 349 350 355 348 356 365 366 374 366 375 376 371 368 377 377 380 382 384 393 401 405 405 411 416 415 422 427 433 441 446 444 445 448 451 460 467 476 483 484 493 501 502 496 499 500 505 511 514 523 532 536 542 543 552 561 561 567 574 575 583 582 589
253 257 259 263 255 259 260 262 257 255 256 258 263 260 263 267 273 280 289 291 296 294 303 310 312 315 314 316 324 332 333 336 340 338 334 342 348 355 353 351 360 357 363 364 365 370 375 384 377 377 377 386 384 384 384 389 391 398 404 405 414 422 422 426 434 435 441 442 443 448 457 459 468 471 476 477 486 491 497 498 503 500 508 513 520 523 524 529 532 537 546 555 556 563 571 578 576 584 580 589
254 263 260 266 262 260 268 271 266 263 263 261 270 269 270 275 282 285 290 296 298 302 307 316 313 321 319 320 329 336 338 344 345 346 341 350 353 360 355 359 363 359 360 368 372 378 378 379 378 386 383 386 387 385 386 391 400 402 407 414 423 426 431 435 438 443 450 449 451 456 458 467 468 472 473 481 487 494 502 507 505 506 512 517 521 530 532 530 535 540 545 550 551 560 566 573 579 582 576 585
261 270 265 269 271 263 265 273 269 269 264 264 273 278 276 282 288 286 288 289 298 304 306 313 318 325 328 324 328 329 332 335 336 337 346 347 356 364 356 358 360 368 369 371 374 381 387 380 385 394 390 394 393 387 395 398 406 411 414 421 426 432 432 436 441 449 458 457 452 458 466 468 476 479 481 488 489 491 499 500 501 508 516 524 525 526 528 533 534 540 548 554 560 569 566 567 570 573 574 579
268 269 274 278 277 272 268 277 274 271 268 271 275 283 279 285 289 287 291 294 303 309 310 318 320 329 336 333 333 332 338 343 341 346 350 348 356 362 365 360 362 363 365 374 375 384 388 381 382 387 395 403 398 388 397 406 415 418 421 422 423 430 434 434 435 440 449 450 455 458 467 475 481 484 487 489 493 495 503 505 506 507 509 517 518 526 529 532 541 546 547 554 559 562 565 564 571 580 579 582
277 278 283 282 278 281 276 284 275 275 277 272 281 284 286 294 298 296 299 301 307 310 316 324 321 324 332 339 340 338 344 345 346 354 353 357 359 362 368 368 370 368 373 374 382 390 396 390 390 395 403 401 394 392 399 404 408 409 418 425 424 425 433 432 440 449 456 458 464 459 462 468 476 481 486 491 492 501 510 509 514 509 518 525 524 531 532 534 535 537 538 547 550 553 560 561 570 579 586 591
286 287 292 291 286 283 279 284 282 284 286 280 289 285 289 298 300 305 302 302 305 306 313 322 330 332 337 340 348 341 349 351 348 356 362 358 365 363 368 376 371 372 377 383 390 398 397 396 399 399 401 410 402 400 405 412 416 418 427 426 425 426 428 430 438 441 449 453 460 467 467 474 479 486 495 500 495 504 506 507 515 510 512 516 521 530 532 538 536 545 546 554 559 562 569 566 572 573 582 589
288 296 297 294 293 284 280 286 291 283 282 281 283 289 290 299 308 312 311 311 311 313 317 321 327 328 337 343 349 348 355 353 353 355 356 364 370 371 374 383 380 381 386 387 395 399 402 404 407 402 404 408 411 404 411 418 421 427 429 427 427 435 437 434 435 444 450 452 461 465 468 470 477 484 487 496 500 506 512 515 518 518 521 519 520 524 530 537 541 545 549 551 554 555 564 573 581 577 581 585
296 304 298 294 290 286 287 294 292 291 290 283 285 290 294 299 308 313 316 320 313 321 319 326 335 330 339 345 347 351 356 362 360 364 357 361 362 368 377 385 385 382 390 394 395 396 403 404 407 405 413 416 412 407 409 415 416 425 430 436 436 436 438 439 442 449 453 458 459 468 476 479 484 487 490 491 496 505 514 515 524 519 522 520 528 533 538 544 550 550 558 554 558 564 569 570 575 584 583 592
297 300 307 303 295 291 296 296 299 293 293 284 285 288 295 298 307 314 316 320 319 328 323 332 339 339 348 350 356 355 364 369 364 364 363 370 371 377 381 383 389 387 396 396 404 405 412 413 412 409 417 422 421 416 417 424 423 429 430 439 445 444 440 442 451 450 452 458 465 474 475 480 489 488 489 490 499 508 517 523 524 526 526 527 530 539 541 542 550 559 567 563 562 565 567 569 577 579 588 597
300 309 316 310 302 299 299 304 302 301 297 288 286 293 299 303 304 309 316 322 327 331 330 337 342 342 350 351 359 358 362 371 373 369 370 373 372 375 382 381 383 387 388 397 400 406 408 410 419 410 413 421 428 421 419 425 426 430 439 441 445 452 448 451 453 459 461 460 463 471 480 486 487 490 490 499 508 510 511 517 525 533 527 533 537 545 550 549 554 562 567 567 569 567 569 574 582 588 597 606
309 316 322 314 309 308 302 310 306 304 297 296 287 292 300 309 313 317 316 322 325 331 339 344 349 347 355 359 368 364 371 380 378 370 371 375 374 375 379 380 381 390 390 391 392 401 409 417 420 419 417 425 434 428 426 433 435 435 442 447 447 450 454 460 462 467 469 462 470 477 478 486 494 496 491 493 499 506 514 523 531 530 534 538 546 552 557 558 563 566 573 572 573 573 578 582 590 595 602 605
316 325 330 322 314 306 303 304 313 308 304 295 288 292 297 304 310 313 314 322 328 334 343 351 346 355 358 363 366 372 378 387 378 373 378 376 376 382 387 384 386 392 397 400 399 401 407 412 421 424 418 426 429 436 428 435 442 439 444 448 452 453 458 464 466 467 469 464 470 479 484 493 495 504 499 502 507 510 518 522 523 527 533 535 542 551 557 560 561 569 578 579 580 577 582 584 592 599 608 613
321 330 333 327 321 312 306 313 319 310 308 301 297 297 299 304 307 316 323 325 326 335 336 343 344 353 354 355 357 366 373 381 380 377 384 384 383 389 391 390 394 398 405 408 403 404 409 418 427 433 427 431 431 432 432 440 443 448 445 450 451 453 461 468 467 469 467 465 473 474 483 492 500 504 506 508 510 518 519 521 522 524 531 540 542 546 553 561 564 565 573 578 582 585 583 591 599 607 614 620
327 334 334 325 324 317 309 310 312 315 306 299 298 302 303 311 312 319 321 330 335 344 337 342 351 354 362 356 363 364 373 379 387 386 390 391 391 395 399 398 399 399 401 406 412 405 411 419 428 436 436 434 437 441 441 441 448 451 446 447 449 457 458 461 467 472 469 474 482 483 491 494 495 500 509 517 514 516 518 527 528 525 534 538 541 546 555 561 567 566 571 577 584 581 585 594 594 600 609 614
330 334 326 325 323 321 315 318 317 309 304 302 299 304 306 312 320 326 323 326 334 342 338 342 344 353 361 362 364 372 381 388 390 393 398 395 397 404 401 403 405 406 402 407 416 413 419 426 428 433 440 436 444 446 443 450 454 453 453 450 453 455 459 462 469 471 474 475 483 489 494 498 499 508 509 518 518 517 524 526 535 529 530 532 541 545 554 563 564 565 568 577 576 579 585 589 593 602 610 617
334 341 333 334 330 325 316 325 324 315 307 308 307 308 314 317 320 328 329 332 341 342 344 351 352 355 364 371 372 376 378 387 389 397 406 399 404 411 402 410 410 408 409 415 416 421 426 432 431 432 441 441 450 453 444 446 447 450 456 459 454 463 466 469 477 472 480 484 490 498 495 497 504 507 516 525 526 518 521 527 535 536 538 541 549 546 553 561 570 570 568 570 573 578 586 590 599 602 607 616
340 349 342 342 336 332 325 326 317 310 309 311 311 317 315 324 324 333 338 339 345 349 348 352 353 361 365 367 368 369 378 379 382 391 399 400 405 408 411 416 411 409 418 423 425 430 433 441 432 436 445 450 457 448 445 454 454 451 460 460 456 465 474 473 482 481 486 485 487 496 502 501 502 505 511 520 522 526 528 531 533 540 546 550 558 551 552 556 564 566 567 576 582 579 586 590 592 599 600 608
341 350 348 341 340 331 328 322 315 313 313 313 319 322 322 324 326 334 335 339 348 354 353 360 362 370 369 369 370 376 382 388 390 399 403 408 413 417 412 420 419 413 422 428 426 435 441 448 439 444 453 453 454 450 452 453 461 459 465 468 462 467 477 480 482 486 488 493 492 494 502 503 505 514 513 515 524 533 535 540 534 542 543 546 555 555 555 564 571 569 571 577 583 580 589 597 600 602 609 610
349 358 349 348 339 338 331 324 316 320 316 317 323 323 331 325 327 331 333 341 348 357 360 361 362 366 373 377 378 385 391 389 396 400 408 414 421 421 414 417 426 419 420 428 429 434 440 447 444 447 454 459 454 451 460 460 467 468 474 469 470 469 470 473 481 485 494 494 493 502 511 504 510 517 517 521 530 532 536 539 542 543 551 550 554 559 560 563 570 578 575 579 580 588 590 596 597 606 608 617
358 355 346 343 339 333 332 327 320 329 321 320 329 330 338 333 334 339 341 350 356 360 361 364 363 371 380 385 386 394 394 398 400 409 412 413 417 418 420 418 421 423 428 431 435 443 441 443 451 449 450 453 454 457 464 461 462 464 465 474 479 476 476 478 488 494 496 495 499 501 508 509 513 514 516 525 534 537 544 547 544 544 550 558 556 557 566 564 573 579 584 582 588 593 599 597 599 600 607 614
364 355 353 344 342 342 339 330 324 327 324 329 334 331 337 342 343 348 343 344 352 361 370 373 371 379 388 393 395 400 403 402 405 406 411 415 416 420 421 419 428 426 428 437 436 444 445 447 453 453 459 456 457 460 468 470 470 472 466 467 471 480 482 479 480 485 492 496 503 510 517 511 519 522 519 522 526 528 536 540 544 549 553 558 558 566 572 573 577 584 585 590 589 596 597 600 600 605 612 619
367 358 360 351 344 345 342 337 328 332 328 333 342 339 344 346 346 354 345 349 358 359 367 368 372 373 382 391 397 402 407 406 408 414 420 421 421 429 425 422 426 434 435 444 440 441 450 451 452 461 459 458 466 461 469 475 476 480 472 468 474 475 479 488 485 494 500 498 508 512 518 512 520 526 526 523 528 536 543 549 553 553 559 565 567 568 573 578 584 591 586 592 598 604 602 601 601 607 609 615
371 367 366 360 353 352 344 337 333 334 333 334 343 348 353 349 354 351 347 355 364 363 369 374 379 381 389 392 401 402 410 407 413 421 428 423 428 435 432 430 431 439 441 445 442 450 457 456 461 466 468 466 466 463 469 478 485 482 475 475 483 483 484 487 491 494 501 499 505 510 517 521 521 526 535 532 529 533 534 540 545 553 557 566 575 576 582 579 587 594 595 596 599 607 610 610 608 616 615 616
379 376 375 366 362 361 353 346 337 335 342 335 337 346 351 357 363 360 355 357 358 367 370 379 380 389 393 393 398 407 416 415 418 422 431 429 430 438 439 436 437 446 449 453 450 459 459 457 463 472 472 475 468 464 473 479 481 479 477 478 486 491 492 494 499 501 507 508 507 516 521 527 530 535 536 541 534 541 541 543 550 555 563 571 577 584 591 585 586 594 598 604 605 613 617 619 616 625 624 620
379 371 370 366 363 366 357 348 343 344 339 338 341 342 347 348 357 359 361 365 367 369 373 381 383 392 394 399 406 415 417 420 420 421 429 437 439 440 442 445 440 441 450 457 459 461 467 458 459 466 475 481 477 471 480 488 486 484 478 484 491 497 500 501 508 503 512 513 508 516 524 533 538 543 544 550 541 550 542 545 553 560 565 566 574 583 584 586 595 600 606 613 612 613 620 627 618 623 632 624
387 378 377 369 361 360 358 350 347 343 342 347 342 351 349 357 364 362 369 371 376 370 379 387 390 397 401 407 414 422 426 426 429 423 426 430 436 438 446 443 441 442 447 448 456 464 470 467 466 470 478 479 486 480 489 494 491 493 486 492 500 503 507 509 516 510 519 518 515 523 531 533 533 542 548 552 544 547 548 554 557 558 565 571 572 574 581 589 597 605 613 615 620 614 621 622 627 631 632 633
394 385 377 377 369 366 357 350 349 345 347 356 351 358 351 352 355 362 363 366 369 377 381 388 390 394 403 409 418 427 431 435 427 425 426 433 442 443 450 447 447 443 446 450 453 460 468 472 468 477 478 482 483 481 489 497 495 499 490 491 499 504 508 510 519 515 519 519 517 526 534 531 532 534 542 543 547 556 556 556 557 560 568 574 576 577 586 594 595 602 610 618 618 616 622 630 628 637 641 639
387 384 375 375 366 357 356 355 355 351 349 357 359 356 354 357 362 368 372 368 372 374 383 386 392 400 401 408 415 424 429 432 435 426 427 429 435 444 451 456 456 452 455 452 460 468 473 475 475 476 485 490 492 488 497 500 500 504 499 494 501 508 511 515 523 524 527 523 520 522 524 528 531 532 541 545 555 558 561 560 558 563 572 579 585 582 591 598 604 610 615 621 621 625 630 631 634 639 644 647
379 375 372 370 369 361 363 356 356 357 358 365 360 361 358 365 369 377 379 370 371 374 382 383 384 391 394 403 407 416 425 426 427 429 436 438 444 451 458 465 462 461 463 461 469 477 482 477 481 479 480 489 490 491 500 504 505 509 506 502 509 517 519 524 532 531 527 525 522 528 532 536 540 541 547 549 559 566 568 568 567 567 572 580 588 591 599 601 608 613 622 630 630 631 639 637 637 638 642 650
388 381 381 378 371 369 361 357 363 361 362 364 369 369 366 373 370 371 380 379 375 382 387 392 385 394 402 407 414 420 421 428 434 436 434 442 451 450 454 461 465 470 471 468 475 476 481 478 485 488 487 491 492 500 501 503 511 518 515 509 517 523 528 533 533 538 533 533 525 534 540 537 543 550 554 551 561 569 576 571 570 576 575 583 591 600 603 604 606 609 616 625 622 623 630 639 641 642 649 655
392 384 384 380 371 367 366 366 371 362 367 371 374 375 370 379 371 380 386 388 383 384 389 396 393 396 403 409 416 421 424 422 425 430 432 436 445 447 453 454 462 471 474 469 474 482 483 487 494 497 489 498 494 499 505 510 516 524 521 516 525 525 530 533 540 546 539 536 528 537 545 539 542 549 553 555 559 564 572 572 574 575 578 587 592 599 604 611 615 615 608 617 621 623 632 641 650 649 652 661
395 388 385 388 380 376 375 375 372 371 374 378 382 376 379 375 372 380 388 389 391 386 395 398 396 401 402 407 411 412 416 420 428 437 435 436 443 447 452 453 462 471 477 471 474 483 489 490 493 502 498 507 503 500 508 515 516 517 519 520 524 531 538 534 543 545 539 535 531 535 543 547 543 549 557 562 560 562 563 566 568 577 584 588 589 596 595 603 610 611 606 615 618 627 633 637 646 650 651 660
402 396 393 395 386 381 384 382 381 374 375 384 389 382 388 382 381 382 387 394 400 395 404 399 401 409 411 410 419 421 421 429 432 440 444 442 451 456 459 462 465 466 475 474 481 489 497 493 501 508 505 512 505 509 511 516 520 520 527 528 527 533 542 543 547 552 546 541 532 541 543 548 545 554 561 568 562 564 571 573 571 576 577 584 586 590 594 596 601 602 603 612 617 620 627 636 641 642 650 652
410 405 402 404 395 388 386 383 384 375 384 387 395 387 394 385 390 384 393 395 404 396 398 405 404 413 414 411 413 417 426 435 437 441 450 449 456 463 463 469 474 475 482 479 486 491 495 497 501 510 507 512 507 516 512 521 528 522 529 537 532 540 546 552 548 552 545 544 536 545 552 556 549 556 560 560 569 572 579 574 576 581 583 592 593 592 596 597 605 605 606 615 617 626 635 639 644 650 656 653
418 412 406 397 396 395 393 384 386 378 387 393 399 396 396 387 393 387 394 399 407 405 407 414 411 417 423 420 416 425 428 430 439 440 449 457 464 470 469 470 472 480 487 482 486 493 495 501 510 517 508 517 516 525 517 525 530 531 534 543 538 545 551 558 557 558 552 545 544 551 559 557 551 552 553 558 567 575 582 577 580 584 587 595 600 593 600 606 612 608 614 615 623 631 632 641 650 651 656 659
415 408 399 398 403 403 394 385 393 385 392 396 402 399 405 396 396 393 400 401 404 405 411 417 413 414 418 426 418 427 429 438 444 445 454 462 463 472 478 476 481 489 494 491 488 490 496 505 511 517 509 510 512 520 518 520 526 527 535 541 542 536 545 552 557 550 559 551 553 560 568 559 556 559 557 561 569 573 580 583 589 592 595 600 597 595 597 602 604 611 614 620 627 630 637 646 655 658 665 668
415 406 405 406 410 401 396 387 394 394 400 405 406 401 408 403 405 402 401 402 405 406 414 423 421 416 425 423 420 421 424 431 440 446 451 460 463 467 474 481 482 490 494 491 489 494 497 506 508 510 517 519 513 522 525 521 524 527 531 533 534 535 539 548 554 549 557 558 560 569 573 566 565 563 560 563 571 579 585 592 595 601 602 609 605 600 604 611 611 617 617 618 627 634 643 651 658 659 668 675
421 412 414 411 411 402 402 396 395 403 401 404 411 402 411 412 413 411 410 411 406 414 420 429 422 417 425 427 429 423 432 440 447 447 451 457 458 465 468 473 480 489 497 494 497 502 506 514 509 517 518 523 521 529 531 529 529 531 539 538 538 536 544 545 546 548 553 559 560 566 575 574 573 572 568 571 574 578 587 591 592 596 602 611 606 601 604 611 614 619 623 625 626 635 643 645 651 658 661 666
418 415 417 418 412 411 404 397 401 403 406 406 409 410 417 415 419 416 411 411 409 410 412 421 430 426 430 435 431 432 440 444 453 456 458 459 464 469 470 474 483 490 494 497 506 510 509 518 516 522 527 532 524 530 536 537 530 538 546 540 547 545 549 552 553 550 551 557 566 569 573 576 579 573 570 574 575 577 582 584 593 601 608 609 608 608 607 608 612 617 619 628 633 637 638 646 648 657 665 669
427 419 424 427 421 420 413 406 407 408 414 414 410 413 422 416 421 418 416 419 410 419 420 429 437 433 431 440 433 439 448 453 462 465 463 467 469 474 479 475 480 486 487 496 501 508 512 521 519 520 523 528 532 531 533 539 539 545 554 545 552 553 556 558 562 558 560 566 574 577 578 583 583 578 572 581 577 584 583 592 598 602 605 614 614 616 611 616 613 621 628 637 636 637 646 652 650 655 657 660
428 427 433 428 429 425 416 412 408 413 417 415 413 414 422 424 428 420 419 427 418 419 420 429 435 434 438 447 438 447 448 457 465 474 470 468 477 480 479 478 479 485 494 501 510 517 517 525 527 521 522 531 537 540 540 546 546 546 554 553 558 556 558 567 566 559 565 568 569 570 571 577 585 579 580 584 586 586 592 594 600 605 609 610 612 620 620 620 614 618 620 629 630 639 645 646 650 651 660 668
434 432 440 435 427 424 418 416 415 414 422 423 420 420 427 433 433 429 421 430 424 428 429 430 434 438 442 443 440 449 453 462 467 476 475 469 475 482 488 485 485 491 499 506 510 519 523 525 534 525 531 533 540 545 544 547 551 548 552 555 560 564 564 567 570 561 570 576 578 574 576 578 583 586 583 592 594 595 595 595 597 606 615 611 618 625 626 622 618 624 626 627 629 630 636 644 645 650 658 662
443 441 441 433 429 420 419 424 423 419 420 421 426 425 431 440 437 428 427 436 431 437 438 435 443 441 442 443 443 451 456 465 471 472 481 474 481 490 487 486 494 492 497 506 515 521 530 533 542 533 539 542 548 554 553 553 560 557 558 556 561 568 573 573 572 563 565 569 574 579 584 581 585 586 586 593 602 596 600 596 600 601 608 616 624 630 634 625 623 627 634 633 638 632 639 645 650 649 650 653
450 441 433 432 423 422 427 428 424 427 425 423 432 426 434 435 444 437 432 435 432 436 445 439 447 442 450 451 451 452 454 462 465 471 480 483 490 494 496 489 493 501 505 514 523 530 537 540 537 535 537 546 549 557 554 561 567 566 563 564 570 572 578 574 576 572 566 573 577 581 582 590 593 593 595 600 609 604 601 600 608 603 606 608 616 625 625 634 629 634 640 642 643 634 635 636 641 647 655 654
447 440 433 432 424 428 436 432 433 431 434 432 437 429 436 436 441 444 435 439 434 443 452 446 455 449 458 453 455 459 460 468 467 473 482 486 495 495 500 494 500 508 511 519 528 533 542 549 544 540 544 553 557 562 561 564 570 574 566 565 574 581 583 583 579 571 569 577 584 587 590 596 601 602 603 605 609 605 610 605 613 604 607 608 616 618 621 629 637 635 640 641 640 637 641 639 649 649 653 661
452 446 437 433 433 431 433 433 442 433 439 441 439 430 439 445 444 443 436 443 442 445 452 451 456 455 462 457 458 463 465 474 476 482 483 492 495 504 505 501 509 513 518 520 527 528 537 546 551 548 545 554 562 563 566 571 576 583 574 568 574 583 592 592 583 576 575 583 587 596 598 603 610 603 611 608 609 608 615 606 615 612 616 617 625 622 630 638 644 643 641 649 645 644 649 645 648 650 659 666
452 444 438 441 439 438 435 438 441 434 438 447 442 439 448 446 446 452 445 448 448 454 461 455 462 456 465 462 467 465 467 474 481 486 488 491 500 507 507 510 515 520 521 521 527 531 538 547 551 554 546 554 563 572 570 573 578 585 583 577 583 590 595 594 592 584 584 589 595 604 599 608 613 609 616 614 615 609 618 611 620 620 625 626 631 623 632 640 649 652 649 655 646 649 652 652 655 651 652 656
454 447 447 448 447 444 444 445 436 435 443 446 449 440 445 450 454 453 452 450 450 452 458 463 462 461 462 471 475 472 476 475 483 491 497 493 502 503 511 508 517 521 530 526 531 540 544 546 554 558 553 562 567 568 577 582 579 580 586 582 589 598 604 597 591 588 590 597 604 607 605 614 618 610 617 622 614 612 615 612 619 622 631 635 638 631 638 642 651 658 657 659 651 657 657 656 661 653 660 662
457 451 452 456 448 452 451 449 442 440 447 447 456 449 454 459 463 459 457 456 458 454 462 470 471 462 470 471 479 477 484 481 488 494 501 494 501 506 514 507 508 517 526 535 540 537 537 542 548 549 550 554 558 560 569 578 587 589 591 591 590 599 604 605 599 591 599 606 608 609 613 616 624 618 623 627 622 613 621 621 623 631 637 641 641 633 642 651 655 663 666 663 658 664 663 665 669 662 666 663
460 460 454 457 453 460 452 450 449 449 449 456 458 451 460 467 472 467 458 457 460 457 465 467 476 469 470 478 481 486 493 490 490 499 506 498 500 502 505 506 508 512 520 528 534 535 536 538 547 555 556 563 566 569 572 580 587 596 599 592 598 607 608 610 605 599 608 614 615 610 615 622 625 623 626 626 625 621 629 630 632 632 640 641 642 634 641 648 656 657 664 671 664 665 672 674 673 669 674 672
