  0 250 244 249 252 248 257 259 262 270 269 265 263 271 275 275 269 270 274 273 276 285 293 293 302 304 305 310 313 314 318 315 316 325 326 332 332 339 340 341 349 352 361 362 368 368 372 374 382 386 389 391 400 409 409 417 417 425 428 433 442 434 436 444 453 451 455 463 464 470 479 488 495 497 504 506 509 507 512 507 512 520 524 532 534 543 551 560 557 563 569 570 571 577 585 591 592 588 594 603
  8 243 242 243 243 247 248 255 260 261 264 256 261 262 266 273 268 271 269 270 273 279 284 292 301 303 301 303 309 317 309 311 315 322 323 332 331 337 343 350 350 351 357 361 369 364 367 369 374 378 380 386 394 401 403 410 413 417 419 427 436 428 436 445 449 448 455 458 466 474 482 481 486 489 496 501 501 498 507 504 506 515 524 528 536 545 550 558 555 562 560 566 573 573 582 582 583 584 593 600
 16 235 233 242 240 249 241 247 252 254 256 254 252 255 260 267 260 263 264 271 280 286 293 292 296 298 297 303 306 310 304 308 316 323 332 337 330 335 335 343 350 356 348 353 360 358 366 372 380 378 382 391 395 397 402 410 413 412 419 426 434 426 434 437 441 446 453 455 461 467 476 478 486 486 487 495 496 497 498 502 505 514 523 524 531 540 541 550 546 553 558 563 564 572 573 576 583 584 585 591
 17 239 232 234 235 240 238 239 243 251 253 248 250 251 253 260 258 263 265 274 279 284 289 284 290 291 296 298 299 301 303 312 320 325 334 328 328 329 334 335 341 347 345 347 356 355 363 368 371 377 382 385 389 396 402 405 406 410 418 417 425 425 426 432 441 445 452 454 462 471 471 480 482 482 491 491 500 497 503 506 514 518 516 517 523 532 534 543 542 544 549 557 560 563 567 571 579 588 589 597
 26 239 231 228 234 235 237 244 249 248 244 245 253 255 253 251 255 264 269 274 282 277 280 280 283 287 287 289 291 294 299 308 315 316 325 322 321 330 335 327 336 338 339 346 347 354 363 368 376 382 389 382 384 393 395 402 411 412 412 414 420 419 427 436 438 442 449 454 458 466 463 471 473 481 483 484 493 494 496 497 506 514 515 518 524 526 534 535 536 540 547 549 551 560 566 574 578 587 595 604
 28 233 224 222 225 226 235 244 243 239 237 239 248 246 244 250 258 263 268 268 276 273 279 278 282 288 286 291 290 291 296 299 306 315 316 323 318 323 329 324 329 332 338 346 347 353 356 362 368 374 381 379 387 388 397 401 403 407 408 411 415 418 422 427 436 438 442 446 455 457 462 463 472 478 486 484 493 502 502 505 506 515 522 519 528 527 535 540 545 549 549 555 552 557 563 566 575 584 589 595
 29 225 216 216 221 225 234 240 235 237 228 235 240 237 238 244 251 257 259 266 268 264 271 275 273 280 284 286 287 294 302 296 303 310 317 314 316 317 320 321 328 329 337 341 345 353 355 358 365 367 376 377 381 386 388 394 396 401 410 413 414 417 422 431 439 446 445 449 453 454 455 462 469 470 478 483 487 493 500 504 506 509 514 522 531 536 544 548 547 554 556 557 556 564 570 567 569 577 584 587
 33 218 212 215 224 227 231 234 227 235 227 232 238 236 244 244 252 250 259 262 265 262 270 277 272 271 276 277 285 290 294 295 299 306 309 313 322 325 327 324 333 337 345 350 347 350 352 356 362 371 375 377 385 394 390 394 397 399 405 408 410 412 414 423 431 440 447 447 450 456 464 470 478 471 480 480 481 486 495 497 498 506 511 517 526 532 540 549 553 562 564 562 565 569 573 569 577 578 587 591
 41 212 211 213 217 218 223 226 225 233 225 225 234 235 238 243 244 249 257 253 258 260 268 270 274 268 272 279 288 297 293 293 297 301 308 317 316 321 328 333 340 339 342 344 347 356 358 365 368 371 374 377 382 389 396 400 406 407 413 417 413 419 417 426 435 441 444 446 453 455 463 472 478 473 476 478 481 485 486 489 496 504 510 515 520 529 537 540 544 553 559 568 568 577 581 577 586 586 586 594
 42 204 208 205 210 213 222 220 219 228 221 222 227 234 240 249 246 242 251 252 260 256 265 272 265 267 271 280 287 291 284 292 297 300 306 314 309 315 323 332 335 335 343 345 349 351 360 369 371 373 372 381 383 390 398 406 410 412 416 417 417 426 423 430 432 440 444 451 452 460 461 468 473 481 485 480 481 490 495 493 502 503 512 521 525 529 535 543 551 553 554 562 571 572 580 585 589 592 585 591
 51 199 206 198 206 208 214 214 216 222 220 226 227 226 232 241 246 237 242 244 251 255 261 264 263 272 272 276 278 285 283 288 290 297 298 305 307 311 318 327 332 334 341 349 356 357 360 364 366 366 371 379 380 385 390 399 402 404 407 408 411 418 424 425 426 432 438 442 449 454 463 465 471 480 485 484 487 496 503 498 506 512 514 518 527 533 539 547 554 561 562 563 572 576 577 579 582 583 584 592
 56 194 203 197 205 213 206 213 214 215 213 217 218 222 223 232 240 235 244 245 254 250 257 265 261 270 275 278 287 282 281 287 286 295 303 307 306 309 316 320 323 325 333 340 348 351 351 355 357 365 373 381 381 390 391 399 404 412 412 415 420 425 429 430 429 436 442 447 450 455 459 468 474 483 484 492 496 504 504 507 510 515 516 519 527 532 540 545 545 554 555 563 564 568 577 578 586 592 592 595
 58 191 194 196 198 204 198 207 214 210 211 218 226 223 229 230 231 232 241 244 245 249 251 258 260 261 269 278 287 284 277 279 285 288 295 304 305 307 316 318 321 323 327 334 342 343 344 347 356 361 365 374 381 388 393 399 405 409 413 422 429 430 431 439 436 444 450 445 453 462 468 462 471 478 479 485 492 497 506 510 519 514 516 519 522 529 537 540 543 548 552 559 565 571 578 586 581 590 598 604
 66 187 189 194 192 195 193 201 205 209 218 219 221 214 223 230 235 241 245 246 254 252 257 258 267 270 276 270 279 275 276 284 293 296 296 300 306 314 317 321 330 330 335 340 341 346 353 356 357 363 372 379 380 381 390 396 397 402 409 417 423 431 438 447 439 443 442 444 445 454 459 460 469 477 486 490 491 498 503 502 511 512 518 525 531 531 533 537 538 539 546 553 556 565 569 578 580 589 592 599
 73 186 180 186 183 187 189 198 197 206 212 217 214 210 217 225 226 232 237 238 246 255 252 253 260 269 270 268 272 274 281 290 298 297 297 303 305 306 315 319 325 334 339 335 344 343 351 356 360 363 367 375 382 390 393 390 399 406 413 414 414 422 430 439 433 434 441 443 446 455 458 463 470 472 480 482 485 492 495 501 507 516 522 531 531 533 542 538 539 547 549 558 558 560 569 574 583 592 593 598
 74 178 179 177 180 182 186 192 196 197 203 211 210 206 208 217 221 229 232 237 245 249 251 252 253 262 261 267 272 275 282 291 299 300 296 303 297 303 311 310 319 328 330 332 341 336 345 352 354 359 366 374 383 384 385 386 395 400 405 406 413 422 424 432 432 433 434 441 446 454 461 468 470 471 472 473 481 487 488 497 505 510 517 522 523 530 536 539 541 547 549 551 559 568 572 576 578 587 588 589
 83 173 170 176 177 183 185 192 194 196 199 206 213 205 209 218 227 225 233 232 237 241 248 243 250 253 257 264 268 276 285 293 293 297 295 294 294 300 305 309 315 324 333 331 337 334 337 343 350 352 357 366 375 384 385 390 397 401 406 409 414 422 422 423 431 436 442 450 447 456 464 465 468 477 479 478 487 488 496 500 508 508 509 517 526 533 534 541 547 552 556 553 561 566 571 574 577 584 587 595
 89 171 163 172 178 174 183 188 196 201 193 198 206 202 209 212 218 222 224 226 232 234 239 240 243 248 251 255 263 271 277 286 284 290 286 287 291 295 300 306 313 319 326 328 329 331 337 346 354 358 359 368 370 379 380 384 390 396 404 410 416 419 416 425 426 435 443 449 455 456 464 469 477 482 484 479 488 497 500 506 509 507 515 522 527 536 535 543 544 550 554 557 566 575 578 574 575 583 584 593
 93 165 161 167 174 172 178 185 189 192 191 197 200 201 210 210 214 219 228 229 231 229 230 234 235 244 245 246 254 262 271 280 277 281 282 290 299 301 303 309 310 317 324 333 331 338 342 351 360 365 360 364 366 370 379 384 391 392 400 406 410 415 414 421 430 431 438 447 449 457 459 468 469 474 475 484 487 493 492 497 500 503 510 519 522 529 538 547 545 552 551 558 559 566 573 573 582 586 592 597
 94 165 158 165 168 167 174 181 187 183 184 193 202 201 206 206 213 219 219 228 230 225 228 237 240 245 253 249 255 262 270 274 276 278 286 284 293 300 309 310 318 321 329 334 333 336 345 354 356 363 369 366 373 371 378 387 388 389 397 399 406 408 412 420 422 431 435 438 447 455 458 467 469 477 482 480 478 485 488 493 502 511 515 519 527 536 538 547 544 548 550 556 563 563 564 565 573 578 583 588
100 162 157 158 164 165 174 176 182 181 175 184 193 198 204 202 204 212 211 220 221 224 233 239 239 244 252 257 262 270 272 277 270 271 278 279 286 295 304 312 318 315 320 327 330 339 345 346 347 356 363 365 374 374 375 381 388 389 396 403 405 414 418 424 427 433 441 447 456 460 460 466 470 478 474 471 477 479 484 493 501 508 515 517 522 531 538 545 538 539 546 548 555 562 567 568 570 577 586 594
109 153 150 156 157 166 172 167 175 180 174 176 184 191 195 198 201 204 206 213 222 225 231 236 238 243 246 253 259 261 263 268 269 278 284 287 288 297 303 308 309 312 313 322 323 332 338 345 349 356 357 365 371 377 381 390 391 398 401 402 407 416 418 425 431 433 442 444 451 451 452 457 461 470 476 468 477 486 492 495 499 505 514 523 518 527 529 536 537 542 545 553 546 554 559 560 565 571 577 586
118 144 143 150 153 159 165 166 170 171 173 178 186 187 192 201 202 209 215 221 228 228 232 241 241 242 248 249 250 252 260 263 272 279 283 286 286 288 297 304 312 314 317 321 324 330 338 341 350 355 359 364 372 381 381 387 386 391 392 393 400 409 409 418 424 426 435 441 442 449 450 458 466 474 472 466 471 477 484 486 495 501 505 514 517 521 526 527 529 538 544 544 545 548 557 556 561 568 570 578
122 125 130 133 137 144 162 171 166 173 179 184 186 195 195 199 203 212 220 227 229 237 236 242 250 248 249 258 259 260 261 267 269 274 277 282 284 292 301 310 319 321 326 330 326 332 341 344 353 351 353 356 365 372 377 378 384 388 395 402 402 403 408 415 424 433 434 433 442 443 443 452 459 468 466 463 472 478 480 488 489 498 505 507 508 517 523 527 529 538 539 543 551 548 552 553 562 570 574 579
127 130 136 139 145 152 154 161 163 170 171 179 182 191 192 198 206 209 214 222 231 240 245 250 255 254 258 260 268 263 270 273 274 275 284 286 293 298 304 310 312 318 319 328 327 329 333 341 350 349 354 355 359 368 377 383 384 393 396 402 411 411 409 417 426 427 428 432 439 440 441 443 452 460 461 462 463 471 479 481 486 495 496 505 509 515 524 519 523 531 538 546 551 544 553 547 555 561 570 571
132 131 137 146 148 153 162 170 168 173 177 185 191 200 199 199 207 207 213 222 228 236 245 245 252 258 258 263 270 266 271 271 279 278 280 289 297 303 300 304 311 317 322 326 330 334 334 335 343 345 353 360 364 372 379 388 390 397 404 398 402 411 417 418 427 430 433 441 448 444 443 452 460 462 467 469 470 474 480 481 487 496 505 507 509 507 516 516 519 527 529 538 542 543 544 545 554 557 566 570
133 133 136 143 149 157 166 173 177 175 181 182 189 192 200 200 201 205 209 218 226 234 239 243 248 249 256 256 261 267 264 269 276 271 280 286 292 294 295 296 305 308 315 318 323 330 338 336 337 345 354 363 366 369 378 381 390 398 403 395 398 406 408 412 421 423 426 434 442 443 450 457 466 470 475 468 477 476 481 489 496 499 502 498 500 503 509 510 519 527 536 543 544 547 548 554 555 559 561 566
141 140 138 147 152 161 170 177 184 183 190 185 193 197 199 208 202 212 212 216 217 226 233 235 239 245 247 255 256 258 260 261 269 270 276 285 294 303 304 303 312 316 316 325 332 331 340 339 339 348 355 359 362 370 375 383 389 395 394 393 401 404 412 419 415 414 423 429 437 444 445 454 462 466 466 460 468 477 482 487 490 495 502 495 499 501 510 519 523 525 534 542 541 543 551 554 563 562 570 569
142 147 139 146 151 160 167 176 183 187 196 193 200 206 202 208 206 210 219 223 226 226 234 235 233 242 248 257 265 265 269 268 277 279 282 291 296 305 305 306 315 321 323 327 333 338 342 341 348 355 363 367 363 364 370 375 381 388 393 389 398 400 409 410 411 412 419 426 428 435 444 447 456 458 458 459 466 474 478 479 483 487 494 492 501 507 508 515 518 520 528 536 537 541 548 555 564 563 572 572
151 156 148 149 155 163 172 170 179 188 196 195 196 201 209 209 208 209 212 217 221 223 224 230 231 240 246 250 259 262 271 269 274 275 283 292 301 307 307 307 316 324 328 334 340 347 348 348 357 358 367 374 370 366 367 374 379 380 384 385 394 403 405 414 413 415 417 426 427 434 435 444 449 452 453 460 467 468 470 471 477 478 485 491 498 507 513 514 515 523 529 532 534 542 549 557 566 572 576 576
155 164 157 150 151 160 163 169 176 184 192 200 204 206 215 218 215 211 220 218 226 230 232 232 233 234 244 253 256 263 272 272 278 284 289 294 297 304 311 309 315 319 325 333 341 350 352 357 366 367 364 373 373 367 374 383 380 388 393 394 397 405 414 422 415 418 425 431 436 442 439 441 450 456 459 465 472 476 476 477 484 483 492 496 500 505 507 516 514 522 530 533 542 550 558 563 565 565 571 567
162 163 156 151 157 166 172 175 183 186 195 204 205 214 210 219 216 212 221 227 233 231 234 238 241 239 247 253 259 262 264 265 271 280 289 289 298 304 311 315 321 327 330 337 343 344 352 359 359 362 363 370 370 369 378 387 385 392 401 402 404 411 415 420 424 425 433 436 445 448 440 447 454 455 457 466 474 475 482 480 480 487 493 488 494 496 503 508 510 515 521 527 536 544 553 560 563 561 566 563
171 167 160 153 160 161 170 179 187 194 195 198 207 208 209 217 224 215 224 233 230 233 234 243 250 241 248 249 256 260 266 266 273 281 283 288 290 298 305 312 315 319 324 329 334 342 343 351 357 366 365 374 378 378 386 392 390 392 397 406 410 410 416 420 429 433 436 436 437 439 440 445 446 455 456 462 471 480 481 481 478 486 484 487 492 496 497 506 514 521 527 529 534 538 545 552 554 558 563 561
176 173 169 162 166 169 177 186 191 194 202 207 212 217 211 216 224 216 225 227 229 236 241 250 250 244 249 253 259 265 266 274 274 279 288 297 299 299 307 313 318 323 332 335 335 344 352 356 362 364 371 378 375 381 390 394 394 401 405 405 401 409 413 416 422 426 428 435 436 433 435 440 449 452 455 458 467 476 482 476 476 484 483 491 494 496 505 511 512 521 530 535 540 546 543 544 549 550 558 560
180 182 177 168 167 168 173 181 190 192 197 205 207 214 212 221 227 225 233 228 231 237 243 248 252 247 255 259 264 273 273 280 276 277 280 290 299 308 310 311 317 318 327 332 332 339 347 356 354 362 364 372 373 381 385 386 395 396 403 404 397 406 413 414 423 424 428 427 427 425 426 435 442 444 447 456 461 468 474 467 468 475 480 486 490 491 497 506 514 519 523 528 531 540 536 544 549 558 561 553
184 186 179 176 175 177 178 186 194 199 198 205 207 215 215 219 228 234 233 231 237 246 248 257 255 256 257 258 263 272 274 278 285 286 281 289 294 302 303 307 309 317 325 326 327 334 339 348 351 360 366 366 374 376 378 379 386 390 394 395 396 397 406 409 414 419 423 421 422 424 426 430 435 436 445 453 454 463 468 466 471 469 472 481 485 493 496 505 513 510 519 520 526 532 528 535 542 549 558 551
193 194 186 177 181 183 186 195 195 201 204 205 207 215 218 225 229 238 234 236 240 244 252 261 264 265 263 259 268 269 277 279 288 288 283 291 296 305 309 316 318 324 331 328 336 335 340 341 350 352 357 362 371 380 384 386 393 397 394 399 405 406 408 415 415 417 419 420 429 433 433 436 437 444 445 454 463 461 461 462 463 468 477 473 482 486 494 499 508 509 515 521 517 524 525 534 535 540 549 550
200 192 191 185 190 185 194 198 199 201 202 211 214 219 222 225 227 235 235 240 242 251 251 258 261 267 271 262 265 268 276 281 286 293 290 300 300 307 315 324 320 329 333 325 330 336 336 338 346 350 359 364 372 375 376 382 386 389 391 395 402 408 417 417 424 424 421 422 423 425 426 429 437 439 444 452 454 452 460 467 464 465 471 472 480 484 488 493 502 509 506 512 513 522 530 534 542 548 555 559
204 199 197 194 198 194 201 201 200 207 203 212 216 221 226 232 232 234 241 246 243 246 248 257 259 266 271 264 267 275 282 290 295 295 293 300 306 311 318 326 318 322 328 322 323 331 335 343 345 353 356 357 366 374 382 383 391 388 393 398 402 411 419 419 427 424 423 424 432 427 435 430 437 443 443 450 445 446 453 461 465 472 474 475 484 488 495 498 506 501 503 509 513 522 527 528 536 545 554 558
210 202 199 196 205 200 209 210 203 209 208 210 219 223 226 228 230 238 246 255 249 253 254 259 268 267 268 273 273 281 288 289 296 300 295 296 297 307 312 318 317 319 321 320 327 328 336 342 349 356 360 358 364 373 381 382 386 387 393 402 410 416 416 422 425 424 429 432 440 436 436 431 432 434 441 442 444 449 458 463 470 473 474 478 481 483 487 496 499 500 509 516 514 523 530 530 532 541 546 549
213 208 201 198 206 209 211 216 212 216 213 219 228 231 234 229 233 240 248 257 250 256 258 265 270 268 274 281 274 279 281 289 296 305 297 298 298 304 307 308 310 313 315 319 321 330 335 343 345 354 363 362 363 364 373 376 377 386 388 397 401 410 407 415 423 421 422 431 433 441 444 436 441 442 449 446 453 458 459 463 469 470 477 483 488 492 493 502 502 507 516 520 519 527 528 536 533 537 546 555
215 209 209 201 208 215 212 221 218 219 221 220 228 233 235 237 240 242 251 252 254 260 265 266 274 271 276 282 279 288 288 291 297 301 304 303 307 313 308 309 317 315 322 327 330 338 344 338 346 349 355 353 354 357 366 368 377 381 382 389 398 403 402 411 414 415 416 423 426 435 443 445 441 443 445 453 460 465 465 470 470 473 481 483 487 496 502 509 508 516 519 528 525 531 537 545 541 539 541 548
217 210 209 208 212 217 221 226 225 228 228 222 228 234 237 246 241 242 250 257 256 264 271 274 277 276 278 284 285 294 297 300 302 309 313 312 310 314 313 313 321 316 318 319 322 330 339 333 340 343 346 349 352 360 367 371 380 384 390 390 392 397 400 409 410 416 425 432 427 429 437 438 439 448 447 452 459 465 471 479 475 482 486 492 493 502 510 514 515 521 528 537 534 540 545 548 544 540 541 550
226 217 218 217 214 223 229 232 226 234 230 225 234 235 236 240 241 243 245 253 259 267 271 274 277 279 280 289 289 295 303 306 311 316 319 313 315 315 319 322 328 322 325 321 325 327 329 330 331 336 339 348 352 357 358 365 371 380 386 395 396 404 401 409 415 418 427 430 429 437 434 429 432 441 444 452 453 457 466 473 477 484 489 494 495 504 512 515 522 522 529 530 537 545 551 553 552 549 548 557
235 226 218 217 216 221 225 231 227 235 236 227 233 241 241 242 244 249 254 260 268 271 272 273 282 285 285 290 296 296 298 300 308 315 321 322 320 316 325 325 334 331 326 330 333 328 337 338 339 337 338 340 348 357 358 367 376 379 385 392 395 403 404 405 414 414 421 423 430 437 429 428 436 445 448 456 459 465 470 479 478 483 490 497 503 500 509 513 519 524 533 534 543 552 560 562 555 558 550 554
226 221 220 224 223 222 230 238 234 242 241 233 236 240 248 247 252 257 261 269 275 280 280 275 284 286 291 298 305 297 298 300 309 310 314 320 315 324 332 327 334 329 327 334 332 331 338 339 348 342 343 342 344 353 360 368 370 371 377 386 388 396 403 406 415 412 420 428 423 428 425 427 436 442 449 454 463 471 478 475 475 476 484 488 497 498 507 516 524 533 542 538 547 556 561 569 564 562 558 555
227 228 229 230 227 227 234 242 242 251 245 239 244 243 252 251 254 258 264 266 273 280 281 281 289 295 292 296 304 298 304 301 302 307 311 312 314 321 325 334 342 335 336 343 340 340 340 348 349 350 344 348 345 353 357 365 369 370 376 382 389 393 396 397 406 409 418 419 421 423 424 432 435 442 451 452 461 468 469 470 473 477 486 491 493 502 511 512 518 526 533 542 548 551 558 562 561 561 563 561
232 233 236 239 236 236 243 245 249 253 248 240 246 248 253 260 259 266 273 271 280 285 285 290 292 298 296 300 306 307 310 308 311 313 313 319 320 324 327 328 333 335 338 344 349 349 349 357 358 350 345 353 352 353 355 357 365 374 382 390 390 394 399 403 409 418 425 423 429 431 433 440 443 451 460 458 467 474 475 478 482 478 487 488 497 502 511 520 524 532 541 537 545 550 557 558 559 560 568 566
241 242 237 246 245 245 249 246 253 244 243 242 251 250 257 257 258 263 272 280 289 289 292 298 301 300 301 309 314 314 314 312 315 321 321 326 324 331 336 337 341 337 339 347 356 354 351 360 356 355 354 357 357 358 360 364 371 379 383 387 396 403 400 406 415 419 422 429 436 432 440 442 447 449 457 466 475 478 484 485 481 480 488 497 506 506 515 524 532 537 532 534 540 541 548 556 565 569 576 568
246 244 245 254 246 254 255 249 249 248 252 246 248 250 255 256 264 272 279 283 284 285 291 297 302 308 304 313 322 318 315 321 323 322 322 331 330 339 340 341 346 339 347 356 357 361 353 362 363 358 355 364 364 367 369 371 380 388 392 392 398 403 402 409 414 420 428 433 431 432 435 438 447 454 463 470 471 480 488 489 483 486 487 492 498 501 510 519 523 529 530 539 548 548 554 561 562 570 569 576
247 251 253 257 249 253 254 256 251 249 250 252 257 254 257 261 267 274 283 285 290 288 297 304 306 309 307 309 317 325 324 327 331 329 325 333 339 346 344 342 351 348 354 355 356 361 362 371 364 364 364 373 371 371 371 376 378 385 391 392 401 409 409 413 421 422 428 429 430 435 444 446 455 458 463 464 473 478 484 485 490 487 495 500 507 510 511 516 519 524 533 542 543 550 558 565 563 571 567 576
248 257 254 260 256 254 262 265 260 257 257 255 264 263 264 269 276 279 284 290 292 296 301 310 307 315 312 313 322 329 330 336 338 338 332 341 344 351 346 350 354 350 351 359 363 369 365 366 365 373 370 373 374 372 373 378 387 389 394 401 410 413 418 422 425 430 437 436 438 443 445 454 455 459 460 468 474 481 489 494 492 493 499 504 508 517 519 517 522 527 532 537 538 547 553 560 566 569 563 572
255 264 259 263 265 257 259 267 263 263 258 258 267 272 270 276 282 280 282 283 292 298 300 307 312 319 321 317 321 322 325 328 329 330 339 340 349 355 347 349 351 359 360 362 365 372 374 367 372 381 377 381 380 374 382 385 393 398 401 408 413 419 419 423 428 436 445 444 439 445 453 455 463 466 468 475 476 478 486 487 488 495 503 511 512 513 515 520 521 527 535 541 547 556 553 554 557 560 561 566
262 263 268 272 271 266 262 271 268 265 262 265 269 277 273 279 283 281 285 288 297 303 304 312 314 323 329 326 326 325 331 336 334 339 343 341 349 355 356 351 353 354 356 365 366 375 375 368 369 374 382 390 385 375 384 393 402 405 408 409 410 417 421 421 422 427 436 437 442 445 454 462 468 471 474 476 480 482 490 492 493 494 496 504 505 513 516 519 528 533 534 541 546 549 552 551 558 567 566 569
271 272 277 276 272 275 270 278 269 269 271 266 275 278 280 288 292 290 293 295 301 304 310 318 315 318 326 333 333 331 337 338 339 347 346 350 352 355 361 359 361 359 364 365 373 381 383 377 377 382 390 388 381 379 386 391 395 396 405 412 411 412 420 419 427 436 443 445 451 446 449 455 463 468 473 478 479 488 497 496 501 496 505 512 511 518 519 521 522 524 525 534 537 540 547 548 557 566 573 578
280 281 286 285 280 277 273 278 276 278 280 274 283 279 283 292 294 299 296 296 299 300 307 316 324 326 331 334 341 334 342 344 341 349 355 351 358 356 361 367 362 363 368 374 381 389 384 383 386 386 388 397 389 387 392 399 403 405 414 413 412 413 415 417 425 428 436 440 447 454 454 461 466 473 482 487 482 491 493 494 502 497 499 503 508 517 519 525 523 532 533 541 546 549 556 553 559 560 569 576
282 290 291 288 287 278 274 280 285 277 276 275 277 283 284 293 302 306 305 305 305 307 311 315 321 322 331 337 343 341 348 346 346 348 349 357 363 364 367 376 371 372 377 378 386 390 389 391 394 389 391 395 398 391 398 405 408 414 416 414 414 422 424 421 422 431 437 439 448 452 455 457 464 471 474 483 487 493 499 502 505 505 508 506 507 511 517 524 528 532 536 538 541 542 551 560 568 564 568 572
290 298 292 288 284 280 281 288 286 285 284 277 279 284 288 293 302 307 310 314 307 315 313 320 329 324 333 339 341 345 350 355 353 357 350 354 355 361 370 378 376 373 381 385 386 387 394 392 395 392 400 403 399 394 396 402 403 412 417 423 423 423 425 426 429 436 440 445 446 455 463 466 471 474 477 478 483 492 501 502 511 506 509 507 515 520 525 531 537 537 545 541 545 551 556 557 562 571 570 579
291 294 301 297 289 285 290 290 293 287 287 278 279 282 289 292 301 308 310 314 313 322 317 326 333 333 342 344 350 349 358 362 357 357 356 363 364 370 374 376 382 378 387 387 395 396 403 401 400 396 404 409 408 403 404 411 410 416 417 426 432 431 427 429 438 437 439 445 452 461 462 467 476 475 476 477 486 495 504 510 511 513 513 514 517 526 528 529 537 546 554 550 549 552 554 556 564 566 575 584
294 303 310 304 296 293 293 298 296 295 291 282 280 287 293 297 298 303 310 316 321 325 324 331 336 336 344 345 353 352 356 365 366 362 363 366 365 368 375 374 376 380 381 390 393 399 401 403 406 397 400 408 415 408 406 412 413 417 426 428 432 439 435 438 440 446 448 447 450 458 467 473 474 477 477 486 495 497 498 504 512 520 514 520 524 532 537 536 541 549 554 554 556 554 556 561 569 575 584 593
303 310 316 308 303 302 296 304 300 298 291 290 281 286 294 303 307 311 310 316 319 325 333 338 343 341 349 353 362 358 365 374 371 363 364 368 367 368 372 373 374 383 383 384 385 394 402 410 409 406 404 412 421 415 413 420 422 422 429 434 434 437 441 447 449 454 456 449 457 464 465 473 481 483 478 480 486 493 501 510 518 517 521 525 533 539 544 545 550 553 560 559 560 560 565 569 577 582 589 592
310 319 324 316 308 300 297 298 307 302 298 289 282 286 291 298 304 307 308 316 322 328 337 345 340 349 352 357 360 366 372 380 371 366 371 369 369 375 380 377 379 385 390 393 392 394 400 405 414 411 405 413 416 423 415 422 429 426 431 435 439 440 445 451 453 454 456 451 457 466 471 480 482 491 486 489 494 497 505 509 510 514 520 522 529 538 544 547 548 556 565 566 567 564 569 571 579 586 595 600
315 324 327 321 315 306 300 307 313 304 302 295 291 291 293 298 301 310 317 319 320 329 330 337 338 347 348 349 351 360 367 375 373 370 377 377 376 382 384 383 387 391 398 401 396 397 402 411 420 420 414 418 418 419 419 427 430 435 432 437 438 440 448 455 454 456 454 452 460 461 470 479 487 491 493 495 497 505 506 508 509 511 518 527 529 533 540 548 551 552 560 565 569 572 570 578 586 594 601 607
321 328 328 319 318 311 303 304 306 309 300 293 292 296 297 305 306 313 315 324 329 338 331 336 345 348 356 350 357 358 367 373 381 379 383 384 384 388 392 391 392 392 394 399 405 398 404 412 421 428 423 421 424 428 428 428 435 438 433 434 436 444 445 448 454 459 456 461 469 470 478 481 482 487 496 504 501 503 505 514 515 512 521 525 528 533 542 548 554 553 558 564 571 568 572 581 581 587 596 601
324 328 320 319 317 315 309 312 311 303 298 296 293 298 300 306 314 320 317 320 328 336 332 336 338 347 355 356 358 366 375 382 384 386 391 388 390 397 394 396 398 399 395 400 409 406 412 419 421 426 430 423 431 433 430 437 441 440 440 437 440 442 446 449 456 458 461 462 470 476 481 485 486 495 496 505 505 504 511 513 522 516 517 519 528 532 541 550 551 552 555 564 563 566 572 576 580 589 597 604
328 335 327 328 324 319 310 319 318 309 301 302 301 302 308 311 314 322 323 326 335 336 338 345 346 349 358 365 366 370 372 381 383 391 400 392 397 404 395 403 403 401 402 408 409 414 419 425 424 425 434 428 437 440 431 433 434 437 443 446 441 450 453 456 464 459 467 471 477 485 482 484 491 494 503 512 513 505 508 514 522 523 525 528 536 533 540 548 557 557 555 557 560 565 573 577 586 589 594 603
334 343 336 336 330 326 319 320 311 304 303 305 305 311 309 318 318 327 332 333 339 343 342 346 347 355 359 361 362 363 372 373 376 385 393 393 398 401 404 409 404 402 411 416 418 423 426 434 425 429 438 437 444 435 432 441 441 438 447 447 443 452 461 460 469 468 473 472 474 483 489 488 489 492 498 507 509 513 515 518 520 527 533 537 545 538 539 543 551 553 554 563 569 566 573 577 579 586 587 595
335 344 342 335 334 325 322 316 309 307 307 307 313 316 316 318 320 328 329 333 342 348 347 354 356 364 363 363 364 370 376 382 384 393 397 401 406 410 405 413 412 406 415 421 419 428 434 441 432 437 446 440 441 437 439 440 448 446 452 455 449 454 464 467 469 473 475 480 479 481 489 490 492 501 500 502 511 520 522 527 521 529 530 533 542 542 542 551 558 556 558 564 570 567 576 584 587 589 596 597
343 352 343 342 333 332 325 318 310 314 310 311 317 317 325 319 321 325 327 335 342 351 354 355 356 360 367 371 372 379 385 383 390 394 402 407 414 414 407 410 419 412 413 421 422 427 433 440 437 440 447 446 441 438 447 447 454 455 461 456 457 456 457 460 468 472 481 481 480 489 498 491 497 504 504 508 517 519 523 526 529 530 538 537 541 546 547 550 557 565 562 566 567 575 577 583 584 593 595 604
352 349 340 337 333 327 326 321 314 323 315 314 323 324 332 327 328 333 335 344 350 354 355 358 357 365 374 379 380 388 388 392 394 403 406 407 411 412 413 411 414 416 421 424 428 436 434 436 444 442 443 445 442 444 451 448 449 451 452 461 466 463 463 465 475 481 483 482 486 488 495 496 500 501 503 512 521 524 531 534 531 531 537 545 543 544 553 551 560 566 571 569 575 580 586 584 586 587 594 601
358 349 347 338 336 336 333 324 318 321 318 323 328 325 331 336 337 342 337 338 346 355 364 367 365 373 382 387 389 394 397 396 399 400 405 409 410 414 414 412 421 419 421 430 429 437 438 440 446 446 452 448 445 447 455 457 457 459 453 454 458 467 469 466 467 472 479 483 490 497 504 498 506 509 506 509 513 515 523 527 531 536 540 545 545 553 559 560 564 571 572 577 576 583 584 587 587 592 599 606
361 352 354 345 338 339 336 331 322 326 322 327 336 333 338 340 340 348 339 343 352 353 361 362 366 367 376 385 391 396 401 400 402 408 414 415 415 423 418 415 419 427 428 437 433 434 443 444 445 454 451 450 454 448 456 462 463 467 459 455 461 462 466 475 472 481 487 485 495 499 505 499 507 513 513 510 515 523 530 536 540 540 546 552 554 555 560 565 571 578 573 579 585 591 589 588 588 594 596 602
365 361 360 354 347 346 338 331 327 328 327 328 337 342 347 343 348 345 341 349 358 357 363 368 373 375 383 386 395 396 404 401 407 415 422 417 422 429 425 423 424 432 434 438 435 443 450 449 454 459 460 458 453 450 456 465 472 469 462 462 470 470 471 474 478 481 488 486 492 497 504 508 508 513 522 519 516 520 521 527 532 540 544 553 562 563 569 566 574 581 582 583 586 594 597 597 595 603 602 603
373 370 369 360 356 355 347 340 331 329 336 329 331 340 345 351 357 354 349 351 352 361 364 373 374 383 387 387 392 401 410 409 412 416 425 423 424 432 432 429 430 439 442 446 443 452 452 450 456 465 464 464 455 451 460 466 468 466 464 465 473 478 479 481 486 488 494 495 494 503 508 514 517 522 523 528 521 528 528 530 537 542 550 558 564 571 578 572 573 581 585 591 592 600 604 606 603 612 611 607
373 365 364 360 357 360 351 342 337 338 333 332 335 336 341 342 351 353 355 359 361 363 367 375 377 386 388 393 400 409 411 414 414 415 423 431 433 434 435 438 433 434 443 450 452 454 460 451 452 459 468 470 464 458 467 475 473 471 465 471 478 484 487 488 495 490 499 500 495 503 511 520 525 530 531 537 528 537 529 532 540 547 552 553 561 570 571 573 582 587 593 600 599 600 607 614 605 610 619 611
381 372 371 363 355 354 352 344 341 337 336 341 336 345 343 351 358 356 363 365 370 364 373 381 384 391 395 401 408 416 420 420 423 417 420 424 430 432 440 436 434 435 440 441 449 457 463 460 459 463 471 471 473 467 476 481 478 480 473 479 487 490 494 496 503 497 506 505 502 510 518 520 520 529 535 539 531 534 535 541 544 545 552 558 559 561 568 576 584 592 600 602 607 601 608 609 614 618 619 620
388 379 371 371 363 360 351 344 343 339 341 350 345 352 345 346 349 356 357 360 363 371 375 382 384 388 397 403 412 421 425 429 421 419 420 427 436 437 444 440 440 436 439 443 446 453 461 465 461 470 471 474 470 468 476 484 482 486 477 478 486 491 495 497 506 502 506 506 504 513 521 518 519 521 529 530 534 543 543 543 544 547 555 561 563 564 573 581 582 589 597 605 605 603 609 617 615 624 628 626
381 378 369 369 360 351 350 349 349 345 343 351 353 350 348 351 356 362 366 362 366 368 377 380 386 394 395 402 409 418 423 426 429 420 421 423 429 438 445 449 449 445 448 445 453 461 466 468 468 469 478 482 479 475 484 487 487 491 486 481 488 495 498 502 510 511 514 510 507 509 511 515 518 519 528 532 542 545 548 547 545 550 559 566 572 569 578 585 591 597 602 608 608 612 617 618 621 626 631 634
373 369 366 364 363 355 357 350 350 351 352 359 354 355 352 359 363 371 373 364 365 368 376 377 378 385 388 397 401 410 419 420 421 423 430 432 438 445 452 458 455 454 456 454 462 470 475 470 474 472 473 482 479 478 487 491 492 496 493 489 496 504 506 511 519 518 514 512 509 515 519 523 527 528 534 536 546 553 555 555 554 554 559 567 575 578 586 588 595 600 609 617 617 618 626 624 624 625 629 637
382 375 375 372 365 363 355 351 357 355 356 358 363 363 360 367 364 365 374 373 369 376 381 386 379 388 396 401 408 414 415 422 428 430 428 436 445 444 448 455 459 463 464 461 468 469 474 471 478 481 480 484 481 487 488 490 498 505 502 496 504 510 515 520 520 525 520 520 512 521 527 524 530 537 541 538 548 556 563 558 557 563 562 570 578 587 590 591 593 596 603 612 609 610 617 626 628 629 636 642
386 378 378 374 365 361 360 360 365 356 361 365 368 369 364 373 365 374 380 382 377 378 383 390 387 390 397 403 410 415 418 416 419 424 426 430 439 441 447 448 456 465 467 462 467 475 476 480 487 490 482 491 483 488 494 497 503 511 508 503 512 512 517 520 527 533 526 523 515 524 532 526 529 536 540 542 546 551 559 559 561 562 565 574 579 586 591 598 602 602 595 604 608 610 619 628 637 636 639 648
389 382 379 382 374 370 369 369 366 365 368 372 376 370 373 369 366 374 382 383 385 380 389 392 390 395 396 401 405 406 410 414 422 431 429 430 437 441 446 447 456 465 470 464 467 476 482 483 486 495 491 500 492 489 497 504 504 505 507 507 511 518 525 521 530 532 526 522 518 522 530 534 530 536 544 549 547 549 550 553 555 564 571 575 576 583 582 590 597 598 593 602 605 614 620 624 633 637 638 647
396 390 387 389 380 375 378 376 375 368 369 378 383 376 382 376 375 376 381 388 394 389 398 393 395 403 405 404 413 415 415 423 426 434 438 436 445 450 453 456 459 460 469 467 474 482 490 486 494 501 498 501 494 498 500 505 508 508 515 515 514 520 529 530 534 539 533 528 519 528 530 535 532 541 548 555 549 551 558 560 558 563 564 571 573 577 581 583 588 589 590 599 604 607 614 623 628 629 637 639
404 399 396 398 389 382 380 377 378 369 378 381 389 381 388 379 384 378 387 389 398 390 392 399 398 407 408 405 407 411 420 429 431 435 444 443 450 457 457 463 468 469 476 472 479 484 488 490 494 503 500 501 496 505 501 510 516 510 517 524 519 527 533 539 535 539 532 531 523 532 539 543 536 543 547 547 556 559 566 561 563 568 570 579 580 579 583 584 592 592 593 602 604 613 622 626 631 637 643 640
412 406 400 391 390 389 387 378 380 372 381 387 393 390 390 381 387 381 388 393 401 399 401 408 405 411 417 414 410 419 422 424 433 434 443 451 458 464 463 464 466 474 481 475 479 486 488 494 503 510 501 510 505 514 506 514 519 519 522 531 525 534 539 546 544 547 539 532 531 538 546 544 538 539 540 545 554 562 569 564 567 571 574 582 587 580 587 593 599 595 601 602 610 618 619 628 637 638 643 646
409 402 393 392 397 397 388 379 387 379 386 390 396 393 399 390 390 387 394 395 398 399 405 411 407 408 412 420 412 421 423 432 438 439 448 456 457 466 472 470 475 483 488 484 481 483 489 498 504 510 502 503 505 513 507 509 515 516 524 530 531 525 534 541 546 539 547 538 540 547 555 546 543 546 544 548 556 560 567 570 576 579 582 587 584 582 584 589 591 598 601 607 614 617 624 633 642 645 652 655
409 400 399 400 404 395 390 381 388 388 394 399 400 395 402 397 399 396 395 396 399 400 408 417 415 410 419 417 414 415 418 425 434 440 445 454 457 461 468 475 476 484 488 484 482 487 490 499 501 503 510 512 506 515 514 510 513 516 520 522 523 524 528 537 543 538 546 545 547 556 560 553 552 550 547 550 558 566 572 579 582 588 589 596 592 587 591 598 598 604 604 605 614 621 630 638 645 646 655 662
415 406 408 405 405 396 396 390 389 397 395 398 405 396 405 406 407 405 404 405 400 408 414 423 416 411 419 421 423 417 426 434 441 441 445 451 452 459 462 467 474 483 491 487 490 495 499 507 502 510 511 516 514 522 520 518 518 520 528 527 527 525 533 534 535 537 542 548 548 554 563 561 560 559 555 558 561 565 574 578 579 583 589 598 593 588 591 598 601 606 610 612 613 622 630 632 638 645 648 653
412 409 411 412 406 405 398 391 395 397 400 400 403 404 411 409 413 410 405 405 403 404 406 415 424 420 424 429 425 426 434 438 447 450 452 453 458 463 464 468 477 484 488 490 499 503 502 511 509 515 520 525 517 523 526 526 519 527 535 529 536 534 538 541 542 539 540 546 555 557 561 564 566 560 557 561 562 564 569 571 580 588 595 596 595 595 594 595 599 604 606 615 620 624 625 633 635 644 652 656
421 413 418 421 415 414 407 400 401 402 408 408 404 407 416 410 415 412 410 413 404 413 414 423 431 427 425 434 427 433 442 447 456 459 457 461 463 468 473 469 474 480 481 490 495 502 506 515 512 513 516 521 525 524 526 532 528 534 543 534 541 542 545 547 551 547 549 555 563 565 567 571 570 565 559 568 564 571 570 579 585 589 592 601 601 603 598 603 600 608 615 624 623 624 633 639 637 642 644 647
422 421 427 422 423 419 410 406 402 407 411 409 407 408 416 418 422 414 413 421 412 413 414 423 429 428 432 441 432 441 442 451 459 468 464 462 471 474 473 472 473 479 488 495 504 511 511 519 520 514 515 524 530 533 533 539 535 535 543 542 547 545 547 556 555 548 554 557 558 559 560 566 574 566 567 571 573 573 579 581 587 592 596 597 599 607 607 607 601 605 607 616 617 626 632 633 637 638 647 655
428 426 434 429 421 418 412 410 409 408 416 417 414 414 421 427 427 423 415 424 418 422 423 424 428 432 436 437 434 443 447 456 461 470 469 463 469 476 482 479 479 485 493 500 504 513 517 519 527 518 524 526 533 538 537 540 540 537 541 544 549 553 553 556 559 550 559 565 567 563 565 567 572 573 570 579 581 582 582 582 584 593 602 598 605 612 613 609 605 611 613 614 616 617 623 631 632 637 645 649
437 435 435 427 423 414 413 418 417 413 414 415 420 419 425 434 431 422 421 430 425 431 432 429 437 435 436 437 437 445 450 459 465 466 475 468 475 484 481 480 488 486 491 500 509 515 524 527 535 526 532 535 541 547 546 546 549 546 547 545 550 557 562 562 561 552 554 558 563 568 573 570 574 574 573 580 589 583 587 583 587 588 595 603 611 617 621 612 610 614 621 620 625 619 626 632 637 636 637 640
444 435 427 426 417 416 421 422 418 421 419 417 426 420 428 429 438 431 426 429 426 430 439 433 441 436 444 445 445 446 448 456 459 465 474 477 484 488 490 483 487 495 499 508 517 524 531 534 530 528 530 539 542 550 547 554 556 555 552 553 559 561 567 563 565 561 555 562 566 570 571 579 582 581 582 587 596 591 588 587 595 590 593 595 603 612 612 621 616 621 627 629 630 621 622 623 628 634 642 641
441 434 427 426 418 422 430 426 427 425 428 426 431 423 430 430 435 438 429 433 428 437 446 440 449 443 452 447 449 453 454 462 461 467 476 480 489 489 494 488 494 502 505 513 522 527 536 543 537 533 537 546 550 555 554 557 562 563 555 554 563 570 572 572 568 560 558 566 573 576 579 585 590 590 590 592 596 592 597 592 600 591 594 595 603 605 608 616 624 622 627 628 627 624 628 626 636 636 640 648
446 440 431 427 427 425 427 427 436 427 433 435 433 424 433 439 438 437 430 437 436 439 446 445 450 449 456 451 452 457 459 468 470 476 477 486 489 498 499 495 503 507 512 514 521 522 531 540 544 541 538 547 555 556 559 564 568 572 563 557 563 572 581 581 572 565 564 572 576 585 587 592 599 591 598 595 596 595 602 593 602 599 603 604 612 609 617 625 631 630 628 636 632 631 636 632 635 637 646 653
446 438 432 435 433 432 429 432 435 428 432 441 436 433 442 440 440 446 439 442 442 448 455 449 456 450 459 456 461 459 461 468 475 480 482 485 494 501 501 504 509 514 515 515 521 525 532 541 545 547 539 547 556 565 563 566 571 578 572 566 572 579 584 583 581 573 573 578 584 593 588 597 602 597 604 601 602 596 605 598 607 607 612 613 618 610 619 627 636 639 636 642 633 636 639 639 642 638 639 643
448 441 441 442 441 438 438 439 430 429 437 440 443 434 439 444 448 447 446 444 444 446 452 457 456 455 456 465 469 466 470 469 477 485 491 487 496 497 505 502 511 515 524 520 525 534 538 540 548 552 546 555 561 562 571 575 572 573 577 571 578 587 593 586 580 577 579 586 593 596 594 603 606 598 605 609 601 599 602 599 606 609 618 622 625 618 625 629 638 645 644 646 638 644 644 643 648 640 647 649
451 445 446 450 442 446 445 443 436 434 441 441 450 443 448 453 457 453 451 450 452 448 456 464 465 456 464 465 473 471 478 475 482 488 495 488 495 500 508 501 502 511 520 529 534 531 531 536 542 543 544 548 552 554 563 572 581 582 582 580 579 588 593 594 588 580 588 595 597 598 602 605 613 606 611 614 609 600 608 608 610 618 624 628 628 620 629 638 642 650 653 650 645 651 650 652 656 649 653 650
454 454 448 451 447 454 446 444 443 443 443 450 452 445 454 461 466 461 452 451 454 451 459 461 470 463 464 472 475 480 487 484 484 493 500 492 494 496 499 500 502 506 514 522 528 529 530 532 541 549 550 557 560 563 566 574 581 590 589 581 587 596 597 599 594 588 597 603 604 599 604 611 614 611 614 613 612 608 616 617 619 619 627 628 629 621 628 635 643 644 651 658 651 652 659 661 660 656 661 659
