  0 398 392 397 400 396 405 407 410 418 417 413 411 419 423 422 416 417 421 420 423 432 440 438 447 442 440 445 448 449 453 450 451 460 461 466 460 467 468 469 477 480 489 490 496 495 499 501 509 513 516 518 527 531 528 536 536 543 546 551 560 552 554 562 571 569 573 581 582 588 597 606 613 615 622 624 627 625 630 625 630 638 642 650 652 661 669 678 675 681 687 688 689 695 703 709 710 706 712 721
  8 391 390 391 391 395 396 403 408 409 412 404 409 410 414 421 415 418 416 417 420 426 431 437 442 440 436 438 444 452 444 446 450 457 458 467 459 465 471 478 478 479 485 489 497 491 494 496 501 505 507 513 521 522 522 529 532 535 537 545 554 546 554 563 567 566 573 576 584 592 600 599 604 607 614 619 619 616 625 622 624 633 642 646 654 663 668 676 673 680 678 684 691 691 700 700 701 702 711 718
 16 383 381 390 388 397 389 395 400 402 404 402 400 403 408 414 407 410 411 418 427 428 435 429 433 435 432 438 441 445 439 443 451 458 467 465 458 463 463 471 478 484 476 481 488 485 493 499 507 505 509 512 513 515 520 528 531 530 537 544 552 544 552 555 559 564 571 573 579 585 594 596 604 604 605 613 614 615 616 620 623 632 641 642 649 658 659 668 664 671 676 681 682 690 691 694 701 702 703 709
 17 387 380 382 383 388 386 387 391 399 401 396 398 399 401 407 405 410 412 421 426 421 426 421 427 428 431 433 434 436 438 445 451 453 462 456 456 457 462 463 469 475 473 475 483 482 490 495 498 504 508 503 507 514 520 523 524 528 536 535 543 543 544 550 559 563 570 572 580 589 589 598 600 600 609 609 618 615 621 624 632 636 634 635 641 650 652 661 660 662 667 675 678 681 685 689 697 706 707 715
 26 387 379 376 382 383 385 392 397 396 392 393 401 402 400 398 402 411 415 416 421 414 417 417 420 424 422 424 426 429 434 436 443 444 453 450 449 458 463 455 464 466 467 474 474 481 487 490 498 502 508 500 502 511 513 520 529 530 530 532 538 537 545 554 556 560 567 572 576 584 581 589 591 599 601 602 611 612 614 615 624 632 633 636 642 644 652 653 654 658 665 667 669 678 684 692 696 705 712 715
 28 381 372 370 373 374 383 392 391 387 385 387 396 393 391 397 405 405 410 410 413 410 416 415 417 423 421 426 425 426 431 427 434 443 444 451 446 451 457 452 457 460 466 474 473 479 478 484 490 494 501 497 505 506 515 519 521 525 526 529 533 536 540 545 554 556 560 564 573 575 580 581 590 596 604 602 611 620 620 623 624 633 640 637 646 645 653 658 663 667 667 673 670 675 681 684 693 702 704 706
 29 373 364 364 369 373 382 388 383 385 376 383 388 384 385 391 398 399 401 408 405 401 408 412 408 415 419 421 422 429 432 424 431 438 445 442 444 445 448 449 456 457 465 469 471 478 475 478 485 487 496 495 499 504 506 512 514 519 528 531 532 535 540 549 557 564 563 567 571 572 573 580 587 588 596 601 605 611 618 622 624 627 632 640 649 654 662 666 665 672 674 675 674 682 688 685 687 695 699 698
 33 366 360 363 372 375 379 382 375 383 375 380 386 383 391 391 397 392 401 402 405 399 407 414 407 406 411 412 420 425 425 423 427 434 437 441 444 448 454 452 461 465 468 471 467 470 472 476 482 491 493 494 502 511 508 512 515 517 523 526 528 530 532 541 549 558 565 564 567 573 582 588 596 589 598 598 599 604 613 615 616 624 629 635 644 650 658 667 671 679 675 680 683 687 691 687 695 692 692 695
 41 360 359 361 365 366 371 374 373 381 373 373 382 382 385 390 389 391 399 393 398 397 405 407 409 403 407 414 423 428 421 421 425 429 436 444 435 440 447 456 460 457 460 462 465 474 478 485 488 490 489 492 497 504 511 517 524 525 531 535 531 537 535 544 553 559 561 563 570 572 580 589 591 591 594 596 599 603 604 607 614 622 628 633 638 647 655 658 662 670 667 676 679 683 690 692 695 691 683 691
 42 352 356 353 358 361 370 368 367 376 369 370 375 381 387 396 388 384 393 392 400 393 402 408 400 402 406 415 422 419 412 420 425 428 434 437 428 434 442 451 453 453 461 463 467 469 478 487 485 487 486 495 497 504 512 520 524 526 530 531 531 540 541 546 546 554 558 564 564 572 573 580 585 593 599 596 597 606 613 611 620 621 630 634 639 643 649 657 659 661 661 669 678 674 682 684 686 689 682 688
 51 347 354 346 354 356 362 362 364 370 368 374 375 373 379 388 388 379 384 384 391 392 398 401 398 407 407 411 413 417 411 416 418 425 426 433 426 430 437 446 450 452 459 467 474 471 474 478 480 480 485 493 494 499 504 513 516 518 521 522 525 532 538 539 540 546 552 555 561 564 572 574 580 589 590 594 600 609 615 616 624 629 621 625 634 640 646 650 651 659 660 661 670 673 674 676 679 680 681 689
 56 342 351 345 353 361 354 361 362 363 361 365 366 369 370 379 382 377 386 382 391 387 394 401 396 405 410 410 419 410 409 415 414 423 427 428 424 427 434 438 441 443 451 458 466 465 465 469 471 479 487 495 495 504 505 513 515 522 523 529 534 539 543 544 543 550 556 551 554 559 563 572 578 587 585 593 602 606 607 616 620 620 619 622 630 635 643 642 642 651 652 660 661 665 674 675 683 689 689 692
 58 339 342 344 346 352 346 355 362 358 359 366 371 365 371 372 373 374 383 381 382 386 388 393 395 396 404 407 416 412 405 407 413 416 419 425 423 425 434 436 439 441 445 452 460 457 458 461 470 475 479 488 495 499 504 507 510 514 518 527 536 541 543 552 547 552 551 546 554 563 569 563 572 579 580 586 593 598 607 611 620 615 617 620 623 630 638 637 640 645 649 656 662 668 675 683 677 686 689 697
 66 335 337 342 340 343 341 349 353 357 365 363 363 356 365 372 377 380 381 378 387 389 386 386 395 404 405 398 407 403 404 412 421 420 412 416 422 428 431 435 444 448 453 453 454 456 465 470 469 475 484 490 491 492 501 501 502 507 514 522 528 536 541 549 540 544 543 545 546 555 560 561 570 578 587 591 592 599 604 603 612 613 619 626 632 628 630 634 635 636 643 650 653 662 666 675 676 685 681 688
 73 334 328 334 331 335 337 346 345 353 356 361 356 352 359 367 368 371 373 370 378 386 380 381 388 397 398 396 400 402 409 418 420 412 411 417 419 420 429 433 439 448 453 447 456 451 459 464 468 471 475 483 490 499 498 495 504 511 518 519 519 527 533 542 534 535 542 544 547 556 559 564 571 573 581 583 586 593 596 602 608 615 616 624 624 626 635 633 634 642 645 653 654 656 665 670 674 683 678 683
 74 326 327 325 328 330 334 340 344 344 347 355 352 348 350 359 363 365 368 369 377 377 379 380 381 390 389 395 400 403 410 419 415 414 410 417 411 417 425 424 433 442 444 444 453 444 453 460 462 467 474 482 491 491 490 491 500 505 510 511 518 527 525 533 533 534 535 542 547 555 562 569 571 572 573 574 582 588 589 598 606 606 610 615 616 623 629 632 634 640 642 644 652 661 665 666 665 674 673 674
 83 321 318 324 325 330 332 339 341 343 341 348 355 347 351 356 360 357 365 364 369 369 376 371 378 381 385 392 396 404 413 415 407 411 409 408 408 414 419 423 429 438 447 442 445 442 445 451 458 460 465 474 483 492 489 494 501 504 509 512 517 525 523 524 532 537 543 551 548 557 565 566 569 578 580 579 588 589 597 601 609 601 602 610 619 626 627 634 640 645 649 646 654 659 664 662 663 670 672 680
 89 319 311 320 326 321 330 335 343 343 335 340 348 344 351 347 351 354 356 358 364 362 367 368 371 376 379 383 391 399 405 407 398 404 400 401 405 409 414 420 427 433 440 439 437 439 445 454 462 466 467 476 474 483 484 488 494 499 507 513 517 520 517 526 527 536 544 550 556 557 565 570 575 579 581 580 589 595 593 599 602 600 608 615 620 629 628 636 634 640 643 647 656 663 666 659 660 668 669 678
 93 313 309 315 322 319 325 332 335 334 333 339 342 343 352 344 345 350 356 359 359 357 358 362 363 372 373 374 382 390 399 400 391 395 396 404 413 415 417 423 424 429 436 444 436 443 448 457 466 471 468 468 470 474 483 488 495 493 501 507 511 516 515 522 531 532 539 548 550 558 558 567 566 571 572 581 580 586 585 590 593 596 603 612 615 622 631 640 633 640 639 646 647 654 659 658 667 671 677 682
 94 313 306 313 315 314 321 328 331 325 326 335 344 343 344 340 341 347 347 356 358 353 356 365 368 373 381 377 383 390 397 394 390 392 400 398 405 412 421 418 426 422 430 435 434 437 446 455 457 464 469 464 471 472 479 488 489 490 498 500 507 509 513 521 523 532 536 539 548 556 556 565 565 573 575 573 571 578 581 586 595 604 608 612 620 629 631 640 632 636 638 644 650 649 650 650 658 663 668 673
100 310 305 306 311 312 321 322 327 323 317 326 335 340 339 336 332 340 339 348 349 352 361 367 365 370 376 381 383 387 389 391 384 385 392 393 396 405 413 417 419 416 421 428 431 440 446 447 448 457 460 462 471 474 475 481 488 489 496 502 502 511 517 523 528 532 540 546 553 553 553 559 563 571 567 564 570 572 577 586 594 601 608 610 615 624 631 633 626 627 634 636 642 648 653 649 651 658 667 675
109 301 298 304 304 313 318 313 320 322 316 318 326 333 330 332 329 332 334 341 350 352 358 363 364 367 368 373 376 378 380 382 383 391 390 395 389 398 404 409 410 413 414 423 424 433 439 446 450 456 453 461 467 473 479 488 484 493 494 495 500 509 511 518 524 526 535 537 544 544 545 550 554 563 569 561 570 579 585 588 592 598 607 616 611 620 622 624 625 630 633 640 633 640 645 641 646 652 658 667
118 292 291 298 300 306 311 312 312 313 315 320 328 327 326 330 326 333 339 345 346 349 353 361 362 362 365 366 367 369 377 377 384 382 384 387 387 389 398 405 413 415 418 422 425 431 439 440 449 449 452 457 465 474 474 480 479 484 485 486 493 502 502 511 517 519 528 534 535 542 543 551 559 567 565 559 564 570 577 579 588 594 598 607 610 614 619 615 617 626 632 631 632 632 641 637 642 649 651 659
122 283 288 291 294 301 305 313 308 315 321 326 328 330 321 321 325 326 330 337 339 348 352 352 359 361 359 365 374 372 372 374 375 375 378 383 385 393 402 410 412 416 419 428 422 428 435 437 446 444 446 449 458 465 470 471 477 481 488 495 495 496 501 508 517 526 527 526 535 536 536 545 552 561 559 556 565 571 573 581 582 591 598 600 601 610 616 614 616 625 626 630 637 629 633 634 643 651 655 660
127 280 284 290 290 295 297 304 306 313 314 322 325 327 318 317 323 317 322 330 339 348 355 346 350 355 358 356 365 364 371 368 373 370 379 383 392 398 397 401 403 409 410 419 420 422 426 434 443 442 447 448 452 461 470 476 477 486 489 495 504 504 502 510 519 520 521 525 532 533 534 536 545 553 554 555 556 564 572 574 579 588 589 598 600 602 611 606 610 618 625 633 633 625 634 628 636 642 651 652
132 275 278 287 282 287 296 305 310 311 317 318 326 323 318 311 316 314 320 329 335 342 347 338 345 349 349 354 361 361 362 362 370 369 371 380 388 394 391 395 402 408 413 417 421 426 427 428 436 438 446 453 457 465 472 481 483 490 497 491 495 504 510 511 520 523 526 534 541 537 536 545 553 555 560 562 563 567 573 574 580 589 598 594 596 594 603 603 606 614 616 625 624 624 625 626 635 638 647 651
133 274 272 279 279 287 296 299 308 306 312 310 317 314 314 310 309 312 316 325 330 334 338 336 339 340 347 347 352 358 355 360 367 362 371 377 383 385 386 387 396 399 406 409 414 421 429 429 430 438 447 456 459 462 471 474 483 491 496 488 491 499 501 505 514 516 519 527 535 536 539 546 555 561 562 555 564 566 571 579 586 586 589 585 587 590 596 597 606 609 618 625 620 623 627 635 636 640 642 647
141 276 269 275 273 282 291 292 299 304 313 309 311 311 306 315 308 313 316 320 321 326 332 328 330 336 338 346 347 349 351 352 360 361 367 376 385 394 395 394 403 407 407 416 423 422 431 432 432 441 448 452 455 463 468 476 482 488 487 486 494 497 505 512 508 507 516 522 530 537 532 541 549 553 553 547 555 564 569 574 577 582 589 582 586 588 597 606 599 601 610 618 617 619 627 630 639 642 651 650
142 275 267 266 268 277 284 285 292 296 305 306 303 310 304 308 307 304 313 316 322 317 325 326 324 333 339 348 356 356 360 359 368 370 373 382 387 396 396 397 406 412 414 418 424 429 433 434 441 448 456 460 456 457 463 468 474 481 486 482 491 493 502 503 504 505 512 519 521 528 531 534 543 545 545 546 553 561 565 566 570 574 581 579 588 594 590 597 594 596 604 612 613 617 624 631 640 641 650 653
151 276 268 259 263 271 278 276 285 294 302 298 296 301 301 302 303 301 304 309 313 315 316 322 323 331 337 341 350 353 362 360 365 366 374 383 392 398 398 398 407 415 419 425 431 438 439 441 450 451 458 465 463 459 460 467 472 473 477 478 487 496 498 507 506 508 510 519 520 527 522 531 536 539 540 547 554 555 557 558 564 565 572 578 583 590 589 590 591 599 605 608 610 618 625 633 642 650 652 652
155 267 265 256 257 266 269 275 282 290 297 300 295 298 293 302 304 300 309 310 318 320 324 324 325 326 335 344 347 354 363 363 369 375 380 385 388 395 402 400 406 410 416 424 432 438 441 450 453 456 449 458 462 459 466 475 473 481 486 487 490 498 505 509 508 511 518 523 529 529 521 523 532 537 539 545 552 559 563 564 563 568 577 572 576 581 583 592 590 598 606 609 618 626 634 639 641 641 647 643
162 258 260 255 261 263 272 278 286 283 289 292 287 293 284 293 297 298 307 316 316 313 316 322 330 331 339 345 351 354 356 357 362 371 380 380 389 395 402 406 412 418 421 428 428 429 437 444 444 447 448 455 456 458 467 476 478 485 494 495 493 493 496 501 510 517 520 517 522 524 517 524 530 531 533 542 550 551 558 559 556 563 569 564 570 572 579 584 586 591 597 603 612 620 629 636 639 637 642 639
171 251 257 254 257 254 263 272 280 280 280 283 286 284 283 291 300 299 308 315 309 312 313 322 331 333 340 341 348 352 358 358 365 372 374 379 381 389 396 403 406 410 415 420 419 427 428 436 442 451 450 459 461 467 475 476 479 481 486 490 486 486 492 496 505 510 512 512 513 515 516 521 522 531 532 538 547 556 557 557 554 562 560 563 568 572 573 582 590 597 603 605 610 614 621 628 630 634 639 637
176 244 250 252 250 253 258 267 272 272 279 286 277 286 282 287 295 296 305 306 308 315 320 329 335 335 340 344 350 356 357 365 366 370 379 388 390 390 398 404 409 414 423 417 414 423 432 437 440 442 449 456 453 459 468 470 474 481 487 481 477 485 489 492 498 502 504 511 512 509 511 516 525 528 531 534 543 552 558 552 552 560 559 567 570 572 581 587 588 597 606 611 616 622 619 620 625 626 634 636
180 238 241 243 244 245 250 258 267 269 271 279 272 279 280 289 295 304 308 304 307 313 319 324 329 332 340 346 351 360 364 368 368 369 372 381 390 399 401 402 408 409 418 411 411 418 426 435 432 440 442 450 451 459 461 462 471 472 479 480 473 482 489 490 499 500 504 503 503 501 502 511 518 520 523 532 537 544 550 543 544 551 556 562 566 567 573 582 590 595 599 604 607 616 612 620 625 634 637 629
184 229 232 237 243 250 254 262 265 270 266 273 270 278 281 285 294 303 300 303 309 318 323 332 332 341 342 342 347 356 357 361 370 378 373 380 385 393 394 398 400 408 413 405 406 413 418 426 429 437 442 442 450 452 454 455 462 466 470 471 472 473 482 485 490 495 499 497 498 500 502 506 511 512 521 529 530 539 544 542 547 545 548 557 561 569 572 581 589 586 595 596 602 608 604 611 618 625 634 627
193 222 229 229 235 241 249 258 257 263 265 266 268 276 279 286 290 299 298 303 307 311 319 328 332 338 344 341 350 347 355 357 366 370 372 379 384 393 399 407 405 412 411 404 413 413 417 417 426 428 433 438 447 456 460 462 469 473 470 475 481 482 484 491 491 493 495 496 505 509 509 512 513 520 521 530 539 537 537 538 539 544 553 549 558 562 570 575 584 585 591 597 593 600 601 610 611 616 625 626
201 202 220 228 237 239 248 252 256 258 259 268 275 280 283 286 288 296 297 302 304 313 313 320 323 329 338 340 343 346 354 359 364 371 378 387 388 395 403 405 396 405 409 401 406 412 412 414 422 426 435 440 448 451 452 458 462 465 467 471 478 484 493 493 500 500 497 498 499 501 502 505 513 515 520 528 530 528 536 543 540 541 547 548 556 560 564 569 578 585 582 588 589 598 606 610 618 624 631 635
206 209 219 228 236 245 252 255 256 263 260 269 273 278 283 290 292 294 301 307 305 308 310 319 321 328 335 337 340 348 355 364 373 373 376 381 384 389 396 402 394 398 404 398 399 407 411 419 421 429 432 433 442 450 458 459 467 464 469 474 478 487 495 495 503 500 499 500 508 503 511 506 513 519 519 526 521 522 529 537 541 548 550 551 560 564 571 574 582 577 579 585 589 598 603 604 612 621 630 634
214 212 219 221 230 236 245 254 257 263 265 267 276 280 283 285 287 295 303 312 311 315 316 321 330 329 330 339 345 353 359 360 367 372 374 375 376 385 390 394 393 395 397 396 403 404 412 418 425 432 436 434 440 449 457 458 462 463 469 478 486 492 492 498 501 500 505 508 516 512 512 507 508 510 517 518 520 525 534 539 546 549 550 554 557 559 563 572 575 576 585 592 590 599 606 606 608 617 622 625
219 219 222 223 231 240 242 248 257 264 269 276 285 288 291 286 290 297 305 311 307 313 317 324 329 330 336 344 345 350 352 360 367 376 376 377 377 383 386 385 387 390 391 395 397 406 411 419 421 430 439 438 439 440 449 452 453 462 464 473 477 486 483 491 499 497 498 507 509 517 520 512 517 518 525 522 529 534 535 539 545 546 553 559 564 568 569 578 578 583 592 596 595 603 604 612 609 613 622 631
225 220 230 226 233 240 241 250 256 259 267 268 276 281 283 291 296 292 301 302 306 312 319 320 328 331 336 342 347 356 359 362 368 372 379 382 386 386 383 384 392 392 398 403 406 414 420 414 422 425 431 429 430 433 442 444 453 457 458 465 474 479 478 487 490 491 492 499 502 511 519 521 517 519 521 529 536 541 541 546 546 549 557 559 563 572 578 585 584 592 595 604 601 607 613 621 617 615 617 624
232 221 222 233 237 242 250 255 262 268 274 270 276 282 285 294 289 290 298 305 307 315 322 328 327 332 331 337 343 352 361 366 371 379 387 386 379 377 382 386 394 393 395 396 398 406 415 409 416 419 422 425 428 436 443 447 456 460 466 466 468 473 476 485 486 492 501 508 503 505 513 514 515 524 523 528 535 541 547 555 551 558 562 568 569 578 586 590 591 597 604 613 610 616 621 624 620 616 617 626
237 228 231 242 239 248 256 260 256 264 269 272 281 282 283 287 288 290 292 300 306 314 318 321 324 327 329 338 342 348 356 357 366 373 378 377 376 373 379 388 395 399 402 398 402 404 406 407 408 413 415 424 428 433 434 441 447 456 462 471 472 480 477 485 491 494 503 506 505 513 510 505 508 517 520 528 529 533 542 549 553 560 565 570 571 580 588 591 598 598 605 606 613 621 627 629 628 625 624 633
246 237 232 233 235 240 248 254 255 263 272 274 280 288 288 289 291 296 301 307 315 318 319 320 329 333 334 339 346 347 349 351 359 366 372 380 371 372 381 384 393 402 396 405 410 405 414 415 416 414 415 417 424 433 434 443 452 455 461 468 471 479 480 481 490 490 497 499 506 513 505 504 512 521 524 532 535 541 546 555 554 559 566 573 579 576 585 589 595 600 609 610 619 628 636 638 631 634 626 630
240 235 234 240 242 241 251 259 262 270 278 280 283 287 295 294 299 304 308 316 322 327 327 322 331 333 339 347 355 348 349 351 360 361 365 371 366 375 383 385 392 394 395 402 403 406 413 414 423 419 420 419 421 429 436 444 446 447 453 462 464 472 479 482 491 488 496 504 499 504 501 503 512 518 525 530 539 547 554 551 551 552 560 564 573 574 583 592 600 609 618 614 623 632 637 645 640 638 634 631
241 242 243 246 246 246 253 263 270 279 284 286 291 290 299 298 301 305 311 313 320 327 328 328 336 342 340 344 352 349 355 352 353 358 362 363 365 372 376 385 393 392 398 404 411 415 415 423 424 427 421 425 422 429 433 441 445 446 452 458 465 469 472 473 482 485 494 495 497 499 500 508 511 518 527 528 537 544 545 546 549 553 562 567 569 578 587 588 594 602 609 618 624 627 634 638 637 637 639 637
246 247 250 255 255 255 262 265 273 282 285 280 286 291 296 303 300 308 317 318 327 331 332 337 339 345 344 348 354 358 361 359 362 364 364 370 371 375 378 379 384 386 389 395 404 413 422 431 433 427 422 430 429 430 431 433 441 450 458 466 466 470 475 479 485 494 501 499 505 507 509 516 519 527 536 534 543 550 551 554 558 554 563 564 573 578 587 596 600 608 617 613 621 626 633 634 635 636 644 642
255 256 251 260 264 264 268 266 276 275 276 278 288 289 296 293 294 299 309 318 327 326 333 341 348 347 349 357 362 365 365 363 366 372 372 377 375 382 387 388 392 388 390 398 407 412 414 423 424 429 431 434 434 435 436 440 447 455 459 463 472 479 476 482 491 495 498 505 512 508 516 518 523 525 533 542 551 554 560 561 557 556 564 573 582 582 591 600 608 613 608 610 616 617 624 632 641 645 652 644
260 258 259 268 265 273 274 269 270 274 283 282 284 286 291 292 300 308 315 319 320 321 327 333 338 347 350 359 368 369 366 372 374 373 373 382 381 390 391 392 397 390 398 407 408 416 416 425 431 432 432 441 441 444 445 447 456 464 468 468 474 479 478 485 490 496 504 509 507 508 511 514 523 530 539 546 547 556 564 565 559 562 563 568 574 577 586 595 599 605 606 615 624 624 630 637 638 646 645 652
261 265 267 275 268 272 273 276 272 273 274 280 289 290 293 297 303 310 319 321 326 324 333 340 342 345 348 350 359 367 375 378 382 380 376 384 390 397 395 393 402 399 405 406 407 412 421 430 426 432 441 450 448 448 447 452 454 461 467 468 477 485 485 489 497 498 504 505 506 511 520 522 531 534 539 540 549 554 560 561 566 563 571 576 583 586 587 592 595 600 609 618 619 626 634 641 639 647 643 652
262 271 268 274 275 273 281 285 281 281 281 283 292 299 300 305 312 315 320 326 328 332 337 346 343 351 353 354 364 371 373 379 380 381 383 391 395 402 397 401 405 401 402 410 414 420 423 424 425 434 440 443 446 447 449 454 463 465 470 477 486 489 494 498 501 506 513 512 514 519 521 530 531 535 536 544 550 557 565 570 568 569 575 580 584 593 595 593 598 603 608 613 614 623 629 636 642 645 639 648
269 278 273 277 284 276 278 286 284 287 282 285 294 303 306 312 318 316 318 319 328 334 336 343 348 355 362 358 362 363 366 369 370 372 381 382 391 399 398 400 402 410 411 413 416 423 432 425 432 441 447 451 452 449 458 461 469 474 477 484 489 495 495 499 504 512 521 520 515 521 529 531 539 542 544 551 552 554 562 563 564 571 579 587 588 589 591 596 597 603 611 617 623 632 629 630 633 636 637 642
276 277 282 286 290 285 281 290 289 289 286 292 296 304 307 313 317 317 321 324 333 339 340 348 350 359 367 367 367 366 372 377 375 381 385 383 391 397 406 402 404 405 407 416 417 426 433 426 427 432 440 449 458 450 458 467 476 479 484 485 486 493 497 497 498 503 512 513 518 521 530 538 544 547 550 552 556 558 566 568 569 570 572 580 581 589 592 595 604 609 610 617 622 625 628 627 634 643 642 645
285 286 291 290 291 294 289 298 290 293 295 293 302 305 312 321 326 326 329 331 337 340 346 354 351 354 362 369 374 372 378 379 380 389 388 392 394 397 403 410 412 410 415 416 424 432 440 435 435 440 448 455 455 454 460 465 469 470 479 486 487 488 496 495 503 512 519 521 527 522 525 531 539 544 549 554 555 564 573 572 577 572 581 588 587 594 595 597 598 600 601 610 613 616 623 624 633 642 649 654
294 295 300 299 299 296 292 297 297 302 304 301 310 306 310 319 321 330 332 332 335 336 343 352 360 362 367 370 378 375 383 385 382 391 397 393 400 398 403 411 412 414 419 425 432 440 441 441 444 444 446 455 463 462 466 473 477 479 488 487 488 489 491 493 501 504 512 516 523 530 530 537 542 549 558 563 558 567 569 570 578 573 575 579 584 593 595 601 599 608 609 617 622 625 632 629 635 636 645 652
296 304 305 302 306 297 293 299 306 303 303 302 304 310 311 320 329 336 341 341 341 343 347 351 357 358 367 373 379 382 389 387 387 389 390 399 405 406 409 418 421 423 428 429 437 441 446 449 452 447 449 453 462 466 472 479 482 488 490 488 490 498 500 497 498 507 513 515 524 528 531 533 540 547 550 559 563 569 575 578 581 581 584 582 583 587 593 600 604 608 612 614 617 618 627 636 644 640 644 648
304 312 309 306 303 299 300 307 307 311 311 304 306 311 315 320 329 334 339 348 343 351 349 356 365 360 369 375 377 381 386 395 394 398 391 395 396 403 412 420 425 424 432 436 437 438 445 446 449 450 458 461 465 468 470 476 477 485 490 497 499 499 501 502 505 512 516 521 522 531 539 542 547 550 553 554 559 568 577 578 587 582 585 583 591 596 601 607 613 613 621 617 621 627 632 633 638 647 646 655
305 308 317 315 308 304 309 309 314 313 314 305 306 309 316 319 328 335 337 341 347 356 353 362 369 369 378 380 386 385 394 401 398 398 397 404 405 412 416 418 424 427 432 434 443 447 452 454 454 454 462 467 474 477 478 485 484 489 490 499 508 507 503 505 514 513 515 521 528 537 538 543 552 551 552 553 562 571 580 586 587 589 589 590 593 602 604 605 613 622 630 626 625 628 630 632 640 642 651 660
308 317 326 323 315 312 312 317 317 321 318 309 307 314 320 324 325 330 337 343 351 355 360 367 372 372 380 381 389 388 392 401 407 403 404 407 406 410 417 416 417 421 422 432 435 441 443 445 454 455 458 466 473 478 480 486 487 491 499 501 505 513 511 514 516 522 524 523 526 534 543 549 550 553 553 562 571 573 574 580 588 596 590 596 600 608 613 612 617 625 630 630 632 630 632 637 645 651 660 669
317 324 332 327 322 321 315 323 321 325 318 317 308 313 321 330 334 338 337 343 346 352 361 368 374 377 385 389 396 394 401 410 412 404 405 409 408 409 413 414 415 424 424 425 426 436 444 452 455 464 462 470 479 485 487 494 496 496 502 507 507 510 516 523 525 530 532 525 533 540 541 549 557 559 554 556 562 569 577 586 594 593 597 601 609 615 620 621 626 629 636 635 636 636 641 645 653 658 665 668
324 333 340 335 327 319 316 317 326 329 325 316 309 313 318 325 331 334 335 343 349 355 364 372 367 376 379 384 387 395 401 410 410 407 412 410 410 416 421 418 420 426 431 434 433 435 442 447 456 462 463 471 474 482 483 490 497 500 505 508 511 511 516 522 526 526 531 527 533 542 547 556 558 567 562 565 570 573 581 585 586 590 596 598 605 614 620 623 624 632 641 642 643 640 645 647 655 662 671 676
329 338 344 340 334 325 319 326 334 331 329 322 318 318 320 325 328 337 344 346 347 356 357 364 365 374 375 376 378 387 394 402 405 409 416 418 417 423 425 424 428 432 439 442 437 438 444 453 462 471 472 476 476 477 481 489 492 501 502 506 506 508 516 523 523 525 527 528 536 537 546 555 563 567 569 571 573 581 582 584 585 587 594 603 605 609 616 624 627 628 636 641 645 648 646 654 662 670 677 683
335 342 347 338 337 330 322 323 325 334 327 320 319 323 324 332 333 340 342 351 356 365 358 363 372 375 383 377 384 385 394 400 408 417 422 425 425 429 433 432 433 433 435 440 446 439 445 454 463 471 480 479 482 486 490 490 497 501 502 503 505 512 513 516 522 527 529 537 545 546 554 557 558 563 572 580 577 579 581 590 591 588 597 601 604 609 618 624 630 629 634 640 647 644 648 657 657 663 672 677
338 346 339 338 336 334 328 331 333 330 325 323 320 325 327 333 341 347 344 347 355 363 359 363 365 374 382 383 385 393 402 409 411 418 426 429 431 438 435 437 439 440 436 441 450 447 453 460 462 468 475 477 485 490 492 499 503 502 509 506 509 510 514 517 524 526 531 532 540 546 551 555 559 568 569 578 581 580 587 589 598 592 593 595 604 608 617 626 627 628 631 640 639 642 648 652 656 665 673 680
342 350 346 347 343 338 329 338 342 336 328 329 328 329 335 338 341 349 350 353 362 363 365 372 373 376 385 392 393 397 399 408 410 418 427 425 432 438 436 444 444 442 443 449 450 455 460 466 465 467 476 481 490 499 493 495 496 499 505 514 510 518 521 524 532 527 535 541 547 555 552 554 561 564 573 582 587 581 584 590 598 599 601 604 612 609 616 624 633 633 631 633 636 641 649 653 662 665 670 679
348 357 355 355 349 345 338 347 338 331 330 332 332 338 336 345 345 354 359 360 366 370 369 373 374 382 386 388 389 390 399 400 403 412 420 421 426 429 438 444 445 443 452 457 459 464 467 475 466 471 480 489 498 497 494 503 503 500 509 512 512 520 529 528 537 536 541 542 544 553 559 558 559 562 568 577 579 587 591 594 596 603 609 613 621 614 615 619 627 629 630 639 645 642 649 653 655 662 663 671
349 358 362 356 356 347 344 343 336 334 334 334 340 343 343 345 347 355 356 360 369 375 374 381 383 391 390 390 391 397 403 409 411 420 424 429 434 438 439 447 453 447 456 462 460 469 475 483 473 479 488 491 495 495 501 502 510 508 514 520 518 523 532 535 537 541 543 550 549 551 559 560 562 571 570 572 581 590 597 603 597 605 606 609 618 618 618 627 634 632 634 640 646 643 652 660 663 665 672 673
357 366 365 364 355 354 351 345 337 341 337 338 344 344 352 346 348 352 354 362 369 378 381 382 383 387 394 398 399 406 412 410 417 421 429 435 442 445 441 444 453 453 454 462 463 468 474 481 478 481 489 494 492 493 502 509 511 515 516 517 525 525 526 529 536 540 549 546 547 556 565 561 567 574 574 578 587 589 593 596 604 604 612 613 617 622 623 626 633 641 638 642 643 651 653 659 660 669 671 680
366 375 367 364 360 354 353 348 341 350 342 341 350 351 359 354 355 360 362 371 377 381 382 385 384 392 401 406 407 415 415 419 421 430 433 434 438 439 445 445 448 452 460 463 469 477 475 477 485 483 484 487 488 494 501 502 503 505 506 516 522 529 532 533 538 543 544 545 551 553 560 565 569 570 572 581 590 593 600 604 602 603 609 617 618 619 628 627 636 642 647 645 651 656 662 660 662 663 670 677
375 376 374 365 363 363 360 351 345 348 345 350 355 352 358 363 364 369 364 365 373 382 391 394 392 400 409 414 416 421 424 423 426 427 432 436 437 441 443 444 453 455 457 466 467 475 479 481 487 487 493 490 491 494 502 511 511 513 507 508 513 522 527 528 529 534 541 545 551 560 569 567 575 578 575 578 582 584 592 596 600 605 609 614 616 625 631 636 640 647 648 653 652 659 660 663 663 668 675 682
384 379 381 372 365 366 363 358 349 353 349 354 363 360 365 367 367 375 366 370 379 380 388 389 393 394 403 412 418 423 428 427 429 435 441 442 442 450 447 447 451 459 464 473 471 472 481 485 486 495 493 492 500 495 503 509 515 521 513 509 515 516 520 530 534 543 549 547 556 560 566 567 575 581 582 579 584 592 599 605 609 609 615 621 625 627 632 637 644 651 649 655 661 667 665 664 664 670 672 678
388 388 387 381 374 373 365 358 354 355 354 355 364 369 374 370 375 372 368 376 385 384 390 395 400 402 410 413 422 423 431 428 434 442 449 444 449 456 454 455 456 464 470 474 473 481 488 490 495 500 502 500 500 497 503 512 521 523 516 516 524 524 525 528 534 537 544 545 551 556 563 572 573 578 587 588 585 589 590 596 601 609 613 622 631 635 641 638 646 653 658 659 662 670 673 673 671 679 678 679
396 397 396 387 383 382 374 367 358 356 363 356 358 367 372 378 384 381 376 378 379 388 391 400 401 410 414 414 419 428 437 436 439 443 452 450 451 459 461 461 462 471 478 482 481 490 490 491 497 506 506 509 502 498 507 513 515 517 518 519 527 532 533 535 542 544 550 554 553 562 567 573 582 587 588 597 590 597 597 599 606 611 619 627 633 641 649 644 645 653 657 665 668 676 680 682 679 688 687 683
400 392 391 387 384 387 378 369 364 365 360 359 362 363 368 369 378 380 382 386 388 390 394 402 404 413 415 420 427 436 438 441 441 442 450 458 460 461 464 470 465 466 475 482 490 491 499 492 493 500 509 515 511 505 514 522 520 523 519 525 532 538 541 542 551 546 555 559 554 562 570 579 587 595 596 605 597 606 598 601 609 616 621 622 630 639 640 642 651 657 665 674 675 676 683 690 681 686 695 687
408 399 398 390 382 381 379 371 368 364 363 368 363 372 370 378 385 383 390 392 397 391 400 408 411 418 422 428 435 443 447 447 450 444 447 451 457 459 467 468 466 467 472 473 481 489 495 501 500 504 512 513 520 514 523 528 525 532 527 533 541 544 548 550 558 553 562 564 561 569 577 579 579 588 594 598 596 599 604 610 613 614 621 627 628 630 637 645 653 661 669 671 679 677 684 685 690 694 695 696
415 406 398 398 390 387 378 371 370 366 368 377 372 379 372 373 376 383 384 387 390 398 402 409 411 415 424 430 439 448 452 456 448 446 447 454 463 464 471 472 472 468 471 475 478 485 493 498 500 509 510 514 516 515 523 531 529 538 531 532 540 545 549 551 560 558 562 563 563 572 580 577 578 580 588 589 593 602 610 612 613 616 624 630 632 633 642 650 651 658 666 674 676 678 684 692 691 700 704 702
408 405 396 396 387 378 377 376 376 372 370 378 380 377 375 378 383 389 393 389 393 395 404 407 413 421 422 429 436 445 450 453 456 447 448 450 456 465 472 481 481 477 480 477 485 493 498 501 507 508 517 522 525 522 531 534 534 539 540 535 542 549 552 556 564 567 570 567 566 568 570 574 577 578 587 591 601 604 609 613 614 619 628 635 641 638 647 654 660 666 671 677 679 686 692 692 697 698 702 710
400 396 393 391 390 382 384 377 377 378 379 386 381 382 379 386 390 398 400 391 392 395 403 404 405 412 415 424 428 437 446 447 448 450 457 459 465 472 479 488 487 486 488 486 494 502 507 503 509 511 512 521 522 525 534 538 539 544 547 543 550 558 560 565 573 574 572 570 568 574 578 582 586 587 593 595 605 612 616 621 623 623 628 636 644 647 655 657 664 667 671 680 677 677 685 691 692 693 697 705
409 402 402 399 392 390 382 378 384 382 383 385 390 390 387 394 391 392 401 400 396 403 408 413 406 415 423 428 435 441 442 449 455 457 455 463 472 471 475 482 486 495 496 493 500 501 506 504 511 520 519 523 524 533 534 536 544 553 556 550 558 564 569 574 574 581 578 578 571 580 586 583 589 596 600 597 607 615 623 621 623 630 627 635 643 652 654 657 659 662 662 671 668 669 676 685 689 693 700 706
413 405 405 401 392 388 387 387 392 383 388 392 395 396 391 400 392 401 407 409 404 405 410 417 414 417 424 430 437 442 445 443 446 451 453 457 466 468 474 475 483 492 497 494 499 507 508 513 520 529 521 530 526 531 537 543 549 557 557 557 566 566 571 574 581 589 584 582 574 583 591 585 588 595 599 601 605 610 618 618 620 621 624 633 638 645 650 657 665 661 654 663 667 669 678 687 696 700 700 709
416 409 406 409 401 397 396 396 393 392 395 399 403 397 400 396 393 401 409 410 412 407 416 419 417 422 423 428 432 433 437 441 449 458 456 457 464 468 473 474 483 492 498 496 499 508 514 516 519 528 530 539 535 532 540 547 548 549 551 555 559 566 574 575 584 590 585 581 577 581 589 593 589 595 603 608 606 608 609 612 614 623 630 634 635 642 641 649 656 657 652 661 664 673 679 683 692 696 697 706
423 417 414 416 407 402 405 403 402 395 396 405 410 403 409 403 402 403 408 415 421 416 425 420 422 430 432 431 440 442 442 450 453 461 465 463 472 477 480 483 486 487 496 499 506 514 522 519 527 534 537 544 537 541 543 548 552 552 559 563 562 568 577 584 588 595 592 587 578 587 589 594 591 600 607 614 608 610 617 619 617 622 623 630 632 636 640 642 647 648 649 658 663 666 673 682 687 688 696 698
431 426 423 425 416 409 407 404 405 396 405 408 416 408 415 406 411 405 414 416 425 417 419 426 425 434 435 432 434 438 447 456 458 462 471 470 477 484 484 490 495 496 503 504 511 516 520 523 527 536 538 543 539 548 544 553 560 554 561 570 567 575 581 590 589 596 591 590 582 591 598 602 595 602 606 606 615 618 625 620 622 627 629 638 639 638 642 643 651 651 652 661 663 672 681 685 690 696 702 699
439 433 427 418 417 416 414 405 407 399 408 414 420 417 417 408 414 408 415 420 428 426 428 435 432 438 444 441 437 446 449 451 460 461 470 478 485 491 490 491 493 501 508 507 511 518 520 526 535 544 539 548 548 557 549 557 562 563 566 575 573 577 583 590 598 590 597 591 590 597 605 603 597 598 599 604 613 621 628 623 626 630 633 641 646 639 646 652 658 654 660 661 669 677 678 687 696 697 702 705
436 429 420 419 424 424 415 406 414 406 413 417 423 420 426 417 417 414 421 422 425 426 432 438 434 435 439 447 439 448 450 459 465 466 475 483 484 493 499 497 502 510 515 516 513 515 521 530 536 543 540 541 543 551 550 552 558 559 567 573 574 568 577 584 589 582 591 597 599 606 614 605 602 605 603 607 615 619 626 629 635 638 641 646 643 641 643 648 650 657 660 666 673 676 683 692 701 704 711 714
436 427 426 427 431 422 417 408 415 415 421 426 427 422 429 424 426 423 422 423 426 427 435 444 442 437 446 444 441 442 445 452 461 467 472 481 484 488 495 502 503 511 515 516 514 519 522 531 533 535 543 550 544 553 557 553 556 559 563 565 566 567 571 580 586 581 589 596 599 607 614 612 611 609 606 609 617 625 631 638 641 647 648 655 651 646 650 657 657 663 663 664 673 680 689 697 704 705 714 721
442 433 435 432 432 423 423 417 416 424 422 425 432 423 432 433 434 432 431 432 427 435 441 450 443 438 446 448 450 444 453 461 468 468 472 478 479 486 489 494 501 510 518 519 522 527 531 539 534 542 543 548 552 560 563 561 561 563 571 570 570 568 576 577 578 580 585 591 592 598 607 615 619 618 614 617 620 624 633 637 638 642 648 657 652 647 650 657 660 665 669 671 672 681 689 691 697 704 707 712
439 436 438 439 433 432 425 418 422 424 427 427 430 431 438 436 440 437 432 432 430 431 433 442 451 447 451 456 452 453 461 465 474 477 479 480 485 490 491 495 504 511 515 518 527 535 534 543 541 547 552 557 555 561 567 569 562 570 578 572 579 577 581 584 585 582 583 589 598 601 605 608 614 617 616 620 621 623 628 630 639 647 654 655 654 654 653 654 658 663 665 674 679 683 684 692 694 703 711 715
448 440 445 448 442 441 434 427 428 429 435 435 431 434 443 437 442 439 437 440 431 440 441 450 458 454 452 461 454 460 469 474 483 486 484 488 490 495 500 496 501 507 508 517 522 529 533 542 544 545 548 553 561 562 564 570 571 577 586 577 584 585 588 590 594 590 592 598 606 609 610 615 619 623 618 627 623 630 629 638 644 648 651 660 660 662 657 662 659 667 674 683 682 683 692 698 696 701 703 706
449 448 454 449 450 446 437 433 429 434 438 436 434 435 443 445 449 441 440 448 439 440 441 450 456 455 459 468 459 468 469 478 486 495 491 489 498 501 500 499 500 506 515 522 531 538 538 546 552 546 547 556 562 571 571 577 578 578 586 585 590 588 590 599 598 591 597 600 601 602 603 609 617 618 626 630 632 632 638 640 646 651 655 656 658 666 666 666 660 664 666 675 676 685 691 692 696 697 706 714
455 453 461 456 448 445 439 437 436 435 443 444 441 441 448 454 454 450 442 451 445 449 450 451 455 459 463 464 461 470 474 483 488 497 496 490 496 503 509 506 506 512 520 527 531 540 544 546 555 550 556 558 565 570 574 577 582 580 584 587 592 596 596 599 602 593 602 608 610 606 608 610 615 622 624 633 640 641 641 641 643 652 661 657 664 671 672 668 664 670 672 673 675 676 682 690 691 696 704 708
464 462 462 454 450 441 440 445 444 440 441 442 447 446 452 461 458 449 448 457 452 458 459 456 464 462 463 464 464 472 477 486 492 493 502 495 502 511 508 507 515 513 518 527 536 542 551 554 563 558 564 567 573 579 583 583 591 589 590 588 593 600 605 605 604 595 597 601 606 611 616 613 617 618 621 628 637 638 643 642 646 647 654 662 670 676 680 671 669 673 680 679 684 678 685 691 696 695 696 699
471 462 454 453 444 443 448 449 445 448 446 444 453 447 455 456 465 458 453 456 453 457 466 460 468 463 471 472 472 473 475 483 486 492 501 504 511 515 517 510 514 522 526 535 544 551 558 561 562 560 562 571 574 582 583 591 598 598 595 596 602 604 610 606 608 604 598 605 609 613 614 622 625 625 630 635 644 646 644 646 654 649 652 654 662 671 671 680 675 680 686 688 689 680 681 682 687 693 701 700
468 461 454 453 445 449 457 453 454 452 455 453 458 450 457 457 462 465 456 460 455 464 473 467 476 470 479 474 476 480 481 489 488 494 503 507 516 516 521 515 521 529 532 540 549 554 563 570 569 565 569 578 582 587 590 593 599 606 598 597 606 613 615 615 611 603 601 609 616 619 622 628 633 634 638 640 644 645 653 651 659 650 653 654 662 664 667 675 683 681 686 687 686 683 687 685 695 695 699 707
473 467 458 454 454 452 454 454 463 454 460 462 460 451 460 466 465 464 457 464 463 466 473 472 477 476 483 478 479 484 486 495 497 503 504 513 516 525 526 522 530 534 539 541 548 549 558 567 574 573 570 579 587 588 593 600 605 614 606 600 606 615 624 624 615 608 607 615 619 628 630 635 642 635 643 643 644 647 656 652 661 658 662 663 671 668 676 684 690 689 687 695 691 690 695 691 694 696 705 712
473 465 459 462 460 459 456 459 462 455 459 468 463 460 469 467 467 473 466 469 469 475 482 476 483 477 486 483 488 486 488 495 502 507 509 512 521 528 528 531 536 541 542 542 548 552 559 568 572 579 571 579 588 597 597 600 605 612 615 609 615 622 627 626 624 616 616 621 627 636 631 640 645 641 648 649 650 648 657 657 666 666 671 672 677 669 678 686 695 698 695 701 692 695 698 698 701 697 698 702
475 468 468 469 468 465 465 466 457 456 464 467 470 461 466 471 475 474 473 471 471 473 479 484 483 482 483 492 496 493 497 496 504 512 518 514 523 524 532 529 538 542 551 547 552 561 565 567 575 579 578 584 588 589 598 607 606 607 613 614 621 630 636 629 623 620 622 629 636 639 637 646 650 642 649 657 652 651 654 655 662 665 674 681 684 677 684 688 697 704 703 705 697 703 703 702 707 699 706 708
478 472 473 477 469 473 472 470 463 461 468 468 477 470 475 480 484 480 478 477 479 475 483 491 492 483 491 492 500 498 505 502 509 515 522 515 522 527 535 528 529 538 547 556 561 558 558 563 569 570 571 575 579 581 590 599 608 616 618 623 622 631 636 637 631 623 631 638 640 641 645 648 656 650 655 660 661 652 660 664 666 674 680 686 687 679 688 697 701 709 712 709 704 710 709 711 715 708 712 709
481 481 475 478 474 481 473 471 470 470 470 477 479 472 481 488 493 488 479 478 481 478 486 488 497 490 491 499 502 507 514 511 511 520 527 519 521 523 526 527 529 533 541 549 555 556 557 559 568 576 577 584 587 590 593 601 608 617 625 624 630 639 640 642 637 631 640 646 647 642 647 654 657 655 658 659 663 660 668 673 675 675 683 684 688 680 687 694 702 703 710 717 710 711 718 720 719 715 720 718
