  0 545 539 544 547 543 552 554 555 553 546 542 536 541 542 540 534 535 539 538 541 550 558 554 563 558 556 561 564 565 569 566 567 576 576 573 567 574 575 576 584 587 596 597 603 600 604 606 614 618 621 623 632 636 633 641 641 648 651 656 665 657 659 667 676 674 678 686 687 693 702 711 717 715 722 724 727 725 730 725 730 738 742 750 752 761 769 778 9223372036854775808 9223372036854775808 9223372036854775808 9223372036854775808 9223372036854775808 9223372036854775808 9223372036854775808 9223372036854775808 9223372036854775808 9223372036854775808 9223372036854775808 9223372036854775808
  8 538 537 538 538 542 543 550 552 544 541 533 534 532 533 539 533 536 534 535 538 544 549 553 558 556 552 554 560 568 560 562 566 573 574 575 566 572 578 585 585 586 592 596 604 596 599 601 606 610 612 618 626 627 627 634 637 640 642 650 659 651 659 668 672 671 678 681 689 697 705 703 708 707 714 719 719 716 725 722 724 733 742 746 754 763 768 776 773 780 9223372036854775808 9223372036854775808 9223372036854775808 9223372036854775808 9223372036854775808 9223372036854775808 9223372036854775808 9223372036854775808 9223372036854775808 9223372036854775808
 16 530 528 537 535 544 536 542 545 537 534 531 525 525 527 532 525 528 529 536 545 544 551 545 549 551 548 554 557 561 555 559 567 574 581 572 565 570 570 578 585 591 583 588 595 590 598 604 612 610 614 617 618 620 625 633 636 635 642 649 657 649 657 660 664 669 676 678 684 690 698 700 708 704 705 713 714 715 716 720 723 732 741 742 749 758 759 768 764 771 776 9223372036854775808 9223372036854775808 9223372036854775808 9223372036854775808 9223372036854775808 9223372036854775808 9223372036854775808 9223372036854775808 9223372036854775808
 17 534 527 529 530 535 533 534 536 535 532 526 523 521 520 525 523 528 530 539 542 537 542 537 543 544 547 549 550 552 554 559 565 567 572 563 563 564 569 570 576 582 580 582 588 587 595 600 603 609 613 608 612 619 625 628 629 633 641 640 648 648 649 655 664 668 675 677 685 693 689 698 700 700 709 709 718 715 721 724 732 736 734 735 741 750 752 761 760 762 767 775 778 9223372036854775808 9223372036854775808 9223372036854775808 9223372036854775808 9223372036854775808 9223372036854775808 9223372036854775808
 26 534 526 523 529 530 532 539 532 527 523 524 524 520 518 516 520 529 533 533 537 530 533 533 536 540 538 540 542 545 550 550 557 558 566 557 556 565 570 562 571 573 574 581 579 586 592 595 603 607 613 605 607 616 618 625 634 635 635 637 643 642 650 659 661 665 672 677 681 684 681 689 691 699 701 702 711 712 714 715 724 732 733 736 742 744 752 753 754 758 765 767 769 778 9223372036854775808 9223372036854775808 9223372036854775808 9223372036854775808 9223372036854775808 9223372036854775808
 28 528 519 517 520 521 530 533 526 518 516 518 516 511 509 515 523 523 528 527 529 526 532 531 533 539 537 542 541 542 546 541 548 557 558 561 553 558 564 559 564 567 573 581 578 584 583 589 595 599 606 602 610 611 620 624 626 630 631 634 638 641 645 650 659 661 665 669 678 675 680 681 690 696 704 702 711 719 720 723 723 732 738 737 746 745 753 758 763 767 766 770 769 774 9223372036854775808 9223372036854775808 9223372036854775808 9223372036854775808 9223372036854775808 9223372036854775808
 29 520 511 511 516 520 529 524 518 516 507 514 507 502 503 509 516 517 519 525 521 517 524 528 524 531 535 537 538 545 546 538 545 552 559 552 551 552 555 556 563 564 572 576 576 583 580 583 590 592 601 600 604 609 611 617 619 624 633 636 637 640 645 654 662 669 668 668 671 672 673 680 687 688 696 701 704 710 717 720 722 725 730 738 747 752 759 760 756 763 764 764 768 776 9223372036854775808 9223372036854775808 9223372036854775808 9223372036854775808 9223372036854775808 9223372036854775808
 33 513 507 510 519 522 525 518 510 514 506 511 507 501 509 509 515 510 519 518 521 515 523 530 523 522 527 528 536 541 539 537 541 548 551 553 549 553 559 559 568 570 573 576 572 575 577 581 587 596 598 599 607 616 613 617 620 622 628 631 633 635 637 646 654 663 670 664 667 673 682 688 696 689 698 697 698 703 711 713 714 722 726 730 738 743 750 752 754 761 757 762 770 770 774 9223372036854775808 9223372036854775808 9223372036854775808 774 9223372036854775808
 41 507 506 508 512 513 517 512 508 512 504 504 509 500 503 508 507 509 517 509 514 513 521 523 525 519 523 530 539 542 535 535 539 543 548 549 540 545 552 561 565 562 565 567 570 579 583 590 593 595 594 597 602 609 616 622 629 630 636 640 636 642 640 649 658 664 666 663 668 670 678 686 688 690 693 695 697 701 702 705 712 720 721 724 729 737 742 743 745 752 749 758 761 765 772 774 777 773 765 773
 42 499 503 500 505 508 515 506 502 509 500 501 502 499 505 514 506 502 511 508 516 509 518 524 516 518 522 531 538 533 526 534 539 542 541 542 533 539 547 556 558 558 566 568 572 574 583 592 590 592 591 600 602 609 617 625 629 631 635 636 636 645 646 651 651 659 663 661 661 669 670 677 682 690 696 693 694 703 711 709 718 715 715 719 724 728 734 740 741 743 743 751 760 756 764 766 768 771 764 770
 51 494 501 493 501 503 508 500 499 503 499 501 497 491 497 506 506 497 502 500 507 508 514 517 514 523 523 527 529 531 525 530 532 539 533 538 531 535 542 551 555 557 564 572 579 576 579 583 585 585 590 598 599 604 609 618 621 623 626 627 630 637 643 644 645 651 657 652 658 661 669 671 677 686 687 691 697 706 709 713 717 714 706 710 719 725 731 732 733 741 742 743 752 755 756 758 761 762 763 771
 56 489 498 492 500 508 501 504 497 496 492 492 488 487 488 497 500 495 504 498 507 503 510 517 512 521 526 524 533 524 523 529 528 536 532 533 529 532 539 543 546 548 556 563 571 570 570 574 576 584 592 600 600 609 610 618 620 627 628 634 639 644 645 649 647 654 654 648 651 656 660 669 675 684 682 690 696 700 701 708 709 705 704 707 715 720 728 724 724 733 734 742 743 747 756 757 761 770 771 774
 58 486 489 491 493 499 493 502 499 491 490 489 489 483 489 490 491 492 501 497 498 502 504 509 511 512 520 521 530 526 519 521 527 527 524 530 528 530 539 541 544 546 550 557 565 562 563 566 575 580 584 593 600 604 609 612 615 619 623 632 641 645 640 649 644 649 648 643 651 660 666 660 669 676 677 683 687 692 701 699 708 700 702 705 708 715 720 719 722 727 731 738 744 750 757 761 753 762 765 773
 66 482 484 489 487 490 488 496 490 490 491 482 481 474 483 490 494 496 497 494 503 505 502 502 511 520 519 512 521 517 518 526 534 525 517 521 527 533 536 540 549 553 558 558 559 561 570 575 574 580 589 595 596 597 606 606 607 612 619 627 633 641 638 646 637 641 640 642 643 652 657 658 667 670 678 679 680 687 692 691 700 698 704 711 715 710 712 716 717 718 725 732 735 744 748 756 752 761 757 764
 73 481 475 481 478 482 484 491 482 486 489 480 474 470 477 485 485 487 489 486 494 502 496 497 502 511 512 510 514 516 523 532 525 517 516 522 524 525 534 538 544 553 558 552 561 556 564 569 573 576 580 588 595 604 603 600 609 616 623 624 624 632 630 639 631 632 639 641 644 653 656 661 666 662 669 671 674 681 684 690 696 697 698 706 706 708 717 715 716 724 727 735 736 738 747 747 750 759 754 759
 74 473 474 472 475 477 481 487 481 477 480 478 470 466 468 477 480 481 484 485 493 493 495 496 495 504 503 509 514 517 524 529 520 519 515 522 516 522 530 529 538 547 549 549 558 549 558 565 567 572 579 587 596 596 595 596 605 610 615 616 623 631 622 630 630 631 632 639 644 652 659 661 659 660 661 662 670 676 677 686 694 688 692 697 698 705 711 714 716 722 724 726 734 743 746 742 741 750 749 750
 83 468 465 471 472 477 479 485 478 476 474 481 473 465 469 472 476 473 481 480 485 485 492 487 492 495 499 506 510 518 526 520 512 516 514 513 513 519 524 528 534 543 552 547 550 547 550 556 563 565 570 579 588 597 594 599 606 609 614 617 622 626 620 621 629 634 640 648 645 654 656 654 657 666 668 667 676 677 683 685 691 683 684 692 701 708 709 716 716 721 726 725 733 738 743 738 739 746 748 756
 89 466 458 467 473 468 477 480 476 476 468 473 470 462 469 463 467 470 472 474 480 478 483 484 485 490 493 497 505 513 517 512 503 509 505 506 510 514 519 525 532 538 545 544 542 544 550 559 567 571 572 581 579 588 589 593 599 604 612 616 617 618 614 623 624 633 641 646 650 649 648 653 657 661 663 664 671 677 675 681 684 682 690 697 702 711 710 718 710 716 719 723 732 739 742 735 736 744 745 754
 93 460 456 462 469 466 472 475 468 467 466 470 464 461 469 460 461 466 472 475 475 473 474 478 477 486 487 488 496 504 511 505 496 500 501 509 518 520 522 528 529 534 541 549 541 548 553 562 571 576 573 573 575 579 588 593 600 598 606 610 611 616 612 619 628 629 636 640 642 648 640 649 648 653 654 663 662 668 667 672 675 678 685 694 697 704 713 718 709 716 715 722 723 730 735 734 743 747 753 758
 94 460 453 460 462 461 468 470 464 458 459 468 469 460 460 456 457 463 463 472 474 469 472 481 476 481 489 489 494 499 502 499 495 497 505 503 510 517 526 523 531 527 535 540 539 542 551 560 562 569 574 569 576 577 584 593 594 595 603 603 607 609 610 618 619 628 632 631 640 643 638 647 647 655 657 655 653 660 663 668 677 686 690 694 700 709 709 717 708 712 714 720 726 725 726 726 734 739 744 749
100 457 452 453 458 459 468 463 463 456 450 459 466 457 455 452 448 456 455 464 465 468 477 477 471 476 481 486 488 492 494 496 489 490 497 498 501 510 518 522 524 521 526 533 536 545 551 552 553 562 565 567 576 579 580 586 593 594 601 601 600 609 606 612 617 621 629 628 635 635 635 641 645 653 649 646 652 654 659 668 676 683 690 692 692 701 707 709 702 703 710 712 718 724 729 725 727 734 743 751
109 448 445 451 451 460 461 454 460 458 449 451 458 450 446 448 445 448 450 457 466 468 473 473 470 472 473 478 481 483 485 487 488 496 495 500 494 503 509 514 515 518 519 528 529 538 544 551 555 561 558 566 572 578 584 593 589 598 595 594 598 603 600 607 613 615 624 619 626 626 627 632 636 645 651 643 652 661 667 670 674 680 689 696 687 696 698 700 701 706 709 716 709 716 721 717 722 728 734 743
118 439 438 445 447 453 458 453 452 449 448 453 451 443 442 446 442 449 455 461 462 465 467 468 468 467 470 471 472 474 482 482 489 487 489 492 492 494 503 510 518 520 523 527 530 536 544 545 554 554 557 562 570 579 579 585 584 589 586 585 591 594 591 600 606 608 617 616 617 624 625 633 641 649 647 641 646 652 659 661 670 676 680 688 686 690 695 691 693 702 708 707 708 708 717 713 718 725 727 735
122 430 435 438 441 448 452 457 448 453 446 448 448 446 437 437 441 442 446 453 455 464 463 459 465 466 464 470 479 477 477 479 480 480 483 488 490 498 507 515 517 521 524 533 527 533 540 542 551 549 551 554 563 570 575 576 582 586 585 584 584 585 590 597 606 611 609 608 617 618 618 627 634 643 641 638 647 653 655 663 663 672 679 679 677 686 692 690 692 701 702 706 713 705 709 710 719 727 731 736
127 427 431 437 437 442 444 451 446 446 439 442 445 443 434 433 439 433 438 446 455 459 462 453 456 460 463 461 470 469 476 473 478 475 484 488 497 503 502 506 508 514 515 524 525 527 531 539 548 547 552 553 555 564 573 575 576 585 578 575 582 590 589 597 606 602 603 607 614 615 616 618 627 635 636 637 638 646 654 655 660 669 670 679 676 678 687 682 686 694 701 709 709 701 710 704 712 718 727 728
132 422 425 434 429 434 443 452 444 439 438 434 442 439 434 427 432 430 436 445 450 450 454 445 451 454 454 459 466 466 467 467 475 474 476 485 493 499 496 500 507 513 518 522 526 531 532 533 541 543 551 558 551 557 564 569 575 581 577 569 573 582 588 589 598 601 604 613 622 618 617 626 634 636 642 638 645 646 652 653 659 668 674 670 672 670 679 679 682 690 692 701 700 700 701 702 711 714 723 727
133 421 419 426 426 434 443 446 443 434 432 426 433 430 430 426 425 428 432 441 444 442 446 443 444 445 452 452 457 463 460 465 472 467 476 482 488 490 491 492 501 504 511 514 519 526 534 533 534 542 551 555 546 549 558 560 569 574 574 566 569 577 579 583 592 594 597 605 613 614 615 622 631 637 638 631 640 642 647 655 662 662 665 661 663 666 672 673 682 685 694 701 696 699 703 711 712 716 718 723
141 423 416 422 420 429 438 439 438 432 434 425 427 427 422 431 424 429 432 436 435 434 440 435 435 441 443 451 452 454 456 457 465 466 472 481 490 499 500 499 508 512 512 521 528 527 536 532 534 543 549 546 542 546 549 557 563 566 565 564 572 575 583 590 586 585 594 600 608 615 608 617 625 629 629 623 631 640 645 650 653 658 665 658 662 664 673 682 675 677 686 694 693 695 703 706 715 718 727 726
142 422 414 413 415 424 431 432 431 424 430 422 419 426 420 424 423 420 429 432 434 425 433 433 429 438 444 453 461 461 465 464 473 475 478 487 492 501 500 502 511 517 519 523 525 530 527 529 538 542 542 547 539 538 544 549 555 559 564 560 569 571 580 581 582 583 590 597 599 606 607 610 619 621 621 622 629 637 641 642 646 650 657 655 664 670 666 673 670 672 680 688 689 693 700 707 716 717 726 729
151 424 415 406 410 418 425 423 427 420 421 414 412 417 417 418 419 417 420 425 427 423 424 430 428 436 442 446 455 458 467 463 468 469 477 486 493 497 499 500 509 517 520 521 519 523 523 530 538 535 534 541 544 537 538 545 550 551 555 556 565 574 576 585 584 586 588 597 598 605 598 607 612 615 616 623 630 631 633 634 640 641 648 654 659 666 665 666 667 675 681 684 686 694 701 709 718 726 728 728
155 418 412 403 404 413 416 422 418 411 413 416 411 414 409 418 420 416 425 426 425 421 425 425 427 428 437 446 449 456 464 462 468 477 483 481 484 491 498 500 506 510 515 514 512 514 517 526 529 532 525 534 538 535 542 551 551 559 564 565 568 576 581 585 586 589 596 599 607 605 597 599 608 613 615 621 628 635 639 640 639 644 653 648 652 657 659 668 666 674 682 685 694 702 710 715 717 717 723 719
162 409 407 402 408 410 419 417 411 403 405 408 403 409 400 409 413 414 423 425 417 414 417 423 431 433 441 445 451 453 455 456 461 470 479 476 485 491 498 504 505 509 509 506 504 505 513 520 520 523 524 531 532 534 543 552 556 563 571 573 569 569 572 577 586 593 596 593 598 600 593 600 606 607 609 618 626 627 634 635 632 639 645 640 646 648 655 660 662 667 673 679 688 696 705 712 715 713 718 715
171 402 408 401 404 401 410 414 405 400 396 399 402 400 399 407 416 415 424 416 410 413 414 423 432 434 441 439 446 450 456 457 464 468 470 475 477 485 492 499 499 501 503 498 495 503 504 512 518 527 526 535 537 543 551 552 555 557 562 566 562 562 568 572 581 586 588 588 589 591 592 597 598 607 608 614 623 632 633 633 630 638 636 639 644 648 649 658 666 673 679 681 686 690 697 704 706 710 715 713
176 395 401 399 397 400 405 406 397 392 395 402 393 402 398 403 411 412 416 407 409 416 421 430 436 436 441 438 444 450 451 459 457 461 469 478 486 486 494 494 496 497 502 493 490 499 508 513 516 518 525 532 529 535 544 546 550 557 563 557 553 561 565 568 574 578 580 587 588 585 587 592 601 604 607 610 619 628 634 628 628 636 635 643 646 648 657 663 664 673 682 687 692 698 695 696 701 702 710 712
180 389 392 390 391 392 397 405 398 389 387 395 388 395 396 405 409 418 409 405 408 414 420 425 430 433 438 434 438 447 450 454 456 457 460 469 478 487 487 488 491 492 496 487 487 494 502 511 508 516 518 526 527 535 537 538 547 548 555 556 549 558 565 566 575 576 580 579 579 577 578 587 594 596 599 608 613 620 626 619 620 627 632 638 642 643 649 658 666 671 675 680 683 692 688 696 701 710 713 705
184 380 383 384 390 397 397 398 390 389 382 389 386 394 396 400 403 410 401 404 408 415 417 426 426 435 430 428 433 442 443 447 456 465 459 466 471 479 480 484 483 491 489 481 482 489 494 502 505 513 518 518 526 528 530 531 538 542 546 547 548 549 558 561 566 571 575 573 574 576 578 582 587 588 597 605 606 615 620 618 623 621 624 633 637 645 648 657 665 662 671 672 678 684 680 687 694 701 710 703
193 373 380 376 382 388 392 390 382 383 381 382 384 392 393 398 394 403 399 404 402 406 412 420 423 429 433 427 436 433 441 443 452 456 458 465 470 479 485 490 481 488 487 480 489 489 493 493 502 504 509 514 523 532 536 538 545 549 546 551 557 558 560 567 567 569 571 572 581 585 585 588 589 596 597 606 615 613 613 614 615 620 629 625 634 638 646 651 660 661 667 673 669 676 677 686 687 692 701 702
201 365 371 375 384 382 384 381 381 377 375 384 388 391 390 391 390 398 398 403 398 407 404 411 414 420 429 426 429 432 440 445 450 457 464 470 468 475 482 481 472 481 485 477 482 488 488 490 498 502 511 516 524 527 528 534 538 541 543 547 554 560 569 569 576 576 573 574 575 577 578 581 589 591 596 604 606 604 612 619 616 617 623 624 632 636 640 645 654 661 658 664 665 674 682 686 694 700 707 711
206 364 365 367 375 380 375 377 378 381 374 377 381 386 386 388 388 390 397 402 396 399 401 410 412 419 421 423 426 434 441 449 456 454 457 461 464 469 474 478 470 474 480 474 475 483 487 495 497 505 508 509 518 526 534 535 543 540 545 550 554 563 571 571 579 576 575 576 584 579 587 582 589 595 595 602 597 598 605 613 617 624 626 627 636 640 647 650 658 653 655 661 665 674 679 680 688 697 706 710
214 357 359 358 367 371 368 374 377 379 373 368 377 381 381 381 383 389 397 402 395 402 405 410 419 413 414 423 429 437 439 440 447 452 454 455 456 465 467 470 469 471 473 472 479 480 488 494 501 508 512 510 516 525 533 534 538 539 545 554 562 568 568 574 577 576 581 584 592 588 588 583 584 586 593 594 596 601 610 615 622 625 626 630 633 635 639 648 651 652 661 668 666 675 682 682 684 693 698 701
219 354 356 356 359 365 359 365 374 375 370 366 374 378 378 379 382 381 389 393 389 395 399 406 411 412 418 426 425 430 432 440 447 456 456 457 457 463 462 461 463 466 467 471 473 482 487 495 497 506 515 514 515 516 525 528 529 538 540 549 553 562 559 567 575 573 574 583 585 593 596 588 593 594 601 598 605 610 611 615 621 622 629 635 640 644 645 654 654 659 668 672 671 679 680 688 685 689 698 707
225 347 353 354 351 356 357 366 368 368 365 357 365 370 370 378 378 374 383 384 388 394 401 402 410 412 413 419 424 433 439 442 448 452 459 462 464 462 459 460 468 468 474 479 482 490 496 490 498 501 507 505 506 509 518 520 529 533 534 541 550 555 554 563 566 567 568 575 578 587 595 597 593 595 597 605 612 617 617 622 622 625 633 635 639 648 654 661 660 668 671 680 677 683 689 697 693 691 693 700
232 346 345 351 344 349 358 363 362 371 363 356 362 368 368 377 371 372 380 387 389 397 404 406 404 409 408 414 420 429 438 443 448 456 463 462 455 453 458 462 470 469 471 472 474 482 491 485 492 495 498 501 504 512 519 523 532 536 542 542 544 549 552 561 562 568 577 584 579 581 589 590 591 600 599 604 611 617 623 631 627 634 638 644 645 654 662 666 667 673 680 689 686 692 697 700 696 692 693 702
241 349 344 345 340 349 355 359 355 363 359 354 363 364 365 369 370 372 374 382 388 396 399 398 401 404 406 415 419 425 433 434 443 450 454 453 452 449 455 464 471 475 478 474 478 480 482 483 484 489 491 500 504 509 510 517 523 532 538 547 548 556 553 561 567 570 579 582 581 589 586 581 584 593 596 604 605 609 618 625 629 636 641 646 647 656 664 667 674 674 681 682 689 697 703 705 704 701 700 709
250 342 335 336 338 343 347 353 354 362 360 351 357 363 368 370 370 376 383 387 394 398 395 395 404 410 411 416 423 424 426 428 436 443 448 456 447 448 457 460 469 478 472 481 486 481 490 491 492 490 491 493 500 509 510 519 528 531 537 544 547 555 556 557 566 566 573 575 582 589 581 580 588 597 600 608 611 617 622 631 630 635 642 649 655 652 661 665 671 676 685 686 695 704 712 714 707 710 702 706
255 333 334 341 345 344 352 347 353 359 356 349 352 355 363 368 367 371 376 380 385 394 394 394 403 405 411 419 428 424 425 427 436 437 441 447 442 451 459 461 468 470 471 478 479 482 489 490 499 495 496 495 497 505 512 520 522 523 529 538 540 548 555 558 567 564 572 580 575 580 577 579 588 594 601 606 615 623 630 627 627 628 636 640 649 650 659 668 676 685 694 690 699 708 713 721 716 714 710 707
256 332 332 338 338 343 346 339 346 351 348 343 351 351 360 363 359 363 369 371 378 385 386 392 400 409 410 414 422 423 429 428 429 434 438 439 441 448 452 461 469 468 474 480 487 491 491 499 500 503 497 501 498 505 509 517 521 522 528 534 541 545 548 549 558 561 570 571 573 575 576 584 587 594 603 604 613 620 621 622 625 629 638 643 645 654 663 664 670 678 685 694 700 703 710 714 713 713 715 713
261 325 323 332 334 343 339 331 338 342 342 337 343 348 353 359 356 364 373 376 385 387 390 399 402 408 412 416 422 431 435 435 438 440 440 446 447 451 454 455 460 462 465 471 480 489 498 507 508 503 498 506 505 506 507 509 517 526 534 542 542 546 551 555 561 570 577 575 581 583 585 592 595 603 612 610 619 626 627 630 634 630 639 640 649 654 663 672 676 684 693 689 697 702 709 710 711 712 720 718
270 320 316 325 325 334 330 328 337 333 334 336 345 345 352 350 351 356 365 374 383 382 389 397 404 405 410 419 427 434 432 436 440 448 448 453 451 458 463 464 468 464 466 474 483 488 489 498 499 504 507 510 510 511 512 516 523 531 535 539 548 555 552 558 567 571 574 581 588 584 592 594 599 601 609 618 627 630 636 637 633 632 640 649 658 658 667 676 684 689 684 686 692 693 700 708 717 721 728 720
275 311 315 322 316 325 324 327 328 332 338 339 341 343 348 349 357 365 372 376 377 378 384 390 395 403 406 415 424 427 428 437 445 445 446 455 457 466 466 467 473 466 474 483 477 485 487 496 502 504 505 514 517 520 521 523 532 540 544 544 550 555 554 561 566 572 580 585 583 584 587 590 599 606 615 622 623 632 640 641 635 638 639 644 650 653 662 671 675 681 682 691 700 700 706 713 714 722 721 728
276 309 307 313 315 317 318 325 327 328 329 335 344 347 350 354 360 367 376 378 383 381 390 397 399 402 405 407 415 423 432 438 444 444 447 455 461 466 462 463 472 475 474 475 476 481 490 499 495 501 510 519 522 520 520 525 527 534 540 541 550 558 561 565 573 574 580 581 582 587 596 598 607 610 615 616 625 630 636 637 642 639 647 652 659 662 663 668 671 676 685 694 695 702 710 717 715 723 719 728
277 286 287 305 312 313 321 330 336 336 336 338 347 356 357 362 369 372 377 381 383 389 394 403 400 408 410 411 420 427 429 435 436 437 444 447 452 459 458 466 464 466 467 475 482 489 492 493 494 503 509 512 515 516 518 523 532 536 541 550 559 562 570 574 577 582 589 588 590 595 597 606 607 611 612 620 626 633 641 646 644 645 651 656 660 669 671 669 674 679 684 689 690 699 705 712 718 721 715 724
284 293 292 296 311 314 316 324 327 333 334 337 346 355 361 368 374 371 373 374 383 389 391 398 403 410 419 415 419 420 423 426 427 428 437 438 447 455 456 458 460 469 474 477 478 485 494 493 500 507 513 520 521 518 527 530 538 545 548 555 560 566 567 570 573 581 590 590 588 594 602 604 612 618 620 627 628 630 638 639 640 647 655 663 664 665 667 672 673 679 687 693 699 708 705 706 709 712 713 718
291 292 301 305 316 323 319 328 332 335 338 344 348 356 359 365 369 370 374 379 388 394 395 403 405 414 422 424 424 423 429 434 432 437 441 439 447 453 462 460 462 463 465 474 475 484 491 492 493 498 506 515 524 519 527 536 545 548 555 556 557 564 568 566 567 572 581 582 587 590 599 607 613 618 624 625 628 632 640 644 645 646 648 656 657 665 668 671 680 685 686 693 698 701 704 703 710 719 718 721
300 301 310 309 310 324 327 336 333 337 346 345 354 357 364 373 378 379 382 386 392 394 400 408 406 409 417 424 431 429 435 436 437 445 444 448 450 453 459 467 470 468 473 474 482 490 498 501 501 506 514 521 522 523 529 534 538 539 548 555 556 557 565 564 572 581 588 590 596 591 594 600 608 613 618 623 624 633 642 643 651 648 657 663 663 670 671 673 674 676 677 686 689 692 699 700 709 718 725 730
309 310 319 318 318 322 330 335 340 346 355 353 360 358 362 371 373 382 385 386 389 390 397 406 415 417 422 425 433 432 440 442 439 447 453 449 456 454 459 467 468 472 477 483 490 498 499 505 510 510 512 521 529 531 535 542 546 548 557 556 557 558 560 562 570 573 581 585 592 599 599 606 611 618 627 632 627 636 638 639 647 648 650 654 659 668 670 676 675 684 685 693 698 701 708 705 711 712 721 728
311 319 324 321 327 326 327 333 342 343 344 345 351 357 358 367 376 383 392 395 395 397 401 405 411 412 421 427 433 439 446 444 444 446 447 455 461 462 465 474 477 481 486 487 495 499 504 512 515 513 515 519 528 532 538 545 548 557 558 557 559 567 569 566 567 576 582 584 593 597 600 602 609 616 619 628 632 638 644 647 650 656 659 657 658 662 668 675 680 684 688 690 693 694 703 712 720 716 720 724
319 327 328 325 329 328 334 341 342 350 352 347 353 358 362 367 376 381 386 395 396 404 403 410 419 414 423 429 431 435 440 449 451 455 448 452 453 459 468 476 481 482 490 494 495 496 503 504 507 510 519 527 531 534 536 542 543 551 556 565 568 568 570 571 574 581 585 590 591 600 608 611 616 619 622 623 628 637 646 647 656 657 660 658 666 671 676 682 689 689 697 693 697 703 708 709 714 723 722 731
320 323 332 334 334 333 342 343 349 351 360 348 349 356 363 366 375 382 384 388 394 403 407 416 423 423 432 434 440 439 448 455 455 455 454 461 462 468 472 473 479 482 487 489 498 505 507 509 512 514 521 527 536 542 543 550 550 553 554 563 572 576 572 574 583 582 584 590 597 606 607 612 621 620 621 622 631 640 649 655 656 663 664 665 668 677 679 680 688 697 706 702 701 704 706 708 716 718 727 736
323 332 341 342 341 341 344 351 352 359 361 352 350 360 366 371 372 377 384 390 398 402 409 416 421 424 432 433 441 442 446 455 464 460 461 464 463 466 473 471 473 477 478 487 490 496 498 500 509 510 513 521 528 533 535 541 544 548 557 559 563 571 579 583 585 591 593 589 592 600 609 615 616 619 620 629 638 640 641 647 655 662 662 668 675 683 688 687 692 700 705 706 708 706 708 713 721 727 736 745
332 339 347 347 348 350 347 355 356 363 362 361 351 359 367 376 381 385 383 389 392 398 407 414 418 423 431 436 440 445 454 463 462 457 458 462 464 465 469 470 471 480 480 481 482 491 499 507 510 519 517 525 534 540 542 549 553 553 559 565 565 568 574 583 590 589 594 587 595 602 603 611 619 625 621 623 629 636 644 653 655 654 661 664 673 680 687 693 694 697 704 709 712 712 717 721 729 734 741 744
339 348 355 355 356 351 348 349 358 362 371 362 352 356 361 368 374 377 378 386 395 401 410 416 411 420 423 428 431 439 445 454 454 456 463 463 465 472 477 474 476 482 487 490 489 491 497 502 511 517 518 526 529 537 538 545 552 556 561 564 566 566 571 577 581 581 586 585 591 600 606 615 617 626 629 632 637 640 648 649 647 651 657 659 666 675 681 684 685 693 702 709 713 716 715 717 725 732 741 749
344 353 359 361 365 357 351 358 366 364 371 367 361 361 363 368 371 380 387 389 390 399 400 408 409 418 419 420 422 431 438 446 449 453 460 468 472 479 481 480 484 488 495 498 493 494 499 508 517 526 527 531 531 532 536 544 547 556 557 561 561 563 571 578 578 580 582 583 591 592 601 610 618 622 629 635 638 646 643 645 646 648 655 664 666 670 677 685 688 689 697 702 706 713 710 718 726 732 739 745
350 357 366 362 369 362 354 355 357 366 370 363 362 366 367 375 376 383 385 394 399 408 401 407 416 419 427 421 428 429 438 444 452 461 466 473 480 485 489 488 489 489 491 496 502 495 501 509 518 526 535 534 537 541 545 545 552 556 557 558 560 567 568 571 577 582 584 592 600 601 609 612 613 618 627 636 640 640 642 651 652 649 658 662 665 670 679 685 691 690 695 701 708 705 709 718 718 724 733 738
353 361 362 364 366 366 360 363 365 370 368 366 363 368 370 376 384 390 387 390 398 406 402 407 409 418 426 427 429 437 446 453 455 462 470 473 479 488 485 490 495 496 492 497 506 503 509 516 518 523 530 532 540 545 547 554 558 557 564 561 564 565 569 572 579 581 586 587 595 601 606 610 614 623 624 633 637 638 645 647 656 653 654 656 665 669 678 687 688 689 692 701 700 703 709 713 717 726 734 741
357 365 369 373 373 370 361 370 374 378 371 372 371 372 378 381 384 392 393 396 405 406 408 416 417 420 429 436 437 441 443 452 454 462 471 469 476 482 483 491 495 493 499 505 506 511 516 522 521 522 531 536 545 554 548 550 551 554 560 569 565 573 576 579 587 582 590 596 602 610 607 609 616 619 628 637 642 639 642 648 656 660 662 665 673 670 677 685 694 694 692 694 697 702 710 714 723 726 731 740
363 372 378 381 379 377 370 379 381 374 373 375 375 381 379 388 388 397 402 403 409 413 412 416 417 425 429 431 432 433 442 443 447 456 464 465 470 473 482 488 490 491 500 508 515 520 523 531 522 526 535 544 553 549 549 558 558 555 564 567 567 575 584 583 592 591 596 597 599 608 614 613 614 617 623 632 634 642 649 652 654 661 669 674 682 675 676 680 688 690 691 700 706 703 710 714 716 723 724 732
364 373 380 381 388 379 376 383 379 377 377 377 383 386 386 388 390 398 399 403 412 418 417 424 426 434 433 433 434 440 446 452 455 464 468 473 478 482 483 491 498 495 504 510 511 520 528 537 529 534 543 546 547 546 553 554 562 563 569 575 573 578 587 589 591 596 598 605 603 605 613 615 617 626 625 627 636 645 652 660 655 663 664 667 676 679 679 688 695 693 695 701 707 704 713 721 724 726 733 734
372 381 383 390 387 386 383 388 380 384 380 381 387 387 395 389 391 395 397 405 412 421 424 425 426 430 437 441 442 449 455 453 460 465 473 479 486 489 485 488 497 501 502 510 513 518 524 531 534 537 543 545 543 544 553 560 562 566 567 568 576 578 579 582 589 593 602 597 598 607 616 616 622 628 627 633 642 644 648 651 659 655 663 667 671 675 680 683 690 699 699 703 704 712 714 720 721 730 732 741
381 390 386 390 393 387 388 391 384 393 385 384 393 394 402 397 398 403 405 414 420 424 425 428 427 435 444 449 450 458 458 462 464 474 477 478 482 483 489 488 491 495 503 506 512 521 522 524 532 534 535 538 539 545 552 553 554 556 557 567 573 580 584 584 589 594 595 596 602 604 611 616 620 621 623 632 641 644 651 655 653 654 660 668 669 670 679 680 689 695 704 706 712 717 723 721 723 724 731 738
390 392 395 392 395 396 397 394 388 391 388 393 398 395 401 406 407 412 407 408 416 425 434 437 435 443 452 457 459 464 467 466 469 470 475 479 480 484 486 487 496 498 500 509 510 518 522 526 532 536 544 541 542 545 553 562 562 564 558 559 564 573 578 579 580 585 592 596 602 611 620 618 626 629 626 629 633 635 643 647 651 656 660 665 667 676 682 689 693 700 701 709 710 717 718 721 722 727 734 741
399 395 404 399 397 399 402 401 392 396 392 397 406 403 408 410 410 418 409 413 422 423 431 432 436 437 446 455 461 466 471 470 472 478 484 485 485 493 490 490 494 502 507 516 514 515 524 528 529 538 539 541 550 546 554 560 566 572 564 560 566 567 571 581 585 594 600 598 607 611 617 618 626 632 633 630 635 643 650 656 660 660 666 672 676 678 683 688 695 702 702 708 717 725 723 722 723 729 731 737
403 404 410 408 406 407 408 401 397 398 397 398 407 412 417 413 418 415 411 419 428 427 433 438 443 445 453 456 465 466 474 471 477 485 492 487 492 499 497 498 499 507 513 517 516 524 531 533 538 543 548 549 551 548 554 563 572 574 567 567 575 575 576 579 585 588 595 596 602 607 614 623 624 629 638 639 636 640 641 647 652 660 664 673 682 686 692 689 697 704 711 712 715 723 731 731 730 738 737 738
411 413 419 414 415 416 417 410 401 399 406 399 401 410 415 421 427 424 419 421 422 431 434 443 444 453 457 457 462 471 480 479 482 486 495 493 494 502 504 504 505 514 521 525 524 533 533 534 540 549 552 558 553 549 558 564 566 568 569 570 578 583 584 586 593 595 601 605 604 613 618 624 633 638 639 648 641 648 648 650 657 662 670 678 684 692 700 695 696 704 708 716 721 729 736 740 738 747 746 742
419 414 418 417 417 425 421 412 407 408 403 402 405 406 411 412 421 423 425 429 431 433 437 445 447 456 458 463 470 479 481 484 484 485 493 501 503 504 507 513 508 509 518 525 533 534 542 535 536 543 552 558 562 556 565 573 571 574 570 576 583 589 592 593 602 597 606 610 605 613 621 630 638 646 647 656 648 657 649 652 660 667 672 673 681 690 691 693 702 708 716 725 728 729 736 745 740 745 754 746
428 421 426 425 418 420 422 414 411 407 406 411 406 415 413 421 428 426 433 435 440 434 443 451 454 461 465 471 478 486 490 490 493 487 490 494 500 502 510 511 509 510 515 516 524 532 538 544 543 547 555 556 565 565 574 579 576 583 578 584 592 595 599 601 609 604 613 615 612 620 628 630 630 639 645 649 647 650 655 661 664 665 672 678 679 681 688 696 704 712 720 722 730 730 737 738 747 753 754 755
437 429 428 433 426 429 421 414 413 409 411 420 415 422 415 416 419 426 427 430 433 441 445 452 454 458 467 473 482 491 495 499 491 489 490 497 506 507 514 515 515 511 514 518 521 528 536 541 543 552 553 557 559 560 568 576 580 589 582 583 591 596 600 602 611 609 613 614 614 623 631 628 629 631 639 640 644 653 661 663 664 667 675 681 683 684 693 701 702 709 717 725 727 729 735 743 744 753 762 761
445 438 431 439 430 421 420 419 419 415 413 421 423 420 418 421 426 432 436 432 436 438 447 450 456 464 465 472 479 488 493 496 499 490 491 493 499 508 515 524 524 520 523 520 528 536 541 544 550 551 560 565 568 567 576 579 584 589 591 586 593 600 603 607 615 618 621 618 617 619 621 625 628 629 638 642 652 655 660 664 665 670 679 686 692 689 698 705 711 717 722 728 730 737 743 743 749 749 753 761
440 436 433 434 433 425 427 420 420 421 422 429 424 425 422 429 433 441 443 434 435 438 446 447 448 455 458 467 471 480 489 490 491 493 500 502 508 515 522 531 530 529 531 529 537 545 550 546 552 554 555 564 565 568 577 581 586 591 598 594 601 609 611 616 624 625 623 621 619 625 629 633 637 638 644 646 656 663 667 672 674 674 679 687 695 698 706 708 715 718 722 731 728 728 736 742 743 744 748 756
449 442 442 442 435 433 425 421 427 425 426 428 433 433 430 437 434 435 444 443 439 446 451 456 449 458 466 471 478 484 485 492 498 500 498 506 515 514 518 525 529 538 539 536 543 544 549 547 554 563 562 566 567 576 577 579 587 596 605 601 609 615 620 625 625 632 629 629 622 631 637 634 640 647 651 648 658 666 674 672 674 681 678 686 694 703 705 708 710 713 713 722 719 720 727 736 740 744 751 757
453 445 446 444 435 431 430 430 435 426 431 435 438 439 434 443 435 444 450 452 447 448 453 460 457 460 467 473 480 485 488 486 489 494 496 500 509 511 517 518 526 535 540 537 542 550 551 556 563 572 564 573 569 574 580 586 592 600 600 605 611 611 616 619 626 634 635 633 625 634 642 636 639 646 650 652 656 661 669 669 671 672 675 684 689 696 701 708 716 712 705 714 718 720 729 738 747 751 751 760
456 449 447 452 444 440 439 439 436 435 438 442 446 440 443 439 436 444 452 453 455 450 459 462 460 465 466 471 475 476 480 484 492 501 499 500 507 511 516 517 526 535 541 539 542 551 557 559 562 571 573 582 578 575 583 590 591 592 594 598 602 609 617 618 627 633 636 632 628 632 640 644 640 646 654 659 657 659 660 663 665 674 681 685 686 693 692 700 707 708 703 712 715 724 730 734 743 747 748 757
463 457 455 459 450 445 448 446 445 438 439 448 453 446 452 446 445 446 451 458 464 459 468 463 465 473 475 474 483 485 485 493 496 504 508 506 515 520 523 526 529 530 539 542 549 557 565 562 570 577 580 587 580 584 586 591 595 595 602 606 605 611 620 627 631 638 643 638 629 638 640 645 642 651 658 665 659 661 668 670 668 673 674 681 683 687 691 693 698 699 700 709 714 717 724 733 738 739 747 749
471 466 464 468 459 452 450 447 448 439 448 451 459 451 458 449 454 448 457 459 468 460 462 469 468 477 478 475 477 481 490 499 501 505 514 513 520 527 527 533 538 539 546 547 554 559 563 566 570 579 581 586 582 591 587 596 603 597 604 613 610 618 624 633 632 639 640 641 633 642 649 653 646 653 657 657 666 669 676 671 673 678 680 689 690 689 693 694 702 702 703 712 714 723 732 736 741 747 753 750
479 473 470 461 460 459 457 448 450 442 451 457 463 460 460 451 457 451 458 463 471 469 471 478 475 481 487 484 480 489 492 494 503 504 513 521 528 534 533 534 536 544 551 550 554 561 563 569 578 587 582 591 591 600 592 600 605 606 609 618 616 620 626 633 641 633 640 641 641 648 656 654 648 649 650 655 664 672 679 674 677 681 684 692 697 690 697 703 709 705 711 712 720 728 729 738 747 748 753 756
479 472 463 462 467 467 458 449 457 449 456 460 466 463 469 460 460 457 464 465 468 469 475 481 477 478 482 490 482 491 493 502 508 509 518 526 527 536 542 540 545 553 558 559 556 558 564 573 579 586 583 584 586 594 593 595 601 602 610 616 617 611 620 627 632 625 634 640 649 657 665 656 653 656 654 658 666 670 677 680 686 689 692 697 694 692 694 699 701 708 711 717 724 727 734 743 752 755 762 765
479 470 469 470 474 465 460 451 458 458 464 469 470 465 472 467 469 466 465 466 469 470 478 487 485 480 489 487 484 485 488 495 504 510 515 524 527 531 538 545 546 554 558 559 557 562 565 574 576 578 586 593 587 596 600 596 599 602 606 608 609 610 614 623 629 624 632 639 642 650 657 663 662 660 657 660 668 676 682 689 690 697 699 706 702 697 701 708 708 714 714 715 724 731 740 748 755 756 765 772
485 476 478 475 475 466 466 460 459 467 465 468 475 466 475 476 477 475 474 475 470 478 484 493 486 481 489 491 493 487 496 504 511 511 515 521 522 529 532 537 544 553 561 562 565 570 574 582 577 585 586 591 595 603 606 604 604 606 614 613 613 611 619 620 621 623 628 634 635 641 650 658 665 669 665 668 670 673 682 683 684 688 694 703 703 698 701 708 711 716 720 722 723 732 740 742 748 755 758 763
482 479 481 482 476 475 468 461 465 467 470 470 473 474 481 479 483 480 475 475 473 474 476 485 494 490 494 499 495 496 504 508 517 520 522 523 528 533 534 538 547 554 558 561 570 578 577 586 584 590 595 600 598 604 610 612 605 613 621 615 622 620 624 627 628 625 626 632 641 644 648 651 657 660 662 666 667 669 674 676 685 693 700 701 703 705 704 705 709 714 716 725 730 734 735 743 745 754 762 766
491 483 488 491 485 484 477 470 471 472 478 478 474 477 486 480 485 482 480 483 474 483 484 493 501 497 495 504 497 503 512 517 526 529 527 531 533 538 543 539 544 550 551 560 565 572 576 585 587 588 591 596 604 605 607 613 614 620 629 620 627 628 631 633 637 633 635 641 649 652 653 658 662 666 664 673 669 676 675 684 690 694 697 706 709 713 708 713 710 718 725 734 733 734 743 749 747 752 754 757
492 491 497 492 493 489 480 476 472 477 481 479 477 478 486 488 492 484 483 491 482 483 484 493 499 498 502 511 502 511 512 521 529 538 534 532 541 544 543 542 543 549 558 565 574 581 581 589 595 589 590 599 605 614 614 620 621 621 629 628 633 631 633 642 641 634 640 643 644 645 646 652 660 661 669 673 678 678 684 686 692 697 701 702 704 712 717 717 711 715 717 726 727 736 742 743 747 748 757 765
498 496 504 499 491 488 482 480 479 478 486 487 484 484 491 497 497 493 485 494 488 492 493 494 498 502 506 507 504 513 517 526 531 540 539 533 539 546 552 549 549 555 563 570 574 583 587 589 598 593 599 601 608 613 617 620 625 623 627 630 635 639 639 642 645 636 645 651 653 649 651 653 658 665 667 676 684 687 687 687 689 698 707 703 710 717 723 719 715 721 723 724 726 727 733 741 742 747 755 759
507 505 505 497 493 484 483 488 487 483 484 485 490 489 495 504 501 492 491 500 495 501 502 499 507 505 506 507 507 515 520 529 535 536 545 538 545 554 551 550 558 556 561 570 579 585 594 597 606 601 607 610 616 622 626 626 634 632 633 631 636 643 648 648 647 638 640 644 649 654 659 656 660 661 664 671 680 681 686 687 691 692 699 707 715 721 725 722 720 724 731 730 735 729 736 742 747 746 747 750
514 505 497 496 487 486 491 492 488 491 489 487 496 490 498 499 508 501 496 499 496 500 509 503 511 506 514 515 515 516 518 526 529 535 544 547 554 558 560 553 557 565 569 578 587 594 601 604 605 603 605 614 617 625 626 634 641 641 638 639 645 647 653 649 651 647 641 648 652 656 657 665 668 668 673 678 687 689 687 691 699 694 697 699 707 716 716 725 726 731 737 739 740 731 732 733 738 744 752 751
511 504 497 496 488 492 500 496 497 495 498 496 501 493 500 500 505 508 499 503 498 507 516 510 519 513 522 517 519 523 524 532 531 537 546 550 559 559 564 558 564 572 575 583 592 597 606 613 612 608 612 621 625 630 633 636 642 649 641 640 649 656 658 658 654 646 644 652 659 662 665 671 676 677 681 683 687 688 696 696 704 695 698 699 707 709 712 720 728 729 734 735 737 734 738 736 746 746 750 758
516 510 501 497 497 495 497 497 506 497 503 505 503 494 503 509 508 507 500 507 506 509 516 515 520 519 526 521 522 527 529 538 540 546 547 556 559 568 569 565 573 577 582 584 591 592 601 610 617 616 613 622 630 631 636 643 648 657 649 643 649 658 667 667 658 651 650 658 662 671 673 678 685 678 686 686 687 690 699 697 706 703 707 708 716 713 721 729 735 737 735 743 742 741 746 742 745 747 756 763
516 508 502 505 503 502 499 502 505 498 502 511 506 503 512 510 510 516 509 512 512 518 525 519 526 520 529 526 531 529 531 538 545 550 552 555 564 571 571 574 579 584 585 585 591 595 602 611 615 622 614 622 631 640 640 643 648 655 658 652 658 665 670 669 667 659 659 664 670 679 674 683 688 684 691 692 693 691 700 702 711 711 716 717 722 714 723 731 740 746 743 752 743 746 749 749 752 748 749 753
518 511 511 512 511 508 508 509 500 499 507 510 513 504 509 514 518 517 516 514 514 516 522 527 526 525 526 535 539 536 540 539 547 555 561 557 566 567 575 572 581 585 594 590 595 604 608 610 618 622 621 627 631 632 641 650 649 650 656 657 664 673 679 672 666 663 665 672 679 682 680 689 693 685 692 700 695 694 697 698 705 708 717 726 729 722 729 733 742 749 751 756 748 754 754 753 758 750 757 759
521 515 516 520 512 516 515 513 506 504 511 511 520 513 518 523 527 523 521 520 522 518 526 534 535 526 534 535 543 541 548 545 552 558 565 558 565 570 578 571 572 581 590 599 604 601 601 606 612 613 614 618 622 624 633 642 651 659 661 666 665 674 679 680 674 666 674 681 683 684 688 691 699 693 698 703 704 695 703 707 709 717 723 729 732 724 733 742 746 754 760 760 755 761 760 762 766 759 763 760
524 524 518 521 517 524 516 514 513 513 513 520 522 515 524 531 536 531 522 521 524 521 529 531 540 533 534 542 545 550 557 554 554 563 570 562 564 566 569 570 572 576 584 592 598 599 600 602 611 619 620 627 630 633 636 644 651 660 668 667 673 682 683 685 680 674 683 689 690 685 690 697 700 698 701 702 706 703 711 716 718 718 726 727 733 725 732 739 747 748 755 763 761 762 769 771 770 766 771 769
