  0 409 403 408 411 407 416 418 421 429 428 424 422 430 431 429 423 424 428 427 430 439 447 443 452 447 445 450 453 454 458 455 456 465 466 471 465 472 473 474 482 485 494 495 501 500 504 506 514 518 521 523 532 536 533 541 541 548 551 556 565 557 559 567 576 574 578 586 587 593 602 611 618 620 627 629 632 630 635 630 635 643 647 655 657 666 674 683 680 686 692 693 694 700 708 714 715 711 717 726
  8 402 401 402 402 406 407 414 419 420 423 415 420 421 422 428 422 425 423 424 427 433 438 442 447 445 441 443 449 457 449 451 455 462 463 472 464 470 476 483 483 484 490 494 502 496 499 501 506 510 512 518 526 527 527 534 537 540 542 550 559 551 559 568 572 571 578 581 589 597 605 604 609 612 619 624 624 621 630 627 629 638 647 651 659 668 673 681 678 685 683 689 696 696 705 705 706 707 716 723
 16 394 392 401 399 408 400 406 411 413 415 413 411 414 416 421 414 417 418 425 434 433 440 434 438 440 437 443 446 450 444 448 456 463 472 470 463 468 468 476 483 489 481 486 493 490 498 504 512 510 514 517 518 520 525 533 536 535 542 549 557 549 557 560 564 569 576 578 584 590 599 601 609 609 610 618 619 620 621 625 628 637 646 647 654 663 664 673 669 676 681 686 687 695 696 699 706 707 708 714
 17 398 391 393 394 399 397 398 402 410 412 407 409 410 409 414 412 417 419 428 431 426 431 426 432 433 436 438 439 441 443 450 456 458 467 461 461 462 467 468 474 480 478 480 488 487 495 500 503 509 513 508 512 519 525 528 529 533 541 540 548 548 549 555 564 568 575 577 585 594 594 603 605 605 614 614 623 620 626 629 637 641 639 640 646 655 657 666 665 667 672 680 683 686 690 694 702 711 712 720
 26 398 390 387 393 394 396 403 408 407 403 404 412 409 407 405 409 418 422 422 426 419 422 422 425 429 427 429 431 434 439 441 448 449 458 455 454 463 468 460 469 471 472 479 479 486 492 495 503 507 513 505 507 516 518 525 534 535 535 537 543 542 550 559 561 565 572 577 581 589 586 594 596 604 606 607 616 617 619 620 629 637 638 641 647 649 657 658 659 663 670 672 674 683 689 697 701 710 717 720
 28 392 383 381 384 385 394 403 402 398 396 398 405 400 398 404 412 412 417 416 418 415 421 420 422 428 426 431 430 431 436 432 439 448 449 456 451 456 462 457 462 465 471 479 478 484 483 489 495 499 506 502 510 511 520 524 526 530 531 534 538 541 545 550 559 561 565 569 578 580 585 586 595 601 609 607 616 625 625 628 629 638 645 642 651 650 658 663 668 672 672 678 675 680 686 689 698 707 709 711
 29 384 375 375 380 384 393 399 394 396 387 394 396 391 392 398 405 406 408 414 410 406 413 417 413 420 424 426 427 434 437 429 436 443 450 447 449 450 453 454 461 462 470 474 476 483 480 483 490 492 501 500 504 509 511 517 519 524 533 536 537 540 545 554 562 569 568 572 576 577 578 585 592 593 601 606 610 616 623 627 629 632 637 645 654 659 667 671 670 677 679 680 679 687 693 690 692 700 704 703
 33 377 371 374 383 386 390 393 386 394 386 391 396 390 398 398 404 399 408 407 410 404 412 419 412 411 416 417 425 430 430 428 432 439 442 446 449 453 459 457 466 470 473 476 472 475 477 481 487 496 498 499 507 516 513 517 520 522 528 531 533 535 537 546 554 563 570 569 572 578 587 593 601 594 603 603 604 609 618 620 621 629 634 640 649 655 663 672 676 684 680 685 688 692 696 692 700 697 697 700
 41 371 370 372 376 377 382 385 384 392 384 384 393 389 392 397 396 398 406 398 403 402 410 412 414 408 412 419 428 433 426 426 430 434 441 449 440 445 452 461 465 462 465 467 470 479 483 490 493 495 494 497 502 509 516 522 529 530 536 540 536 542 540 549 558 564 566 568 575 577 585 594 596 596 599 601 604 608 609 612 619 627 633 638 643 652 660 663 667 675 672 681 684 688 695 697 700 696 688 696
 42 363 367 364 369 372 381 379 378 387 380 381 386 388 394 403 395 391 400 397 405 398 407 413 405 407 411 420 427 424 417 425 430 433 439 442 433 439 447 456 458 458 466 468 472 474 483 492 490 492 491 500 502 509 517 525 529 531 535 536 536 545 546 551 551 559 563 569 569 577 578 585 590 598 604 601 602 611 618 616 625 626 635 639 644 648 654 662 664 666 666 674 683 679 687 689 691 694 687 693
 51 358 365 357 365 367 373 373 375 381 379 385 386 380 386 395 395 386 391 389 396 397 403 406 403 412 412 416 418 422 416 421 423 430 431 438 431 435 442 451 455 457 464 472 479 476 479 483 485 485 490 498 499 504 509 518 521 523 526 527 530 537 543 544 545 551 557 560 566 569 577 579 585 594 595 599 605 614 620 621 629 634 626 630 639 645 651 655 656 664 665 666 675 678 679 681 684 685 686 694
 56 353 362 356 364 372 365 372 373 374 372 376 377 376 377 386 389 384 393 387 396 392 399 406 401 410 415 415 424 415 414 420 419 428 432 433 429 432 439 443 446 448 456 463 471 470 470 474 476 484 492 500 500 509 510 518 520 527 528 534 539 544 548 549 548 555 561 556 559 564 568 577 583 592 590 598 607 611 612 621 625 625 624 627 635 640 648 647 647 656 657 665 666 670 679 680 686 694 694 697
 58 350 353 355 357 363 357 366 373 369 370 377 378 372 378 379 380 381 390 386 387 391 393 398 400 401 409 412 421 417 410 412 418 421 424 430 428 430 439 441 444 446 450 457 465 462 463 466 475 480 484 493 500 504 509 512 515 519 523 532 541 546 548 557 552 557 556 551 559 568 574 568 577 584 585 591 598 603 612 616 625 620 622 625 628 635 643 642 645 650 654 661 667 673 680 686 678 687 690 698
 66 346 348 353 351 354 352 360 364 368 376 371 370 363 372 379 383 385 386 383 392 394 391 391 400 409 410 403 412 408 409 417 426 425 417 421 427 433 436 440 449 453 458 458 459 461 470 475 474 480 489 495 496 497 506 506 507 512 519 527 533 541 546 554 545 549 548 550 551 560 565 566 575 583 592 596 597 604 609 608 617 618 624 631 637 633 635 639 640 641 648 655 658 667 671 680 677 686 682 689
 73 345 339 345 342 346 348 357 356 364 367 369 363 359 366 374 374 376 378 375 383 391 385 386 393 402 403 401 405 407 414 423 425 417 416 422 424 425 434 438 444 453 458 452 461 456 464 469 473 476 480 488 495 504 503 500 509 516 523 524 524 532 538 547 539 540 547 549 552 561 564 569 576 578 586 588 591 598 601 607 613 620 621 629 629 631 640 638 639 647 650 658 659 661 670 672 675 684 679 684
 74 337 338 336 339 341 345 351 355 355 358 366 359 355 357 366 369 370 373 374 382 382 384 385 386 395 394 400 405 408 415 424 420 419 415 422 416 422 430 429 438 447 449 449 458 449 458 465 467 472 479 487 496 496 495 496 505 510 515 516 523 532 530 538 538 539 540 547 552 560 567 574 576 577 578 579 587 593 594 603 611 611 615 620 621 628 634 637 639 645 647 649 657 666 670 667 666 675 674 675
 83 332 329 335 336 341 343 350 352 354 352 359 362 354 358 361 365 362 370 369 374 374 381 376 383 386 390 397 401 409 418 420 412 416 414 413 413 419 424 428 434 443 452 447 450 447 450 456 463 465 470 479 488 497 494 499 506 509 514 517 522 530 528 529 537 542 548 556 553 562 570 571 574 583 585 584 593 594 602 606 614 606 607 615 624 631 632 639 641 646 651 650 658 663 668 663 664 671 673 681
 89 330 322 331 337 332 341 346 354 354 346 351 359 351 358 352 356 359 361 363 369 367 372 373 376 381 384 388 396 404 410 412 403 409 405 406 410 414 419 425 432 438 445 444 442 444 450 459 467 471 472 481 479 488 489 493 499 504 512 518 522 525 522 531 532 541 549 555 561 562 570 575 580 584 586 585 594 600 598 604 607 605 613 620 625 634 633 641 635 641 644 648 657 664 667 660 661 669 670 679
 93 324 320 326 333 330 336 343 346 345 344 350 353 350 358 349 350 355 361 364 364 362 363 367 368 377 378 379 387 395 404 405 396 400 401 409 418 420 422 428 429 434 441 449 441 448 453 462 471 476 473 473 475 479 488 493 500 498 506 512 516 521 520 527 536 537 544 553 555 563 563 572 571 576 577 586 585 591 590 595 598 601 608 617 620 627 636 643 634 641 640 647 648 655 660 659 668 672 678 683
 94 324 317 324 326 325 332 339 342 336 337 346 355 349 349 345 346 352 352 361 363 358 361 370 373 378 386 382 388 395 402 399 395 397 405 403 410 417 426 423 431 427 435 440 439 442 451 460 462 469 474 469 476 477 484 493 494 495 503 505 512 514 518 526 528 537 541 544 553 561 561 570 570 578 580 578 576 583 586 591 600 609 613 617 625 634 634 642 633 637 639 645 651 650 651 651 659 664 669 674
100 321 316 317 322 323 332 333 338 334 328 337 346 346 344 341 337 345 344 353 354 357 366 372 370 375 381 386 388 392 394 396 389 390 397 398 401 410 418 422 424 421 426 433 436 445 451 452 453 462 465 467 476 479 480 486 493 494 501 507 507 516 522 528 533 537 545 551 558 558 558 564 568 576 572 569 575 577 582 591 599 606 613 615 617 626 632 634 627 628 635 637 643 649 654 650 652 659 668 676
109 312 309 315 315 324 329 324 331 333 327 329 337 339 335 337 334 337 339 346 355 357 363 368 369 372 373 378 381 383 385 387 388 396 395 400 394 403 409 414 415 418 419 428 429 438 444 451 455 461 458 466 472 478 484 493 489 498 499 500 505 514 516 523 529 531 540 542 549 549 550 555 559 568 574 566 575 584 590 593 597 603 612 621 612 621 623 625 626 631 634 641 634 641 646 642 647 653 659 668
118 303 302 309 311 317 322 323 323 324 326 331 339 332 331 335 331 338 344 350 351 354 358 366 367 367 370 371 372 374 382 382 389 387 389 392 392 394 403 410 418 420 423 427 430 436 444 445 454 454 457 462 470 479 479 485 484 489 490 491 498 507 507 516 522 524 533 539 540 547 548 556 564 572 570 564 569 575 582 584 593 599 603 612 611 615 620 616 618 627 633 632 633 633 642 638 643 650 652 660
122 294 299 302 305 312 316 324 319 326 332 337 337 335 326 326 330 331 335 342 344 353 357 357 364 366 364 370 379 377 377 379 380 380 383 388 390 398 407 415 417 421 424 433 427 433 440 442 451 449 451 454 463 470 475 476 482 486 493 500 500 501 506 513 522 531 532 531 540 541 541 550 557 566 564 561 570 576 578 586 587 596 603 604 602 611 617 615 617 626 627 631 638 630 634 635 644 652 656 661
127 291 295 301 301 306 308 315 317 324 325 331 334 332 323 322 328 322 327 335 344 353 360 351 355 360 363 361 370 369 376 373 378 375 384 388 397 403 402 406 408 414 415 424 425 427 431 439 448 447 452 453 457 466 475 481 482 491 494 500 507 509 507 515 524 525 526 530 537 538 539 541 550 558 559 560 561 569 577 579 584 593 594 603 601 603 612 607 611 619 626 634 634 626 635 629 637 643 652 653
132 286 289 298 293 298 307 316 321 322 327 323 331 328 323 316 321 319 325 334 340 347 352 343 350 354 354 359 366 366 367 367 375 374 376 385 393 399 396 400 407 413 418 422 426 431 432 433 441 443 451 458 462 470 477 486 488 495 502 494 498 507 513 514 523 526 529 538 546 542 541 550 558 560 565 563 568 571 577 578 584 593 599 595 597 595 604 604 607 615 617 626 625 625 626 627 636 639 648 652
133 285 283 290 290 298 307 310 319 317 321 315 322 319 319 315 314 317 321 330 335 339 343 341 344 345 352 352 357 363 360 365 372 367 376 382 388 390 391 392 401 404 411 414 419 426 434 434 435 443 452 461 464 467 476 479 488 496 499 491 494 502 504 508 517 519 522 530 538 539 540 547 556 562 563 556 565 567 572 580 587 587 590 586 588 591 597 598 607 610 619 626 621 624 628 636 637 641 643 648
141 287 280 286 284 293 302 303 310 315 323 314 316 316 311 320 313 318 321 325 326 331 337 333 335 341 343 351 352 354 356 357 365 366 372 381 390 399 400 399 408 412 412 421 428 427 436 437 437 446 453 457 460 468 473 481 487 491 490 489 497 500 508 515 511 510 519 525 533 540 533 542 550 554 554 548 556 565 570 575 578 583 590 583 587 589 598 607 600 602 611 619 618 620 628 631 640 643 652 651
142 286 278 277 279 288 295 296 303 307 316 311 308 315 309 313 312 309 318 321 327 322 330 331 329 338 344 353 361 361 365 364 373 375 378 387 392 401 401 402 411 417 419 423 429 434 438 439 446 453 461 465 461 462 468 473 479 484 489 485 494 496 505 506 507 508 515 522 524 531 532 535 544 546 546 547 554 562 566 567 571 575 582 580 589 595 591 598 595 597 605 613 614 618 625 632 641 642 651 654
151 287 279 270 274 282 289 287 296 305 310 303 301 306 306 307 308 306 309 314 318 320 321 327 328 336 342 346 355 358 367 365 370 371 379 388 397 403 403 403 412 420 424 430 436 443 444 446 455 456 459 466 468 462 463 470 475 476 480 481 490 499 501 510 509 511 513 522 523 530 523 532 537 540 541 548 555 556 558 559 565 566 573 579 584 591 590 591 592 600 606 609 611 619 626 634 643 651 653 653
155 278 276 267 268 277 280 286 293 299 302 305 300 303 298 307 309 305 314 315 323 325 329 329 330 331 340 349 352 359 368 368 374 380 385 390 393 400 407 405 411 415 421 429 437 439 442 451 454 457 450 459 463 460 467 476 476 484 489 490 493 501 506 510 511 514 521 524 532 530 522 524 533 538 540 546 553 560 564 565 564 569 578 573 577 582 584 593 591 599 607 610 619 627 635 640 642 642 648 644
162 269 271 266 272 274 283 289 297 291 294 297 292 298 289 298 302 303 312 321 321 318 321 327 335 336 344 350 356 359 361 362 367 376 385 385 394 400 407 411 417 423 426 431 429 430 438 445 445 448 449 456 457 459 468 477 481 488 496 498 494 494 497 502 511 518 521 518 523 525 518 525 531 532 534 543 551 552 559 560 557 564 570 565 571 573 580 585 587 592 598 604 613 621 630 637 640 638 643 640
171 262 268 265 268 265 274 283 291 288 285 288 291 289 288 296 305 304 313 320 314 317 318 327 336 338 345 346 353 357 363 363 370 377 379 384 386 394 401 408 411 415 420 423 420 428 429 437 443 452 451 460 462 468 476 477 480 482 487 491 487 487 493 497 506 511 513 513 514 516 517 522 523 532 533 539 548 557 558 558 555 563 561 564 569 573 574 583 591 598 604 606 611 615 622 629 631 635 640 638
176 255 261 263 261 264 269 278 283 280 284 291 282 291 287 292 300 301 310 311 313 320 325 334 340 340 345 349 355 361 362 370 371 375 384 393 395 395 403 409 414 419 427 418 415 424 433 438 441 443 450 457 454 460 469 471 475 482 488 482 478 486 490 493 499 503 505 512 513 510 512 517 526 529 532 535 544 553 559 553 553 561 560 568 571 573 582 588 589 598 607 612 617 623 620 621 626 627 635 637
180 249 252 254 255 256 261 269 278 277 276 284 277 284 285 294 300 309 313 309 312 318 324 329 334 337 345 351 356 365 369 373 373 374 377 386 395 404 406 407 413 414 421 412 412 419 427 436 433 441 443 451 452 460 462 463 472 473 480 481 474 483 490 491 500 501 505 504 504 502 503 512 519 521 524 533 538 545 551 544 545 552 557 563 567 568 574 583 591 596 600 605 608 617 613 621 626 635 638 630
184 240 243 248 254 261 265 273 270 275 271 278 275 283 286 290 299 308 305 308 314 323 328 337 337 346 347 347 352 361 362 366 375 383 378 385 390 398 399 403 405 413 414 406 407 414 419 427 430 438 443 443 451 453 455 456 463 467 471 472 473 474 483 486 491 496 500 498 499 501 503 507 512 513 522 530 531 540 545 543 548 546 549 558 562 570 573 582 590 587 596 597 603 609 605 612 619 626 635 628
193 233 240 240 246 252 260 269 262 268 270 271 273 281 284 291 295 304 303 308 312 316 324 333 337 343 349 346 355 352 360 362 371 375 377 384 389 398 404 412 406 413 412 405 414 414 418 418 427 429 434 439 448 457 461 463 470 474 471 476 482 483 485 492 492 494 496 497 506 510 510 513 514 521 522 531 540 538 538 539 540 545 554 550 559 563 571 576 585 586 592 598 594 601 602 611 612 617 626 627
201 225 231 239 248 248 257 260 261 263 264 273 280 285 288 291 293 301 302 307 309 318 318 325 328 334 343 345 348 351 359 364 369 376 383 391 389 396 404 406 397 406 410 402 407 413 413 415 423 427 436 441 449 452 453 459 463 466 468 472 479 485 494 494 501 501 498 499 500 502 503 506 514 516 521 529 531 529 537 544 541 542 548 549 557 561 565 570 579 586 583 589 590 599 607 611 619 625 632 636
206 213 226 231 239 246 253 256 257 264 265 274 278 283 288 295 296 298 305 311 310 313 315 324 326 333 340 342 345 353 360 369 377 375 378 382 385 390 397 403 395 399 405 399 400 408 412 420 422 430 433 434 443 451 459 460 468 465 470 475 479 488 496 496 504 501 500 501 509 504 512 507 514 520 520 527 522 523 530 538 542 549 551 552 561 565 572 575 583 578 580 586 590 599 604 605 613 622 631 635
214 216 220 222 231 237 246 255 258 264 269 271 280 284 287 289 291 299 307 316 314 320 321 326 335 332 333 342 348 356 360 361 368 373 375 376 377 386 391 395 394 396 398 397 404 405 413 419 426 433 437 435 441 450 458 459 463 464 470 479 487 493 493 499 502 501 506 509 517 513 513 508 509 511 518 519 521 526 535 540 547 550 551 555 558 560 564 573 576 577 586 593 591 600 607 607 609 618 623 626
219 223 223 224 232 241 243 249 258 265 270 278 286 290 292 290 294 300 308 312 308 314 318 325 330 331 337 345 346 351 353 361 368 377 377 378 378 384 387 386 388 391 392 396 398 407 412 420 422 431 440 439 440 441 450 453 454 463 465 474 478 487 484 492 500 498 499 508 510 518 521 513 518 519 526 523 530 535 536 540 546 547 554 560 565 569 570 579 579 584 593 597 596 604 605 613 610 614 623 632
225 224 231 227 234 241 242 251 257 260 268 269 277 282 284 292 297 293 302 303 307 313 320 321 329 332 337 343 348 357 360 363 369 373 380 383 387 387 384 385 393 393 399 404 407 415 421 415 423 426 432 430 431 434 443 445 454 458 459 466 475 480 479 488 491 492 493 500 503 512 520 522 518 520 522 530 537 542 542 547 547 550 558 560 564 573 579 586 585 593 596 605 602 608 614 622 618 616 618 625
232 225 226 234 238 243 251 256 263 269 275 271 277 283 286 295 290 291 299 306 308 316 323 329 328 333 332 338 344 353 362 367 372 380 388 387 380 378 383 387 395 394 396 397 399 407 416 410 417 420 423 426 429 437 444 448 457 461 467 467 469 474 477 486 487 493 502 509 504 506 514 515 516 525 524 529 536 542 548 556 552 559 563 569 570 579 587 591 592 598 605 614 611 617 622 625 621 617 618 627
241 232 235 243 240 249 257 261 257 265 270 273 282 283 284 288 289 291 293 301 307 315 319 322 325 328 330 339 343 349 357 358 367 374 379 378 377 374 380 389 396 400 403 399 403 405 407 408 409 414 416 425 429 434 435 442 448 457 463 472 473 481 478 486 492 495 504 507 506 514 511 506 509 518 521 529 530 534 543 550 554 561 566 571 572 581 589 592 599 599 606 607 614 622 628 630 629 626 625 634
250 241 236 237 239 244 249 255 256 264 273 275 281 289 289 290 292 297 302 308 316 319 320 321 330 334 335 340 347 348 350 352 360 367 373 381 372 373 382 385 394 403 397 406 411 406 415 416 417 415 416 418 425 434 435 444 453 456 462 469 472 480 481 482 491 491 498 500 507 514 506 505 513 522 525 533 536 542 547 556 555 560 567 574 580 577 586 590 596 601 610 611 620 629 637 639 632 635 627 631
244 239 238 244 246 245 254 262 263 271 279 281 284 288 296 295 300 305 309 317 323 328 328 323 332 334 340 348 356 349 350 352 361 362 366 372 367 376 384 386 393 395 396 403 404 407 414 415 424 420 421 420 422 430 437 445 447 448 454 463 465 473 480 483 492 489 497 505 500 505 502 504 513 519 526 531 540 548 555 552 552 553 561 565 574 575 584 593 601 610 619 615 624 633 638 646 641 639 635 632
245 246 247 250 250 250 257 265 271 280 285 287 292 291 300 299 302 306 312 314 321 328 329 329 337 343 341 345 353 350 356 353 354 359 363 364 366 373 377 386 394 393 399 405 412 416 416 424 425 428 422 426 423 430 434 442 446 447 453 459 466 470 473 474 483 486 495 496 498 500 501 509 512 519 528 529 538 545 546 547 550 554 563 568 570 579 588 589 595 603 610 619 625 628 635 639 638 638 640 638
250 251 254 259 259 259 266 268 276 285 288 283 289 294 299 306 303 311 320 319 328 333 333 338 340 346 345 349 355 359 362 360 363 365 365 371 372 376 379 380 385 387 390 396 405 414 423 432 434 428 423 431 430 431 432 434 442 451 459 467 467 471 476 480 486 495 502 500 506 508 510 517 520 528 537 535 544 551 552 555 559 555 564 565 574 579 588 597 601 609 618 614 622 627 634 635 636 637 645 643
259 260 255 264 268 268 272 269 279 278 279 281 291 292 299 296 297 302 312 321 330 329 336 344 349 348 350 358 363 366 366 364 367 373 373 378 376 383 388 389 393 389 391 399 408 413 415 424 425 430 432 435 435 436 437 441 448 456 460 464 473 480 477 483 492 496 499 506 513 509 517 519 524 526 534 543 552 555 561 562 558 557 565 574 583 583 592 601 609 614 609 611 617 618 625 633 642 646 653 645
264 262 263 272 269 277 278 272 273 277 286 285 287 289 294 295 303 311 318 322 323 324 330 336 341 350 353 362 371 370 367 373 375 374 374 383 382 391 392 393 398 391 399 408 409 417 417 426 432 433 433 442 442 445 446 448 457 465 469 469 475 480 479 486 491 497 505 510 508 509 512 515 524 531 540 547 548 557 565 566 560 563 564 569 575 578 587 596 600 606 607 616 625 625 631 638 639 647 646 653
265 269 271 279 272 276 277 279 275 276 277 283 292 293 296 300 306 313 322 324 329 327 336 343 345 348 351 353 362 370 376 379 383 381 377 385 391 398 396 394 403 400 406 407 408 413 422 431 427 433 442 451 449 449 448 453 455 462 468 469 478 486 486 490 498 499 505 506 507 512 521 523 532 535 540 541 550 555 561 562 567 564 572 577 584 587 588 593 596 601 610 619 620 627 635 642 640 648 644 653
266 275 272 278 279 277 285 288 284 284 284 286 295 302 303 308 315 318 323 329 331 335 340 349 346 354 356 357 367 374 376 382 383 384 384 393 396 403 398 402 406 402 403 411 415 421 424 425 426 435 441 444 447 448 450 455 464 466 471 478 487 490 495 499 502 507 514 513 515 520 522 531 532 536 537 545 551 558 566 571 569 570 576 581 585 594 596 594 599 604 609 614 615 624 630 637 643 646 640 649
273 282 277 281 288 280 282 290 287 290 285 288 297 306 309 315 321 319 321 322 331 337 339 346 351 358 365 361 365 366 369 372 373 375 384 385 394 402 399 401 403 411 412 414 417 424 433 426 433 442 448 452 453 450 459 462 470 475 478 485 490 496 496 500 505 513 522 521 516 522 530 532 540 543 545 552 553 555 563 564 565 572 580 588 589 590 592 597 598 604 612 618 624 633 630 631 634 637 638 643
280 281 286 290 294 289 285 294 292 292 289 295 299 307 310 316 320 320 324 327 336 342 343 351 353 362 370 370 370 369 375 380 378 384 388 386 394 400 408 403 405 406 408 417 418 427 434 427 428 433 441 450 459 451 459 468 477 480 485 486 487 494 498 498 499 504 513 514 519 522 531 539 545 548 551 553 557 559 567 569 570 571 573 581 582 590 593 596 605 610 611 618 623 626 629 628 635 644 643 646
289 290 295 294 295 298 293 302 293 296 298 296 305 308 315 324 329 329 332 334 340 343 349 357 354 357 365 372 377 375 381 382 383 392 391 395 397 400 406 411 413 411 416 417 425 433 441 436 436 441 449 456 456 455 461 466 470 471 480 487 488 489 497 496 504 513 520 522 528 523 526 532 540 545 550 555 556 565 574 573 578 573 582 589 588 595 596 598 599 601 602 611 614 617 624 625 634 643 650 655
298 299 304 303 303 300 296 301 300 305 307 304 313 309 313 322 324 333 335 335 338 339 346 355 363 365 370 373 381 378 386 388 385 394 400 396 403 401 406 414 414 415 420 426 433 441 442 442 445 445 447 456 464 463 467 474 478 480 489 488 489 490 492 494 502 505 513 517 524 531 531 538 543 550 559 564 559 568 570 571 579 574 576 580 585 594 596 602 600 609 610 618 623 626 633 630 636 637 646 653
300 308 309 306 310 301 297 303 309 306 306 305 307 313 314 323 332 339 344 344 344 346 350 354 360 361 370 376 382 385 392 390 390 392 393 402 408 409 412 421 423 424 429 430 438 442 447 450 453 448 450 454 463 467 473 480 483 489 491 489 491 499 501 498 499 508 514 516 525 529 532 534 541 548 551 560 564 570 576 579 582 582 585 583 584 588 594 601 605 609 613 615 618 619 628 637 645 641 645 649
308 316 313 310 307 303 304 311 310 314 314 307 309 314 318 323 332 337 342 351 346 354 352 359 368 363 372 378 380 384 389 398 397 401 394 398 399 406 415 423 428 425 433 437 438 439 446 447 450 451 459 462 466 469 471 477 478 486 491 498 500 500 502 503 506 513 517 522 523 532 540 543 548 551 554 555 560 569 578 579 588 583 586 584 592 597 602 608 614 614 622 618 622 628 633 634 639 648 647 656
309 312 321 319 312 308 313 313 317 316 317 308 309 312 319 322 331 338 340 344 350 359 356 365 372 372 381 383 389 388 397 404 401 401 400 407 408 415 419 421 427 430 435 437 446 448 455 456 455 455 463 468 475 478 479 486 485 490 491 500 509 508 504 506 515 514 516 522 529 538 539 544 553 552 553 554 563 572 581 587 588 590 590 591 594 603 605 606 614 623 631 627 626 629 631 633 641 643 652 661
312 321 330 327 319 316 316 321 320 324 321 312 310 317 323 327 328 333 340 346 354 358 363 370 375 375 383 384 392 391 395 404 410 406 407 410 409 413 420 419 420 424 425 435 438 444 446 448 457 456 459 467 474 479 481 487 488 492 500 502 506 514 512 515 517 523 525 524 527 535 544 550 551 554 554 563 572 574 575 581 589 597 591 597 601 609 614 613 618 626 631 631 633 631 633 638 646 652 661 670
321 328 336 331 326 325 319 327 324 328 321 320 311 316 324 333 337 341 340 346 349 355 364 371 377 380 388 392 399 397 404 413 415 407 408 412 411 412 416 417 418 427 427 428 429 439 447 455 458 465 463 471 480 486 488 495 497 497 503 508 508 511 517 524 526 531 533 526 534 541 542 550 558 560 555 557 563 570 578 587 595 594 598 602 610 616 621 622 627 630 637 636 637 637 642 646 654 659 666 669
328 337 344 339 331 323 320 321 330 332 328 319 312 316 321 328 334 337 338 346 352 358 367 375 370 379 382 387 390 398 404 413 413 410 415 413 413 419 424 421 423 429 434 437 436 438 445 450 459 465 464 472 475 483 484 491 498 501 506 509 512 512 517 523 527 527 532 528 534 543 548 557 559 568 563 566 571 574 582 586 587 591 597 599 606 615 621 624 625 633 642 643 644 641 646 648 656 663 672 677
333 342 348 344 338 329 323 330 338 334 332 325 321 321 323 328 331 340 347 349 350 359 360 367 368 377 378 379 381 390 397 405 408 412 419 421 420 426 428 427 431 435 442 445 440 441 447 456 465 474 473 477 477 478 482 490 493 502 503 507 507 509 517 524 524 526 528 529 537 538 547 556 564 568 570 572 574 582 583 585 586 588 595 604 606 610 617 625 628 629 637 642 646 649 647 655 663 671 678 684
339 346 351 342 341 334 326 327 329 338 330 323 322 326 327 335 336 343 345 354 359 368 361 366 375 378 386 380 387 388 397 403 411 420 425 428 428 432 436 435 436 436 438 443 449 442 448 457 466 474 482 480 483 487 491 491 498 502 503 504 506 513 514 517 523 528 530 538 546 547 555 558 559 564 573 581 578 580 582 591 592 589 598 602 605 610 619 625 631 630 635 641 648 645 649 658 658 664 673 678
342 350 343 342 340 338 332 335 337 333 328 326 323 328 330 336 344 350 347 350 358 366 362 366 368 377 385 386 388 396 405 412 414 421 429 432 434 441 438 440 442 443 439 444 453 450 456 463 465 471 478 480 488 492 493 500 504 503 510 507 510 511 515 518 525 527 532 533 541 547 552 556 560 569 570 579 582 581 588 590 599 593 594 596 605 609 618 627 628 629 632 641 640 643 649 653 657 666 674 681
346 354 350 351 347 342 333 342 346 339 331 332 331 332 338 341 344 352 353 356 365 366 368 375 376 379 388 395 396 400 402 411 413 421 430 428 435 441 439 447 447 445 446 452 453 458 463 469 468 470 479 484 493 501 494 496 497 500 506 515 511 519 522 525 533 528 536 542 548 556 553 555 562 565 574 583 588 582 585 591 599 600 602 605 613 610 617 625 634 634 632 634 637 642 650 654 663 666 671 680
352 361 359 359 353 349 342 350 341 334 333 335 335 341 339 348 348 357 362 363 369 373 372 376 377 385 389 391 392 393 402 403 406 415 423 424 429 432 441 447 448 446 455 460 462 467 470 478 469 474 483 492 501 498 495 504 504 501 510 513 513 521 530 529 538 537 542 543 545 554 560 559 560 563 569 578 580 588 592 595 597 604 610 614 622 615 616 620 628 630 631 640 646 643 650 654 656 663 664 672
353 362 366 360 360 351 348 346 339 337 337 337 343 346 346 348 350 358 359 363 372 378 377 384 386 394 393 393 394 400 406 412 414 423 427 432 437 441 442 450 456 450 459 465 463 472 478 486 476 482 491 494 498 498 502 503 511 509 515 521 519 524 533 536 538 542 544 551 550 552 560 561 563 572 571 573 582 591 598 604 598 606 607 610 619 619 619 628 635 633 635 641 647 644 653 661 664 666 673 674
361 370 369 368 359 358 355 348 340 344 340 341 347 347 355 349 351 355 357 365 372 381 384 385 386 390 397 401 402 409 415 413 420 424 432 438 445 448 444 447 456 456 457 465 466 471 477 484 481 484 492 497 495 496 505 510 514 518 519 520 527 526 527 530 537 541 550 549 550 559 568 562 568 575 575 579 588 590 594 597 605 606 614 614 618 623 624 627 634 642 639 643 644 652 654 660 661 670 672 681
370 379 370 367 363 357 356 351 344 353 345 344 353 354 362 357 358 363 365 374 380 384 385 388 387 395 404 409 410 418 418 422 424 433 436 437 441 442 448 448 451 455 463 466 472 480 478 480 488 486 487 490 491 497 504 505 506 508 509 519 525 532 533 535 541 546 547 548 554 556 563 567 571 572 574 583 592 595 602 605 604 605 611 619 620 621 630 628 637 643 648 646 652 657 663 661 663 664 671 678
379 379 377 368 366 366 363 354 348 351 348 353 358 355 361 366 367 372 367 368 376 385 394 397 395 403 412 417 419 424 427 426 429 430 435 439 440 444 446 447 456 458 460 469 470 478 482 484 490 490 496 493 494 497 505 514 514 516 510 511 516 525 530 531 532 537 544 548 554 563 572 569 577 580 577 580 584 586 594 598 602 607 611 616 618 627 633 637 641 648 649 654 653 660 661 664 664 669 676 683
388 382 384 375 368 369 366 361 352 356 352 357 366 363 368 370 370 378 369 373 382 383 391 392 396 397 406 415 421 426 431 430 432 438 444 445 445 453 450 450 454 462 467 476 474 475 484 488 489 498 496 495 503 498 506 512 518 524 516 512 518 519 523 533 537 546 552 550 559 563 569 570 578 584 584 581 586 594 601 607 611 611 617 623 627 629 634 639 646 653 650 656 662 668 666 665 665 671 673 679
392 391 390 384 377 376 368 361 357 358 357 358 367 372 377 373 378 375 371 379 388 387 393 398 403 405 413 416 425 426 434 431 437 445 452 447 452 459 457 458 459 467 473 477 476 484 491 493 498 503 505 503 503 500 506 515 524 526 519 519 527 527 528 531 537 540 547 548 554 559 566 575 576 581 590 590 587 591 592 598 603 611 615 624 633 637 643 640 648 655 659 660 663 671 674 674 672 680 679 680
400 400 399 390 386 385 377 370 361 359 366 359 361 370 375 381 387 384 379 381 382 391 394 403 404 413 417 417 422 431 440 439 442 446 455 453 454 462 464 464 465 474 481 485 484 493 493 494 500 509 509 512 505 501 510 516 518 520 521 522 530 535 536 538 545 547 553 557 556 565 570 576 585 590 591 599 592 599 599 601 608 613 621 629 635 643 651 646 647 655 659 667 669 677 681 683 680 689 688 684
403 395 394 390 387 390 381 372 367 368 363 362 365 366 371 372 381 383 385 389 391 393 397 405 407 416 418 423 430 439 441 444 444 445 453 461 463 464 467 473 468 469 478 485 493 494 502 495 496 503 512 518 514 508 517 525 523 526 522 528 535 541 544 545 554 549 558 562 557 565 573 582 590 598 599 608 599 608 600 603 611 618 623 624 632 641 642 644 653 659 667 676 676 677 684 691 682 687 696 688
411 402 401 393 385 384 382 374 371 367 366 371 366 375 373 381 388 386 393 395 400 394 403 411 414 421 425 431 438 446 450 450 453 447 450 454 460 462 470 471 469 470 475 476 484 492 498 504 503 507 515 516 523 517 526 531 528 535 530 536 544 547 551 553 561 556 565 567 564 572 580 582 582 591 597 601 599 602 606 612 615 616 623 629 630 632 639 647 655 663 671 673 681 678 685 686 691 695 696 697
418 409 401 401 393 390 381 374 373 369 371 380 375 382 375 376 379 386 387 390 393 401 405 412 414 418 427 433 442 451 455 459 451 449 450 457 466 467 474 475 475 471 474 478 481 488 496 501 503 512 513 517 519 518 526 534 532 541 534 535 543 548 552 554 563 561 565 566 566 575 583 580 581 583 591 592 596 605 613 614 615 618 626 632 634 635 644 652 653 660 668 676 678 680 686 694 692 701 705 703
411 408 399 399 390 381 380 379 379 375 373 381 383 380 378 381 386 392 396 392 396 398 407 410 416 424 425 432 439 448 453 456 459 450 451 453 459 468 475 484 484 480 483 480 488 496 501 504 510 511 520 525 528 525 534 537 537 542 543 538 545 552 555 559 567 570 573 570 569 571 573 577 580 581 590 594 604 607 612 616 616 621 630 637 643 640 649 656 662 668 673 679 681 689 694 695 698 701 705 711
403 399 396 394 393 385 387 380 380 381 382 389 384 385 382 389 393 401 403 394 395 398 406 407 408 415 418 427 431 440 449 450 451 453 460 462 468 475 482 491 490 489 491 489 497 505 510 506 512 514 515 524 525 528 537 541 542 547 550 546 553 561 563 568 576 577 575 573 571 577 581 585 589 590 596 598 608 615 619 624 625 625 630 638 646 649 657 659 666 670 674 683 680 680 688 694 695 696 700 708
412 405 405 402 395 393 385 381 387 385 386 388 393 393 390 397 394 395 404 403 399 406 411 416 409 418 426 431 438 444 445 452 458 460 458 466 475 474 478 485 489 498 499 496 503 504 509 507 514 523 522 526 527 536 537 539 547 556 559 553 561 567 572 577 577 584 581 581 574 583 589 586 592 599 603 600 610 618 626 624 626 633 630 638 646 655 657 660 662 665 665 674 671 672 679 688 692 696 703 709
416 408 408 404 395 391 390 390 395 386 391 395 398 399 394 403 395 404 410 412 407 408 413 420 417 420 427 433 440 445 448 446 449 454 456 460 469 471 477 478 486 495 500 497 502 510 511 516 523 532 524 533 529 534 540 546 552 560 560 560 569 569 574 577 584 592 587 585 577 586 594 588 591 598 602 604 608 613 621 621 623 624 627 636 641 648 653 660 668 664 657 666 670 672 681 690 699 703 703 712
419 412 409 412 404 400 399 399 396 395 398 402 406 400 403 399 396 404 412 413 415 410 419 422 420 425 426 431 435 436 440 444 452 461 459 460 467 471 476 477 486 495 501 499 502 511 517 519 522 531 533 542 538 535 543 550 551 552 554 558 562 569 577 578 587 593 588 584 580 584 592 596 592 598 606 611 609 611 612 615 617 626 633 637 638 645 644 652 659 660 655 664 667 676 682 686 695 699 700 709
426 420 417 419 410 405 408 406 405 398 399 408 413 406 412 406 405 406 411 418 424 419 428 423 425 433 435 434 443 445 445 453 456 464 468 466 475 480 483 486 489 490 499 502 509 517 525 522 530 537 540 547 540 544 546 551 555 555 562 566 565 571 580 587 591 598 595 590 581 590 592 597 594 603 610 617 611 613 620 622 620 625 626 633 635 639 643 645 650 651 652 661 666 669 676 685 690 691 699 701
434 429 426 428 419 412 410 407 408 399 408 411 419 411 418 409 414 408 417 419 428 420 422 429 428 437 438 435 437 441 450 459 461 465 474 473 480 487 487 493 498 499 506 507 514 519 523 526 530 539 541 546 542 551 547 556 563 557 564 573 570 578 584 593 592 599 594 593 585 594 601 605 598 605 609 609 618 621 628 623 625 630 632 641 642 641 645 646 654 654 655 664 666 675 684 688 693 699 705 702
442 436 430 421 420 419 417 408 410 402 411 417 423 420 420 411 417 411 418 423 431 429 431 438 435 441 447 444 440 449 452 454 463 464 473 481 488 494 493 494 496 504 511 510 514 521 523 529 538 547 542 551 551 560 552 560 565 566 569 578 576 580 586 593 601 593 600 594 593 600 608 606 600 601 602 607 616 624 631 626 629 633 636 644 649 642 649 655 661 657 663 664 672 680 681 690 699 700 705 708
439 432 423 422 427 427 418 409 417 409 416 420 426 423 429 420 420 417 424 425 428 429 435 441 437 438 442 450 442 451 453 462 468 469 478 486 487 496 502 500 505 513 518 519 516 518 524 533 539 546 543 544 546 554 553 555 561 562 570 576 577 571 580 587 592 585 594 600 602 609 617 608 605 608 606 610 618 622 629 632 638 641 644 649 646 644 646 651 653 660 663 669 676 679 686 695 704 707 714 717
439 430 429 430 434 425 420 411 418 418 424 429 430 425 432 427 429 426 425 426 429 430 438 447 445 440 449 447 444 445 448 455 464 470 475 484 487 491 498 505 506 514 518 519 517 522 525 534 536 538 546 553 547 556 560 556 559 562 566 568 569 570 574 583 589 584 592 599 602 610 617 615 614 612 609 612 620 628 634 641 644 650 651 658 654 649 653 660 660 666 666 667 676 683 692 700 707 708 717 724
445 436 438 435 435 426 426 420 419 427 425 428 435 426 435 436 437 435 434 435 430 438 444 453 446 441 449 451 453 447 456 464 471 471 475 481 482 489 492 497 504 513 521 522 525 530 534 542 537 545 546 551 555 563 566 564 564 566 574 573 573 571 579 580 581 583 588 594 595 601 610 618 622 621 617 620 623 627 636 640 641 645 651 660 655 650 653 660 663 668 672 674 675 684 692 694 700 707 710 715
442 439 441 442 436 435 428 421 425 427 430 430 433 434 441 439 443 440 435 435 433 434 436 445 454 450 454 459 455 456 464 468 477 480 482 483 488 493 494 498 507 514 518 521 530 538 537 546 544 550 555 560 558 564 570 572 565 573 581 575 582 580 584 587 588 585 586 592 601 604 608 611 617 620 619 623 624 626 631 633 642 650 657 658 657 657 656 657 661 666 668 677 682 686 687 695 697 706 714 718
451 443 448 451 445 444 437 430 431 432 438 438 434 437 446 440 445 442 440 443 434 443 444 453 461 457 455 464 457 463 472 477 486 489 487 491 493 498 503 499 504 510 511 520 525 532 536 545 547 548 551 556 564 565 567 573 574 580 589 580 587 588 591 593 597 593 595 601 609 612 613 618 622 626 621 630 626 633 632 641 647 651 654 663 663 665 660 665 662 670 677 686 685 686 695 701 699 704 706 709
452 451 457 452 453 449 440 436 432 437 441 439 437 438 446 448 452 444 443 451 442 443 444 453 459 458 462 471 462 471 472 481 489 498 494 492 501 504 503 502 503 509 518 525 534 541 541 549 555 549 550 559 565 574 574 580 581 581 589 588 593 591 593 602 601 594 600 603 604 605 606 612 620 621 629 633 635 635 641 643 649 654 658 659 661 669 669 669 663 667 669 678 679 688 694 695 699 700 709 717
458 456 464 459 451 448 442 440 439 438 446 447 444 444 451 457 457 453 445 454 448 452 453 454 458 462 466 467 464 473 477 486 491 500 499 493 499 506 512 509 509 515 523 530 534 543 547 549 558 553 559 561 568 573 577 580 585 583 587 590 595 599 599 602 605 596 605 611 613 609 611 613 618 625 627 636 643 644 644 644 646 655 664 660 667 674 675 671 667 673 675 676 678 679 685 693 694 699 707 711
467 465 465 457 453 444 443 448 447 443 444 445 450 449 455 464 461 452 451 460 455 461 462 459 467 465 466 467 467 475 480 489 495 496 505 498 505 514 511 510 518 516 521 530 539 545 554 557 566 561 567 570 576 582 586 586 594 592 593 591 596 603 608 608 607 598 600 604 609 614 619 616 620 621 624 631 640 641 646 645 649 650 657 665 673 679 683 674 672 676 683 682 687 681 688 694 699 698 699 702
474 465 457 456 447 446 451 452 448 451 449 447 456 450 458 459 468 461 456 459 456 460 469 463 471 466 474 475 475 476 478 486 489 495 504 507 514 518 520 513 517 525 529 538 547 554 561 564 565 563 565 574 577 585 586 594 601 601 598 599 605 607 613 609 611 607 601 608 612 616 617 625 628 628 633 638 647 649 647 649 657 652 655 657 665 674 674 683 678 683 689 691 692 683 684 685 690 696 704 703
471 464 457 456 448 452 460 456 457 455 458 456 461 453 460 460 465 468 459 463 458 467 476 470 479 473 482 477 479 483 484 492 491 497 506 510 519 519 524 518 524 532 535 543 552 557 566 573 572 568 572 581 585 590 593 596 602 609 601 600 609 616 618 618 614 606 604 612 619 622 625 631 636 637 641 643 647 648 656 654 662 653 656 657 665 667 670 678 686 684 689 690 689 686 690 688 698 698 702 710
476 470 461 457 457 455 457 457 466 457 463 465 463 454 463 469 468 467 460 467 466 469 476 475 480 479 486 481 482 487 489 498 500 506 507 516 519 528 529 525 533 537 542 544 551 552 561 570 577 576 573 582 590 591 596 603 608 617 609 603 609 618 627 627 618 611 610 618 622 631 633 638 645 638 646 646 647 650 659 655 664 661 665 666 674 671 679 687 693 692 690 698 694 693 698 694 697 699 708 715
476 468 462 465 463 462 459 462 465 458 462 471 466 463 472 470 470 476 469 472 472 478 485 479 486 480 489 486 491 489 491 498 505 510 512 515 524 531 531 534 539 544 545 545 551 555 562 571 575 582 574 582 591 600 600 603 608 615 618 612 618 625 630 629 627 619 619 624 630 639 634 643 648 644 651 652 653 651 660 660 669 669 674 675 680 672 681 689 698 701 698 704 695 698 701 701 704 700 701 705
478 471 471 472 471 468 468 469 460 459 467 470 473 464 469 474 478 477 476 474 474 476 482 487 486 485 486 495 499 496 500 499 507 515 521 517 526 527 535 532 541 545 554 550 555 564 568 570 578 582 581 587 591 592 601 610 609 610 616 617 624 633 639 632 626 623 625 632 639 642 640 649 653 645 652 660 655 654 657 658 665 668 677 684 687 680 687 691 700 707 706 708 700 706 706 705 710 702 709 711
481 475 476 480 472 476 475 473 466 464 471 471 480 473 478 483 487 483 481 480 482 478 486 494 495 486 494 495 503 501 508 505 512 518 525 518 525 530 538 531 532 541 550 559 564 561 561 566 572 573 574 578 582 584 593 602 611 619 621 626 625 634 639 640 634 626 634 641 643 644 648 651 659 653 658 663 664 655 663 667 669 677 683 689 690 682 691 700 704 712 715 712 707 713 712 714 718 711 715 712
484 484 478 481 477 484 476 474 473 473 473 480 482 475 484 491 496 491 482 481 484 481 489 491 500 493 494 502 505 510 517 514 514 523 530 522 524 526 529 530 532 536 544 552 558 559 560 562 571 579 580 587 590 593 596 604 611 620 628 627 633 642 643 645 640 634 643 649 650 645 650 657 660 658 661 662 666 663 671 676 678 678 686 687 691 683 690 697 705 706 713 720 713 714 721 723 722 718 723 721
