  0 331 325 330 333 329 338 340 343 351 350 346 344 352 356 355 349 350 354 353 356 365 373 373 382 380 380 385 388 389 393 390 391 400 401 407 407 414 415 416 424 427 436 437 443 443 447 449 457 461 464 466 475 484 482 490 490 497 500 505 514 506 508 516 525 523 527 535 536 542 551 560 567 569 576 578 581 579 584 579 584 592 596 604 606 615 623 632 629 635 641 642 643 649 657 663 664 660 666 675
  8 324 323 324 324 328 329 336 341 342 345 337 342 343 347 354 348 351 349 350 353 359 364 372 380 378 376 378 384 392 384 386 390 397 398 407 406 412 418 425 425 426 432 436 444 439 442 444 449 453 455 461 469 476 476 483 486 489 491 499 508 500 508 517 521 520 527 530 538 546 554 553 558 561 568 573 573 570 579 576 578 587 596 600 608 617 622 630 627 634 632 638 645 645 654 654 655 656 665 672
 16 316 314 323 321 330 322 328 333 335 337 335 333 336 341 347 340 343 344 351 360 366 373 367 371 373 372 378 381 385 379 383 391 398 407 412 405 410 410 418 425 431 423 428 435 433 441 447 455 453 457 466 467 469 474 482 485 484 491 498 506 498 506 509 513 518 525 527 533 539 548 550 558 558 559 567 568 569 570 574 577 586 595 596 603 612 613 622 618 625 630 635 636 644 645 648 655 656 657 663
 17 320 313 315 316 321 319 320 324 332 334 329 331 332 334 340 338 343 345 354 359 359 364 359 365 366 371 373 374 376 378 387 395 400 409 403 403 404 409 410 416 422 420 422 431 430 438 443 446 452 457 457 461 468 474 477 478 482 490 489 497 497 498 504 513 517 524 526 534 543 543 552 554 554 563 563 572 569 575 578 586 590 588 589 595 604 606 615 614 616 621 629 632 635 639 643 651 660 661 669
 26 320 312 309 315 316 318 325 330 329 325 326 334 335 333 331 335 344 348 349 357 352 355 355 358 362 362 364 366 369 374 383 390 391 400 397 396 405 410 402 411 413 414 421 422 429 438 443 451 456 462 454 456 465 467 474 483 484 484 486 492 491 499 508 510 514 521 526 530 538 535 543 545 553 555 556 565 566 568 569 578 586 587 590 596 598 606 607 608 612 619 621 623 632 638 646 650 659 666 669
 28 314 305 303 306 307 316 325 324 320 318 320 329 326 324 330 338 338 343 343 351 348 354 353 357 363 361 366 365 366 371 374 381 390 391 398 393 398 404 399 404 407 413 421 422 428 431 437 443 448 455 451 459 460 469 473 475 479 480 483 487 490 494 499 508 510 514 518 527 529 534 535 544 550 558 556 565 574 574 577 578 587 594 591 600 599 607 612 617 621 621 627 624 629 635 638 647 656 658 660
 29 306 297 297 302 306 315 321 316 318 309 316 321 317 318 324 331 332 334 341 343 339 346 350 348 355 359 361 362 369 377 371 378 385 392 389 391 392 395 396 403 404 412 416 420 428 429 432 439 441 450 449 453 458 460 466 468 473 482 485 486 489 494 503 511 518 517 521 525 526 527 534 541 542 550 555 559 565 572 576 578 581 586 594 603 608 616 620 619 626 628 629 628 636 642 639 641 649 653 652
 33 299 293 296 305 308 312 315 308 316 308 313 319 316 324 324 330 325 334 337 340 337 345 352 347 346 351 352 360 365 369 370 374 381 384 388 397 400 402 399 408 412 420 425 421 424 426 430 436 445 447 448 456 465 462 466 469 471 477 480 482 484 486 495 503 512 519 518 521 527 536 542 550 543 552 552 553 558 567 569 570 578 583 589 598 604 612 621 625 633 629 634 637 641 645 641 649 646 646 649
 41 293 292 294 298 299 304 307 306 314 306 306 315 315 318 323 322 324 332 328 333 335 343 345 349 343 347 354 363 372 368 368 372 376 383 392 389 394 401 408 414 411 414 416 419 428 432 439 442 444 443 446 451 458 465 471 478 479 485 489 485 491 489 498 507 513 515 517 524 526 534 543 545 545 548 550 553 557 558 561 568 576 582 587 592 601 609 612 616 624 621 630 633 637 644 646 649 645 637 645
 42 285 289 286 291 294 303 301 300 309 302 303 308 314 320 329 321 317 326 327 335 331 340 347 340 342 346 355 362 366 359 367 372 375 381 389 382 388 396 405 407 407 415 417 421 423 432 441 439 441 440 449 451 458 466 474 478 480 484 485 485 494 495 500 500 508 512 518 518 526 527 534 539 547 553 550 551 560 567 565 574 575 584 588 593 597 603 611 613 615 615 623 632 628 636 638 640 643 636 642
 51 280 287 279 287 289 295 295 297 303 301 307 308 306 312 321 321 312 317 319 326 330 336 339 338 347 347 351 353 360 358 363 365 372 373 380 380 384 391 400 404 406 413 421 428 425 428 432 434 434 439 447 448 453 458 467 470 472 475 476 479 486 492 493 494 500 506 509 515 518 526 528 534 543 544 548 554 563 569 570 578 583 575 579 588 594 600 604 605 613 614 615 624 627 628 630 633 634 635 643
 56 275 284 278 286 294 287 294 295 296 294 298 299 302 303 312 315 310 319 320 329 325 332 340 336 345 350 353 362 357 356 362 361 370 378 382 378 381 388 392 395 397 405 412 420 419 419 423 425 433 441 449 449 458 459 467 469 476 477 483 488 493 497 498 497 504 510 505 508 513 517 526 532 541 539 547 556 560 561 570 574 574 573 576 584 589 597 596 596 605 606 614 615 619 628 629 637 643 643 646
 58 272 275 277 279 285 279 288 295 291 292 299 304 298 304 305 306 307 316 319 320 324 326 333 335 336 344 353 362 359 352 354 360 363 370 379 377 379 388 390 393 395 399 406 414 411 412 415 424 429 433 442 449 453 458 461 464 468 472 481 490 495 497 506 501 506 505 500 508 517 523 517 526 533 534 540 547 552 561 565 574 569 571 574 577 584 592 591 594 599 603 610 616 622 629 637 632 641 649 655
 66 268 270 275 273 276 274 282 286 290 298 296 296 289 298 305 310 316 320 321 329 327 332 333 342 345 351 345 354 350 351 359 368 371 366 370 376 382 385 389 398 402 407 407 408 410 419 424 423 429 438 444 445 446 455 455 456 461 468 476 482 490 495 503 494 498 497 499 500 509 514 515 524 532 541 545 546 553 558 557 566 567 573 580 586 582 584 588 589 590 597 604 607 616 620 629 631 640 643 650
 73 267 261 267 264 268 270 279 278 286 289 294 289 285 292 300 301 307 312 313 321 330 327 328 335 344 345 343 347 349 356 365 373 366 365 371 373 374 383 387 393 402 407 401 410 405 413 418 422 425 429 437 444 453 452 449 458 465 472 473 473 481 487 496 488 489 496 498 501 510 513 518 525 527 535 537 540 547 550 556 562 569 570 578 578 580 589 587 588 596 599 607 608 610 619 624 633 642 640 645
 74 259 260 258 261 263 267 273 277 277 280 288 285 281 283 292 296 304 307 312 320 324 326 327 328 337 336 342 347 350 357 366 369 368 364 371 365 371 379 378 387 396 398 398 407 398 407 414 416 421 428 436 445 445 444 445 454 459 464 465 472 481 479 487 487 488 489 496 501 509 516 523 525 526 527 528 536 542 543 552 560 560 564 569 570 577 583 586 588 594 596 598 606 615 619 623 625 634 635 636
 83 254 251 257 258 263 265 272 274 276 274 281 288 280 284 293 302 300 308 307 312 316 323 318 325 328 332 339 343 351 360 368 361 365 363 362 362 368 373 377 383 392 401 396 399 396 399 405 412 414 419 428 437 446 443 448 455 458 463 466 471 479 477 478 486 491 497 505 502 511 519 520 523 532 534 533 542 543 551 555 563 555 556 564 573 580 581 588 594 599 603 600 608 613 618 621 624 631 634 642
 89 252 244 253 259 254 263 268 276 276 268 273 281 277 284 287 293 297 299 301 307 309 314 315 318 323 326 330 338 346 352 361 352 358 354 355 359 363 368 374 381 387 394 393 391 393 399 408 416 420 421 430 428 437 438 442 448 453 461 467 471 474 471 480 481 490 498 504 510 511 519 524 529 533 535 534 543 549 547 553 556 554 562 569 574 583 582 590 591 597 601 604 613 622 625 621 622 630 631 640
 93 246 242 248 255 252 258 265 268 267 266 272 275 276 285 285 289 294 303 304 306 304 305 309 310 319 320 321 329 337 346 354 345 349 350 358 367 369 371 377 378 383 390 398 390 397 402 411 420 425 422 422 424 428 437 442 449 447 455 461 465 470 469 476 485 486 493 502 504 512 512 521 520 525 526 535 534 540 539 544 547 550 557 566 569 576 585 594 592 599 598 605 606 613 620 620 629 633 639 644
 94 246 239 246 248 247 254 261 264 258 259 268 277 276 281 281 288 294 294 303 305 300 303 312 315 320 328 324 330 337 345 348 344 346 354 352 359 366 375 372 380 376 384 389 388 391 400 409 411 418 423 418 425 426 433 442 443 444 452 454 461 463 467 475 477 486 490 493 502 510 510 519 519 527 529 527 525 532 535 540 549 558 562 566 574 583 585 594 591 595 597 603 610 610 611 612 620 625 630 635
100 243 238 239 244 245 254 255 260 256 250 259 268 273 279 277 279 287 286 295 296 299 308 314 314 319 327 332 337 341 343 345 338 339 346 347 350 359 367 371 373 370 375 382 385 394 400 401 402 411 414 416 425 428 429 435 442 443 450 456 456 465 471 477 482 486 494 500 507 507 507 513 517 525 521 518 524 526 531 540 548 555 562 564 569 578 585 592 585 586 593 595 602 609 614 615 617 624 633 641
109 234 231 237 237 246 251 246 253 255 249 251 259 266 270 273 276 279 281 288 297 300 306 311 313 318 321 327 330 332 334 336 337 345 344 349 343 352 358 363 364 367 368 377 378 387 393 400 404 410 407 415 421 427 433 442 438 447 448 449 454 463 465 472 478 480 489 491 498 498 499 504 508 517 523 515 524 533 539 542 546 552 561 570 565 574 576 583 584 589 592 600 593 601 606 607 612 618 624 633
118 225 224 231 233 239 244 245 245 246 248 253 261 262 267 276 277 284 290 296 297 300 304 313 316 316 319 320 321 323 331 331 338 336 338 341 341 343 352 359 367 369 372 376 379 385 393 394 403 403 406 411 419 428 428 434 433 438 439 440 447 456 456 465 471 473 482 488 489 496 497 505 513 521 519 513 518 524 531 533 542 548 552 561 564 568 573 574 576 585 591 591 592 595 604 603 608 615 617 625
122 216 221 224 227 234 238 246 241 248 254 259 261 270 270 272 276 277 281 288 290 299 303 306 313 315 313 319 328 326 326 328 329 329 332 337 339 347 356 364 366 370 373 382 376 382 389 391 400 398 400 403 412 419 424 425 431 435 442 449 449 450 455 462 471 480 481 480 489 490 490 499 506 515 513 510 519 525 527 535 536 545 552 554 555 564 570 574 576 585 586 590 598 595 599 600 609 617 621 626
127 213 217 223 223 228 230 237 239 246 247 255 258 267 268 268 274 268 273 281 290 299 308 300 304 309 312 310 319 318 325 322 327 324 333 337 346 352 351 355 357 363 364 373 374 376 380 388 397 396 401 402 406 415 424 430 431 440 443 449 458 458 456 464 473 474 475 479 486 487 488 490 499 507 508 509 510 518 526 528 533 542 543 552 556 562 571 566 570 578 585 593 598 591 600 594 602 608 617 618
132 208 211 220 215 220 229 238 243 244 250 254 262 265 269 262 267 265 271 280 286 294 301 292 299 303 303 308 315 315 316 316 324 323 325 334 342 348 345 349 356 362 367 371 375 380 381 382 390 392 400 407 411 419 426 435 437 444 451 445 449 458 464 465 474 477 480 488 495 491 490 499 507 509 514 516 517 521 527 528 534 543 552 554 556 554 563 563 566 574 576 585 589 590 591 592 601 604 613 617
133 207 205 212 212 220 229 232 241 239 245 246 253 256 264 261 260 263 267 276 284 288 292 290 293 294 301 301 306 312 309 314 321 316 325 331 337 339 340 341 350 353 360 363 368 375 383 383 384 392 401 410 413 416 425 428 437 445 450 442 445 453 455 459 468 470 473 481 489 490 497 504 513 517 522 515 524 523 528 536 543 546 549 545 547 550 556 557 566 574 583 590 589 592 595 601 602 606 608 613
141 209 202 208 206 215 224 225 232 237 246 248 253 257 256 265 259 267 270 274 275 280 286 282 284 290 292 300 301 303 305 306 314 315 321 330 339 348 349 348 357 361 361 370 377 376 385 386 386 395 402 406 409 417 422 430 436 442 441 440 448 451 459 466 462 461 470 476 484 491 492 501 509 513 513 507 515 524 529 534 537 542 549 542 546 548 557 566 568 570 579 587 586 588 596 599 608 609 617 616
142 208 200 199 201 210 217 218 225 229 238 245 245 252 254 258 258 258 267 270 276 271 279 280 278 287 293 302 310 310 314 313 322 324 327 336 341 350 350 351 360 366 368 372 378 383 387 388 395 402 410 414 410 411 417 422 428 435 440 436 445 447 456 457 458 459 466 473 475 482 491 494 503 505 505 506 513 521 525 526 530 534 541 539 548 554 555 562 563 565 573 581 582 586 593 600 609 610 619 619
151 203 201 192 196 204 211 207 216 225 233 235 236 241 249 250 252 253 256 261 265 267 268 274 277 285 291 295 304 307 316 314 319 320 328 337 346 352 352 352 361 369 373 379 385 392 393 395 404 405 414 421 417 413 414 421 426 427 431 432 441 450 452 461 460 462 464 473 474 481 482 491 496 499 500 507 514 515 517 518 524 525 532 538 545 554 558 559 560 568 574 577 579 587 594 602 611 619 621 621
155 194 198 187 188 197 200 206 213 221 229 237 244 246 252 259 259 255 264 262 270 274 276 276 278 279 289 298 301 308 317 317 323 329 334 339 342 349 356 354 360 364 370 378 386 395 397 404 413 414 409 418 420 414 421 430 427 435 440 441 444 452 461 469 462 465 472 478 483 489 486 488 497 503 506 512 519 523 523 524 531 530 539 541 545 550 552 561 559 567 575 578 587 595 603 608 610 610 616 612
162 169 190 186 192 201 209 212 220 223 232 240 241 250 243 252 256 256 265 271 277 275 278 282 286 284 292 298 304 307 309 310 316 325 334 334 343 349 356 360 366 372 375 382 388 389 397 404 404 407 408 415 416 416 425 434 432 439 448 449 451 458 462 467 471 472 480 483 491 493 486 493 499 500 502 511 519 520 527 527 525 532 538 533 539 541 548 553 555 560 566 572 581 589 598 605 608 606 611 608
171 176 183 185 192 193 202 211 219 227 228 231 240 241 242 250 259 259 268 277 272 275 276 285 294 286 293 294 301 305 311 311 318 326 328 333 335 343 350 357 360 364 369 374 379 387 388 396 402 411 410 419 424 425 433 439 437 439 444 453 455 455 461 465 474 479 481 481 482 484 485 490 491 500 501 507 516 525 526 526 523 531 529 532 537 541 542 551 559 566 572 574 579 583 590 597 599 603 608 606
176 182 191 194 198 201 209 218 223 226 234 240 244 250 244 249 257 258 267 269 271 278 283 292 295 289 294 298 304 310 311 319 319 324 333 342 344 344 352 358 363 368 377 380 380 389 397 401 407 409 416 423 420 426 435 439 441 448 452 450 446 454 458 461 467 471 473 480 481 478 480 485 494 497 500 503 512 521 527 521 521 529 528 536 539 541 550 556 557 566 575 580 585 591 588 589 594 595 603 605
180 189 198 200 199 200 205 213 222 224 229 237 239 246 245 254 260 267 275 270 273 279 285 290 295 292 300 304 309 318 318 325 321 322 325 335 344 353 355 356 362 363 372 377 377 384 392 401 399 407 409 417 418 426 430 431 440 441 448 449 442 451 458 459 468 469 473 472 472 470 471 480 487 489 492 501 506 513 519 512 513 520 525 531 535 536 542 551 559 564 568 573 576 585 581 589 594 603 606 598
184 191 194 202 207 209 210 218 226 231 230 237 239 247 248 252 261 270 271 273 279 288 290 299 298 301 302 303 308 317 319 323 330 331 326 334 339 347 348 352 354 362 370 371 372 379 384 393 396 405 411 411 419 421 423 424 431 435 439 440 441 442 451 454 459 464 468 466 467 469 471 475 480 481 490 498 499 508 513 511 516 514 517 526 530 538 541 550 558 555 564 565 571 577 573 580 587 594 603 596
193 199 203 203 209 215 218 227 227 233 236 237 239 247 250 257 261 270 269 274 278 282 290 299 303 309 308 304 313 314 322 324 333 333 328 336 341 350 354 361 363 369 376 373 381 380 385 386 395 397 402 407 416 425 429 431 438 442 439 444 450 451 453 460 460 462 464 465 474 478 478 481 482 489 490 499 508 506 506 507 508 513 522 518 527 531 539 544 553 554 560 566 562 569 570 579 580 585 594 595
201 200 206 211 218 217 226 230 231 233 234 243 246 251 254 257 259 267 268 273 275 284 284 291 294 300 309 307 310 313 321 326 331 338 335 345 345 352 360 369 365 374 378 370 375 381 381 383 391 395 404 409 417 420 421 427 431 434 436 440 447 453 462 462 469 469 466 467 468 470 471 474 482 484 489 497 499 497 505 512 509 510 516 517 525 529 533 538 547 554 551 557 558 567 575 579 587 593 600 604
206 207 212 220 226 226 233 233 232 239 235 244 248 253 258 264 264 266 273 279 276 279 281 290 292 299 306 308 311 319 326 335 340 340 338 345 351 356 363 371 363 367 373 367 368 376 380 388 390 398 401 402 411 419 427 428 436 433 438 443 447 456 464 464 472 469 468 469 477 472 480 475 482 488 488 495 490 491 498 506 510 517 519 520 529 533 540 543 551 546 548 554 558 567 572 573 581 590 599 603
214 210 213 215 224 230 239 242 235 241 240 242 251 255 258 260 262 270 278 287 282 286 287 292 301 300 301 310 316 324 330 331 338 343 340 341 342 352 357 363 362 364 366 365 372 373 381 387 394 401 405 403 409 418 426 427 431 432 438 447 455 461 461 467 470 469 474 477 485 481 481 476 477 479 486 487 489 494 503 508 515 518 519 523 526 528 532 541 544 545 554 561 559 568 575 575 577 586 591 594
219 217 216 217 225 234 236 242 244 248 245 251 260 263 266 261 265 272 280 289 283 289 291 298 303 301 307 315 316 321 323 331 338 347 342 343 343 349 352 353 355 358 360 364 366 375 380 388 390 399 408 407 408 409 418 421 422 431 433 442 446 455 452 460 468 466 467 476 478 486 489 481 486 487 494 491 498 503 504 508 514 515 522 528 533 537 538 547 547 552 561 565 564 572 573 581 578 582 591 600
224 218 224 220 227 234 235 244 250 251 253 252 260 265 267 269 272 274 283 284 287 293 298 299 307 304 309 315 320 329 330 333 339 343 349 348 352 358 353 354 362 360 367 372 375 383 389 383 391 394 400 398 399 402 411 413 422 426 427 434 443 448 447 456 459 460 461 468 471 480 488 490 486 488 490 498 505 510 510 515 515 518 526 528 532 541 547 554 553 561 564 573 570 576 582 590 586 584 586 593
226 219 220 227 231 236 244 249 256 260 260 254 260 266 269 278 273 274 282 289 289 297 304 307 310 309 311 317 323 332 339 342 344 351 358 357 355 359 358 358 366 361 363 364 367 375 384 378 385 388 391 394 397 405 412 416 425 429 435 435 437 442 445 454 455 461 470 477 472 474 482 483 484 493 492 497 504 510 516 524 520 527 531 537 538 547 555 559 560 566 573 582 579 585 590 593 589 585 586 595
235 226 229 236 233 242 250 254 250 258 262 257 266 267 268 272 273 275 277 285 291 299 303 306 309 312 313 322 326 332 340 341 350 357 362 358 360 357 363 367 373 367 370 366 370 372 374 375 376 381 384 393 397 402 403 410 416 425 431 440 441 449 446 454 460 463 472 475 474 482 479 474 477 486 489 497 498 502 511 518 522 529 534 539 540 549 557 560 567 567 574 575 582 590 596 598 597 594 593 602
244 235 230 231 233 238 242 248 249 257 266 259 265 273 273 274 276 281 286 292 300 303 304 305 314 318 318 323 330 331 333 335 343 350 356 364 355 356 365 368 377 376 371 375 378 373 382 383 384 382 383 385 393 402 403 412 421 424 430 437 440 448 449 450 459 459 466 468 475 482 474 473 481 490 493 501 504 510 515 524 523 528 535 542 548 545 554 558 564 569 578 579 588 597 605 607 600 603 595 599
238 233 232 238 240 239 247 255 256 264 272 265 268 272 280 279 284 289 293 301 307 312 312 307 316 318 324 331 339 332 333 335 344 345 349 355 350 359 367 369 376 374 372 379 377 376 383 384 393 387 388 387 389 398 405 413 415 416 422 431 433 441 448 451 460 457 465 473 468 473 470 472 481 487 494 499 508 516 523 520 520 521 529 533 542 543 552 561 569 578 587 583 592 601 606 614 609 607 603 600
239 240 241 244 244 244 251 259 264 273 277 271 276 275 284 283 286 290 296 298 305 312 313 313 321 327 325 329 337 333 339 336 337 342 346 347 349 356 360 369 377 376 381 388 385 385 385 393 394 395 389 393 390 398 402 410 414 415 421 427 434 438 441 442 451 454 463 464 466 468 469 477 480 487 496 497 506 513 514 515 518 522 531 536 538 547 556 557 563 571 578 587 593 596 603 607 606 606 608 606
244 245 248 253 253 253 260 262 269 278 280 272 278 280 285 292 291 298 305 303 312 317 317 322 324 330 329 333 339 342 345 343 346 348 348 354 355 359 362 363 368 370 373 379 388 394 394 402 403 395 390 398 397 398 400 402 410 419 427 435 435 439 444 448 454 463 470 468 474 476 478 485 488 496 505 503 512 519 520 523 527 523 532 533 542 547 556 565 569 577 586 582 590 595 602 603 604 605 613 611
253 254 249 258 262 262 266 263 272 272 273 274 283 282 289 289 290 295 304 312 321 321 324 330 333 332 334 342 347 349 349 347 350 356 356 361 359 366 371 372 376 372 374 382 391 396 396 405 401 400 399 402 402 403 405 409 416 424 428 432 441 448 445 451 460 464 467 474 481 477 485 487 492 494 502 511 520 523 529 530 526 525 533 542 551 551 560 569 577 582 577 579 585 586 593 601 610 614 621 613
258 256 257 266 263 271 272 266 267 271 280 278 280 282 287 288 296 304 311 315 316 317 323 329 334 340 337 346 355 353 350 356 358 357 357 366 365 374 375 376 381 374 382 391 392 400 398 407 408 403 400 409 409 412 414 416 425 433 437 437 443 448 447 454 459 465 473 478 476 477 480 483 492 499 508 515 516 525 533 534 528 531 532 537 543 546 555 564 568 574 575 584 593 593 599 606 607 615 614 621
259 263 265 273 266 270 271 273 269 270 271 277 286 286 289 293 299 306 315 317 322 320 329 336 338 341 340 342 350 358 359 362 366 364 360 368 374 381 379 377 386 383 389 390 391 396 405 414 409 409 409 418 416 416 416 421 423 430 436 437 446 454 454 458 466 467 473 474 475 480 489 491 500 503 508 509 518 523 529 530 535 532 540 545 552 555 556 561 564 569 578 587 588 595 603 610 608 616 612 621
260 269 266 272 273 271 279 282 278 278 278 280 289 295 296 301 308 311 316 322 324 328 333 342 339 347 345 346 355 362 364 370 371 372 367 376 379 386 381 385 389 385 386 394 398 404 407 408 409 418 415 418 419 417 418 423 432 434 439 446 455 458 463 467 470 475 482 481 483 488 490 499 500 504 505 513 519 526 534 539 537 538 544 549 553 562 564 562 567 572 577 582 583 592 598 605 611 614 608 617
267 276 271 275 282 274 276 284 281 284 279 282 291 300 302 308 314 312 314 315 324 330 332 339 344 351 354 350 354 355 358 361 362 363 372 373 382 390 382 384 386 394 395 397 400 407 416 409 416 425 422 426 425 419 427 430 438 443 446 453 458 464 464 468 473 481 490 489 484 490 498 500 508 511 513 520 521 523 531 532 533 540 548 556 557 558 560 565 566 572 580 586 592 601 598 599 602 605 606 611
274 275 280 284 288 283 279 288 286 286 283 289 293 301 304 310 314 313 317 320 329 335 336 344 346 355 362 359 359 358 364 369 367 372 376 374 382 388 391 386 388 389 391 400 401 410 417 410 411 416 424 433 430 420 429 438 447 450 453 454 455 462 466 466 467 472 481 482 487 490 499 507 513 516 519 521 525 527 535 537 538 539 541 549 550 558 561 564 573 578 579 586 591 594 597 596 603 612 611 614
283 284 289 288 289 292 287 296 287 290 292 290 299 302 309 318 323 322 325 327 333 336 342 350 347 350 358 365 366 364 370 371 372 380 379 383 385 388 394 394 396 394 399 400 408 416 424 419 419 424 432 433 426 424 431 436 440 441 450 457 456 457 465 464 472 481 488 490 496 491 494 500 508 513 518 523 524 533 542 541 546 541 550 557 556 563 564 566 567 569 570 579 582 585 592 593 602 611 618 623
292 293 298 297 297 294 290 295 294 299 301 298 307 303 307 316 318 327 328 328 331 332 339 348 356 358 363 366 374 367 375 377 374 382 388 384 391 389 394 402 397 398 403 409 416 424 425 425 428 428 430 439 434 432 437 444 448 450 459 458 457 458 460 462 470 473 481 485 492 499 499 506 511 518 527 532 527 536 538 539 547 542 544 548 553 562 564 570 568 577 578 586 591 594 601 598 604 605 614 621
294 302 303 300 304 295 291 297 303 300 300 299 301 307 308 317 326 333 337 337 337 339 343 347 353 354 363 369 375 374 381 379 379 381 382 390 396 397 400 409 406 407 412 413 421 425 430 433 436 431 433 437 443 436 443 450 453 459 461 459 459 467 469 466 467 476 482 484 493 497 500 502 509 516 519 528 532 538 544 547 550 550 553 551 552 556 562 569 573 577 581 583 586 587 596 605 613 609 613 617
302 310 307 304 301 297 298 305 304 308 308 301 303 308 312 317 326 331 336 345 339 347 345 352 361 356 365 371 373 377 382 388 386 390 383 387 388 394 403 411 411 408 416 420 421 422 429 430 433 434 442 445 444 439 441 447 448 457 462 468 468 468 470 471 474 481 485 490 491 500 508 511 516 519 522 523 528 537 546 547 556 551 554 552 560 565 570 576 582 582 590 586 590 596 601 602 607 616 615 624
303 306 315 313 306 302 307 307 311 310 311 302 303 306 313 316 325 332 334 338 344 353 349 358 365 365 374 376 382 381 390 395 390 390 389 396 397 403 407 409 415 413 422 422 430 431 438 439 438 438 446 451 453 448 449 456 455 461 462 471 477 476 472 474 483 482 484 490 497 506 507 512 521 520 521 522 531 540 549 555 556 558 558 559 562 571 573 574 582 591 599 595 594 597 599 601 609 611 620 629
306 315 324 321 313 310 310 315 314 318 315 306 304 311 317 321 322 327 334 340 348 352 356 363 368 368 376 377 385 384 388 397 399 395 396 399 398 401 408 407 409 413 414 423 426 432 434 436 445 439 442 450 457 453 451 457 458 462 471 473 477 484 480 483 485 491 493 492 495 503 512 518 519 522 522 531 540 542 543 549 557 565 559 565 569 577 582 581 586 594 599 599 601 599 601 606 614 620 629 638
315 322 330 325 320 319 313 321 318 322 315 314 305 310 318 327 331 335 334 340 343 349 358 365 371 373 381 385 393 390 397 406 404 396 397 401 400 401 405 406 407 416 416 417 418 427 435 443 446 448 446 454 463 460 458 465 467 467 474 479 479 482 486 492 494 499 501 494 502 509 510 518 526 528 523 525 531 538 546 555 563 562 566 570 578 584 589 590 595 598 605 604 605 605 610 614 622 627 634 637
322 331 338 333 325 317 314 315 324 326 322 313 306 310 315 322 328 331 332 340 346 352 361 369 364 373 376 381 384 392 398 407 404 399 404 402 402 408 413 410 412 418 423 426 425 427 433 438 447 453 447 455 458 466 460 467 474 471 476 480 484 485 490 496 498 499 501 496 502 511 516 525 527 536 531 534 539 542 550 554 555 559 565 567 574 583 589 592 593 601 610 611 612 609 614 616 624 631 640 645
327 336 342 338 332 323 317 324 332 328 326 319 315 315 317 322 325 334 341 343 344 353 354 361 362 371 372 373 375 384 391 399 402 403 410 410 409 415 417 416 420 424 431 434 429 430 435 444 453 462 456 460 460 461 464 472 475 480 477 482 483 485 493 500 499 501 499 497 505 506 515 524 532 536 538 540 542 550 551 553 554 556 563 572 574 578 585 593 596 597 605 610 614 617 615 623 631 639 646 652
333 340 345 336 335 328 320 321 323 332 324 317 316 320 321 329 330 337 339 348 353 362 355 360 369 372 380 374 381 382 391 397 405 412 416 417 417 421 425 424 425 425 427 432 438 431 437 445 454 462 465 463 466 470 473 473 480 483 478 479 481 489 490 493 499 504 501 506 514 515 523 526 527 532 541 549 546 548 550 559 560 557 566 570 573 578 587 593 599 598 603 609 616 613 617 626 626 632 641 646
336 344 337 336 334 332 326 329 331 327 322 320 317 322 324 330 338 344 341 344 352 360 356 360 362 371 379 380 382 390 399 406 408 415 423 421 423 430 427 429 431 432 428 433 442 439 445 452 454 459 466 465 473 475 475 482 486 485 485 482 485 487 491 494 501 503 506 507 515 521 526 530 531 540 541 550 550 549 556 558 567 561 562 564 573 577 586 595 596 597 600 609 608 611 617 621 625 634 642 649
340 348 344 345 341 336 327 336 340 333 325 326 325 326 332 335 338 346 347 350 359 360 362 369 370 373 382 389 390 394 396 405 407 415 424 422 429 435 428 436 436 434 435 441 442 447 452 458 457 458 467 470 479 484 476 478 479 482 488 491 486 495 498 501 509 504 512 516 522 530 527 529 536 539 548 557 558 550 553 559 567 568 570 573 581 578 585 593 602 602 600 602 605 610 618 622 631 634 639 648
346 355 353 353 347 343 336 344 335 328 327 329 329 335 333 342 342 351 356 357 363 367 366 370 371 379 383 385 386 387 396 397 400 409 417 418 423 426 435 441 437 435 444 449 451 456 459 467 458 462 471 479 488 480 477 486 486 483 492 492 488 497 506 505 514 513 518 517 519 528 534 533 534 537 543 552 554 558 560 563 565 572 578 582 590 583 584 588 596 598 599 608 614 611 618 622 624 631 632 640
347 356 360 354 354 345 342 340 333 331 331 331 337 340 340 342 344 352 353 357 366 372 371 378 380 388 387 387 388 394 400 406 408 417 421 426 431 435 436 444 445 439 448 454 452 461 467 474 465 470 479 482 486 482 484 485 493 491 497 500 494 499 509 512 514 518 520 525 524 526 534 535 537 546 545 547 556 565 567 572 566 574 575 578 587 587 587 596 603 601 603 609 615 612 621 629 632 634 641 642
355 364 363 362 353 352 349 342 334 338 334 335 341 341 349 343 345 349 351 359 366 375 378 379 380 384 391 395 396 403 409 407 414 418 426 432 439 442 438 441 450 445 446 454 455 460 466 473 470 473 480 485 483 483 492 492 499 500 506 501 502 501 502 505 513 517 526 526 525 534 543 536 542 549 549 553 562 564 568 571 574 575 583 582 586 591 592 595 602 610 607 611 612 620 622 628 629 638 640 649
364 373 364 361 357 351 350 345 338 347 339 338 347 348 356 351 352 357 359 368 374 378 379 382 381 389 398 403 404 412 412 416 418 427 430 431 435 436 442 442 445 449 454 457 461 469 467 469 477 475 476 479 480 486 493 493 494 496 497 506 511 508 508 510 520 526 528 527 531 533 540 541 545 546 548 557 566 569 576 579 576 576 582 590 588 589 598 596 605 611 616 614 620 625 631 629 631 632 639 646
373 373 371 362 360 360 357 348 342 345 342 347 352 349 355 360 361 366 361 362 370 379 388 391 389 397 406 411 413 418 421 420 423 424 429 433 434 438 440 441 450 452 454 463 462 470 471 473 479 479 485 482 483 486 494 502 502 504 498 499 503 512 514 511 512 517 524 528 535 542 549 543 551 554 551 554 558 560 568 572 576 581 585 590 590 598 604 605 609 616 617 622 621 628 629 632 632 637 644 651
382 376 378 369 362 363 360 355 346 350 346 351 360 357 362 364 364 372 363 367 376 377 385 386 390 391 400 409 415 420 425 424 426 432 438 439 439 447 444 444 448 456 461 470 466 467 476 477 478 487 485 484 492 487 495 501 507 512 504 500 506 507 511 520 517 526 532 530 540 544 550 544 552 558 558 555 560 568 575 581 585 585 591 597 599 600 605 610 616 623 618 624 630 636 634 633 633 639 641 647
386 385 384 378 371 370 362 355 351 352 351 352 361 366 371 367 372 369 365 373 382 381 387 392 397 399 407 410 419 420 428 425 431 439 446 441 446 453 451 452 453 461 467 471 468 476 483 482 487 492 494 492 492 489 495 504 513 514 507 507 515 515 516 519 523 526 533 531 537 542 549 553 553 558 567 564 561 565 566 572 577 585 589 598 607 608 614 611 619 626 627 628 631 639 642 642 640 648 647 648
394 394 393 384 380 379 371 364 355 353 360 353 355 364 369 375 381 378 373 375 376 385 388 397 398 407 411 411 416 425 434 433 436 440 449 447 448 456 458 458 459 468 475 479 476 485 485 483 489 498 498 501 494 490 499 505 507 509 509 510 518 523 524 526 531 533 539 540 539 548 553 559 562 567 568 573 566 573 573 575 582 587 595 603 609 616 623 617 618 626 630 636 637 645 649 651 648 657 656 652
397 389 388 384 381 384 375 366 361 362 357 356 359 360 365 366 375 377 379 383 385 387 391 399 401 410 412 417 424 433 435 438 438 439 447 455 457 458 461 467 462 463 472 479 485 487 493 484 485 492 501 507 503 497 506 514 512 515 510 516 523 529 532 533 540 535 544 545 540 548 556 565 570 575 576 582 573 582 574 577 585 592 597 598 606 615 616 618 627 632 638 645 644 645 652 659 650 655 664 656
405 396 395 387 379 378 376 368 365 361 360 365 360 369 367 375 382 380 387 389 394 388 397 405 408 415 419 425 432 440 444 444 447 441 444 448 454 456 464 465 463 464 469 470 478 486 492 493 492 496 504 505 512 506 515 520 517 524 518 524 532 535 539 541 548 542 551 550 547 555 563 565 565 574 580 584 576 579 580 586 589 590 597 603 604 606 613 621 629 637 645 647 652 646 653 654 659 663 664 665
412 403 395 395 387 384 375 368 367 363 365 374 369 376 369 370 373 380 381 384 387 395 399 406 408 412 421 427 436 445 449 453 445 443 444 451 460 461 468 469 469 465 468 472 475 482 490 495 494 503 504 508 509 507 515 523 521 530 522 523 531 536 540 542 551 547 551 551 549 558 566 563 564 566 574 575 579 588 588 588 589 592 600 606 608 609 618 626 627 634 642 650 650 648 654 662 660 669 673 671
405 402 393 393 384 375 374 373 373 369 367 375 377 374 372 375 380 386 390 386 390 392 401 404 410 418 419 426 433 442 447 450 453 444 445 447 453 462 469 478 478 474 477 474 482 490 495 498 501 502 511 516 518 514 523 526 526 531 531 526 533 540 543 547 555 556 559 555 552 554 556 560 563 564 573 577 587 590 593 592 590 595 604 611 617 614 623 630 636 642 647 653 653 657 662 663 666 671 676 679
397 393 390 388 387 379 381 374 374 375 376 383 378 379 376 383 387 395 397 388 389 392 400 401 402 409 412 421 425 434 443 444 445 447 454 456 462 469 476 485 484 483 485 483 491 499 504 500 506 505 506 515 516 517 526 530 531 536 538 534 541 549 551 556 564 563 559 557 554 560 564 568 572 573 579 581 591 598 600 600 599 599 604 612 620 623 631 633 640 645 654 662 662 663 671 669 669 670 674 682
406 399 399 396 389 387 379 375 381 379 380 382 387 387 384 391 388 389 398 397 393 400 405 410 403 412 420 425 432 438 439 446 452 454 452 460 469 468 472 479 483 492 493 490 497 498 503 501 508 514 513 517 518 526 527 529 537 545 547 541 549 555 560 565 565 570 565 565 557 566 572 569 575 582 586 583 593 601 608 603 602 608 607 615 623 632 635 636 638 641 648 657 654 655 662 671 673 674 681 687
410 402 402 398 389 385 384 384 389 380 385 389 392 393 388 397 389 398 404 406 401 402 407 414 411 414 421 427 434 439 442 440 443 448 450 454 463 465 471 472 480 489 494 491 496 504 505 510 517 523 515 524 520 525 531 536 542 550 551 548 557 557 562 565 572 578 571 568 560 569 577 571 574 581 585 587 591 596 604 604 606 607 610 619 624 631 636 643 647 647 640 649 653 655 664 673 682 681 684 693
413 406 403 406 398 394 393 393 390 389 392 396 400 394 397 393 390 398 406 407 409 404 413 416 414 419 420 425 429 430 434 438 446 455 453 454 461 465 470 471 480 489 495 493 496 505 511 513 516 525 524 533 529 526 534 541 542 543 545 549 553 560 568 566 575 577 571 567 563 567 575 579 575 581 589 594 592 594 595 598 600 609 616 620 621 628 627 635 642 643 638 647 650 659 665 669 678 682 683 692
420 414 411 413 404 399 402 400 399 392 393 402 407 400 406 400 399 400 405 412 418 413 422 417 419 427 429 428 437 439 439 447 450 458 462 460 469 474 477 480 483 484 493 496 503 511 519 516 524 531 531 538 531 535 537 542 546 546 553 557 556 562 571 575 579 584 578 573 564 573 575 580 577 586 593 600 594 596 603 605 603 608 609 616 618 622 626 628 633 634 635 644 649 652 659 668 673 674 682 684
428 423 420 422 413 406 404 401 402 393 402 405 413 405 412 403 408 402 411 413 422 414 416 423 422 431 432 429 431 435 444 453 455 459 468 467 474 481 481 487 492 493 500 501 508 513 517 520 524 533 533 538 533 542 538 547 554 548 555 564 561 569 575 584 580 584 577 576 568 577 584 588 581 588 592 592 601 604 611 606 608 613 615 624 625 624 628 629 637 637 638 647 649 658 667 671 676 682 688 685
436 430 424 415 414 413 411 402 404 396 405 411 417 414 414 405 411 405 412 417 425 423 425 432 429 435 441 438 434 443 446 448 457 458 467 475 482 488 487 488 490 498 505 504 508 515 517 523 532 541 534 543 542 551 543 551 556 557 560 569 567 571 577 584 589 584 584 577 576 583 591 589 583 584 585 590 599 607 614 609 612 616 619 627 632 625 632 638 644 640 646 647 655 663 664 673 682 683 688 691
433 426 417 416 421 421 412 403 411 403 410 414 420 417 423 414 414 411 418 419 422 423 429 435 431 432 436 444 436 445 447 456 462 463 472 480 481 490 496 494 499 507 512 513 510 512 518 527 533 540 535 536 538 546 544 546 552 553 561 567 568 562 571 578 583 576 585 583 585 592 600 591 588 591 589 593 601 605 612 615 621 624 627 632 629 627 629 634 636 643 646 652 659 662 669 678 687 690 697 700
433 424 423 424 428 419 414 405 412 412 418 423 424 419 426 421 423 420 419 420 423 424 432 441 439 434 443 441 438 439 442 449 458 464 469 478 481 485 492 499 500 508 512 513 511 516 519 528 530 532 540 545 539 548 551 547 550 553 557 559 560 561 565 574 580 575 583 590 592 601 605 598 597 595 592 595 603 611 617 624 627 633 634 641 637 632 636 643 643 649 649 650 659 666 675 683 690 691 700 707
439 430 432 429 429 420 420 414 413 421 419 422 429 420 429 430 431 429 428 429 424 432 438 447 440 435 443 445 447 441 450 458 465 465 469 475 476 483 486 491 498 507 515 516 519 524 528 536 531 539 540 545 547 555 557 555 555 557 565 564 564 562 570 571 572 574 579 585 586 592 601 606 605 604 600 603 606 610 619 623 624 628 634 643 638 633 636 643 646 651 655 657 658 667 675 677 683 690 693 698
436 433 435 436 430 429 422 415 419 421 424 424 427 428 435 433 437 434 429 429 427 428 430 439 448 444 448 453 449 450 458 462 471 474 476 477 482 487 488 492 501 508 512 515 524 532 531 540 538 544 549 554 550 556 562 563 556 564 572 566 573 571 575 578 579 576 577 583 592 595 599 602 608 605 602 606 607 609 614 616 625 633 640 641 640 640 639 640 644 649 651 660 665 669 670 678 680 689 697 701
445 437 442 445 439 438 431 424 425 426 432 432 428 431 440 434 439 436 434 437 428 437 438 447 455 451 449 458 451 457 466 471 480 483 481 485 487 492 497 493 498 504 505 514 519 526 530 539 541 542 545 550 558 557 559 565 565 571 580 571 578 579 582 584 588 584 586 592 600 603 604 609 613 610 604 613 609 616 615 624 630 634 637 646 646 648 643 648 645 653 660 669 668 669 678 684 682 687 689 692
446 445 451 446 447 443 434 430 426 431 435 433 431 432 440 442 446 438 437 445 436 437 438 447 453 452 456 465 456 465 466 475 483 492 488 486 495 498 497 496 497 503 512 519 528 535 535 543 549 543 544 553 559 566 566 572 572 572 580 579 584 582 584 593 592 585 591 594 595 596 597 603 611 611 612 616 618 618 624 626 632 637 641 642 644 652 652 652 646 650 652 661 662 671 677 678 682 683 692 700
452 450 458 453 445 442 436 434 433 432 440 441 438 438 445 451 451 447 439 448 442 446 447 448 452 456 460 461 458 467 471 480 485 494 493 487 493 500 506 503 503 509 517 524 528 537 541 543 552 547 553 555 562 567 570 573 577 574 578 581 586 590 590 593 596 587 596 602 604 600 602 604 609 616 615 624 626 627 627 627 629 638 647 643 650 657 658 654 650 656 658 659 661 662 668 676 677 682 690 694
461 459 459 451 447 438 437 442 441 437 438 439 444 443 449 458 455 446 445 454 449 455 456 453 461 459 460 461 461 469 474 483 489 490 499 492 499 508 505 504 512 510 515 524 533 539 548 551 560 555 561 564 570 576 579 579 586 583 584 582 587 594 599 599 598 589 591 595 600 605 610 607 611 612 615 622 631 628 632 628 632 633 640 648 656 662 666 657 655 659 666 665 670 664 671 677 682 681 682 685
468 459 451 450 441 440 445 446 442 445 443 441 450 444 452 453 462 455 450 453 450 454 463 457 465 460 468 469 469 470 472 480 483 489 498 501 508 512 514 507 511 519 523 532 541 548 555 558 559 557 559 568 571 579 580 587 593 592 589 590 596 598 604 600 602 598 592 599 603 607 608 616 619 619 624 629 638 636 633 632 640 635 638 640 648 657 657 666 661 666 672 674 675 666 667 668 673 679 687 686
465 458 451 450 442 446 454 450 451 449 452 450 455 447 454 454 459 462 453 457 452 461 470 464 473 467 476 471 473 477 478 486 485 491 500 504 513 513 518 512 518 526 529 537 546 551 560 567 566 562 566 575 579 584 587 590 596 600 592 591 600 607 609 609 605 597 595 603 610 613 616 622 627 628 632 634 638 637 642 637 645 636 639 640 648 650 653 661 669 667 672 673 672 669 673 671 681 681 685 693
470 464 455 451 451 449 451 451 460 451 457 459 457 448 457 463 462 461 454 461 460 463 470 469 474 473 480 475 476 481 483 492 494 500 501 510 513 522 523 519 527 531 536 538 545 546 555 564 571 570 567 576 584 585 590 597 602 609 600 594 600 609 618 618 609 602 601 609 613 622 624 629 636 629 637 637 638 640 647 638 647 644 648 649 657 654 662 670 676 675 673 681 677 676 681 677 680 682 691 698
470 462 456 459 457 456 453 456 459 452 456 465 460 457 466 464 464 470 463 466 466 472 479 473 480 474 483 480 485 483 485 492 499 504 506 509 518 525 525 528 533 538 539 539 545 549 556 565 569 576 568 576 585 594 594 597 602 609 609 603 609 616 621 620 618 610 610 615 621 630 625 634 639 635 642 643 644 641 650 643 652 652 657 658 663 655 664 672 681 684 681 687 678 681 684 684 687 683 684 688
472 465 465 466 465 462 462 463 454 453 461 464 467 458 463 468 472 471 470 468 468 470 476 481 480 479 480 489 493 490 494 493 501 509 515 511 520 521 529 526 535 539 548 544 549 558 562 564 572 576 575 581 585 586 595 604 603 604 610 608 615 624 630 623 617 614 616 623 630 633 631 640 644 636 643 651 646 644 647 644 651 654 663 667 670 663 670 674 683 690 689 691 683 689 689 688 693 685 692 694
475 469 470 474 466 470 469 467 460 458 465 465 474 467 472 477 481 477 475 474 476 472 480 488 489 480 488 489 497 495 502 499 506 512 519 512 519 524 532 525 526 535 544 553 558 555 555 560 566 567 568 572 576 578 587 596 605 613 615 617 616 625 630 631 625 617 625 632 634 635 639 642 650 644 649 654 654 645 653 653 655 663 669 673 673 665 674 683 687 695 698 695 690 696 695 697 701 694 698 695
478 478 472 475 471 478 470 468 467 467 467 474 476 469 478 485 490 485 476 475 478 475 483 485 494 487 488 496 499 504 511 508 508 517 524 516 518 520 523 524 526 530 538 546 552 553 554 556 565 573 574 581 584 587 590 598 605 614 622 618 624 633 634 636 631 625 634 640 641 636 641 648 651 649 652 653 657 653 661 662 664 664 672 673 674 666 673 680 688 689 696 703 696 697 704 706 705 701 706 704
