  0 520 514 519 522 518 527 529 532 538 531 527 521 526 527 525 519 520 524 523 526 535 543 539 548 543 541 546 549 550 554 551 552 561 562 561 555 562 563 564 572 575 584 585 591 588 592 594 602 606 609 611 620 624 621 629 629 636 639 644 653 645 647 655 664 662 666 674 675 681 690 699 705 703 710 712 715 713 718 713 718 726 730 738 740 749 757 766 763 9223372036854775808 9223372036854775808 9223372036854775808 9223372036854775808 9223372036854775808 9223372036854775808 9223372036854775808 9223372036854775808 9223372036854775808 9223372036854775808 9223372036854775808
  8 513 512 513 513 517 518 525 530 529 526 518 519 517 518 524 518 521 519 520 523 529 534 538 543 541 537 539 545 553 545 547 551 558 559 563 554 560 566 573 573 574 580 584 592 584 587 589 594 598 600 606 614 615 615 622 625 628 630 638 647 639 647 656 660 659 666 669 677 685 693 691 696 695 702 707 707 704 713 710 712 721 730 734 742 751 756 764 761 768 9223372036854775808 9223372036854775808 9223372036854775808 9223372036854775808 9223372036854775808 9223372036854775808 9223372036854775808 9223372036854775808 9223372036854775808 9223372036854775808
 16 505 503 512 510 519 511 517 522 522 519 516 510 510 512 517 510 513 514 521 530 529 536 530 534 536 533 539 542 546 540 544 552 559 568 560 553 558 558 566 573 579 571 576 583 578 586 592 600 598 602 605 606 608 613 621 624 623 630 637 645 637 645 648 652 657 664 666 672 678 686 688 696 692 693 701 702 703 704 708 711 720 729 730 737 746 747 756 752 759 764 9223372036854775808 9223372036854775808 9223372036854775808 9223372036854775808 9223372036854775808 9223372036854775808 9223372036854775808 9223372036854775808 9223372036854775808
 17 509 502 504 505 510 508 509 513 520 517 511 508 506 505 510 508 513 515 524 527 522 527 522 528 529 532 534 535 537 539 546 552 554 560 551 551 552 557 558 564 570 568 570 576 575 583 588 591 597 601 596 600 607 613 616 617 621 629 628 636 636 637 643 652 656 663 665 673 681 677 686 688 688 697 697 706 703 709 712 720 724 722 723 729 738 740 749 748 750 755 763 766 9223372036854775808 9223372036854775808 9223372036854775808 9223372036854775808 9223372036854775808 9223372036854775808 9223372036854775808
 26 509 501 498 504 505 507 514 517 512 508 509 509 505 503 501 505 514 518 518 522 515 518 518 521 525 523 525 527 530 535 537 544 545 554 545 544 553 558 550 559 561 562 569 567 574 580 583 591 595 601 593 595 604 606 613 622 623 623 625 631 630 638 647 649 653 660 665 669 672 669 677 679 687 689 690 699 700 702 703 712 720 721 724 730 732 740 741 742 746 753 755 757 766 9223372036854775808 9223372036854775808 9223372036854775808 9223372036854775808 9223372036854775808 9223372036854775808
 28 503 494 492 495 496 505 514 511 503 501 503 501 496 494 500 508 508 513 512 514 511 517 516 518 524 522 527 526 527 532 528 535 544 545 549 541 546 552 547 552 555 561 569 566 572 571 577 583 587 594 590 598 599 608 612 614 618 619 622 626 629 633 638 647 649 653 657 666 663 668 669 678 684 692 690 699 707 708 711 711 720 726 725 734 733 741 746 751 755 754 758 757 762 768 9223372036854775808 9223372036854775808 9223372036854775808 9223372036854775808 9223372036854775808
 29 495 486 486 491 495 504 509 503 501 492 499 492 487 488 494 501 502 504 510 506 502 509 513 509 516 520 522 523 530 533 525 532 539 546 540 539 540 543 544 551 552 560 564 564 571 568 571 578 580 589 588 592 597 599 605 607 612 621 624 625 628 633 642 650 657 656 656 659 660 661 668 675 676 684 689 692 698 705 708 710 713 718 726 735 740 747 748 744 751 752 752 756 764 769 9223372036854775808 9223372036854775808 770 769 9223372036854775808
 33 488 482 485 494 497 501 503 495 499 491 496 492 486 494 494 500 495 504 503 506 500 508 515 508 507 512 513 521 526 526 524 528 535 538 541 537 541 547 547 556 558 561 564 560 563 565 569 575 584 586 587 595 604 601 605 608 610 616 619 621 623 625 634 642 651 658 652 655 661 670 676 684 677 686 685 686 691 699 701 702 710 714 718 726 731 738 740 742 749 745 750 758 758 762 764 770 762 762 765
 41 482 481 483 487 488 493 496 493 497 489 489 494 485 488 493 492 494 502 494 499 498 506 508 510 504 508 515 524 529 522 522 526 530 536 537 528 533 540 549 553 550 553 555 558 567 571 578 581 583 582 585 590 597 604 610 617 618 624 628 624 630 628 637 646 652 654 651 656 658 666 674 676 678 681 683 685 689 690 693 700 708 709 712 717 725 730 731 733 740 737 746 749 753 760 762 765 761 753 761
 42 474 478 475 480 483 492 490 487 494 485 486 487 484 490 499 491 487 496 493 501 494 503 509 501 503 507 516 523 520 513 521 526 529 529 530 521 527 535 544 546 546 554 556 560 562 571 580 578 580 579 588 590 597 605 613 617 619 623 624 624 633 634 639 639 647 651 649 649 657 658 665 670 678 684 681 682 691 699 697 706 703 703 707 712 716 722 728 729 731 731 739 748 744 752 754 756 759 752 758
 51 469 476 468 476 478 484 484 484 488 484 486 482 476 482 491 491 482 487 485 492 493 499 502 499 508 508 512 514 518 512 517 519 526 521 526 519 523 530 539 543 545 552 560 567 564 567 571 573 573 578 586 587 592 597 606 609 611 614 615 618 625 631 632 633 639 645 640 646 649 657 659 665 674 675 679 685 694 697 701 705 702 694 698 707 713 719 720 721 729 730 731 740 743 744 746 749 750 751 759
 56 464 473 467 475 483 476 483 482 481 477 477 473 472 473 482 485 480 489 483 492 488 495 502 497 506 511 511 520 511 510 516 515 524 520 521 517 520 527 531 534 536 544 551 559 558 558 562 564 572 580 588 588 597 598 606 608 615 616 622 627 632 633 637 635 642 642 636 639 644 648 657 663 672 670 678 684 688 689 696 697 693 692 695 703 708 716 712 712 721 722 730 731 735 744 745 749 758 759 762
 58 461 464 466 468 474 468 477 484 476 475 474 474 468 474 475 476 477 486 482 483 487 489 494 496 497 505 508 517 513 506 508 514 515 512 518 516 518 527 529 532 534 538 545 553 550 551 554 563 568 572 581 588 592 597 600 603 607 611 620 629 633 628 637 632 637 636 631 639 648 654 648 657 664 665 671 675 680 689 687 696 688 690 693 696 703 708 707 710 715 719 726 732 738 745 749 741 750 753 761
 66 457 459 464 462 465 463 471 475 475 476 467 466 459 468 475 479 481 482 479 488 490 487 487 496 505 506 499 508 504 505 513 522 513 505 509 515 521 524 528 537 541 546 546 547 549 558 563 562 568 577 583 584 585 594 594 595 600 607 615 621 629 626 634 625 629 628 630 631 640 645 646 655 658 666 667 668 675 680 679 688 686 692 699 703 698 700 704 705 706 713 720 723 732 736 744 740 749 745 752
 73 456 450 456 453 457 459 468 467 471 474 465 459 455 462 470 470 472 474 471 479 487 481 482 489 498 499 497 501 503 510 519 513 505 504 510 512 513 522 526 532 541 546 540 549 544 552 557 561 564 568 576 583 592 591 588 597 604 611 612 612 620 618 627 619 620 627 629 632 641 644 649 654 650 657 659 662 669 672 678 684 685 686 694 694 696 705 703 704 712 715 723 724 726 735 735 738 747 742 747
 74 448 449 447 450 452 456 462 466 462 465 463 455 451 453 462 465 466 469 470 478 478 480 481 482 491 490 496 501 504 511 517 508 507 503 510 504 510 518 517 526 535 537 537 546 537 546 553 555 560 567 575 584 584 583 584 593 598 603 604 611 619 610 618 618 619 620 627 632 640 647 649 647 648 649 650 658 664 665 674 682 676 680 685 686 693 699 702 704 710 712 714 722 731 734 730 729 738 737 738
 83 443 440 446 447 452 454 461 463 461 459 466 458 450 454 457 461 458 466 465 470 470 477 472 479 482 486 493 497 505 514 508 500 504 502 501 501 507 512 516 522 531 540 535 538 535 538 544 551 553 558 567 576 585 582 587 594 597 602 605 610 614 608 609 617 622 628 636 633 642 644 642 645 654 656 655 664 665 671 673 679 671 672 680 689 696 697 704 704 709 714 713 721 726 731 726 727 734 736 744
 89 441 433 442 448 443 452 457 461 461 453 458 455 447 454 448 452 455 457 459 465 463 468 469 472 477 480 484 492 500 505 500 491 497 493 494 498 502 507 513 520 526 533 532 530 532 538 547 555 559 560 569 567 576 577 581 587 592 600 604 605 606 602 611 612 621 629 634 638 637 636 641 645 649 651 652 659 665 663 669 672 670 678 685 690 699 698 706 698 704 707 711 720 727 730 723 724 732 733 742
 93 435 431 437 444 441 447 454 453 452 451 455 449 446 454 445 446 451 457 460 460 458 459 463 464 473 474 475 483 491 499 493 484 488 489 497 506 508 510 516 517 522 529 537 529 536 541 550 559 564 561 561 563 567 576 581 588 586 594 598 599 604 600 607 616 617 624 628 630 636 628 637 636 641 642 651 650 656 655 660 663 666 673 682 685 692 701 706 697 704 703 710 711 718 723 722 731 735 741 746
 94 435 428 435 437 436 443 450 449 443 444 453 454 445 445 441 442 448 448 457 459 454 457 466 464 469 477 477 482 487 490 487 483 485 493 491 498 505 514 511 519 515 523 528 527 530 539 548 550 557 562 557 564 565 572 581 582 583 591 591 595 597 598 606 607 616 620 619 628 631 626 635 635 643 645 643 641 648 651 656 665 674 678 682 688 697 697 705 696 700 702 708 714 713 714 714 722 727 732 737
100 432 427 428 433 434 443 444 448 441 435 444 451 442 440 437 433 441 440 449 450 453 462 465 459 464 469 474 476 480 482 484 477 478 485 486 489 498 506 510 512 509 514 521 524 533 539 540 541 550 553 555 564 567 568 574 581 582 589 589 588 597 594 600 605 609 617 616 623 623 623 629 633 641 637 634 640 642 647 656 664 671 678 680 680 689 695 697 690 691 698 700 706 712 717 713 715 722 731 739
109 423 420 426 426 435 440 435 442 443 434 436 443 435 431 433 430 433 435 442 451 453 459 461 458 460 461 466 469 471 473 475 476 484 483 488 482 491 497 502 503 506 507 516 517 526 532 539 543 549 546 554 560 566 572 581 577 586 583 582 586 591 588 595 601 603 612 607 614 614 615 620 624 633 639 631 640 649 655 658 662 668 677 684 675 684 686 688 689 694 697 704 697 704 709 705 710 716 722 731
118 414 413 420 422 428 433 434 434 434 433 438 436 428 427 431 427 434 440 446 447 450 454 456 456 455 458 459 460 462 470 470 477 475 477 480 480 482 491 498 506 508 511 515 518 524 532 533 542 542 545 550 558 567 567 573 572 577 574 573 579 582 579 588 594 596 605 604 605 612 613 621 629 637 635 629 634 640 647 649 658 664 668 676 674 678 683 679 681 690 696 695 696 696 705 701 706 713 715 723
122 405 410 413 416 423 427 435 430 437 431 433 433 431 422 422 426 427 431 438 440 449 451 447 453 454 452 458 467 465 465 467 468 468 471 476 478 486 495 503 505 509 512 521 515 521 528 530 539 537 539 542 551 558 563 564 570 574 573 572 572 573 578 585 594 599 597 596 605 606 606 615 622 631 629 626 635 641 643 651 651 660 667 667 665 674 680 678 680 689 690 694 701 693 697 698 707 715 719 724
127 402 406 412 412 417 419 426 428 430 424 427 430 428 419 418 424 418 423 431 440 447 450 441 444 448 451 449 458 457 464 461 466 463 472 476 485 491 490 494 496 502 503 512 513 515 519 527 536 535 540 541 543 552 561 563 564 573 566 563 570 578 577 585 594 590 591 595 602 603 604 606 615 623 624 625 626 634 642 643 648 657 658 667 664 666 675 670 674 682 689 697 697 689 698 692 700 706 715 716
132 397 400 409 404 409 418 427 428 423 423 419 427 424 419 412 417 415 421 430 436 438 442 433 439 442 442 447 454 454 455 455 463 462 464 473 481 487 484 488 495 501 506 510 514 519 520 521 529 531 539 546 539 545 552 557 563 569 565 557 561 570 576 577 586 589 592 601 610 606 605 614 622 624 630 626 633 634 640 641 647 656 662 658 660 658 667 667 670 678 680 689 688 688 689 690 699 702 711 715
133 396 394 401 401 409 418 421 427 418 417 411 418 415 415 411 410 413 417 426 431 430 434 431 432 433 440 440 445 451 448 453 460 455 464 470 476 478 479 480 489 492 499 502 507 514 522 521 522 530 539 543 534 537 546 548 557 562 562 554 557 565 567 571 580 582 585 593 601 602 603 610 619 625 626 619 628 630 635 643 650 650 653 649 651 654 660 661 670 673 682 689 684 687 691 699 700 704 706 711
141 398 391 397 395 404 413 414 421 416 419 410 412 412 407 416 409 414 417 421 422 422 428 423 423 429 431 439 440 442 444 445 453 454 460 469 478 487 488 487 496 500 500 509 516 515 524 520 522 531 537 534 530 534 537 545 551 554 553 552 560 563 571 578 574 573 582 588 596 603 596 605 613 617 617 611 619 628 633 638 641 646 653 646 650 652 661 670 663 665 674 682 681 683 691 694 703 706 715 714
142 397 389 388 390 399 406 407 414 408 415 407 404 411 405 409 408 405 414 417 422 413 421 421 417 426 432 441 449 449 453 452 461 463 466 475 480 489 488 490 499 505 507 511 513 518 515 517 526 530 530 535 527 526 532 537 543 547 552 548 557 559 568 569 570 571 578 585 587 594 595 598 607 609 609 610 617 625 629 630 634 638 645 643 652 658 654 661 658 660 668 676 677 681 688 695 704 705 714 717
151 399 390 381 385 393 400 398 407 404 406 399 397 402 402 403 404 402 405 410 414 411 412 418 416 424 430 434 443 446 455 451 456 457 465 474 481 485 487 488 497 505 508 509 507 511 511 518 526 523 522 529 532 525 526 533 538 539 543 544 553 562 564 573 572 574 576 585 586 593 586 595 600 603 604 611 618 619 621 622 628 629 636 642 647 654 653 654 655 663 669 672 674 682 689 697 706 714 716 716
155 393 387 378 379 388 391 397 402 395 398 401 396 399 394 403 405 401 410 411 413 409 413 413 415 416 425 434 437 444 452 450 456 465 471 469 472 479 486 488 494 498 503 502 500 502 505 514 517 520 513 522 526 523 530 539 539 547 552 553 556 564 569 573 574 577 584 587 595 593 585 587 596 601 603 609 616 623 627 628 627 632 641 636 640 645 647 656 654 662 670 673 682 690 698 703 705 705 711 707
162 384 382 377 383 385 394 400 395 387 390 393 388 394 385 394 398 399 408 413 405 402 405 411 419 421 429 433 439 441 443 444 449 458 467 464 473 479 486 492 493 497 497 494 492 493 501 508 508 511 512 519 520 522 531 540 544 551 559 561 557 557 560 565 574 581 584 581 586 588 581 588 594 595 597 606 614 615 622 623 620 627 633 628 634 636 643 648 650 655 661 667 676 684 693 700 703 701 706 703
171 377 383 376 379 376 385 394 388 384 381 384 387 385 384 392 401 400 409 404 398 401 402 411 420 422 429 427 434 438 444 445 452 456 458 463 465 473 480 487 487 489 491 486 483 491 492 500 506 515 514 523 525 531 539 540 543 545 550 554 550 550 556 560 569 574 576 576 577 579 580 585 586 595 596 602 611 620 621 621 618 626 624 627 632 636 637 646 654 661 667 669 674 678 685 692 694 698 703 701
176 370 376 374 372 375 380 389 380 376 380 387 378 387 383 388 396 397 404 395 397 404 409 418 424 424 429 426 432 438 439 447 445 449 457 466 474 474 482 482 484 485 490 481 478 487 496 501 504 506 513 520 517 523 532 534 538 545 551 545 541 549 553 556 562 566 568 575 576 573 575 580 589 592 595 598 607 616 622 616 616 624 623 631 634 636 645 651 652 661 670 675 680 686 683 684 689 690 698 700
180 364 367 365 366 367 372 380 375 373 372 380 373 380 381 390 396 405 397 393 396 402 408 413 418 421 426 422 426 435 438 442 444 445 448 457 466 475 475 476 479 480 484 475 475 482 490 499 496 504 506 514 515 523 525 526 535 536 543 544 537 546 553 554 563 564 568 567 567 565 566 575 582 584 587 596 601 608 614 607 608 615 620 626 630 631 637 646 654 659 663 668 671 680 676 684 689 698 701 693
184 355 358 359 365 372 372 373 366 371 367 374 371 379 382 386 391 398 389 392 396 403 405 414 414 423 418 416 421 430 431 435 444 453 447 454 459 467 468 472 471 479 477 469 470 477 482 490 493 501 506 506 514 516 518 519 526 530 534 535 536 537 546 549 554 559 563 561 562 564 566 570 575 576 585 593 594 603 608 606 611 609 612 621 625 633 636 645 653 650 659 660 666 672 668 675 682 689 698 691
193 348 355 351 357 363 367 365 358 364 366 367 369 377 380 386 382 391 387 392 390 394 400 408 411 417 421 415 424 421 429 431 440 444 446 453 458 467 473 478 469 476 475 468 477 477 481 481 490 492 497 502 511 520 524 526 533 537 534 539 545 546 548 555 555 557 559 560 569 573 573 576 577 584 585 594 603 601 601 602 603 608 617 613 622 626 634 639 648 649 655 661 657 664 665 674 675 680 689 690
201 340 346 350 359 357 359 356 357 359 360 369 376 379 378 379 378 386 386 391 386 395 392 399 402 408 417 414 417 420 428 433 438 445 452 458 456 463 470 469 460 469 473 465 470 476 476 478 486 490 499 504 512 515 516 522 526 529 531 535 542 548 557 557 564 564 561 562 563 565 566 569 577 579 584 592 594 592 600 607 604 605 611 612 620 624 628 633 642 649 646 652 653 662 670 674 682 688 695 699
206 339 340 342 350 355 350 352 353 360 361 365 369 374 374 376 376 378 385 390 384 387 389 398 400 407 409 411 414 422 429 437 444 442 445 449 452 457 462 466 458 462 468 462 463 471 475 483 485 493 496 497 506 514 522 523 531 528 533 538 542 551 559 559 567 564 563 564 572 567 575 570 577 583 583 590 585 586 593 601 605 612 614 615 624 628 635 638 646 641 643 649 653 662 667 668 676 685 694 698
214 332 334 333 342 346 343 349 352 358 361 356 365 369 369 369 371 377 385 390 383 390 393 398 407 401 402 411 417 425 427 428 435 440 442 443 444 453 455 458 457 459 461 460 467 468 476 482 489 496 500 498 504 513 521 522 526 527 533 542 550 556 556 562 565 564 569 572 580 576 576 571 572 574 581 582 584 589 598 603 610 613 614 618 621 623 627 636 639 640 649 656 654 663 670 670 672 681 686 689
219 329 331 331 334 340 334 340 349 353 358 354 362 366 366 367 370 369 377 381 377 383 387 394 399 400 406 414 413 418 420 428 435 444 444 445 445 451 450 449 451 454 455 459 461 470 475 483 485 494 503 502 503 504 513 516 517 526 528 537 541 550 547 555 563 561 562 571 573 581 584 576 581 582 589 586 593 598 599 603 609 610 617 623 628 632 633 642 642 647 656 660 659 667 668 676 673 677 686 695
225 322 328 329 326 331 332 341 343 346 353 345 353 358 358 366 366 362 371 372 376 382 389 390 398 400 401 407 412 421 427 430 436 440 447 450 452 450 447 448 456 456 462 467 470 478 484 478 486 489 495 493 494 497 506 508 517 521 522 529 538 543 542 551 554 555 556 563 566 575 583 585 581 583 585 593 600 605 605 610 610 613 621 623 627 636 642 649 648 656 659 668 665 671 677 685 681 679 681 688
232 321 320 326 319 324 333 338 337 346 350 344 350 356 356 365 359 360 368 375 377 385 392 394 392 397 396 402 408 417 426 431 436 444 451 450 443 441 446 450 458 457 459 460 462 470 479 473 480 483 486 489 492 500 507 511 520 524 530 530 532 537 540 549 550 556 565 572 567 569 577 578 579 588 587 592 599 605 611 619 615 622 626 632 633 642 650 654 655 661 668 677 674 680 685 688 684 680 681 690
241 323 319 320 315 324 330 334 330 338 343 342 351 352 353 357 358 360 362 370 376 384 387 386 389 392 394 403 407 413 421 422 431 438 442 441 440 437 443 452 459 463 466 462 466 468 470 471 472 477 479 488 492 497 498 505 511 520 526 535 536 544 541 549 555 558 567 570 569 577 574 569 572 581 584 592 593 597 606 613 617 624 629 634 635 644 652 655 662 662 669 670 677 685 691 693 692 689 688 697
250 316 310 311 313 318 322 328 329 337 346 339 345 351 356 358 358 364 371 375 382 386 383 383 392 398 399 404 411 412 414 416 424 431 436 444 435 436 445 448 457 466 460 469 474 469 478 479 480 478 479 481 488 497 498 507 516 519 525 532 535 543 544 545 554 554 561 563 570 577 569 568 576 585 588 596 599 605 610 619 618 623 630 637 643 640 649 653 659 664 673 674 683 692 700 702 695 698 690 694
255 307 309 316 320 319 327 335 336 344 344 337 340 343 351 356 355 359 364 368 373 382 382 382 391 393 399 407 416 412 413 415 424 425 429 435 430 439 447 449 456 458 459 466 467 470 477 478 487 483 484 483 485 493 500 508 510 511 517 526 528 536 543 546 555 552 560 568 563 568 565 567 576 582 589 594 603 611 618 615 615 616 624 628 637 638 647 656 664 673 682 678 687 696 701 709 704 702 698 695
256 306 310 316 320 324 331 327 334 339 336 331 339 339 348 351 347 351 357 359 366 373 374 380 388 397 398 402 410 411 417 416 417 422 426 427 429 436 440 449 457 456 462 468 475 479 479 487 488 491 485 489 486 493 497 505 509 510 516 522 529 533 536 537 546 549 558 559 561 563 564 572 575 582 591 592 601 608 609 610 613 617 626 631 633 642 651 652 658 666 673 682 688 691 698 702 701 701 703 701
261 299 301 310 319 328 327 319 326 330 330 325 331 336 341 347 344 352 361 364 373 375 378 387 390 396 400 404 410 419 423 423 426 428 428 434 435 439 442 443 448 450 453 459 468 477 486 495 496 491 486 494 493 494 495 497 505 514 522 530 530 534 539 543 549 558 565 563 569 571 573 580 583 591 600 598 607 614 615 618 622 618 627 628 637 642 651 660 664 672 681 677 685 690 697 698 699 700 708 706
270 294 294 303 312 321 318 316 325 321 322 324 333 333 340 338 339 344 353 362 371 370 377 385 392 393 398 407 415 422 420 424 428 436 436 441 439 446 451 452 456 452 454 462 471 476 477 486 487 492 495 498 498 499 500 504 511 519 523 527 536 543 540 546 555 559 562 569 576 572 580 582 587 589 597 606 615 618 624 625 621 620 628 637 646 646 655 664 672 677 672 674 680 681 688 696 705 709 716 708
275 277 285 294 295 312 312 315 316 320 326 324 326 328 333 334 342 351 358 362 363 364 370 376 381 391 394 403 412 415 416 425 433 433 434 443 445 454 454 455 461 454 462 471 465 473 475 484 490 492 493 502 505 508 509 511 520 528 532 532 538 543 542 549 554 560 568 573 571 572 575 578 587 594 603 610 611 620 628 629 623 626 627 632 638 641 650 659 663 669 670 679 688 688 694 701 702 710 709 716
276 283 291 299 298 302 303 310 312 313 314 320 329 332 335 339 345 352 361 363 369 367 376 383 385 388 391 393 403 411 420 426 432 432 435 443 449 454 450 451 460 463 462 463 464 469 478 487 483 489 498 507 510 508 508 513 515 522 528 529 538 546 549 553 561 562 568 569 570 575 584 586 595 598 603 604 613 618 624 625 630 627 635 640 647 650 651 656 659 664 673 682 683 690 698 705 703 711 707 716
277 286 287 293 300 301 309 318 321 321 321 323 332 341 342 347 354 357 362 368 370 375 380 389 386 394 396 397 408 415 417 423 424 425 432 435 440 447 446 454 452 454 455 463 470 477 480 481 482 491 497 500 503 504 506 511 520 524 529 538 547 550 558 562 565 570 577 576 578 583 585 594 595 599 600 608 614 621 629 634 632 633 639 644 648 657 659 657 662 667 672 677 678 687 693 700 706 709 703 712
284 293 292 296 305 304 306 314 317 323 322 325 334 343 348 354 360 358 360 361 370 376 378 385 390 397 405 401 405 406 409 412 413 416 425 426 435 443 444 446 448 457 462 465 466 473 482 481 488 495 501 508 509 506 515 518 526 533 536 543 548 554 555 558 561 569 578 578 576 582 590 592 600 606 608 615 616 618 626 627 628 635 643 651 652 653 655 660 661 667 675 681 687 696 693 694 697 700 701 706
291 292 301 305 311 313 309 318 322 325 326 332 336 344 347 353 357 358 362 366 375 381 382 390 392 401 409 410 410 409 415 420 418 425 429 427 435 441 450 448 450 451 453 462 463 472 479 480 481 486 494 503 512 507 515 524 533 536 543 544 545 552 556 554 555 560 569 570 575 578 587 595 601 606 612 613 616 620 628 632 633 634 636 644 645 653 656 659 668 673 674 681 686 689 692 691 698 707 706 709
300 301 310 309 310 319 317 326 323 327 335 333 342 345 352 361 366 367 370 373 379 382 388 396 393 396 404 411 417 415 421 422 423 433 432 436 438 441 447 455 458 456 461 462 470 478 486 489 489 494 502 509 510 511 517 522 526 527 536 543 544 545 553 552 560 569 576 578 584 579 582 588 596 601 606 611 612 621 630 631 639 636 645 651 651 658 659 661 662 664 665 674 677 680 687 688 697 706 713 718
309 310 319 318 318 322 320 325 330 336 344 341 350 346 350 359 361 370 373 374 377 378 385 394 402 404 409 412 420 418 426 428 425 435 441 437 444 442 447 455 456 460 465 471 478 486 487 493 498 498 500 509 517 519 523 530 534 536 545 544 545 546 548 550 558 561 569 573 580 587 587 594 599 606 615 620 615 624 626 627 635 636 638 642 647 656 658 664 663 672 673 681 686 689 696 693 699 700 709 716
311 319 324 321 327 325 321 327 336 337 338 339 341 347 348 357 366 373 382 383 383 385 389 393 399 400 409 415 421 425 432 430 430 432 433 443 449 450 453 462 465 469 474 475 483 487 492 500 503 501 503 507 516 520 526 533 536 545 546 545 547 555 557 554 555 564 570 572 581 585 588 590 597 604 607 616 620 626 632 635 638 644 647 645 646 650 656 663 668 672 676 678 681 682 691 700 708 704 708 712
319 327 328 325 329 327 328 335 336 344 346 341 343 348 352 357 366 371 376 385 385 393 391 398 407 402 411 417 419 423 428 437 437 441 434 438 439 447 456 464 469 470 478 482 483 484 491 492 495 498 507 515 519 522 524 530 531 539 544 553 556 556 558 559 562 569 573 578 579 588 596 599 604 607 610 611 616 625 634 635 644 645 648 646 654 659 664 670 677 677 685 681 685 691 696 697 702 711 710 719
320 323 332 334 334 332 337 337 343 345 351 342 343 346 353 356 365 372 374 378 384 393 395 404 411 411 420 422 428 427 436 443 441 441 440 447 448 456 460 462 468 471 476 478 487 493 496 498 500 502 510 516 525 531 532 539 538 542 543 552 561 564 560 562 571 570 572 578 585 594 595 600 609 608 609 610 619 628 637 643 644 651 652 653 656 665 667 668 676 685 694 690 689 692 694 696 704 706 715 724
323 332 341 342 341 340 340 345 346 353 355 346 344 351 357 361 362 367 374 380 388 392 399 406 411 414 422 423 431 430 434 443 450 446 447 450 449 454 461 460 460 464 465 476 479 485 487 489 498 499 502 510 517 522 524 530 533 537 546 548 552 560 568 571 573 579 581 578 581 589 598 604 605 608 609 618 627 629 630 636 644 651 651 657 663 671 676 675 680 688 693 694 696 694 696 701 709 715 724 733
332 339 347 347 348 349 343 351 350 357 355 354 345 350 358 367 371 375 374 380 383 389 398 405 411 416 424 429 433 436 443 452 455 447 448 452 451 452 456 457 458 467 467 468 469 480 488 496 499 508 506 514 523 529 531 538 542 542 548 554 554 557 563 572 579 578 583 576 584 591 592 600 608 614 610 612 618 625 633 642 644 643 650 653 662 669 676 682 683 686 693 698 700 700 705 709 717 722 729 732
339 348 355 355 355 347 344 345 354 358 362 353 346 350 355 362 368 371 372 380 386 392 401 409 404 413 416 421 424 432 438 447 447 449 455 453 453 459 464 461 463 469 474 477 476 478 486 491 500 506 507 515 518 526 527 534 541 545 550 553 555 555 560 566 570 570 575 574 580 589 595 604 606 615 618 621 626 629 637 638 636 640 646 648 655 664 670 673 674 682 691 698 702 704 704 706 714 721 730 738
344 353 359 361 362 353 347 354 362 360 366 359 355 355 357 362 365 374 381 383 384 393 394 401 402 411 412 413 415 424 431 439 442 446 453 461 460 466 468 467 471 475 482 485 480 481 488 497 506 515 516 520 520 521 525 533 536 545 546 550 550 552 560 567 567 569 571 572 580 581 590 599 607 611 618 624 627 635 632 634 635 637 644 653 655 659 666 674 677 678 686 691 695 702 699 707 715 721 728 734
350 357 366 362 365 358 350 351 353 362 364 357 356 360 361 369 370 377 379 388 393 402 395 400 409 412 420 414 421 422 431 437 445 454 459 466 468 472 476 475 476 476 478 483 489 482 488 498 507 515 524 523 526 530 534 534 541 545 546 547 549 556 557 560 566 571 573 581 589 590 598 601 602 607 616 625 629 629 631 640 641 638 647 651 654 659 668 674 680 679 684 690 697 694 698 707 707 713 722 727
353 361 362 364 364 362 356 359 361 366 362 360 357 362 364 370 378 384 381 384 392 400 396 400 402 411 419 420 422 430 439 446 448 455 463 466 472 481 478 480 482 483 479 484 493 490 496 503 505 512 519 521 529 534 536 543 547 546 553 550 553 554 558 561 568 570 575 576 584 590 595 599 603 612 613 622 626 627 634 636 645 642 643 645 654 658 667 676 677 678 681 690 689 692 698 702 706 715 723 730
357 365 369 373 371 366 357 366 370 373 365 366 365 366 372 375 378 386 387 390 399 400 402 409 410 413 422 429 430 434 436 445 447 455 464 462 469 475 476 484 487 485 486 492 493 498 503 509 508 511 520 525 534 543 537 539 540 543 549 558 554 562 565 568 576 571 579 585 591 599 596 598 605 608 617 626 631 628 631 637 645 649 651 654 662 659 666 674 683 683 681 683 686 691 699 703 712 715 720 729
363 372 378 381 377 373 366 375 375 368 367 369 369 375 373 382 382 391 396 397 403 407 406 410 411 419 423 425 426 427 436 437 440 449 457 458 463 466 475 481 483 484 493 500 502 507 510 518 509 515 524 533 542 541 538 547 547 544 553 556 556 564 573 572 581 580 585 586 588 597 603 602 603 606 612 621 623 631 638 641 643 650 658 663 671 664 665 669 677 679 680 689 695 692 699 703 705 712 713 721
364 373 380 381 384 375 372 379 373 371 371 371 377 380 380 382 384 392 393 397 406 412 411 418 420 428 427 427 428 434 440 446 448 457 461 466 471 475 476 484 491 488 497 503 503 512 518 527 516 523 532 535 539 539 545 546 554 552 558 564 562 567 576 579 581 585 587 594 593 595 603 604 606 615 614 616 625 634 641 649 644 652 653 656 665 668 668 677 684 682 684 690 696 693 702 710 713 715 722 723
372 381 383 390 383 382 379 382 374 378 374 375 381 381 389 383 385 389 391 399 406 415 418 419 420 424 431 435 436 443 449 447 454 458 466 472 479 482 478 481 490 494 495 503 506 511 517 524 521 524 533 538 536 537 546 553 555 559 560 561 569 569 570 573 580 584 593 590 591 600 609 605 611 618 618 622 631 633 637 640 648 648 656 660 664 668 673 676 683 691 688 692 693 701 703 709 710 719 721 730
381 390 386 390 389 383 384 385 378 387 379 378 387 388 396 391 392 397 399 408 414 418 419 422 421 429 438 443 444 452 452 456 458 467 470 471 475 476 482 482 485 489 497 500 506 515 516 518 526 526 527 530 531 537 544 545 546 548 549 560 566 573 576 577 582 587 588 589 595 597 604 609 613 614 616 625 634 637 644 648 646 647 653 661 662 663 672 673 682 688 697 695 701 706 712 710 712 713 720 727
390 392 395 392 392 392 393 388 382 385 382 387 392 389 395 400 401 406 401 402 410 419 428 431 429 437 446 451 453 458 461 460 463 464 469 473 474 478 480 481 490 492 494 503 504 512 516 520 526 530 536 533 534 537 545 554 554 556 550 551 557 566 571 572 573 578 585 589 595 604 613 611 619 622 619 622 626 628 636 640 644 649 653 658 660 669 675 682 686 693 694 702 702 709 710 713 713 718 725 732
399 395 404 399 394 395 398 395 386 390 386 391 400 397 402 404 404 412 403 407 416 417 425 426 430 431 440 449 455 460 465 464 466 472 478 479 479 487 484 484 488 496 501 510 508 509 518 522 523 532 533 535 543 538 546 552 558 564 556 552 558 559 563 574 578 587 593 591 600 604 610 611 619 625 626 623 628 636 643 649 653 653 659 665 669 671 676 681 688 695 695 701 710 717 715 714 714 720 722 728
403 404 410 408 403 403 402 395 391 392 391 392 401 406 411 407 412 409 405 413 422 421 427 432 437 439 447 450 459 460 468 465 471 479 486 481 486 493 491 492 493 501 507 511 510 518 525 527 532 537 542 543 543 540 546 555 564 566 559 559 567 567 568 571 577 580 587 588 594 600 607 616 617 622 631 632 629 633 634 640 645 653 657 666 675 679 685 682 690 697 704 705 708 716 723 723 721 729 728 729
411 413 419 414 412 412 411 404 395 393 400 393 395 404 409 415 421 418 413 415 416 425 428 437 438 447 451 451 456 465 474 473 476 480 489 487 488 496 498 498 499 508 515 519 518 527 527 528 534 543 546 552 545 541 550 556 558 560 561 562 570 575 576 578 585 587 593 597 596 606 611 617 626 631 632 641 634 641 641 643 650 655 663 671 677 685 693 688 689 697 701 709 714 722 729 732 729 738 737 733
419 414 418 417 414 421 415 406 401 402 397 396 399 400 405 406 415 417 419 423 425 427 431 439 441 450 452 457 464 473 475 478 478 479 487 495 497 498 501 507 502 503 512 519 527 528 536 529 530 537 546 552 554 548 557 565 563 566 562 568 575 581 584 585 594 589 598 602 597 606 614 623 631 639 640 649 641 650 642 645 653 660 665 666 674 683 684 686 695 701 709 718 721 722 729 738 731 736 745 737
428 421 426 423 415 417 416 408 405 401 400 405 400 409 407 415 422 420 427 429 434 428 437 445 448 455 459 465 472 480 484 484 487 481 484 488 494 496 504 505 503 504 509 510 518 526 532 538 537 541 549 550 559 557 566 571 568 575 570 576 584 587 591 593 601 596 605 607 604 613 621 623 623 632 638 642 640 643 648 654 657 658 665 671 672 674 681 689 697 705 713 715 723 723 730 731 740 744 745 746
437 429 428 431 423 424 415 408 407 403 405 414 409 416 409 410 413 420 421 424 427 435 439 446 448 452 461 467 476 485 489 493 485 483 484 491 500 501 508 509 509 505 508 512 515 522 530 535 537 546 547 551 553 554 562 570 572 581 574 575 583 588 592 594 603 601 605 606 606 616 624 621 622 624 632 633 637 646 654 656 657 660 668 674 676 677 686 694 695 702 710 718 720 722 728 736 737 746 754 752
445 438 431 433 424 415 414 413 413 409 407 415 417 414 412 415 420 426 430 426 430 432 441 444 450 458 459 466 473 482 487 490 493 484 485 487 493 502 509 518 518 514 517 514 522 530 535 538 544 545 554 559 562 561 570 573 577 582 583 578 585 592 595 599 607 610 613 610 609 611 613 617 620 621 630 634 645 648 653 657 658 663 672 679 685 682 691 698 704 710 715 721 723 730 736 736 742 742 746 754
437 433 430 428 427 419 421 414 414 415 416 423 418 419 416 423 427 435 437 428 429 432 440 441 442 449 452 461 465 474 483 484 485 487 494 496 502 509 516 525 524 523 525 523 531 539 544 540 546 548 549 558 559 562 571 575 580 585 590 586 593 601 603 608 616 617 615 613 611 617 621 625 629 630 636 638 649 656 660 665 667 667 672 680 688 691 699 701 708 711 715 724 721 721 729 735 736 737 741 749
446 439 439 436 429 427 419 415 421 419 420 422 427 427 424 431 428 429 438 437 433 440 445 450 443 452 460 465 472 478 479 486 492 494 492 500 509 508 512 519 523 532 533 530 537 538 543 541 548 557 556 560 561 570 571 573 581 590 599 593 601 607 612 617 617 624 621 621 614 623 629 626 632 639 643 640 651 659 667 665 667 674 671 679 687 696 698 701 703 706 706 715 712 713 720 729 733 737 744 750
450 442 442 438 429 425 424 424 429 420 425 429 432 433 428 437 429 438 444 446 441 442 447 454 451 454 461 467 474 479 482 480 483 488 490 494 503 505 511 512 520 529 534 531 536 544 545 550 557 566 558 567 563 568 574 580 586 594 594 599 605 605 610 613 620 628 627 625 617 626 634 628 631 638 642 644 648 654 662 662 664 665 668 677 682 689 694 701 709 705 698 707 711 713 722 731 740 744 744 753
453 446 443 446 438 434 433 433 430 429 432 436 440 434 437 433 430 438 446 447 449 444 453 456 454 459 460 465 469 470 474 478 486 495 493 494 501 505 510 511 520 529 535 533 536 545 551 553 556 565 567 576 572 569 577 584 585 586 588 592 596 603 611 612 621 627 628 624 620 624 632 636 632 638 646 651 649 651 652 655 657 667 674 678 679 686 685 693 700 701 696 705 708 717 723 727 736 740 741 750
460 454 451 453 444 439 442 440 439 432 433 442 447 440 446 440 439 440 445 452 458 453 462 457 459 467 469 468 477 479 479 487 490 498 502 500 509 514 517 520 523 524 533 536 543 551 559 556 564 571 574 581 574 578 580 585 589 589 596 600 599 605 614 621 625 632 635 630 621 630 632 637 634 643 650 657 651 653 660 662 660 665 666 673 675 679 684 686 691 692 693 702 707 710 717 726 731 732 740 742
468 463 460 462 453 446 444 441 442 433 442 445 453 445 452 443 448 442 451 453 462 454 456 463 462 471 472 469 471 475 484 493 495 499 508 507 514 521 521 527 532 533 540 541 548 553 557 560 564 573 575 580 576 585 581 590 597 591 598 607 604 612 618 627 626 633 634 633 625 634 641 645 638 645 649 649 658 661 668 663 665 670 672 681 682 681 686 687 695 695 696 705 707 716 725 729 734 740 746 743
476 470 464 455 454 453 451 442 444 436 445 451 457 454 454 445 451 445 452 457 465 463 465 472 469 475 481 478 474 483 486 488 497 498 507 515 522 528 527 528 530 538 545 544 548 555 557 563 572 581 576 585 585 594 586 594 599 600 603 612 610 614 620 627 635 627 634 634 633 640 648 646 640 641 642 647 656 664 671 666 669 673 676 684 689 682 690 696 702 698 704 705 713 721 722 731 740 741 746 749
473 466 457 456 461 461 452 443 451 443 450 454 460 457 463 454 454 451 458 459 462 463 469 475 471 472 476 484 476 485 487 496 502 503 512 520 521 530 536 534 539 547 552 553 550 552 558 567 573 580 577 578 580 588 587 589 595 596 604 610 611 605 614 621 626 619 628 634 642 649 657 648 645 648 646 650 658 662 669 672 678 681 684 689 687 684 687 692 694 701 704 710 717 720 727 736 745 748 755 758
473 464 463 464 468 459 454 445 452 452 458 463 464 459 466 461 463 460 459 460 463 464 472 481 479 474 483 481 478 479 482 489 498 504 509 518 521 525 532 539 540 548 552 553 551 556 559 568 570 572 580 587 581 590 594 590 593 596 600 602 603 604 608 617 623 618 626 633 636 644 651 655 654 652 649 652 660 668 674 681 684 690 691 698 695 689 694 701 701 707 707 708 717 724 733 741 748 749 758 765
479 470 472 469 469 460 460 454 453 461 459 462 469 460 469 470 471 469 468 469 464 472 478 487 480 475 483 485 487 481 490 498 505 505 509 515 516 523 526 531 538 547 555 556 559 564 568 576 571 579 580 585 589 597 600 598 598 600 608 607 607 605 613 614 615 617 622 628 629 635 644 652 659 661 657 660 663 667 676 677 678 682 688 697 696 690 693 701 704 709 713 715 716 725 733 735 741 748 751 756
476 473 475 476 470 469 462 455 459 461 464 464 467 468 475 473 477 474 469 469 467 468 470 479 488 484 488 493 489 490 498 502 511 514 516 517 522 527 528 532 541 548 552 555 564 572 571 580 578 584 589 594 592 598 604 606 599 607 615 609 616 614 618 621 622 619 620 626 635 638 642 645 651 654 656 660 661 663 668 670 679 687 694 695 697 697 696 697 701 707 709 718 723 727 728 736 738 747 755 759
485 477 482 485 479 478 471 464 465 466 472 472 468 471 480 474 479 476 474 477 468 477 478 487 495 491 489 498 491 497 506 511 520 523 521 525 527 532 537 533 538 544 545 554 559 566 570 579 581 582 585 590 598 599 601 607 608 614 623 614 621 622 625 627 631 627 629 635 643 646 647 652 656 660 658 667 663 670 669 678 684 688 691 700 703 705 700 705 702 711 718 727 726 727 736 742 740 745 747 750
486 485 491 486 487 483 474 470 466 471 475 473 471 472 480 482 486 478 477 485 476 477 478 487 493 492 496 505 496 505 506 515 523 532 528 526 535 538 537 536 537 543 552 559 568 575 575 583 589 583 584 593 599 608 608 614 615 615 623 622 627 625 627 636 635 628 634 637 638 639 640 646 654 655 663 667 672 672 678 680 686 691 695 696 698 706 709 710 703 707 709 719 720 729 735 736 740 741 750 758
492 490 498 493 485 482 476 474 473 472 480 481 478 478 485 491 491 487 479 488 482 486 487 488 492 496 500 501 498 507 511 520 525 534 533 527 533 540 546 543 543 549 557 564 568 577 581 583 592 587 593 595 602 607 611 614 619 617 621 624 629 633 633 636 639 630 639 645 647 643 645 647 652 659 661 670 678 681 681 681 683 692 701 697 704 711 715 711 707 713 715 716 718 719 726 734 735 740 748 752
501 499 499 491 487 478 477 482 481 477 478 479 484 483 489 498 495 486 485 494 489 495 496 493 501 499 500 501 501 509 514 523 529 530 539 532 539 548 545 544 552 550 555 564 573 579 588 591 600 595 601 604 610 616 620 620 628 626 627 625 630 637 642 642 641 632 634 638 643 648 653 650 654 655 658 665 674 675 680 681 685 686 693 701 709 715 719 714 712 716 723 722 727 721 729 735 740 739 740 743
508 499 491 490 481 480 485 486 482 485 483 481 490 484 492 493 502 495 490 493 490 494 503 497 505 500 508 509 509 510 512 520 523 529 538 541 548 552 554 547 551 559 563 572 581 588 595 598 599 597 599 608 611 619 620 628 635 635 632 633 639 641 647 643 645 641 635 642 646 650 651 659 662 662 667 672 681 683 681 685 693 688 691 693 701 710 710 719 718 723 729 731 733 723 724 725 731 737 745 744
505 498 491 490 482 486 494 490 491 489 492 490 495 487 494 494 499 502 493 497 492 501 510 504 513 507 516 511 513 517 518 526 525 531 540 544 553 553 558 552 558 566 569 577 586 591 600 607 606 602 606 615 619 624 627 630 636 643 635 634 643 650 652 652 648 640 638 646 653 656 659 665 670 671 675 677 681 682 690 690 698 689 692 693 701 703 706 714 722 723 728 729 729 726 730 728 739 739 743 751
510 504 495 491 491 489 491 491 500 491 497 499 497 488 497 503 502 501 494 501 500 503 510 509 514 513 520 515 516 521 523 532 534 540 541 550 553 562 563 559 567 571 576 578 585 586 595 604 611 610 607 616 624 625 630 637 642 651 643 637 643 652 661 661 652 645 644 652 656 665 667 672 679 672 680 680 681 684 693 691 700 697 701 702 710 707 715 723 729 731 729 737 734 733 738 734 737 739 749 756
510 502 496 499 497 496 493 496 499 492 496 505 500 497 506 504 504 510 503 506 506 512 519 513 520 514 523 520 525 523 525 532 539 544 546 549 558 565 565 568 573 578 579 579 585 589 596 605 609 616 608 616 625 634 634 637 642 649 652 646 652 659 664 663 661 653 653 658 664 673 668 677 682 678 685 686 687 685 694 696 705 705 710 711 716 708 717 725 734 740 737 744 735 738 741 741 744 740 741 745
512 505 505 506 505 502 502 503 494 493 501 504 507 498 503 508 512 511 510 508 508 510 516 521 520 519 520 529 533 530 534 533 541 549 555 551 560 561 569 566 575 579 588 584 589 598 602 604 612 616 615 621 625 626 635 644 643 644 650 651 658 667 673 666 660 657 659 666 673 676 674 683 687 679 686 694 689 688 691 692 699 702 711 720 723 716 723 727 736 743 745 748 740 746 746 745 750 742 749 751
515 509 510 514 506 510 509 507 500 498 505 505 514 507 512 517 521 517 515 514 516 512 520 528 529 520 528 529 537 535 542 539 546 552 559 552 559 564 572 565 566 575 584 593 598 595 595 600 606 607 608 612 616 618 627 636 645 653 655 660 659 668 673 674 668 660 668 675 677 678 682 685 693 687 692 697 698 689 697 701 703 711 717 723 726 718 727 736 740 748 754 752 747 753 752 754 758 751 755 752
518 518 512 515 511 518 510 508 507 507 507 514 516 509 518 525 530 525 516 515 518 515 523 525 534 527 528 536 539 544 551 548 548 557 564 556 558 560 563 564 566 570 578 586 592 593 594 596 605 613 614 621 624 627 630 638 645 654 662 661 667 676 677 679 674 668 677 683 684 679 684 691 694 692 695 696 700 697 705 710 712 712 720 721 727 719 726 733 741 742 749 757 753 754 761 763 762 758 763 761
