  0 451 445 450 453 449 458 460 463 471 470 466 461 466 467 465 459 460 464 463 466 475 483 479 488 483 481 486 489 490 494 491 492 501 502 505 499 506 507 508 516 519 528 529 535 532 536 538 546 550 553 555 564 568 565 573 573 580 583 588 597 589 591 599 608 606 610 618 619 625 634 643 650 652 659 661 664 662 667 662 667 675 679 687 689 698 706 715 712 718 724 725 726 732 740 9223372036854775808 9223372036854775808 9223372036854775808 9223372036854775808 9223372036854775808
  8 444 443 444 444 448 449 456 461 462 465 457 459 457 458 464 458 461 459 460 463 469 474 478 483 481 477 479 485 493 485 487 491 498 499 507 498 504 510 517 517 518 524 528 536 528 531 533 538 542 544 550 558 559 559 566 569 572 574 582 591 583 591 600 604 603 610 613 621 629 637 636 641 644 651 656 656 653 662 659 661 670 679 683 691 700 705 713 710 717 715 721 728 728 737 737 9223372036854775808 9223372036854775808 9223372036854775808 9223372036854775808
 16 436 434 443 441 450 442 448 453 455 457 455 450 450 452 457 450 453 454 461 470 469 476 470 474 476 473 479 482 486 480 484 492 499 508 504 497 502 502 510 517 523 515 520 527 522 530 536 544 542 546 549 550 552 557 565 568 567 574 581 589 581 589 592 596 601 608 610 616 622 631 633 641 641 642 650 651 652 653 657 660 669 678 679 686 695 696 705 701 708 713 718 719 727 728 731 738 9223372036854775808 9223372036854775808 9223372036854775808
 17 440 433 435 436 441 439 440 444 452 454 449 448 446 445 450 448 453 455 464 467 462 467 462 468 469 472 474 475 477 479 486 492 494 503 495 495 496 501 502 508 514 512 514 520 519 527 532 535 541 545 540 544 551 557 560 561 565 573 572 580 580 581 587 596 600 607 609 617 626 626 635 637 637 646 646 655 652 658 661 669 673 671 672 678 687 689 698 697 699 704 712 715 718 722 726 734 743 736 9223372036854775808
 26 440 432 429 435 436 438 445 450 449 445 446 449 445 443 441 445 454 458 458 462 455 458 458 461 465 463 465 467 470 475 477 484 485 494 489 488 497 502 494 503 505 506 513 511 518 524 527 535 539 545 537 539 548 550 557 566 567 567 569 575 574 582 591 593 597 604 609 613 621 618 626 628 636 638 639 648 649 651 652 661 669 670 673 679 681 689 690 691 695 702 704 706 715 721 726 730 738 732 735
 28 434 425 423 426 427 436 445 444 440 438 440 441 436 434 440 448 448 453 452 454 451 457 456 458 464 462 467 466 467 472 468 475 484 485 492 485 490 496 491 496 499 505 513 510 516 515 521 527 531 538 534 542 543 552 556 558 562 563 566 570 573 577 582 591 593 597 601 610 612 617 618 627 633 641 639 648 657 657 660 661 670 676 674 683 682 690 695 700 704 704 708 707 712 718 718 726 729 724 726
 29 426 417 417 422 426 435 441 436 438 429 436 432 427 428 434 441 442 444 450 446 442 449 453 449 456 460 462 463 470 473 465 472 479 486 483 483 484 487 488 495 496 504 508 508 515 512 515 522 524 533 532 536 541 543 549 551 556 565 568 569 572 577 586 594 601 600 604 608 609 610 617 624 625 633 638 642 648 655 658 660 663 668 676 685 690 697 698 694 701 702 702 706 714 719 715 717 720 719 718
 33 419 413 416 425 428 432 435 428 436 428 433 432 426 434 434 440 435 444 443 446 440 448 455 448 447 452 453 461 466 466 464 468 475 478 482 481 485 491 491 500 502 505 508 504 507 509 513 519 528 530 531 539 548 545 549 552 554 560 563 565 567 569 578 586 595 602 601 604 610 619 625 633 626 635 635 636 641 649 651 652 660 664 668 676 681 688 690 692 699 695 700 708 708 712 714 720 712 712 715
 41 413 412 414 418 419 424 427 426 434 426 426 434 425 428 433 432 434 442 434 439 438 446 448 450 444 448 455 464 469 462 462 466 470 477 481 472 477 484 493 497 494 497 499 502 511 515 522 525 527 526 529 534 541 548 554 561 562 568 572 568 574 572 581 590 596 598 600 606 608 616 624 626 628 631 633 635 639 640 643 650 658 659 662 667 675 680 681 683 690 687 696 699 703 710 712 715 711 703 711
 42 405 409 406 411 414 423 421 420 429 422 423 427 424 430 439 431 427 436 433 441 434 443 449 441 443 447 456 463 460 453 461 466 469 473 474 465 471 479 488 490 490 498 500 504 506 515 524 522 524 523 532 534 541 549 557 561 563 567 568 568 577 578 583 583 591 595 599 599 607 608 615 620 628 634 631 632 641 649 647 656 653 653 657 662 666 672 678 679 681 681 689 698 694 702 704 706 709 702 708
 51 400 407 399 407 409 415 415 417 423 421 426 422 416 422 431 431 422 427 425 432 433 439 442 439 448 448 452 454 458 452 457 459 466 465 470 463 467 474 483 487 489 496 504 511 508 511 515 517 517 522 530 531 536 541 550 553 555 558 559 562 569 575 576 577 583 589 590 596 599 607 609 615 624 625 629 635 644 647 651 655 652 644 648 657 663 669 670 671 679 680 681 690 693 694 696 699 700 701 709
 56 395 404 398 406 414 407 414 415 416 414 417 413 412 413 422 425 420 429 423 432 428 435 442 437 446 451 451 460 451 450 456 455 464 464 465 461 464 471 475 478 480 488 495 503 502 502 506 508 516 524 532 532 541 542 550 552 559 560 566 571 576 580 581 580 587 592 586 589 594 598 607 613 622 620 628 634 638 639 646 647 643 642 645 653 658 666 662 662 671 672 680 681 685 694 695 699 708 709 712
 58 392 395 397 399 405 399 408 415 411 412 414 414 408 414 415 416 417 426 422 423 427 429 434 436 437 445 448 457 453 446 448 454 457 456 462 460 462 471 473 476 478 482 489 497 494 495 498 507 512 516 525 532 536 541 544 547 551 555 564 573 578 578 587 582 587 586 581 589 598 604 598 607 614 615 621 625 630 639 637 646 638 640 643 646 653 658 657 660 665 669 676 682 688 695 699 691 700 703 711
 66 388 390 395 393 396 394 402 406 410 416 407 406 399 408 415 419 421 422 419 428 430 427 427 436 445 446 439 448 444 445 453 462 457 449 453 459 465 468 472 481 485 490 490 491 493 502 507 506 512 521 527 528 529 538 538 539 544 551 559 565 573 576 584 575 579 578 580 581 590 595 596 605 608 616 617 618 625 630 629 638 636 642 649 653 648 650 654 655 656 663 670 673 682 686 694 690 699 695 702
 73 387 381 387 384 388 390 399 398 406 409 405 399 395 402 410 410 412 414 411 419 427 421 422 429 438 439 437 441 443 450 459 457 449 448 454 456 457 466 470 476 485 490 484 493 488 496 501 505 508 512 520 527 536 535 532 541 548 555 556 556 564 568 577 569 570 577 579 582 591 594 599 604 600 607 609 612 619 622 628 634 635 636 644 644 646 655 653 654 662 665 673 674 676 685 685 688 697 692 697
 74 379 380 378 381 383 387 393 397 397 400 403 395 391 393 402 405 406 409 410 418 418 420 421 422 431 430 436 441 444 451 460 452 451 447 454 448 454 462 461 470 479 481 481 490 481 490 497 499 504 511 519 528 528 527 528 537 542 547 548 555 564 560 568 568 569 570 577 582 590 597 599 597 598 599 600 608 614 615 624 632 626 630 635 636 643 649 652 654 660 662 664 672 681 684 680 679 688 687 688
 83 374 371 377 378 383 385 392 394 396 394 401 398 390 394 397 401 398 406 405 410 410 417 412 419 422 426 433 437 445 454 452 444 448 446 445 445 451 456 460 466 475 484 479 482 479 482 488 495 497 502 511 520 529 526 531 538 541 546 549 554 562 558 559 567 572 578 586 583 592 594 592 595 604 606 605 614 615 621 623 629 621 622 630 639 646 647 654 654 659 664 663 671 676 681 676 677 684 686 694
 89 372 364 373 379 374 383 388 396 396 388 393 395 387 394 388 392 395 397 399 405 403 408 409 412 417 420 424 432 440 446 444 435 441 437 438 442 446 451 457 464 470 477 476 474 476 482 491 499 503 504 513 511 520 521 525 531 536 544 550 554 556 552 561 562 571 579 584 588 587 586 591 595 599 601 602 609 615 613 619 622 620 628 635 640 649 648 656 648 654 657 661 670 677 680 673 674 682 683 692
 93 366 362 368 375 372 378 385 388 387 386 392 389 386 394 385 386 391 397 400 400 398 399 403 404 413 414 415 423 431 440 437 428 432 433 441 450 452 454 460 461 466 473 481 473 480 485 494 503 508 505 505 507 511 520 525 532 530 538 544 548 553 550 557 566 567 574 578 580 586 578 587 586 591 592 601 600 606 605 610 613 616 623 632 635 642 651 656 647 654 653 660 661 668 673 672 681 685 691 696
 94 366 359 366 368 367 374 381 384 378 379 388 394 385 385 381 382 388 388 397 399 394 397 406 408 413 421 418 424 431 434 431 427 429 437 435 442 449 458 455 463 459 467 472 471 474 483 492 494 501 506 501 508 509 516 525 526 527 535 537 544 546 548 556 557 566 570 569 578 581 576 585 585 593 595 593 591 598 601 606 615 624 628 632 638 647 647 655 646 650 652 658 664 663 664 664 672 677 682 687
100 363 358 359 364 365 374 375 380 376 370 379 388 382 380 377 373 381 380 389 390 393 402 408 403 408 413 418 420 424 426 428 421 422 429 430 433 442 450 454 456 453 458 465 468 477 483 484 485 494 497 499 508 511 512 518 525 526 533 539 538 547 544 550 555 559 567 566 573 573 573 579 583 591 587 584 590 592 597 606 614 621 628 630 630 639 645 647 640 641 648 650 656 662 667 663 665 672 681 689
109 354 351 357 357 366 371 366 373 375 369 371 379 375 371 373 370 373 375 382 391 393 399 404 402 404 405 410 413 415 417 419 420 428 427 432 426 435 441 446 447 450 451 460 461 470 476 483 487 493 490 498 504 510 516 525 521 530 531 532 536 541 538 545 551 553 562 557 564 564 565 570 574 583 589 581 590 599 605 608 612 618 627 634 625 634 636 638 639 644 647 654 647 654 659 655 660 666 672 681
118 345 344 351 353 359 364 365 365 366 368 373 376 368 367 371 367 374 380 386 387 390 394 400 400 399 402 403 404 406 414 414 421 419 421 424 424 426 435 442 450 452 455 459 462 468 476 477 486 486 489 494 502 511 511 517 516 521 522 523 529 532 529 538 544 546 555 554 555 562 563 571 579 587 585 579 584 590 597 599 608 614 618 626 624 628 633 629 631 640 646 645 646 646 655 651 656 663 665 673
122 336 341 344 347 354 358 366 361 368 371 373 373 371 362 362 366 367 371 378 380 389 393 391 397 398 396 402 411 409 409 411 412 412 415 420 422 430 439 447 449 453 456 465 459 465 472 474 483 481 483 486 495 502 507 508 514 518 523 522 522 523 528 535 544 549 547 546 555 556 556 565 572 581 579 576 585 591 593 601 601 610 617 617 615 624 630 628 630 639 640 644 651 643 647 648 657 665 669 674
127 333 337 343 343 348 350 357 359 366 364 367 370 368 359 358 364 358 363 371 380 389 394 385 388 392 395 393 402 401 408 405 410 407 416 420 429 435 434 438 440 446 447 456 457 459 463 471 480 479 484 485 489 498 507 513 514 523 516 513 520 528 527 535 544 540 541 545 552 553 554 556 565 573 574 575 576 584 592 593 598 607 608 617 614 616 625 620 624 632 639 647 647 639 648 642 650 656 665 666
132 328 331 340 335 340 349 358 363 363 363 359 367 364 359 352 357 355 361 370 376 382 386 377 383 386 386 391 398 398 399 399 407 406 408 417 425 431 428 432 439 445 450 454 458 463 464 465 473 475 483 490 489 495 502 507 513 519 515 507 511 520 526 527 536 539 542 551 560 556 555 564 572 574 580 576 583 584 590 591 597 606 612 608 610 608 617 617 620 628 630 639 638 638 639 640 649 652 661 665
133 327 325 332 332 340 349 352 361 358 357 351 358 355 355 351 350 353 357 366 371 374 378 375 376 377 384 384 389 395 392 397 404 399 408 414 420 422 423 424 433 436 443 446 451 458 466 466 467 475 484 493 484 487 496 498 507 512 512 504 507 515 517 521 530 532 535 543 551 552 553 560 569 575 576 569 578 580 585 593 600 600 603 599 601 604 610 611 620 623 632 639 634 637 641 649 650 654 656 661
141 329 322 328 326 335 344 345 352 356 359 350 352 352 347 356 349 354 357 361 362 366 372 367 367 373 375 383 384 386 388 389 397 398 404 413 422 431 432 431 440 444 444 453 460 459 468 469 469 478 485 484 480 484 487 495 501 504 503 502 510 513 521 528 524 523 532 538 546 553 546 555 563 567 567 561 569 578 583 588 591 596 603 596 600 602 611 620 613 615 624 632 631 633 641 644 653 656 665 664
142 328 320 319 321 330 337 338 345 348 355 347 344 351 345 349 348 345 354 357 363 357 365 365 361 370 376 385 393 393 397 396 405 407 410 419 424 433 432 434 443 449 451 455 461 466 465 467 476 480 480 485 477 476 482 487 493 497 502 498 507 509 518 519 520 521 528 535 537 544 545 548 557 559 559 560 567 575 579 580 584 588 595 593 602 608 604 611 608 610 618 626 627 631 638 645 654 655 664 667
151 330 321 312 316 324 331 329 338 344 346 339 337 342 342 343 344 342 345 350 354 355 356 362 360 368 374 378 387 390 399 395 400 401 409 418 425 429 431 432 441 449 453 459 457 461 461 468 476 473 472 479 482 475 476 483 488 489 493 494 503 512 514 523 522 524 526 535 536 543 536 545 550 553 554 561 568 569 571 572 578 579 586 592 597 604 603 604 605 613 619 622 624 632 639 647 656 664 666 666
155 321 318 309 310 319 322 328 335 335 338 341 336 339 334 343 345 341 350 351 357 353 357 357 359 360 369 378 381 388 396 394 400 409 415 413 416 423 430 432 438 442 448 452 450 452 455 464 467 470 463 472 476 473 480 489 489 497 502 503 506 514 519 523 524 527 534 537 545 543 535 537 546 551 553 559 566 573 577 578 577 582 591 586 590 595 597 606 604 612 620 623 632 640 648 653 655 655 661 657
162 312 313 308 314 316 325 331 335 327 330 333 328 334 325 334 338 339 348 357 349 346 349 355 363 365 373 377 383 385 387 388 393 402 411 408 417 423 430 436 440 444 447 444 442 443 451 458 458 461 462 469 470 472 481 490 494 501 509 511 507 507 510 515 524 531 534 531 536 538 531 538 544 545 547 556 564 565 572 573 570 577 583 578 584 586 593 598 600 605 611 617 626 634 643 650 653 651 656 653
171 305 311 307 310 307 316 325 328 324 321 324 327 325 324 332 341 340 349 348 342 345 346 355 364 366 373 371 378 382 388 389 396 400 402 407 409 417 424 431 434 436 441 436 433 441 442 450 456 465 464 473 475 481 489 490 493 495 500 504 500 500 506 510 519 524 526 526 527 529 530 535 536 545 546 552 561 570 571 571 568 576 574 577 582 586 587 596 604 611 617 619 624 628 635 642 644 648 653 651
176 298 304 305 303 306 311 320 320 316 320 327 318 327 323 328 336 337 346 339 341 348 353 362 368 368 373 370 376 382 383 391 389 393 401 410 418 418 426 426 431 432 440 431 428 437 446 451 454 456 463 470 467 473 482 484 488 495 501 495 491 499 503 506 512 516 518 525 526 523 525 530 539 542 545 548 557 566 572 566 566 574 573 581 584 586 595 601 602 611 620 625 630 636 633 634 639 640 648 650
180 292 295 296 297 298 303 311 315 313 312 320 313 320 321 330 336 345 341 337 340 346 352 357 362 365 370 366 370 379 382 386 388 389 392 401 410 419 419 420 426 427 434 425 425 432 440 449 446 454 456 464 465 473 475 476 485 486 493 494 487 496 503 504 513 514 518 517 517 515 516 525 532 534 537 546 551 558 564 557 558 565 570 576 580 581 587 596 604 609 613 618 621 630 626 634 639 648 651 643
184 283 286 290 296 303 307 313 306 311 307 314 311 319 322 326 335 342 333 336 340 347 349 358 358 367 362 360 365 374 375 379 388 397 391 398 403 411 412 416 418 426 427 419 420 427 432 440 443 451 456 456 464 466 468 469 476 480 484 485 486 487 496 499 504 509 513 511 512 514 516 520 525 526 535 543 544 553 558 556 561 559 562 571 575 583 586 595 603 600 609 610 616 622 618 625 632 639 648 641
193 276 283 282 288 294 302 305 298 304 306 307 309 317 320 327 326 335 331 336 334 338 344 352 355 361 365 359 368 365 373 375 384 388 390 397 402 411 417 425 419 426 425 418 427 427 431 431 440 442 447 452 461 470 474 476 483 487 484 489 495 496 498 505 505 507 509 510 519 523 523 526 527 534 535 544 553 551 551 552 553 558 567 563 572 576 584 589 598 599 605 611 607 614 615 624 625 630 639 640
201 268 274 281 290 290 299 296 297 299 300 309 316 321 322 323 322 330 330 335 330 339 336 343 346 352 361 358 361 364 372 377 382 389 396 404 402 409 417 419 410 419 423 415 420 426 426 428 436 440 449 454 462 465 466 472 476 479 481 485 492 498 507 507 514 514 511 512 513 515 516 519 527 529 534 542 544 542 550 557 554 555 561 562 570 574 578 583 592 599 596 602 603 612 620 624 632 638 645 649
206 267 269 273 281 288 290 292 293 300 301 309 313 318 318 320 320 322 329 334 328 331 333 342 344 351 353 355 358 366 373 382 390 388 391 395 398 403 410 416 408 412 418 412 413 421 425 433 435 443 446 447 456 464 472 473 481 478 483 488 492 501 509 509 517 514 513 514 522 517 525 520 527 533 533 540 535 536 543 551 555 562 564 565 574 578 585 588 596 591 593 599 603 612 617 618 626 635 644 648
214 260 263 264 273 279 283 289 292 298 303 300 309 313 313 313 315 321 329 334 327 334 337 342 351 345 346 355 361 369 373 374 381 386 388 389 390 399 404 408 407 409 411 410 417 418 426 432 439 446 450 448 454 463 471 472 476 477 483 492 500 506 506 512 515 514 519 522 530 526 526 521 522 524 531 532 534 539 548 553 560 563 564 568 571 573 577 586 589 590 599 606 604 613 620 620 622 631 636 639
219 257 260 262 270 279 274 280 289 293 298 298 306 310 310 311 314 313 321 325 321 327 331 338 343 344 350 358 359 364 366 374 381 390 390 391 391 397 400 399 401 404 405 409 411 420 425 433 435 444 453 452 453 454 463 466 467 476 478 487 491 500 497 505 513 511 512 521 523 531 534 526 531 532 539 536 543 548 549 553 559 560 567 573 578 582 583 592 592 597 606 610 609 617 618 626 623 627 636 645
225 250 258 260 266 271 272 281 283 286 294 289 297 302 302 310 310 306 315 316 320 326 333 334 342 345 350 356 361 370 373 376 382 386 393 396 400 400 397 398 406 406 412 417 420 428 434 428 436 439 445 443 444 447 456 458 467 471 472 479 488 493 492 501 504 505 506 513 516 525 533 535 531 533 535 543 550 555 555 560 560 563 571 573 577 586 592 599 598 606 609 618 615 621 627 635 631 629 631 638
232 233 234 257 259 264 273 278 277 286 290 288 294 300 300 309 303 304 312 319 321 329 336 342 341 346 345 351 357 366 375 380 385 393 401 400 393 391 396 400 408 407 409 410 412 420 429 423 430 433 436 439 442 450 457 461 470 474 480 480 482 487 490 499 500 506 515 522 517 519 527 528 529 538 537 542 549 555 561 569 565 572 576 582 583 592 600 604 605 611 618 627 624 630 635 638 634 630 631 640
241 240 243 258 255 264 270 274 270 278 283 286 295 296 297 301 302 304 306 314 320 328 332 335 338 341 343 352 356 362 370 371 380 387 392 391 390 387 393 402 409 413 416 412 416 418 420 421 422 427 429 438 442 447 448 455 461 470 476 485 486 494 491 499 505 508 517 520 519 527 524 519 522 531 534 542 543 547 556 563 567 574 579 584 585 594 602 605 612 612 619 620 627 635 641 643 642 639 638 647
250 249 244 245 247 258 262 268 269 277 286 288 294 302 302 303 305 310 315 321 329 332 333 334 343 347 348 353 360 361 363 365 373 380 386 394 385 386 395 398 407 416 410 419 424 419 428 429 430 428 429 431 438 447 448 457 466 469 475 482 485 493 494 495 504 504 511 513 520 527 519 518 526 535 538 546 549 555 560 569 568 573 580 587 593 590 599 603 609 614 623 624 633 642 650 652 645 648 640 644
252 247 246 252 254 255 267 275 276 284 292 294 297 301 309 308 313 318 322 330 336 341 341 336 345 347 353 361 369 362 363 365 374 375 379 385 380 389 397 399 406 408 409 416 417 420 427 428 437 433 434 433 435 443 450 458 460 461 467 476 478 486 493 496 505 502 510 518 513 518 515 517 526 532 539 544 553 561 568 565 565 566 574 578 587 588 597 606 614 623 632 628 637 646 651 659 654 652 648 645
253 254 255 258 258 260 267 278 284 293 298 300 305 304 313 312 315 319 325 327 334 341 342 342 350 356 354 358 366 363 369 366 367 372 376 377 379 386 390 399 407 406 412 418 425 429 429 437 438 441 435 439 436 443 447 455 459 460 466 472 479 483 486 487 496 499 508 509 511 513 514 522 525 532 541 542 551 558 559 560 563 567 576 581 583 592 601 602 608 616 623 632 638 641 648 652 651 651 653 651
258 259 262 267 267 269 276 279 288 297 300 295 301 306 311 318 315 323 332 332 341 345 346 351 353 359 358 362 368 372 375 373 376 378 378 384 385 389 392 393 398 400 403 409 418 427 436 445 447 441 436 444 443 444 445 447 455 464 472 480 480 484 489 493 499 508 515 513 519 521 523 530 533 541 550 548 557 564 565 568 572 568 577 578 587 592 601 610 614 622 631 627 635 640 647 648 649 650 658 656
267 268 263 272 276 278 282 280 291 289 290 292 303 304 311 307 308 313 324 333 342 340 347 355 362 361 363 371 376 379 379 377 380 386 386 391 389 396 401 402 406 402 404 412 421 426 428 437 438 443 445 448 448 449 450 454 461 469 473 477 486 493 490 496 505 509 512 519 526 522 530 532 537 539 547 556 565 568 574 575 571 570 578 587 596 596 605 614 622 627 622 624 630 631 638 646 655 659 666 658
272 270 271 280 277 286 288 283 284 288 297 296 298 300 305 306 314 322 329 333 334 335 341 347 352 361 364 373 382 383 380 386 388 387 387 396 395 404 405 406 411 404 412 421 422 430 430 439 445 446 446 455 455 458 459 461 470 478 482 482 488 493 492 499 504 510 518 523 521 522 525 528 537 544 553 560 561 570 578 579 573 576 577 582 588 591 600 609 613 619 620 629 638 638 644 651 652 660 659 666
273 277 279 287 280 284 285 290 286 287 288 294 303 304 307 311 317 324 333 335 340 338 347 354 356 359 362 364 373 381 389 392 396 394 390 398 404 411 409 407 416 413 419 420 421 426 435 444 440 446 455 464 462 462 461 466 468 475 481 482 491 499 499 503 511 512 518 519 520 525 534 536 545 548 553 554 563 568 574 575 580 577 585 590 597 600 601 606 609 614 623 632 633 640 648 655 653 661 657 666
274 283 280 286 287 285 293 299 295 295 295 297 306 313 314 319 326 329 334 340 342 346 351 360 357 365 367 368 378 385 387 393 394 395 397 405 409 416 411 415 419 415 416 424 428 434 437 438 439 448 454 457 460 461 463 468 477 479 484 491 500 503 508 512 515 520 527 526 528 533 535 544 545 549 550 558 564 571 579 584 582 583 589 594 598 607 609 607 612 617 622 627 628 637 643 650 656 659 653 662
281 290 285 289 296 288 290 298 298 301 296 299 308 317 320 326 332 330 332 333 342 348 350 357 362 369 376 372 376 377 380 383 384 386 395 396 405 413 412 414 416 424 425 427 430 437 446 439 446 455 461 465 466 463 472 475 483 488 491 498 503 509 509 513 518 526 535 534 529 535 543 545 553 556 558 565 566 568 576 577 578 585 593 601 602 603 605 610 611 617 625 631 637 646 643 644 647 650 651 656
288 289 294 298 302 297 293 302 303 303 300 306 310 318 321 327 331 331 335 338 347 353 354 362 364 373 381 381 381 380 386 391 389 395 399 397 405 411 420 416 418 419 421 430 431 440 447 440 441 446 454 463 472 464 472 481 490 493 498 499 500 507 511 511 512 517 526 527 532 535 544 552 558 561 564 566 570 572 580 582 583 584 586 594 595 603 606 609 618 623 624 631 636 639 642 641 648 657 656 659
297 298 303 302 303 306 301 310 304 307 309 307 316 319 326 335 340 340 343 345 351 354 360 368 365 368 376 383 388 386 392 393 394 403 402 406 408 411 417 424 426 424 429 430 438 446 454 449 449 454 462 469 469 468 474 479 483 484 493 500 501 502 510 509 517 526 533 535 541 536 539 545 553 558 563 568 569 578 587 586 591 586 595 602 601 608 609 611 612 614 615 624 627 630 637 638 647 656 663 668
306 307 312 311 311 308 304 309 311 316 318 315 324 320 324 333 335 344 346 346 349 350 357 366 374 376 381 384 392 389 397 399 396 405 411 407 414 412 417 425 426 428 433 439 446 454 455 455 458 458 460 469 477 476 480 487 491 493 502 501 502 503 505 507 515 518 526 530 537 544 544 551 556 563 572 577 572 581 583 584 592 587 589 593 598 607 609 615 613 622 623 631 636 639 646 643 649 650 659 666
308 316 317 314 318 309 305 311 320 317 317 316 318 324 325 334 343 350 355 355 355 357 361 365 371 372 381 387 393 396 403 401 401 403 404 413 419 420 423 432 435 437 442 443 451 455 460 463 466 461 463 467 476 480 486 493 496 502 504 502 504 512 514 511 512 521 527 529 538 542 545 547 554 561 564 573 577 583 589 592 595 595 598 596 597 601 607 614 618 622 626 628 631 632 641 650 658 654 658 662
316 324 321 318 315 311 312 319 320 325 325 318 320 325 329 334 343 348 353 362 357 365 363 370 379 374 383 389 391 395 400 409 408 412 405 409 410 417 426 434 439 438 446 450 451 452 459 460 463 464 472 475 479 482 484 490 491 499 504 511 513 513 515 516 519 526 530 535 536 545 553 556 561 564 567 568 573 582 591 592 601 596 599 597 605 610 615 621 627 627 635 631 635 641 646 647 652 661 660 669
317 320 329 327 320 316 321 321 327 327 328 319 320 323 330 333 342 349 351 355 361 370 367 376 383 383 392 394 400 399 408 415 412 412 411 418 419 426 430 432 438 441 446 448 457 461 466 468 468 468 476 481 488 491 492 499 498 503 504 513 522 521 517 519 528 527 529 535 542 551 552 557 566 565 566 567 576 585 594 600 601 603 603 604 607 616 618 619 627 636 644 640 639 642 644 646 654 656 665 674
320 329 338 335 327 324 324 329 330 335 332 323 321 328 334 338 339 344 351 357 365 369 374 381 386 386 394 395 403 402 406 415 421 417 418 421 420 424 431 430 431 435 436 446 449 455 457 459 468 469 472 480 487 492 494 500 501 505 513 515 519 527 525 528 530 536 538 537 540 548 557 563 564 567 567 576 585 587 588 594 602 610 604 610 614 622 627 626 631 639 644 644 646 644 646 651 659 665 674 683
329 336 344 339 334 333 327 335 334 339 332 331 322 327 335 344 348 352 351 357 360 366 375 382 388 391 399 403 410 408 415 424 426 418 419 423 422 423 427 428 429 438 438 439 440 450 458 466 469 478 476 484 493 499 501 508 510 510 516 521 521 524 530 537 539 544 546 539 547 554 555 563 571 573 568 570 576 583 591 600 608 607 611 615 623 629 634 635 640 643 650 649 650 650 655 659 667 672 679 682
336 345 352 347 339 331 328 329 338 342 339 330 323 327 332 339 345 348 349 357 363 369 378 386 381 390 393 398 401 409 415 424 424 421 426 424 424 430 435 432 434 440 445 448 447 449 456 461 470 476 477 485 488 496 497 504 511 514 519 522 525 525 530 536 540 540 545 541 547 556 561 570 572 581 576 579 584 587 595 599 600 604 610 612 619 628 634 637 638 646 655 656 657 654 659 661 669 676 685 690
341 350 356 352 346 337 331 338 346 344 343 336 332 332 334 339 342 351 358 360 361 370 371 378 379 388 389 390 392 401 408 416 419 423 430 432 431 437 439 438 442 446 453 456 451 452 458 467 476 485 486 490 490 491 495 503 506 515 516 520 520 522 530 537 537 539 541 542 550 551 560 569 577 581 583 585 587 595 596 598 599 601 608 617 619 623 630 638 641 642 650 655 659 662 660 668 676 684 691 697
347 354 359 350 349 342 334 335 337 346 341 334 333 337 338 346 347 354 356 365 370 379 372 377 386 389 397 391 398 399 408 414 422 431 436 439 439 443 447 446 447 447 449 454 460 453 459 468 477 485 494 493 496 500 504 504 511 515 516 517 519 526 527 530 536 541 543 551 559 560 568 571 572 577 586 594 591 593 595 604 605 602 611 615 618 623 632 638 644 643 648 654 661 658 662 671 671 677 686 691
350 358 351 350 348 346 340 343 345 344 339 337 334 339 341 347 355 361 358 361 369 377 373 377 379 388 396 397 399 407 416 423 425 432 440 443 445 452 449 451 453 454 450 455 464 461 467 474 476 482 489 491 499 504 506 513 517 516 523 520 523 524 528 531 538 540 545 546 554 560 565 569 573 582 583 592 595 594 601 603 612 606 607 609 618 622 631 640 641 642 645 654 653 656 662 666 670 679 687 694
354 362 358 359 355 350 341 350 354 350 342 343 342 343 349 352 355 363 364 367 376 377 379 386 387 390 399 406 407 411 413 422 424 432 441 439 446 452 450 458 458 456 457 463 464 469 474 480 479 481 490 495 504 513 507 509 510 513 519 528 524 532 535 538 546 541 549 555 561 569 566 568 575 578 587 596 601 595 598 604 612 613 615 618 626 623 630 638 647 647 645 647 650 655 663 667 676 679 684 693
360 369 367 367 361 357 350 359 352 345 344 346 346 352 350 359 359 368 373 374 380 384 383 387 388 396 400 402 403 404 413 414 417 426 434 435 440 443 452 458 459 457 466 471 473 478 481 489 480 485 494 503 512 511 508 517 517 514 523 526 526 534 543 542 551 550 555 556 558 567 573 572 573 576 582 591 593 601 605 608 610 617 623 627 635 628 629 633 641 643 644 653 659 656 663 667 669 676 677 685
361 370 374 368 368 359 356 357 350 348 348 348 354 357 357 359 361 369 370 374 383 389 388 395 397 405 404 404 405 411 417 423 425 434 438 443 448 452 453 461 467 461 470 476 474 483 489 497 487 493 502 505 509 509 515 516 524 522 528 534 532 537 546 549 551 555 557 564 563 565 573 574 576 585 584 586 595 604 611 617 611 619 620 623 632 632 632 641 648 646 648 654 660 657 666 674 677 679 686 687
369 378 377 376 367 366 363 359 351 355 351 352 358 358 366 360 362 366 368 376 383 392 395 396 397 401 408 412 413 420 426 424 431 435 443 449 456 459 455 458 467 467 468 476 477 482 488 495 492 495 503 508 506 507 516 523 525 529 530 531 539 539 540 543 550 554 563 560 561 570 579 575 581 588 588 592 601 603 607 610 618 618 626 627 631 636 637 640 647 655 652 656 657 665 667 673 674 683 685 694
378 387 380 377 373 367 367 362 355 364 356 355 364 365 373 368 369 374 376 385 391 395 396 399 398 406 415 420 421 429 429 433 435 444 447 448 452 453 459 459 462 466 474 477 483 491 489 491 499 497 498 501 502 508 515 516 517 519 520 530 536 543 546 547 552 557 558 559 565 567 574 579 583 584 586 595 604 607 614 618 616 617 623 631 632 633 642 641 650 656 661 659 665 670 676 674 676 677 684 691
387 389 387 378 376 376 374 365 359 362 359 364 369 366 372 377 378 383 378 379 387 396 405 408 406 414 423 428 430 435 438 437 440 441 446 450 451 455 457 458 467 469 471 480 481 489 493 495 501 501 507 504 505 508 516 525 525 527 521 522 527 536 541 542 543 548 555 559 565 574 583 581 589 592 589 592 596 598 606 610 614 619 623 628 630 639 645 650 654 661 662 667 666 673 674 677 677 682 689 696
396 392 394 385 378 379 377 372 363 367 363 368 377 374 379 381 381 389 380 384 393 394 402 403 407 408 417 426 432 437 442 441 443 449 455 456 456 464 461 461 465 473 478 487 485 486 495 499 500 509 507 506 514 509 517 523 529 535 527 523 529 530 534 544 548 557 563 561 570 574 580 581 589 595 596 593 598 606 613 619 623 623 629 635 639 641 646 651 658 665 663 669 675 681 679 678 678 684 686 692
400 401 400 394 387 387 379 372 368 369 368 369 378 383 388 384 389 386 382 390 399 398 404 409 414 416 424 427 436 437 445 442 448 456 463 458 463 470 468 469 470 478 484 488 487 495 502 504 509 514 516 514 514 511 517 526 535 537 530 530 538 538 539 542 548 551 558 559 565 570 577 586 587 592 601 602 599 603 604 610 615 623 627 636 645 649 655 652 660 667 672 673 676 684 687 687 685 693 692 693
408 410 409 400 396 396 388 381 372 370 377 370 372 381 386 392 398 395 390 392 393 402 405 414 415 424 428 428 433 442 451 450 453 457 466 464 465 473 475 475 476 485 492 496 495 504 504 505 511 520 520 523 516 512 521 527 529 531 532 533 541 546 547 549 556 558 564 568 567 576 581 587 596 601 602 611 604 611 611 613 620 625 633 641 647 655 663 658 659 667 671 679 682 690 694 696 693 702 701 697
414 406 405 401 398 401 392 383 378 379 374 373 376 377 382 383 392 394 396 400 402 404 408 416 418 427 429 434 441 450 452 455 455 456 464 472 474 475 478 484 479 480 489 496 504 505 513 506 507 514 523 529 525 519 528 536 534 537 533 539 546 552 555 556 565 560 569 573 568 576 584 593 601 609 610 619 611 620 612 615 623 630 635 636 644 653 654 656 665 671 679 688 689 690 697 704 695 700 709 701
422 413 412 404 396 395 393 385 382 378 377 382 377 386 384 392 399 397 404 406 411 405 414 422 425 432 436 442 449 457 461 461 464 458 461 465 471 473 481 482 480 481 486 487 495 503 509 515 514 518 526 527 534 528 537 542 539 546 541 547 555 558 562 564 572 567 576 578 575 583 591 593 593 602 608 612 610 613 618 624 627 628 635 641 642 644 651 659 667 675 683 685 693 691 698 699 704 708 709 710
429 420 412 412 404 401 392 385 384 380 382 391 386 393 386 387 390 397 398 401 404 412 416 423 425 429 438 444 453 462 466 470 462 460 461 468 477 478 485 486 486 482 485 489 492 499 507 512 514 523 524 528 530 529 537 545 543 552 545 546 554 559 563 565 574 572 576 577 577 586 594 591 592 594 602 603 607 616 624 626 627 630 638 644 646 647 656 664 665 672 680 688 690 692 698 706 705 714 718 716
422 419 410 410 401 392 391 390 390 386 384 392 394 391 389 392 397 403 407 403 407 409 418 421 427 435 436 443 450 459 464 467 470 461 462 464 470 479 486 495 495 491 494 491 499 507 512 515 521 522 531 536 539 536 545 548 548 553 554 549 556 563 566 570 578 581 584 581 580 582 584 588 591 592 601 605 615 618 623 627 628 633 642 649 655 652 661 668 674 680 685 691 693 700 706 706 711 712 716 724
414 410 407 405 404 396 398 391 391 392 393 400 395 396 393 400 404 412 414 405 406 409 417 418 419 426 429 438 442 451 460 461 462 464 471 473 479 486 493 502 501 500 502 500 508 516 521 517 523 525 526 535 536 539 548 552 553 558 561 557 564 572 574 579 587 588 586 584 582 588 592 596 600 601 607 609 619 626 630 635 637 637 642 650 658 661 669 671 678 681 685 694 691 691 699 705 706 707 711 719
423 416 416 413 406 404 396 392 398 396 397 399 404 404 401 408 405 406 415 414 410 417 422 427 420 429 437 442 449 455 456 463 469 471 469 477 486 485 489 496 500 509 510 507 514 515 520 518 525 534 533 537 538 547 548 550 558 567 570 564 572 578 583 588 588 595 592 592 585 594 600 597 603 610 614 611 621 629 637 635 637 644 641 649 657 666 668 671 673 676 676 685 682 683 690 699 703 707 714 720
427 419 419 415 406 402 401 401 406 397 402 406 409 410 405 414 406 415 421 423 418 419 424 431 428 431 438 444 451 456 459 457 460 465 467 471 480 482 488 489 497 506 511 508 513 521 522 527 534 543 535 544 540 545 551 557 563 571 571 571 580 580 585 588 595 603 598 596 588 597 605 599 602 609 613 615 619 624 632 632 634 635 638 647 652 659 664 671 679 675 668 677 681 683 692 701 710 714 714 723
430 423 420 423 415 411 410 410 407 406 409 413 417 411 414 410 407 415 423 424 426 421 430 433 431 436 437 442 446 447 451 455 463 472 470 471 478 482 487 488 497 506 512 510 513 522 528 530 533 542 544 553 549 546 554 561 562 563 565 569 573 580 588 589 598 604 599 595 591 595 603 607 603 609 617 622 620 622 623 626 628 637 644 648 649 656 655 663 670 671 666 675 678 687 693 697 706 710 711 720
437 431 428 430 421 416 419 417 416 409 410 419 424 417 423 417 416 417 422 429 435 430 439 434 436 444 446 445 454 456 456 464 467 475 479 477 486 491 494 497 500 501 510 513 520 528 536 533 541 548 551 558 551 555 557 562 566 566 573 577 576 582 591 598 602 609 606 601 592 601 603 608 605 614 621 628 622 624 631 633 631 636 637 644 646 650 654 656 661 662 663 672 677 680 687 696 701 702 710 712
445 440 437 439 430 423 421 418 419 410 419 422 430 422 429 420 425 419 428 430 439 431 433 440 439 448 449 446 448 452 461 470 472 476 485 484 491 498 498 504 509 510 517 518 525 530 534 537 541 550 552 557 553 562 558 567 574 568 575 584 581 589 595 604 603 610 605 604 596 605 612 616 609 616 620 620 629 632 639 634 636 641 643 652 653 652 656 657 665 665 666 675 677 686 695 699 704 710 716 713
453 447 441 432 431 430 428 419 421 413 422 428 434 431 431 422 428 422 429 434 442 440 442 449 446 452 458 455 451 460 463 465 474 475 484 492 499 505 504 505 507 515 522 521 525 532 534 540 549 558 553 562 562 571 563 571 576 577 580 589 587 591 597 604 612 604 611 605 604 611 619 617 611 612 613 618 627 635 642 637 640 644 647 655 660 653 660 666 672 668 674 675 683 691 692 701 710 711 716 719
450 443 434 433 438 438 429 420 428 420 427 431 437 434 440 431 431 428 435 436 439 440 446 452 448 449 453 461 453 462 464 473 479 480 489 497 498 507 513 511 516 524 529 530 527 529 535 544 550 557 554 555 557 565 564 566 572 573 581 587 588 582 591 598 603 596 605 611 613 620 628 619 616 619 617 621 629 633 640 643 649 652 655 660 657 655 657 662 664 671 674 680 687 690 697 706 715 718 725 728
450 441 440 441 445 436 431 422 429 429 435 440 441 436 443 438 440 437 436 437 440 441 449 458 456 451 460 458 455 456 459 466 475 481 486 495 498 502 509 516 517 525 529 530 528 533 536 545 547 549 557 564 558 567 571 567 570 573 577 579 580 581 585 594 600 595 603 610 613 621 628 626 625 623 620 623 631 639 645 652 655 661 662 669 665 660 664 671 671 677 677 678 687 694 703 711 718 719 728 735
456 447 449 446 446 437 437 431 430 438 436 439 446 437 446 447 448 446 445 446 441 449 455 464 457 452 460 462 464 458 467 475 482 482 486 492 493 500 503 508 515 524 532 533 536 541 545 553 548 556 557 562 566 574 577 575 575 577 585 584 584 582 590 591 592 594 599 605 606 612 621 629 633 632 628 631 634 638 647 651 652 656 662 671 666 661 664 671 674 679 683 685 686 695 703 705 711 718 721 726
453 450 452 453 447 446 439 432 436 438 441 441 444 445 452 450 454 451 446 446 444 445 447 456 465 461 465 470 466 467 475 479 488 491 493 494 499 504 505 509 518 525 529 532 541 549 548 557 555 561 566 571 569 575 581 583 576 584 592 586 593 591 595 598 599 596 597 603 612 615 619 622 628 631 630 634 635 637 642 644 653 661 668 669 668 668 667 668 672 677 679 688 693 697 698 706 708 717 725 729
462 454 459 462 456 455 448 441 442 443 449 449 445 448 457 451 456 453 451 454 445 454 455 464 472 468 466 475 468 474 483 488 497 500 498 502 504 509 514 510 515 521 522 531 536 543 547 556 558 559 562 567 575 576 578 584 585 591 600 591 598 599 602 604 608 604 606 612 620 623 624 629 633 637 632 641 637 644 643 652 658 662 665 674 674 676 671 676 673 681 688 697 696 697 706 712 710 715 717 720
463 462 468 463 464 460 451 447 443 448 452 450 448 449 457 459 463 455 454 462 453 454 455 464 470 469 473 482 473 482 483 492 500 509 505 503 512 515 514 513 514 520 529 536 545 552 552 560 566 560 561 570 576 585 585 591 592 592 600 599 604 602 604 613 612 605 611 614 615 616 617 623 631 632 640 644 646 646 652 654 660 665 669 670 672 680 680 680 674 678 680 689 690 699 705 706 710 711 720 728
469 467 475 470 462 459 453 451 450 449 457 458 455 455 462 468 468 464 456 465 459 463 464 465 469 473 477 478 475 484 488 497 502 511 510 504 510 517 523 520 520 526 534 541 545 554 558 560 569 564 570 572 579 584 588 591 596 594 598 601 606 610 610 613 616 607 616 622 624 620 622 624 629 636 638 647 654 655 655 655 657 666 675 671 678 685 686 682 678 684 686 687 689 690 696 704 705 710 718 722
478 476 476 468 464 455 454 459 458 454 455 456 461 460 466 475 472 463 462 471 466 472 473 470 478 476 477 478 478 486 491 500 506 507 516 509 516 525 522 521 529 527 532 541 550 556 565 568 577 572 578 581 587 593 597 597 605 603 604 602 607 614 619 619 618 609 611 615 620 625 630 627 631 632 635 642 651 652 657 656 660 661 668 676 684 690 694 685 683 687 694 693 698 692 699 705 710 709 710 713
485 476 468 467 458 457 462 463 459 462 460 458 467 461 469 470 479 472 467 470 467 471 480 474 482 477 485 486 486 487 489 497 500 506 515 518 525 529 531 524 528 536 540 549 558 565 572 575 576 574 576 585 588 596 597 605 612 612 609 610 616 618 624 620 622 618 612 619 623 627 628 636 639 639 644 649 658 660 658 660 668 663 666 668 676 685 685 694 689 694 700 702 703 694 695 696 701 707 715 714
482 475 468 467 459 463 471 467 468 466 469 467 472 464 471 471 476 479 470 474 469 478 487 481 490 484 493 488 490 494 495 503 502 508 517 521 530 530 535 529 535 543 546 554 563 568 577 584 583 579 583 592 596 601 604 607 613 620 612 611 620 627 629 629 625 617 615 623 630 633 636 642 647 648 652 654 658 659 667 665 673 664 667 668 676 678 681 689 697 695 700 701 700 697 701 699 709 709 713 721
487 481 472 468 468 466 468 468 477 468 474 476 474 465 474 480 479 478 471 478 477 480 487 486 491 490 497 492 493 498 500 509 511 517 518 527 530 539 540 536 544 548 553 555 562 563 572 581 588 587 584 593 601 602 607 614 619 628 620 614 620 629 638 638 629 622 621 629 633 642 644 649 656 649 657 657 658 661 670 666 675 672 676 677 685 682 690 698 704 703 701 709 705 704 709 705 708 710 719 726
487 479 473 476 474 473 470 473 476 469 473 482 477 474 483 481 481 487 480 483 483 489 496 490 497 491 500 497 502 500 502 509 516 521 523 526 535 542 542 545 550 555 556 556 562 566 573 582 586 593 585 593 602 611 611 614 619 626 629 623 629 636 641 640 638 630 630 635 641 650 645 654 659 655 662 663 664 662 671 671 680 680 685 686 691 683 692 700 709 712 709 715 706 709 712 712 715 711 712 716
489 482 482 483 482 479 479 480 471 470 478 481 484 475 480 485 489 488 487 485 485 487 493 498 497 496 497 506 510 507 511 510 518 526 532 528 537 538 546 543 552 556 565 561 566 575 579 581 589 593 592 598 602 603 612 621 620 621 627 628 635 644 650 643 637 634 636 643 650 653 651 660 664 656 663 671 666 665 668 669 676 679 688 695 698 691 698 702 711 718 717 719 711 717 717 716 721 713 720 722
492 486 487 491 483 487 486 484 477 475 482 482 491 484 489 494 498 494 492 491 493 489 497 505 506 497 505 506 514 512 519 516 523 529 536 529 536 541 549 542 543 552 561 570 575 572 572 577 583 584 585 589 593 595 604 613 622 630 632 637 636 645 650 651 645 637 645 652 654 655 659 662 670 664 669 674 675 666 674 678 680 688 694 700 701 693 702 711 715 723 726 723 718 724 723 725 729 722 726 723
495 495 489 492 488 495 487 485 484 484 484 491 493 486 495 502 507 502 493 492 495 492 500 502 511 504 505 513 516 521 528 525 525 534 541 533 535 537 540 541 543 547 555 563 569 570 571 573 582 590 591 598 601 604 607 615 622 631 639 638 644 653 654 656 651 645 654 660 661 656 661 668 671 669 672 673 677 674 682 687 689 689 697 698 702 694 701 708 716 717 724 731 724 725 732 734 733 729 734 732
