  0 300 294 299 302 298 307 309 312 320 319 315 313 321 325 325 319 320 324 323 326 335 343 343 352 353 353 358 361 362 366 363 364 373 374 380 380 387 388 389 397 400 409 410 416 416 420 422 430 434 437 439 448 457 457 465 465 472 475 480 489 481 483 491 500 498 502 510 511 517 526 535 542 544 551 553 556 554 559 554 559 567 571 579 581 590 598 607 604 610 616 617 618 624 632 638 639 635 641 650
  8 293 292 293 293 297 298 305 310 311 314 306 311 312 316 323 318 321 319 320 323 329 334 342 351 351 349 351 357 365 357 359 363 370 371 380 379 385 391 398 398 399 405 409 417 412 415 417 422 426 428 434 442 449 451 458 461 464 466 474 483 475 483 492 496 495 502 505 513 521 529 528 533 536 543 548 548 545 554 551 553 562 571 575 583 592 597 605 602 609 607 613 620 620 629 629 630 631 640 647
 16 285 283 292 290 299 291 297 302 304 306 304 302 305 310 317 310 313 314 321 330 336 343 340 344 346 345 351 354 358 352 356 364 371 380 385 378 383 383 391 398 404 396 401 408 406 414 420 428 426 430 439 442 444 449 457 460 459 466 473 481 473 481 484 488 493 500 502 508 514 523 525 533 533 534 542 543 544 545 549 552 561 570 571 578 587 588 597 593 600 605 610 611 619 620 623 630 631 632 638
 17 289 282 284 285 290 288 289 293 301 303 298 300 301 303 310 308 313 315 324 329 332 337 332 338 339 344 346 347 349 351 360 368 373 382 376 376 377 382 383 389 395 393 395 404 403 411 416 419 425 430 432 436 443 449 452 453 457 465 464 472 472 473 479 488 492 499 501 509 518 518 527 529 529 538 538 547 544 550 553 561 565 563 564 570 579 581 590 589 591 596 604 607 610 614 618 626 635 636 644
 26 289 281 278 284 285 287 294 299 298 294 295 303 305 303 301 305 314 319 322 330 325 328 328 331 335 335 337 339 342 347 356 363 364 373 370 369 378 383 375 384 386 387 394 395 402 411 416 424 430 437 429 431 440 442 449 458 459 459 461 467 466 474 483 485 489 496 501 505 513 510 518 520 528 530 531 540 541 543 544 553 561 562 565 571 573 581 582 583 587 594 596 598 607 613 621 625 634 641 644
 28 283 274 272 275 276 285 294 293 289 287 289 298 296 294 300 308 311 316 316 324 321 327 326 330 336 334 339 338 339 344 347 354 363 364 371 366 371 377 372 377 380 386 394 395 401 404 410 416 422 429 426 434 435 444 448 450 454 455 458 462 465 469 474 483 485 489 493 502 504 509 510 519 525 533 531 540 549 549 552 553 562 569 566 575 574 582 587 592 596 596 602 599 604 610 613 622 631 633 635
 29 275 266 266 271 275 284 290 285 287 278 285 290 287 288 294 301 305 307 314 316 312 319 323 321 328 332 334 335 342 350 344 351 358 365 362 364 365 368 369 376 377 385 389 393 401 403 406 413 415 424 424 428 433 435 441 443 448 457 460 461 464 469 478 486 493 492 496 500 501 502 509 516 517 525 530 534 540 547 551 553 556 561 569 578 583 591 595 594 601 603 604 603 611 617 614 616 624 628 627
 33 268 262 265 274 277 281 284 277 285 277 282 288 286 294 294 302 298 307 310 313 310 318 325 320 319 324 325 333 338 342 343 347 354 357 361 370 373 375 372 381 385 393 398 395 398 400 404 410 419 422 423 431 440 437 441 444 446 452 455 457 459 461 470 478 487 494 493 496 502 511 517 525 518 527 527 528 533 542 544 545 553 558 564 573 579 587 596 600 608 604 609 612 616 620 616 624 621 621 624
 41 262 261 263 267 268 273 276 275 283 275 275 284 285 288 293 294 297 305 301 306 308 316 318 322 316 320 327 336 345 341 341 345 349 356 365 364 369 376 381 388 386 389 391 394 403 406 413 416 419 418 421 426 433 440 446 453 454 460 464 460 466 464 473 482 488 490 492 499 501 509 518 520 520 523 525 528 532 533 536 543 551 557 562 567 576 584 587 591 599 596 605 608 612 619 621 624 620 612 620
 42 254 258 255 260 263 272 270 269 278 271 272 277 284 290 299 294 290 299 300 308 304 313 320 313 315 319 328 335 339 332 340 345 348 354 362 357 363 371 380 382 382 390 392 396 398 407 416 414 416 415 424 426 433 441 449 453 455 459 460 460 469 470 475 475 483 487 493 493 501 502 509 514 522 528 525 526 535 542 540 549 550 559 563 568 572 578 586 588 590 590 598 607 603 611 613 615 618 611 617
 51 249 256 248 256 258 264 264 266 272 270 276 277 276 282 291 294 285 290 292 299 303 309 312 311 320 320 324 326 333 331 336 338 345 346 353 355 359 366 375 379 381 388 396 403 400 403 407 409 409 414 422 423 428 433 442 445 447 450 451 454 461 467 468 469 475 481 484 490 493 501 503 509 518 519 523 529 538 544 545 553 558 550 554 563 569 575 579 580 588 589 590 599 602 603 605 608 609 610 618
 56 244 253 247 255 263 256 263 264 265 263 267 268 272 273 282 288 283 292 293 302 298 305 313 309 318 323 326 335 330 329 335 334 343 351 355 353 356 363 367 370 372 380 387 395 394 394 398 400 408 416 424 424 433 434 442 444 451 452 458 463 468 472 473 472 479 485 480 483 488 492 501 507 516 514 522 531 535 536 545 549 549 548 551 559 564 572 571 571 580 581 589 590 594 603 604 612 618 618 621
 58 241 244 246 248 254 248 257 264 260 261 268 276 271 277 278 279 280 289 292 293 297 299 306 308 309 317 326 335 332 325 327 333 336 343 352 352 354 363 365 368 370 374 381 389 386 387 390 399 404 408 417 424 428 433 436 439 443 447 456 465 470 472 481 476 481 480 475 483 492 498 492 501 508 509 515 522 527 536 540 549 544 546 549 552 559 567 566 569 574 578 585 591 597 604 612 607 616 624 630
 66 237 239 244 242 245 243 251 255 259 268 269 269 262 271 278 283 289 293 294 302 300 305 306 315 318 324 318 327 323 324 332 341 344 341 345 351 357 360 364 373 377 382 382 383 385 394 399 398 404 413 419 420 421 430 430 431 436 443 451 457 465 470 478 469 473 472 474 475 484 489 490 499 507 516 520 521 528 533 532 541 542 548 555 561 557 559 563 564 565 572 579 582 591 595 604 606 615 618 625
 73 236 230 236 233 237 239 248 247 256 262 267 262 258 265 273 274 280 285 286 294 303 300 301 308 317 318 316 320 322 329 338 346 341 340 346 348 349 358 362 368 377 382 376 385 380 388 393 397 400 404 412 419 428 427 424 433 440 447 448 448 456 462 471 463 464 471 473 476 485 488 493 500 502 510 512 515 522 525 531 537 544 545 553 553 555 564 562 563 571 574 582 583 585 594 599 608 617 615 620
 74 228 229 227 230 232 236 242 246 247 253 261 258 254 256 265 269 277 280 285 293 297 299 300 301 310 309 315 320 323 330 339 344 343 339 346 340 346 354 353 362 371 373 373 382 373 382 389 391 396 403 411 420 420 419 420 429 434 439 440 447 456 454 462 462 463 464 471 476 484 491 498 500 501 502 503 511 517 518 527 535 535 539 544 545 552 558 561 563 569 571 573 581 590 594 598 600 609 610 611
 83 223 220 226 227 233 235 242 244 246 247 254 261 253 257 266 275 273 281 280 285 289 296 291 298 301 305 312 316 324 333 341 336 340 338 337 337 343 348 352 358 367 376 371 374 371 374 380 387 389 394 403 412 421 418 423 430 433 438 441 446 454 452 453 461 466 472 480 477 486 494 495 498 507 509 508 517 518 526 530 538 530 531 539 548 555 556 563 569 574 578 575 583 588 593 596 599 606 609 617
 89 221 213 222 228 224 233 238 246 249 241 246 254 250 257 260 266 270 272 274 280 282 287 288 291 296 299 303 311 319 325 334 327 333 329 330 334 338 343 349 356 362 369 368 366 368 374 383 391 395 396 405 403 412 413 417 423 428 436 442 446 449 446 455 456 465 473 479 485 486 494 499 504 508 510 509 518 524 522 528 531 529 537 544 549 558 557 565 566 572 576 579 588 597 600 596 597 605 606 615
 93 215 211 217 224 222 228 235 239 240 239 245 248 249 258 258 262 267 276 277 279 277 278 282 283 292 293 294 302 310 319 328 320 324 325 333 342 344 346 352 353 358 365 373 365 372 377 386 395 400 397 397 399 403 412 417 424 422 430 436 440 445 444 451 460 461 468 477 479 487 487 496 495 500 501 510 509 515 514 519 522 525 532 541 544 551 560 569 567 574 573 580 581 588 595 595 604 608 614 619
 94 215 208 215 218 217 224 231 237 231 232 241 250 249 254 254 261 267 267 276 278 273 276 285 288 293 301 297 303 310 318 322 319 321 329 327 334 341 350 347 355 351 359 364 363 366 375 384 386 393 398 393 400 401 408 417 418 419 427 429 436 438 442 450 452 461 465 468 477 485 485 494 494 502 504 502 500 507 510 515 524 533 537 541 549 558 560 569 566 570 572 578 585 585 586 587 595 600 605 610
100 212 207 208 214 215 224 226 232 229 223 232 241 246 252 250 252 260 259 268 269 272 281 287 287 292 300 305 310 316 318 320 313 314 321 322 325 334 342 346 348 345 350 357 360 369 375 376 377 386 389 391 400 403 404 410 417 418 425 431 431 440 446 452 457 461 469 475 482 482 482 488 492 500 496 493 499 501 506 515 523 530 537 539 544 553 560 567 560 561 568 570 577 584 589 590 592 599 608 616
109 203 200 206 207 216 222 217 225 228 222 224 232 239 243 246 249 252 254 261 270 273 279 284 286 291 294 301 305 307 309 311 312 320 319 324 318 327 333 338 339 342 343 352 353 362 368 375 379 385 382 390 396 402 408 417 413 422 423 424 429 438 440 447 453 455 464 466 473 473 474 479 483 492 498 490 499 508 514 517 521 527 536 545 540 549 551 558 559 564 567 575 568 576 581 582 587 593 599 608
118 194 193 200 203 209 215 216 218 219 221 226 234 235 240 249 250 257 263 269 272 275 279 288 289 290 294 295 296 298 306 306 313 311 313 316 316 318 327 334 342 344 347 351 354 360 368 369 378 378 381 386 394 403 403 409 408 413 414 415 422 431 431 440 446 448 457 463 464 471 472 480 488 496 494 488 493 499 506 508 517 523 527 536 539 543 548 549 551 560 566 566 567 570 579 578 583 590 592 600
122 185 190 193 197 204 211 219 214 221 227 232 234 243 243 247 251 252 256 263 265 274 278 281 288 290 288 294 303 301 301 303 304 304 307 312 314 322 331 339 341 345 348 357 351 357 364 366 375 373 375 378 387 394 399 400 406 410 417 424 424 425 430 437 446 455 456 455 464 465 465 474 481 490 488 485 494 500 502 510 511 520 527 529 530 539 545 549 551 560 561 565 573 570 574 575 584 592 596 601
127 182 186 192 196 201 203 210 212 219 220 228 231 240 241 243 249 243 248 256 265 274 283 275 279 284 287 285 294 293 300 297 302 299 308 312 321 327 326 330 332 338 339 348 349 351 355 363 372 371 376 377 381 390 399 405 406 415 418 424 433 433 431 439 448 449 450 454 461 462 463 465 474 482 483 484 485 493 501 503 508 517 518 527 531 537 546 541 545 553 560 568 573 566 575 569 577 583 592 593
132 177 180 189 188 193 202 211 216 219 225 229 237 240 244 237 242 240 246 255 261 269 276 267 274 278 278 283 290 290 291 291 299 298 300 309 317 323 320 324 331 337 342 346 350 355 356 357 365 367 375 382 386 394 401 410 412 419 426 420 424 433 439 440 449 452 455 463 470 466 465 474 482 484 489 491 492 496 502 503 509 518 527 529 531 529 538 538 541 549 551 560 564 565 566 567 576 579 588 592
133 176 174 181 185 193 202 207 216 214 220 221 228 231 239 236 235 238 242 251 259 263 267 265 268 269 276 276 281 287 284 289 296 291 300 306 312 314 315 316 325 328 335 338 343 350 358 358 359 367 376 385 388 391 400 403 412 420 425 417 420 428 430 434 443 445 448 456 464 465 472 479 488 492 497 490 499 498 503 511 518 521 524 520 522 525 531 532 541 549 558 565 563 566 570 576 577 581 583 588
141 175 171 179 179 188 197 200 207 212 221 223 228 232 231 240 234 242 245 249 250 255 261 257 259 265 267 275 276 278 280 281 289 290 296 305 314 323 324 323 332 336 336 345 352 351 360 361 361 370 377 381 384 392 397 405 411 417 416 415 423 426 434 441 437 436 445 451 459 466 467 476 484 488 488 482 490 499 504 509 512 517 524 517 521 523 532 541 542 544 553 561 560 562 570 573 582 584 592 591
142 150 151 158 174 183 190 193 200 204 213 220 220 227 229 233 233 233 242 245 251 246 254 255 253 262 268 277 285 285 289 288 297 299 302 311 316 325 325 326 335 341 343 347 353 358 362 363 370 377 385 389 385 386 392 397 403 410 415 411 420 422 431 432 433 434 441 448 450 457 466 469 478 480 480 481 488 496 500 501 505 509 516 514 523 529 530 537 537 539 547 555 556 560 567 574 583 584 593 594
151 159 160 161 169 177 186 182 191 200 208 210 211 216 224 225 227 228 231 236 240 242 243 249 250 260 266 270 279 282 291 289 294 295 303 312 321 327 327 327 336 344 348 354 360 367 368 370 379 380 389 396 392 388 389 396 401 402 406 407 416 425 427 436 435 437 439 448 449 456 457 466 471 474 475 482 489 490 492 493 499 500 507 513 520 529 532 533 534 542 548 551 553 561 568 576 585 593 595 595
155 164 169 162 163 172 175 181 188 196 204 212 219 221 230 234 234 230 239 237 245 249 251 251 252 253 263 272 275 282 291 291 297 304 309 313 316 323 330 329 335 339 345 353 361 370 372 379 387 389 383 392 395 389 396 405 402 410 415 416 419 427 436 444 437 440 447 453 458 464 461 463 472 478 481 487 494 498 498 499 506 505 514 515 519 524 526 535 533 541 549 552 561 569 577 582 584 584 590 586
162 169 168 163 169 178 184 187 195 198 207 216 217 226 222 231 235 231 240 246 252 250 253 257 260 258 266 272 278 281 283 284 290 299 308 308 317 323 330 335 340 346 349 356 362 363 371 378 378 381 382 389 390 391 400 409 407 414 423 424 426 433 437 442 446 447 455 458 465 467 460 467 473 474 476 485 493 494 501 502 499 506 512 507 513 515 522 527 529 534 540 546 555 563 572 579 582 580 585 582
171 176 172 165 172 173 182 191 199 206 207 210 219 220 221 229 238 234 243 252 249 252 253 262 269 260 267 268 275 279 285 285 292 300 302 307 309 317 324 331 334 338 343 348 353 361 362 370 376 385 384 393 398 400 408 414 412 414 419 428 429 429 435 439 448 453 455 455 456 458 459 464 465 474 475 481 490 499 500 500 497 505 503 506 511 515 516 525 533 540 546 548 553 557 564 571 573 577 582 580
176 182 181 174 178 181 189 198 203 206 214 219 224 229 223 228 236 235 244 246 248 255 260 269 269 263 268 272 278 284 285 293 293 298 307 316 318 318 326 332 337 342 351 354 354 363 371 375 381 383 390 397 394 400 409 413 416 423 427 424 420 428 432 435 441 445 447 454 455 452 454 459 468 471 474 477 486 495 501 495 495 503 502 510 513 515 524 530 531 540 549 554 559 565 562 563 568 569 577 579
180 189 189 180 179 180 185 193 202 204 209 217 219 226 224 233 239 244 252 247 250 256 262 267 271 266 274 278 283 292 292 299 295 296 299 309 318 327 329 330 336 337 346 351 351 358 366 375 373 381 383 391 392 400 404 405 414 415 422 423 416 425 432 433 442 443 447 446 446 444 445 454 461 463 466 475 480 487 493 486 487 494 499 505 509 510 516 525 533 538 542 547 550 559 555 563 568 577 580 572
184 191 191 188 187 189 190 198 206 211 210 217 219 227 227 231 240 249 251 250 256 265 267 276 274 275 276 277 282 291 293 297 304 305 300 308 313 321 322 326 328 336 344 345 346 353 358 367 370 379 385 385 393 395 397 398 405 409 413 414 415 416 425 428 433 438 442 440 441 443 445 449 454 455 464 472 473 482 487 485 490 488 491 500 504 512 515 524 532 529 538 539 545 551 547 554 561 568 577 570
193 199 198 189 193 195 198 207 207 213 216 217 219 227 230 237 241 250 249 254 258 262 270 279 283 284 282 278 287 288 296 298 307 307 302 310 315 324 328 335 337 343 350 347 355 354 359 360 369 371 376 381 390 399 403 405 412 416 413 418 424 425 427 434 434 436 438 439 448 452 452 455 456 463 464 473 482 480 480 481 482 487 496 492 501 505 513 518 527 528 534 540 536 543 544 553 554 559 568 569
201 200 203 197 202 197 206 210 211 213 214 223 226 231 234 237 239 247 248 253 255 264 264 271 274 280 289 281 284 287 295 300 305 312 309 319 319 326 334 343 339 348 352 344 349 355 355 357 365 369 378 383 391 394 395 401 405 408 410 414 421 427 436 436 443 443 440 441 442 444 445 448 456 458 463 471 473 471 479 486 483 484 490 491 499 503 507 512 521 528 525 531 532 541 549 553 561 567 574 578
206 207 209 206 210 206 213 213 212 219 215 224 228 233 238 244 244 246 253 259 256 259 261 270 272 279 286 283 286 294 301 309 314 314 312 319 325 330 337 345 337 341 347 341 342 350 354 362 364 372 375 376 385 393 401 402 410 407 412 417 421 430 438 438 446 443 442 443 451 446 454 449 456 462 462 469 464 465 472 480 484 491 493 494 503 507 514 517 525 520 522 528 532 541 546 547 555 564 573 577
214 210 211 208 217 212 221 222 215 221 220 222 231 235 238 240 242 250 258 267 262 266 267 272 281 280 281 290 292 300 307 308 315 319 314 315 316 326 331 337 336 338 340 339 346 347 355 361 368 375 379 377 383 392 400 401 405 406 412 421 429 435 435 441 444 443 448 451 459 455 455 450 451 453 460 461 463 468 477 482 489 492 493 497 500 502 506 515 518 519 528 535 533 542 549 549 551 560 565 568
219 217 213 210 218 221 223 228 224 228 225 231 240 243 246 241 245 252 260 269 263 269 271 278 283 281 287 295 293 298 300 308 315 324 316 317 317 323 326 327 329 332 334 338 340 349 354 362 364 373 382 381 382 383 392 395 396 405 407 416 420 429 426 434 442 440 441 450 452 460 463 455 460 461 468 465 472 477 478 482 488 489 496 502 507 511 512 521 521 526 535 539 538 546 547 555 552 556 565 574
224 218 221 213 220 227 224 233 230 231 233 232 240 245 247 249 252 254 263 264 267 273 278 279 287 284 289 295 298 307 307 310 316 320 323 322 326 332 327 328 336 334 341 346 349 357 363 357 365 368 374 372 373 376 385 387 396 400 401 408 417 422 421 430 433 434 435 442 445 454 462 464 460 462 464 472 479 484 484 489 489 492 500 502 506 515 521 528 527 535 538 547 544 550 556 564 560 558 560 567
226 219 220 220 224 229 233 238 237 240 240 234 240 246 249 258 253 254 262 269 269 277 284 287 290 289 291 297 303 312 316 319 321 328 332 331 329 333 332 332 340 335 337 338 341 349 358 352 359 362 365 368 371 379 386 390 399 403 409 409 411 416 419 428 429 435 444 451 446 448 456 457 458 467 466 471 478 484 490 498 494 501 505 511 512 521 529 533 534 540 547 556 553 559 564 567 563 559 560 569
235 226 229 229 226 235 241 244 238 246 242 237 246 247 248 252 253 255 257 265 271 279 283 286 289 292 293 302 306 312 320 321 330 335 338 332 334 334 338 341 347 341 344 340 344 346 348 349 350 355 358 367 371 376 377 384 390 399 405 414 415 423 420 428 434 437 446 449 448 456 453 448 451 460 463 471 472 476 485 492 496 503 508 513 514 523 531 534 541 541 548 549 556 564 570 572 571 568 567 576
244 235 230 229 228 233 237 243 239 247 248 239 245 253 253 254 256 261 266 272 280 283 284 285 294 298 298 303 310 311 313 315 323 330 336 341 335 335 344 344 353 350 345 349 352 347 356 357 358 356 357 359 367 376 377 386 395 398 404 411 414 422 423 424 433 433 440 442 449 456 448 447 455 464 467 475 478 484 489 498 497 502 509 516 522 519 528 532 538 543 552 553 562 571 579 581 574 577 569 573
238 233 232 236 235 234 242 250 246 254 253 245 248 252 260 259 264 269 273 281 287 292 292 287 296 298 304 311 319 312 313 315 324 325 329 335 330 339 347 346 353 348 346 353 351 350 357 358 367 361 362 361 363 372 379 387 389 390 396 405 407 415 422 425 434 431 439 447 442 447 444 446 455 461 468 473 482 490 497 494 494 495 503 507 516 517 526 535 543 552 561 557 566 575 580 588 583 581 577 574
239 240 241 242 239 239 246 254 254 263 257 251 256 255 264 263 266 270 276 278 285 292 293 293 301 307 305 309 317 313 319 316 317 322 326 327 329 336 340 349 357 354 355 362 359 359 359 367 368 369 363 367 364 372 376 384 388 389 395 401 408 412 415 416 425 428 437 438 440 442 443 451 454 461 470 471 480 487 488 489 492 496 505 510 512 521 530 531 537 545 552 561 567 570 577 581 580 580 582 580
244 245 248 251 248 248 255 257 261 265 260 252 258 260 265 272 271 278 285 283 292 297 297 302 304 310 309 313 319 322 325 323 326 328 328 334 335 339 342 343 348 350 353 359 368 368 368 376 377 369 364 372 371 372 374 376 384 393 401 409 409 413 418 422 428 437 444 442 448 450 452 459 462 470 479 477 486 493 494 497 501 497 506 507 516 521 530 539 543 551 560 556 564 569 576 577 578 579 587 585
253 254 249 258 257 257 261 258 265 256 255 254 263 262 269 269 270 275 284 292 301 301 304 310 313 312 314 322 327 329 329 327 330 336 336 341 339 346 351 352 356 352 354 362 371 373 370 379 375 374 373 376 376 377 379 383 390 398 402 406 415 422 419 425 434 438 441 448 455 451 459 461 466 468 476 485 494 497 503 504 500 499 507 516 525 525 534 543 551 556 551 553 559 560 567 575 584 588 595 587
258 256 257 266 258 266 267 261 261 260 264 258 260 262 267 268 276 284 291 295 296 297 303 309 314 320 317 326 335 333 330 336 338 337 337 346 345 354 355 356 361 354 362 371 372 380 372 381 382 377 374 383 383 386 388 390 399 407 411 411 417 422 421 428 433 439 447 452 450 451 454 457 466 473 482 489 490 499 507 508 502 505 506 511 517 520 529 538 542 548 549 558 567 567 573 580 581 589 588 595
259 263 265 269 261 265 266 268 263 261 262 264 269 266 269 273 279 286 295 297 302 300 309 316 318 321 320 322 330 338 339 342 346 344 340 348 354 361 359 357 366 363 369 370 371 376 381 390 383 383 383 392 390 390 390 395 397 404 410 411 420 428 428 432 440 441 447 448 449 454 463 465 474 477 482 483 492 497 503 504 509 506 514 519 526 529 530 535 538 543 552 561 562 569 577 584 582 590 586 595
260 269 266 272 268 266 274 277 272 269 269 267 276 275 276 281 288 291 296 302 304 308 313 322 319 327 325 326 335 342 344 350 351 352 347 356 359 366 361 365 369 365 366 374 378 384 384 385 384 392 389 392 393 391 392 397 406 408 413 420 429 432 437 441 444 449 456 455 457 462 464 473 474 478 479 487 493 500 508 513 511 512 518 523 527 536 538 536 541 546 551 556 557 566 572 579 585 588 582 591
267 276 271 275 277 269 271 279 275 275 270 270 279 284 282 288 294 292 294 295 304 310 312 319 324 331 334 330 334 335 338 341 342 343 352 353 362 370 362 364 366 374 375 377 380 387 393 386 391 400 396 400 399 393 401 404 412 417 420 427 432 438 438 442 447 455 464 463 458 464 472 474 482 485 487 494 495 497 505 506 507 514 522 530 531 532 534 539 540 546 554 560 566 575 572 573 576 579 580 585
274 275 280 284 283 278 274 283 280 277 274 277 281 289 285 291 295 293 297 300 309 315 316 324 326 335 342 339 339 338 344 349 347 352 356 354 362 368 371 366 368 369 371 380 381 390 394 387 388 393 401 409 404 394 403 412 421 424 427 428 429 436 440 440 441 446 455 456 461 464 473 481 487 490 493 495 499 501 509 511 512 513 515 523 524 532 535 538 547 552 553 560 565 568 571 570 577 586 585 588
283 284 289 288 284 287 282 290 281 281 283 278 287 290 292 300 304 302 305 307 313 316 322 330 327 330 338 345 346 344 350 351 352 360 359 363 365 368 374 374 376 374 379 380 388 396 402 396 396 401 409 407 400 398 405 410 414 415 424 431 430 431 439 438 446 455 462 464 470 465 468 474 482 487 492 497 498 507 516 515 520 515 524 531 530 537 538 540 541 543 544 553 556 559 566 567 576 585 592 597
292 293 298 297 292 289 285 290 288 290 292 286 295 291 295 304 306 311 308 308 311 312 319 328 336 338 343 346 354 347 355 357 354 362 368 364 371 369 374 382 377 378 383 389 396 404 403 402 405 405 407 416 408 406 411 418 422 424 433 432 431 432 434 436 444 447 455 459 466 473 473 480 485 492 501 506 501 510 512 513 521 516 518 522 527 536 538 544 542 551 552 560 565 568 575 572 578 579 588 595
294 302 303 300 299 290 286 292 297 289 288 287 289 295 296 305 314 318 317 317 317 319 323 327 333 334 343 349 355 354 361 359 359 361 362 370 376 377 380 389 386 387 392 393 401 405 408 410 413 408 410 414 417 410 417 424 427 433 435 433 433 441 443 440 441 450 456 458 467 471 474 476 483 490 493 502 506 512 518 521 524 524 527 525 526 530 536 543 547 551 555 557 560 561 570 579 587 583 587 591
302 310 304 300 296 292 293 300 298 297 296 289 291 296 300 305 314 319 322 326 319 327 325 332 341 336 345 351 353 357 362 368 366 370 363 367 368 374 383 391 391 388 396 400 401 402 409 410 413 411 419 422 418 413 415 421 422 431 436 442 442 442 444 445 448 455 459 464 465 474 482 485 490 493 496 497 502 511 520 521 530 525 528 526 534 539 544 550 556 556 564 560 564 570 575 576 581 590 589 598
303 306 313 309 301 297 302 302 305 299 299 290 291 294 301 304 313 320 322 326 325 334 329 338 345 345 354 356 362 361 370 375 370 370 369 376 377 383 387 389 395 393 402 402 410 411 418 419 418 415 423 428 427 422 423 430 429 435 436 445 451 450 446 448 457 456 458 464 471 480 481 486 495 494 495 496 505 514 523 529 530 532 532 533 536 545 547 548 556 565 573 569 568 571 573 575 583 585 594 603
306 315 322 316 308 305 305 310 308 307 303 294 292 299 305 309 310 315 322 328 333 337 336 343 348 348 356 357 365 364 368 377 379 375 376 379 378 381 388 387 389 393 394 403 406 412 414 416 425 416 419 427 434 427 425 431 432 436 445 447 451 458 454 457 459 465 467 466 469 477 486 492 493 496 496 505 514 516 517 523 531 539 533 539 543 551 556 555 560 568 573 573 575 573 575 580 588 594 603 612
315 322 328 320 315 314 308 316 312 310 303 302 293 298 306 315 319 323 322 328 331 337 345 350 355 353 361 365 374 370 377 386 384 376 377 381 380 381 385 386 387 396 396 397 398 407 415 423 426 425 423 431 440 434 432 439 441 441 448 453 453 456 460 466 468 473 475 468 476 483 484 492 500 502 497 499 505 512 520 529 537 536 540 544 552 558 563 564 569 572 579 578 579 579 584 588 596 601 608 611
322 331 336 328 320 312 309 310 319 314 310 301 294 298 303 310 316 319 320 328 334 340 349 357 352 361 364 369 372 378 384 393 384 379 384 382 382 388 393 390 392 398 403 406 405 407 413 418 427 430 424 432 435 442 434 441 448 445 450 454 458 459 464 470 472 473 475 470 476 485 490 499 501 510 505 508 513 516 524 528 529 533 539 541 548 557 563 566 567 575 584 585 586 583 588 590 598 605 614 619
327 336 339 333 327 318 312 319 325 316 314 307 303 303 305 310 313 322 329 331 332 341 342 349 350 359 360 361 363 372 379 387 386 383 390 390 389 395 397 396 400 404 411 414 409 410 415 424 433 439 433 437 437 438 438 446 449 454 451 456 457 459 467 474 473 475 473 471 479 480 489 498 506 510 512 514 516 524 525 527 528 530 537 546 548 552 559 567 570 571 579 584 588 591 589 597 605 613 620 626
333 340 340 331 330 323 315 316 318 321 312 305 304 308 309 317 318 325 327 336 341 350 343 348 357 360 368 362 369 370 379 385 393 392 396 397 397 401 405 404 405 405 407 412 418 411 417 425 434 442 442 440 443 447 447 447 454 457 452 453 455 463 464 467 473 478 475 480 488 489 497 500 501 506 515 523 520 522 524 533 534 531 540 544 547 552 561 567 573 572 577 583 590 587 591 600 600 606 615 620
336 340 332 331 329 327 321 324 323 315 310 308 305 310 312 318 326 332 329 332 340 348 344 348 350 359 367 368 370 378 387 394 396 399 404 401 403 410 407 409 411 412 408 413 422 419 425 432 434 439 446 442 450 452 449 456 460 459 459 456 459 461 465 468 475 477 480 481 489 495 500 504 505 514 515 524 524 523 530 532 541 535 536 538 547 551 560 569 570 571 574 583 582 585 591 595 599 608 616 623
340 347 339 340 336 331 322 331 330 321 313 314 313 314 320 323 326 334 335 338 347 348 350 357 358 361 370 377 378 382 384 393 395 403 412 405 410 417 408 416 416 414 415 421 422 427 432 438 437 438 447 447 456 459 450 452 453 456 462 465 460 469 472 475 483 478 486 490 496 504 501 503 510 513 522 531 532 524 527 533 541 542 544 547 555 552 559 567 576 576 574 576 579 584 592 596 605 608 613 622
346 355 348 348 342 338 331 332 323 316 315 317 317 323 321 330 330 339 344 345 351 355 354 358 359 367 371 373 374 375 384 385 388 397 405 406 411 414 417 422 417 415 424 429 431 436 439 447 438 442 451 456 463 454 451 460 460 457 466 466 462 471 480 479 488 487 492 491 493 502 508 507 508 511 517 526 528 532 534 537 539 546 552 556 564 557 558 562 570 572 573 582 588 585 592 596 598 605 606 614
347 356 354 347 346 337 334 328 321 319 319 319 325 328 328 330 332 340 341 345 354 360 359 366 368 376 375 375 376 382 388 394 396 405 409 414 419 423 418 426 425 419 428 434 432 441 447 454 445 450 459 459 460 456 458 459 467 465 471 474 468 473 483 486 488 492 494 499 498 500 508 509 511 520 519 521 530 539 541 546 540 548 549 552 561 561 561 570 577 575 577 583 589 586 595 603 606 608 615 616
355 364 355 354 345 344 337 330 322 326 322 323 329 329 337 331 333 337 339 347 354 363 366 367 368 372 379 383 384 391 397 395 402 406 414 420 427 427 420 423 432 425 426 434 435 440 446 453 450 453 460 465 460 457 466 466 473 474 480 475 476 475 476 479 487 491 500 500 499 508 517 510 516 523 523 527 536 538 542 545 548 549 557 556 560 565 566 569 576 584 581 585 586 594 596 602 603 612 614 623
364 361 352 349 345 339 338 333 326 335 327 326 335 336 344 339 340 345 347 356 362 366 367 370 369 377 386 391 392 400 400 404 406 415 418 419 423 424 426 424 427 429 434 437 441 449 447 449 457 455 456 459 460 463 470 467 468 470 471 480 485 482 482 484 494 500 502 501 505 507 514 515 519 520 522 531 540 543 550 553 550 550 556 564 562 563 572 570 579 585 590 588 594 599 605 603 605 606 613 620
370 361 359 350 348 348 345 336 330 333 330 335 340 337 343 348 349 354 349 350 358 367 376 379 377 385 394 399 401 406 409 408 411 412 417 421 422 426 427 425 434 432 434 443 442 450 451 453 459 459 465 462 463 466 474 476 476 478 472 473 477 486 488 485 486 491 498 502 509 516 523 517 525 528 525 528 532 534 542 546 550 555 559 564 564 572 578 579 583 590 591 596 595 602 603 606 606 611 618 625
373 364 366 357 350 351 348 343 334 338 334 339 348 345 350 352 352 360 351 355 364 365 373 374 378 379 388 397 403 408 413 412 414 420 426 427 427 435 431 428 432 440 441 450 446 447 456 457 458 467 465 464 472 467 475 481 482 486 478 474 480 481 485 494 491 500 506 504 514 518 524 518 526 532 532 529 534 542 549 555 559 559 565 571 573 574 579 584 590 597 592 598 604 610 608 607 607 613 615 621
377 373 372 366 359 358 350 343 339 340 339 340 349 354 359 355 360 357 353 361 370 369 375 380 385 387 395 398 407 408 416 413 419 427 434 429 434 441 438 436 437 445 447 451 448 456 463 462 467 472 474 472 472 469 475 484 491 488 481 481 489 489 490 493 497 500 507 505 511 516 523 527 527 532 541 538 535 539 540 546 551 559 563 572 581 582 588 585 593 600 601 602 605 613 616 616 614 622 621 622
385 382 381 372 368 367 359 352 343 341 348 341 343 352 357 363 369 366 361 363 364 373 376 385 386 395 399 399 404 413 422 421 424 428 437 435 436 444 445 442 443 452 455 459 456 465 465 463 469 478 478 481 474 470 479 485 487 485 483 484 492 497 498 500 505 507 513 514 513 522 527 533 536 541 542 547 540 547 547 549 556 561 569 577 583 590 597 591 592 600 604 610 611 619 623 625 622 631 630 626
385 377 376 372 369 372 363 354 349 350 345 344 347 348 353 354 363 365 367 371 373 375 379 387 389 398 400 405 412 421 423 426 426 427 435 443 445 446 448 451 446 447 456 463 465 467 473 464 465 472 481 487 483 477 486 494 492 490 484 490 497 503 506 507 514 509 518 519 514 522 530 539 544 549 550 556 547 556 548 551 559 566 571 572 580 589 590 592 601 606 612 619 618 619 626 633 624 629 638 630
393 384 383 375 367 366 364 356 353 349 348 353 348 357 355 363 370 368 375 377 382 376 385 393 396 403 407 413 420 428 432 432 435 429 432 436 442 444 452 449 447 448 453 454 462 470 476 473 472 476 484 485 492 486 495 500 497 499 492 498 506 509 513 515 522 516 525 524 521 529 537 539 539 548 554 558 550 553 554 560 563 564 571 577 578 580 587 595 603 611 619 621 626 620 627 628 633 637 638 639
400 391 383 383 375 372 363 356 355 351 353 362 357 364 357 358 361 368 369 372 375 383 387 394 396 400 409 415 424 433 437 441 433 431 432 439 448 449 456 453 453 449 452 456 459 466 474 478 474 483 484 488 489 487 495 503 501 505 496 497 505 510 514 516 525 521 525 525 523 532 540 537 538 540 548 549 553 562 562 562 563 566 574 580 582 583 592 600 601 608 616 624 624 622 628 636 634 643 647 645
393 390 381 381 372 363 362 361 361 357 355 363 365 362 360 363 368 374 378 374 378 380 389 392 398 406 407 414 421 430 435 438 441 432 433 435 441 450 457 462 462 458 461 458 466 474 479 481 481 482 491 496 498 494 503 506 506 510 505 500 507 514 517 521 529 530 533 529 526 528 530 534 537 538 547 551 561 564 567 566 564 569 578 585 591 588 597 604 610 616 621 627 627 631 636 637 640 645 650 653
385 381 378 376 375 367 369 362 362 363 364 371 366 367 364 371 375 383 385 376 377 380 388 389 390 397 400 409 413 422 431 432 433 435 442 444 450 457 464 471 468 467 469 467 475 483 488 483 487 485 486 495 496 497 506 510 511 515 512 508 515 523 525 530 538 537 533 531 528 534 538 542 546 547 553 555 565 572 574 574 573 573 578 586 594 597 605 607 614 619 628 636 636 637 645 643 643 644 648 656
394 387 387 384 377 375 367 363 369 367 368 370 375 375 372 379 376 377 386 385 381 388 393 398 391 400 408 413 420 426 427 434 440 442 440 448 457 456 460 467 471 476 477 474 481 482 487 484 491 494 493 497 498 506 507 509 517 524 521 515 523 529 534 539 539 544 539 539 531 540 546 543 549 556 560 557 567 575 582 577 576 582 581 589 597 606 609 610 612 615 622 631 628 629 636 645 647 648 655 661
398 390 390 386 377 373 372 372 377 368 373 377 380 381 376 385 377 386 392 394 389 390 395 402 399 402 409 415 422 427 430 428 431 436 438 442 451 453 459 460 468 477 480 475 480 488 489 493 500 503 495 504 500 505 511 516 522 530 527 522 531 531 536 539 546 552 545 542 534 543 551 545 548 555 559 561 565 570 578 578 580 581 584 593 598 605 610 617 621 621 614 623 627 629 638 647 656 655 658 667
401 394 391 394 386 382 381 381 378 377 380 384 388 382 385 381 378 386 394 395 397 392 401 404 402 407 408 413 417 418 422 426 434 443 441 442 449 453 458 459 468 477 483 477 480 489 495 496 499 508 504 513 509 506 514 521 522 523 525 526 530 537 544 540 549 551 545 541 537 541 549 553 549 555 563 568 566 568 569 572 574 583 590 594 595 602 601 609 616 617 612 621 624 633 639 643 652 656 657 666
408 402 399 401 392 387 390 388 387 380 381 390 395 388 394 388 387 388 393 400 406 401 410 405 407 415 417 416 425 427 427 435 438 446 450 448 457 462 465 468 471 472 481 480 487 495 503 499 507 514 511 518 511 515 517 522 526 526 533 534 533 539 548 549 553 558 552 547 538 547 549 554 551 560 567 574 568 570 577 579 577 582 583 590 592 596 600 602 607 608 609 618 623 626 633 642 647 648 656 658
416 411 408 410 401 394 392 389 390 381 390 393 401 393 400 391 396 390 399 401 410 402 404 411 410 419 420 417 419 423 432 441 443 447 456 455 462 469 469 475 480 481 488 485 492 497 501 503 507 516 513 518 513 522 518 527 534 528 535 543 538 546 552 558 554 558 551 550 542 551 558 562 555 562 566 566 575 578 585 580 582 587 589 598 599 598 602 603 611 611 612 621 623 632 641 645 650 656 662 659
424 418 412 403 402 401 399 390 392 384 393 399 405 402 402 393 399 393 400 405 413 411 413 420 417 423 429 426 422 431 434 436 445 446 455 463 470 476 475 476 478 486 493 488 492 499 501 507 516 523 514 523 522 531 523 531 536 537 540 549 544 551 557 564 563 564 558 551 550 557 565 563 557 558 559 564 573 581 588 583 586 590 593 601 606 599 606 612 618 614 620 621 629 637 638 647 656 657 662 665
421 414 405 404 409 409 400 391 399 391 398 402 408 405 411 402 402 399 406 407 410 411 417 423 419 420 424 432 424 433 435 444 450 451 460 468 469 478 484 482 487 495 500 497 494 496 502 511 517 523 515 516 518 526 524 526 532 533 541 547 548 542 551 558 563 556 565 557 559 566 574 565 562 565 563 567 575 579 586 589 595 598 601 606 603 601 603 608 610 617 620 626 633 636 643 652 661 664 671 674
421 412 411 412 416 407 402 393 400 400 406 411 412 407 414 409 411 408 407 408 411 412 420 429 427 422 431 429 426 427 430 437 446 452 457 466 469 473 480 487 488 496 500 497 495 500 503 512 514 516 523 525 519 528 531 527 530 533 537 539 540 541 545 554 560 555 563 564 566 575 579 572 571 569 566 569 577 585 591 598 601 607 608 615 611 606 610 617 617 623 623 624 633 640 649 657 664 665 674 681
427 418 420 417 417 408 408 402 401 409 407 410 417 408 417 418 419 417 416 417 412 420 426 435 428 423 431 433 435 429 438 446 453 453 457 463 464 471 474 479 486 495 503 500 503 508 512 520 515 523 524 529 527 535 537 535 535 537 545 544 544 542 550 551 552 554 559 565 566 572 581 580 579 578 574 577 580 584 593 597 598 602 608 617 612 607 610 617 620 625 629 631 632 641 649 651 657 664 667 672
424 421 423 424 418 417 410 403 407 409 412 412 415 416 423 421 425 422 417 417 415 416 418 427 436 432 436 441 437 438 446 450 459 462 464 465 470 475 476 480 489 496 500 503 512 516 515 524 522 528 533 538 530 536 542 543 536 544 552 546 553 551 555 558 559 556 557 563 572 575 579 582 585 579 576 580 581 583 588 590 599 607 614 615 614 614 613 614 618 623 625 634 639 643 644 652 654 663 671 675
433 425 430 433 427 426 419 412 413 414 420 420 416 419 428 422 427 424 422 425 416 425 426 435 443 439 437 446 439 445 454 459 468 471 469 473 475 480 485 481 486 492 493 502 507 514 518 527 525 526 529 534 538 537 539 545 545 551 560 551 558 559 562 564 568 564 566 572 580 583 584 589 589 584 578 587 583 590 589 598 604 608 611 620 620 622 617 622 619 627 634 643 642 643 652 658 656 661 663 666
434 433 439 434 435 431 422 418 414 419 423 421 419 420 428 430 434 426 425 433 424 425 426 435 441 440 444 453 444 453 454 463 471 480 476 474 483 486 485 484 485 491 500 507 516 523 523 531 533 527 528 537 543 546 546 552 552 552 560 559 564 562 564 573 572 565 571 574 575 576 577 583 591 585 586 590 592 592 598 600 606 611 615 616 618 626 626 626 620 624 626 635 636 645 651 652 656 657 666 674
440 438 446 441 433 430 424 422 421 420 428 429 426 426 433 439 439 435 427 436 430 434 435 436 440 444 448 449 446 455 459 468 473 482 481 475 481 488 494 491 491 497 505 512 516 525 529 531 540 531 537 539 546 551 550 553 557 554 558 561 566 570 570 573 576 567 576 582 584 580 582 584 589 592 589 598 600 601 601 601 603 612 621 617 624 631 632 628 624 630 632 633 635 636 642 650 651 656 664 668
449 447 447 439 435 426 425 430 429 425 426 427 432 431 437 446 443 434 433 442 437 443 444 441 449 447 448 449 449 457 462 471 477 478 487 480 487 496 493 492 500 498 503 512 521 527 536 539 548 539 545 548 554 560 559 559 566 563 564 562 567 574 579 579 578 569 571 575 580 585 590 587 591 592 592 599 608 602 606 602 606 607 614 622 630 636 640 631 629 633 640 639 644 638 645 651 656 655 656 659
456 447 439 438 429 428 433 434 430 433 431 429 438 432 440 441 450 443 438 441 438 442 451 445 453 448 456 457 457 458 460 468 471 477 486 489 496 500 502 495 499 507 511 520 529 536 543 546 543 541 543 552 555 563 560 567 573 572 569 570 576 578 584 580 582 578 572 579 583 587 588 596 599 599 601 606 615 610 607 606 614 609 612 614 622 631 631 640 635 640 646 648 649 640 641 642 647 653 661 660
453 446 439 438 430 434 442 438 439 437 440 438 443 435 442 442 447 450 441 445 440 449 458 452 461 455 464 459 461 465 466 474 473 479 488 492 501 501 506 500 506 514 517 525 534 539 548 555 550 546 550 559 563 568 567 570 576 580 572 571 580 587 589 589 585 577 575 583 590 593 596 602 607 608 609 611 615 611 616 611 619 610 613 614 622 624 627 635 643 641 646 647 646 643 647 645 655 655 659 667
458 452 443 439 439 437 439 439 448 439 445 447 445 436 445 451 450 449 442 449 448 451 458 457 462 461 468 463 464 469 471 480 482 488 489 498 501 510 511 507 515 519 524 526 533 534 543 552 557 554 551 560 568 569 572 577 582 589 580 574 580 589 598 598 589 582 581 589 593 602 604 609 616 609 617 614 615 614 621 612 621 618 622 623 631 628 636 644 650 649 647 655 651 650 655 651 654 656 665 672
458 450 444 447 445 444 441 444 447 440 444 453 448 445 454 452 452 458 451 454 454 460 467 461 468 462 471 468 473 471 473 480 487 492 494 497 506 513 513 516 521 526 527 527 533 537 544 553 557 560 552 560 569 578 576 579 584 591 589 583 589 596 601 600 598 590 590 595 601 610 605 614 619 615 622 620 621 615 624 617 626 626 631 632 637 629 638 646 655 658 655 661 652 655 658 658 661 657 658 662
460 453 453 454 453 450 450 451 442 441 449 452 455 446 451 456 460 459 458 456 456 458 464 469 468 467 468 477 481 478 482 481 489 497 503 499 508 509 517 514 523 527 536 532 537 546 550 552 560 564 559 568 573 574 583 588 585 586 592 588 595 604 610 603 597 594 596 603 610 613 611 620 624 616 623 628 620 618 621 618 625 628 637 641 644 637 644 648 657 664 663 665 657 663 663 662 667 659 666 668
463 457 458 462 454 458 457 455 448 446 453 453 462 455 460 465 469 465 463 462 464 460 468 476 477 468 476 477 485 483 490 487 494 500 507 500 507 512 520 513 514 523 532 541 546 543 543 548 554 555 556 560 564 566 575 584 593 595 597 597 596 605 610 611 605 597 605 612 614 615 619 622 630 624 629 633 628 619 627 627 629 637 643 647 647 639 648 657 661 669 672 669 664 670 669 671 675 668 672 669
466 466 460 463 459 466 458 456 455 455 455 462 464 457 466 473 478 473 464 463 466 463 471 473 482 475 476 484 487 492 499 496 496 505 512 504 506 508 511 512 514 518 526 534 540 541 542 544 553 561 562 569 572 575 578 586 593 602 605 598 604 613 614 616 611 605 614 620 621 616 621 628 631 629 632 632 631 627 635 636 638 638 646 647 648 640 647 654 662 663 670 677 670 671 678 680 679 675 680 678
