  0 274 268 273 276 272 281 283 286 294 293 289 287 295 299 299 293 294 298 297 300 309 317 317 326 328 329 334 337 338 342 339 340 349 350 356 356 363 364 365 373 376 385 386 392 392 396 398 406 410 413 415 424 433 433 441 441 449 452 457 466 458 460 468 477 475 479 487 488 494 503 512 519 521 528 530 533 531 536 531 536 544 548 556 558 567 575 584 581 587 593 594 595 601 609 615 616 612 618 627
  8 267 266 267 267 271 272 279 284 285 288 280 285 286 290 297 292 295 293 294 297 303 308 316 325 327 325 327 333 341 333 335 339 346 347 356 355 361 367 374 374 375 381 385 393 388 391 393 398 402 404 410 418 425 427 434 437 441 443 451 460 452 460 469 473 472 479 482 490 498 506 505 510 513 520 525 525 522 531 528 530 539 548 552 560 569 574 582 579 586 584 590 597 597 606 606 607 608 617 624
 16 259 257 266 264 273 265 271 276 278 280 278 276 279 284 291 284 287 288 295 304 310 317 316 320 322 321 327 330 334 328 332 340 347 356 361 354 359 359 367 374 380 372 377 384 382 390 396 404 402 406 415 419 421 426 434 437 436 443 450 458 450 458 461 465 470 477 479 485 491 500 502 510 510 511 519 520 521 522 526 529 538 547 548 555 564 565 574 570 577 582 587 588 596 597 600 607 608 609 615
 17 263 256 258 259 264 262 263 267 275 277 272 274 275 277 284 282 287 289 298 303 308 313 308 314 315 320 322 323 325 327 336 344 349 358 352 352 353 358 359 365 371 369 371 380 379 387 392 395 401 406 409 413 420 426 429 430 434 442 441 449 449 450 456 465 469 476 478 486 495 495 504 506 506 515 515 524 521 527 530 538 542 540 541 547 556 558 567 566 568 573 581 584 587 591 595 603 612 613 621
 26 263 255 252 258 259 261 268 273 272 268 269 277 279 277 275 279 288 293 298 306 301 304 304 307 311 311 313 315 318 323 332 339 340 349 346 345 354 359 351 360 362 363 370 371 378 387 392 400 406 413 406 408 417 419 426 435 436 436 438 444 443 451 460 462 466 473 478 482 490 487 495 497 505 507 508 517 518 520 521 530 538 539 542 548 550 558 559 560 564 571 573 575 584 590 598 602 611 619 628
 28 257 248 246 249 250 259 268 267 263 261 263 272 270 268 274 282 287 292 292 300 297 303 302 306 312 310 315 314 315 320 323 330 339 340 347 342 347 353 348 353 356 362 370 371 377 380 386 392 398 405 403 411 412 421 425 427 431 432 435 439 442 446 451 460 462 466 470 479 481 486 487 496 502 510 508 517 526 526 529 530 539 546 543 552 551 559 564 569 573 573 579 576 581 587 590 599 608 613 619
 29 249 240 240 245 249 258 264 259 261 252 259 264 261 262 268 275 281 283 290 292 288 295 299 297 304 308 310 311 318 326 320 327 334 341 338 340 341 344 345 352 353 361 365 369 377 379 382 389 391 400 401 405 410 412 418 420 425 434 437 438 441 446 455 463 470 469 473 477 478 479 486 493 494 502 507 511 517 524 528 530 533 538 546 555 560 568 572 571 578 580 581 580 588 594 591 593 601 608 611
 33 242 236 239 248 251 255 258 251 259 251 256 262 260 268 268 276 274 283 286 289 286 294 301 296 295 300 301 309 314 318 319 323 330 333 337 346 349 351 348 357 361 369 374 371 374 376 380 386 395 399 401 409 418 414 418 421 423 429 432 434 436 438 447 455 464 471 471 474 480 488 494 502 495 504 504 505 510 519 521 522 530 535 541 550 556 564 573 577 586 588 586 589 593 597 593 601 602 611 615
 41 236 235 237 241 242 247 250 249 257 249 249 258 259 262 267 268 273 281 277 282 284 292 294 298 292 296 303 312 321 317 317 321 325 332 341 340 345 352 357 364 363 366 368 371 380 382 389 392 395 398 401 406 413 420 424 430 431 437 441 437 443 441 450 459 465 468 470 477 479 487 496 502 497 500 502 505 509 510 513 520 528 534 539 544 553 561 564 568 577 583 592 592 601 605 601 610 610 606 614
 42 228 232 229 234 237 246 244 243 252 245 246 251 258 264 273 270 266 275 276 284 280 289 296 289 291 295 304 311 315 308 316 321 324 330 338 333 339 347 356 359 359 367 369 373 375 384 393 395 397 396 405 407 414 422 430 434 436 440 441 441 450 447 454 456 464 468 475 476 484 485 492 497 505 509 504 505 514 519 517 526 527 536 545 549 553 559 567 575 577 578 586 595 596 604 607 609 612 605 611
 51 223 230 222 230 232 238 238 240 246 244 250 251 250 256 265 270 261 266 268 275 279 285 288 287 296 296 300 302 309 307 312 314 321 322 329 331 335 342 351 356 358 365 373 380 381 384 388 390 390 395 403 404 409 414 423 426 428 431 432 435 442 448 449 450 456 462 466 473 478 487 489 495 504 509 508 511 520 527 522 530 536 538 542 551 557 563 571 574 582 583 584 593 596 597 599 602 603 604 612
 56 218 227 221 229 237 230 237 238 239 237 241 242 246 247 256 264 259 268 269 278 274 281 289 285 294 299 302 311 306 305 311 310 319 327 331 330 333 340 344 347 349 357 364 372 375 375 379 381 389 397 405 405 414 415 423 428 436 436 439 444 449 453 454 453 460 466 471 474 479 483 492 498 507 508 516 520 528 528 531 534 539 540 543 551 556 564 565 565 574 575 583 584 588 597 598 606 612 612 615
 58 215 218 220 222 228 222 231 238 234 235 242 250 247 253 254 255 256 265 268 269 273 275 282 284 285 293 302 311 308 301 303 309 312 319 328 329 331 340 342 345 347 351 358 366 367 368 371 380 385 389 398 405 412 417 423 429 433 437 446 453 454 455 463 460 468 474 469 477 486 492 486 495 502 503 509 516 521 530 534 543 538 540 543 546 553 561 560 563 568 572 579 585 591 598 606 601 610 618 624
 66 211 213 218 216 219 217 225 229 233 242 243 245 238 247 254 259 265 269 270 278 276 281 282 291 294 300 294 303 299 300 308 317 320 320 324 330 338 341 345 354 354 359 364 365 370 377 380 381 387 396 403 404 405 414 420 421 426 433 441 447 455 462 471 463 467 466 468 469 478 483 484 493 501 510 514 515 522 527 526 535 536 542 549 555 551 553 557 558 559 566 573 576 585 589 598 600 609 612 619
 73 210 204 210 207 211 213 222 221 230 236 241 238 234 241 249 250 256 261 262 270 279 276 277 284 293 294 292 296 298 305 314 322 321 321 327 329 330 339 343 349 358 363 359 368 367 375 380 384 387 391 399 406 414 417 414 423 430 437 438 438 446 454 463 457 458 465 467 470 479 482 487 494 496 504 506 509 516 519 525 531 538 539 547 547 549 558 556 557 565 568 576 577 579 588 593 602 611 609 614
 74 202 203 201 204 206 210 216 220 221 227 235 234 230 232 241 245 253 256 261 269 273 275 276 277 286 285 291 296 299 306 315 323 324 320 327 321 327 335 334 343 352 354 356 365 360 369 376 378 383 390 398 407 408 409 410 419 424 429 430 437 446 448 456 456 457 458 465 470 478 485 492 494 495 496 497 505 511 512 521 529 529 533 538 539 546 552 555 557 563 565 567 575 584 588 592 594 603 604 605
 83 197 194 200 201 207 209 216 218 220 223 230 237 229 233 242 251 249 257 256 261 265 272 267 274 277 281 288 292 300 309 317 317 321 319 318 318 324 329 333 339 348 357 355 361 358 361 367 374 376 381 390 399 408 409 414 421 425 430 433 438 446 446 447 455 460 466 474 471 480 488 489 492 501 503 502 511 512 520 524 532 524 525 533 542 549 550 557 563 568 572 569 577 582 587 590 593 600 603 611
 89 195 187 196 202 198 207 212 220 225 217 222 230 226 233 236 242 246 248 250 256 258 263 264 267 272 275 279 287 295 301 310 308 314 310 311 315 319 324 330 337 343 350 352 353 355 361 370 378 382 383 392 394 403 404 408 414 420 428 434 440 443 440 449 450 459 467 473 479 480 488 493 498 502 504 503 512 518 516 522 525 523 531 538 543 552 551 559 560 566 570 573 582 591 594 590 591 599 600 609
 93 189 185 191 198 196 202 209 213 216 215 221 224 225 234 234 238 243 252 253 255 253 254 258 259 268 269 270 278 286 295 304 301 305 306 314 323 325 327 333 334 341 348 357 355 362 366 375 384 389 384 388 390 394 403 408 415 416 424 430 434 439 438 445 454 455 462 471 473 481 481 490 489 494 495 504 503 509 508 513 516 519 526 535 538 545 554 563 561 568 567 574 575 582 589 589 598 602 608 613
 94 189 182 189 192 191 198 205 211 207 208 217 226 225 230 230 237 243 243 252 254 249 252 261 264 269 277 273 279 286 294 298 300 302 310 308 317 324 333 334 342 345 353 358 357 360 369 378 380 387 392 387 394 395 402 411 412 413 421 423 430 432 436 444 446 455 459 462 471 479 479 488 488 496 498 496 494 501 504 509 518 527 531 535 543 552 554 563 560 564 566 572 579 579 580 581 589 594 599 604
100 186 181 182 188 189 198 200 206 205 199 208 217 222 228 226 228 236 235 244 245 248 257 263 263 268 276 281 286 294 296 301 294 295 302 303 310 319 328 336 342 339 344 351 354 363 369 370 371 380 383 385 394 397 398 404 411 412 419 425 425 434 440 446 451 455 463 469 476 476 476 482 486 494 490 487 493 495 500 509 517 524 531 533 538 547 554 561 554 555 562 564 571 578 583 584 586 593 602 610
109 177 174 180 181 190 196 191 199 204 198 200 208 215 219 222 225 228 230 237 246 249 255 260 262 267 270 277 283 285 287 292 293 302 308 311 312 321 327 332 333 336 337 346 347 356 362 369 373 379 376 384 390 396 402 411 407 416 417 418 423 432 434 441 447 449 458 460 467 467 468 473 477 486 492 484 493 502 508 511 515 521 530 539 534 543 545 552 553 558 561 569 562 570 575 576 581 587 593 602
118 168 167 174 177 183 189 190 194 195 197 202 210 211 216 225 226 233 239 245 252 252 256 265 265 266 272 273 274 276 284 287 296 303 307 310 310 312 321 328 336 338 341 345 348 354 362 363 372 372 375 380 388 397 397 403 402 407 408 409 416 425 425 434 440 442 451 457 458 465 466 474 482 490 488 482 487 493 500 502 511 517 521 530 533 537 542 543 545 554 560 560 561 564 573 572 577 584 586 594
122 159 164 167 171 178 186 195 195 202 204 208 211 220 219 223 227 236 244 251 253 261 260 266 274 272 273 282 283 284 285 291 293 298 301 306 308 316 325 333 335 339 342 351 345 351 358 360 369 367 369 372 381 388 393 394 400 404 411 418 418 419 424 431 440 449 450 449 458 459 459 468 475 484 482 479 488 494 496 504 505 514 521 523 524 533 539 543 545 554 555 559 567 564 568 569 578 586 590 595
127 156 162 168 176 182 184 191 193 200 201 209 212 221 220 226 233 236 241 249 258 267 269 269 273 278 281 279 288 287 294 291 296 293 302 306 315 321 320 324 326 332 333 342 343 345 349 357 366 365 370 371 375 384 393 399 400 409 412 418 427 427 425 433 442 443 444 448 455 456 457 459 468 476 477 478 479 487 495 497 502 511 512 521 525 531 540 535 539 547 554 562 567 560 569 563 571 577 586 587
132 151 157 166 169 174 183 192 197 202 207 215 221 227 227 227 234 233 239 248 254 262 270 261 268 272 272 277 284 284 285 285 293 292 294 303 311 317 314 318 325 331 336 340 344 349 350 351 359 361 369 376 380 388 395 404 406 413 420 414 418 427 433 434 443 446 449 457 464 460 459 468 476 478 483 485 486 490 496 497 503 512 521 523 525 523 532 532 535 543 545 554 558 559 560 561 570 573 582 586
133 135 153 160 166 174 183 190 199 201 207 208 215 218 226 227 228 231 235 244 252 257 261 259 262 263 270 270 275 281 278 283 290 285 294 300 306 308 309 310 319 322 329 332 337 344 352 352 353 361 370 379 382 385 394 397 406 414 419 411 414 422 424 428 437 439 442 450 458 459 466 473 482 486 491 484 493 492 497 505 512 515 518 514 516 519 525 526 535 543 552 559 558 561 564 570 571 575 577 582
141 142 144 159 164 173 182 189 196 204 213 211 219 223 225 234 228 236 238 242 243 249 255 251 253 259 261 269 270 272 274 275 283 284 290 299 308 317 318 317 326 330 330 339 346 345 354 355 355 364 371 375 378 386 391 399 405 411 410 409 417 420 428 435 431 430 439 445 453 460 461 470 478 482 482 476 484 493 498 503 506 511 518 511 515 517 526 535 537 539 548 556 555 557 565 568 577 578 586 585
142 150 145 152 163 172 179 187 194 198 207 214 214 221 223 227 227 227 236 239 245 240 248 249 247 256 262 271 279 279 283 282 291 293 296 305 310 319 319 320 329 335 337 341 347 352 356 357 364 371 379 383 379 380 386 391 397 404 409 405 414 416 425 426 427 428 435 442 444 451 460 463 472 474 474 475 482 490 494 495 499 503 510 508 517 523 524 531 532 534 542 550 551 555 562 569 578 579 588 588
151 159 154 155 163 171 180 176 185 194 202 204 205 210 218 219 221 222 225 230 234 236 237 243 246 254 260 264 273 276 285 283 288 289 297 306 315 321 321 321 330 338 342 348 354 361 362 364 373 374 383 390 386 382 383 390 395 396 400 401 410 419 421 430 429 431 433 442 443 450 451 460 465 468 469 476 483 484 486 487 493 494 501 507 514 523 527 528 529 537 543 546 548 556 563 571 580 588 590 590
155 164 163 156 157 166 169 175 182 190 198 206 213 215 224 228 228 224 233 231 239 243 245 245 247 248 258 267 270 277 286 286 292 298 303 308 311 318 325 323 329 333 339 347 355 364 366 373 382 383 378 387 389 383 390 399 396 404 409 410 413 421 430 438 431 434 441 447 452 458 455 457 466 472 475 481 488 492 492 493 500 499 508 510 514 519 521 530 528 536 544 547 556 564 572 577 579 579 585 581
162 169 162 157 163 172 178 181 189 192 201 210 211 220 216 225 229 225 234 240 246 244 247 251 255 253 261 267 273 276 278 279 285 294 303 303 312 318 325 329 335 341 344 351 357 358 366 373 373 376 377 384 385 385 394 403 401 408 417 418 420 427 431 436 440 441 449 452 460 462 455 462 468 469 471 480 488 489 496 496 494 501 507 502 508 510 517 522 524 529 535 541 550 558 567 574 577 575 580 577
171 173 166 159 166 167 176 185 193 200 201 204 213 214 215 223 232 228 237 246 243 246 247 256 264 255 262 263 270 274 280 280 287 295 297 302 304 312 319 326 329 333 338 343 348 356 357 365 371 380 379 388 393 394 402 408 406 408 413 422 424 424 430 434 443 448 450 450 451 453 454 459 460 469 470 476 485 494 495 495 492 500 498 501 506 510 511 520 528 535 541 543 548 552 559 566 568 572 577 575
176 179 175 168 172 175 183 192 197 200 208 213 218 223 217 222 230 229 238 240 242 249 254 263 264 258 263 267 273 279 280 288 288 293 302 311 313 313 321 327 332 337 346 349 349 358 366 370 376 378 385 392 389 395 404 408 410 417 421 419 415 423 427 430 436 440 442 449 450 447 449 454 463 466 469 472 481 490 496 490 490 498 497 505 508 510 519 525 526 535 544 549 554 560 557 558 563 564 572 574
180 188 183 174 173 174 179 187 196 198 203 211 213 220 218 227 233 238 246 241 244 250 256 261 266 261 269 273 278 287 287 294 290 291 294 304 313 322 324 325 331 332 341 346 346 353 361 370 368 376 378 386 387 395 399 400 409 410 417 418 411 420 427 428 437 438 442 441 441 439 440 449 456 458 461 470 475 482 488 481 482 489 494 500 504 505 511 520 528 533 537 542 545 554 550 558 563 572 575 567
184 191 185 182 181 183 184 192 200 205 204 211 213 221 221 225 234 243 245 244 250 259 261 270 269 270 271 272 277 286 288 292 299 300 295 303 308 316 317 321 323 331 339 340 341 348 353 362 365 374 380 380 388 390 392 393 400 404 408 409 410 411 420 423 428 433 437 435 436 438 440 444 449 450 459 467 468 477 482 480 485 483 486 495 499 507 510 519 527 524 533 534 540 546 542 549 556 563 572 565
193 199 192 183 187 189 192 201 201 207 210 211 213 221 224 231 235 244 243 248 252 256 264 273 277 279 277 273 282 283 291 293 302 302 297 305 310 319 323 330 332 338 345 342 350 349 354 355 364 366 371 376 385 394 398 400 407 411 408 413 419 420 422 429 429 431 433 434 443 447 447 450 451 458 459 468 477 475 475 476 477 482 491 487 496 500 508 513 522 523 529 535 531 538 539 548 549 554 563 564
201 198 197 191 196 191 200 204 205 207 208 217 220 225 228 231 233 241 242 247 249 258 258 265 268 274 283 276 279 282 290 295 300 307 304 314 314 321 329 338 334 343 347 339 344 350 350 352 360 364 373 378 386 389 390 396 400 403 405 409 416 422 431 431 438 438 435 436 437 439 440 443 451 453 458 466 468 466 474 481 478 479 485 486 494 498 502 507 516 523 520 526 527 536 544 548 556 562 569 573
206 205 203 200 204 200 207 207 206 213 209 218 222 227 232 238 238 240 247 253 250 253 255 264 266 273 280 278 281 289 296 304 309 309 307 314 320 325 332 340 332 336 342 336 337 345 349 357 359 367 370 371 380 388 396 397 405 402 407 412 416 425 433 433 441 438 437 438 446 441 449 444 451 457 457 464 459 460 467 475 479 486 488 489 498 502 509 512 520 515 517 523 527 536 541 542 550 559 568 572
214 208 205 202 211 206 215 216 209 215 214 216 225 229 232 234 236 244 252 261 256 260 261 266 275 274 275 284 287 295 302 303 310 314 309 310 311 321 326 332 331 333 335 334 341 342 350 356 363 370 374 372 378 387 395 396 400 401 407 416 424 430 430 436 439 438 443 446 454 450 450 445 446 448 455 456 458 463 472 477 484 487 488 492 495 497 501 510 513 514 523 530 528 537 544 544 546 555 560 563
219 214 207 204 212 215 217 222 218 222 219 225 234 237 240 235 239 246 254 263 257 263 265 272 277 275 281 289 288 293 295 303 310 319 311 312 312 318 321 322 324 327 329 333 335 344 349 357 359 368 377 376 377 378 387 390 391 400 402 411 415 424 421 429 437 435 436 445 447 455 458 450 455 456 463 460 467 472 473 477 483 484 491 497 502 506 507 516 516 521 530 534 533 541 542 550 547 551 560 569
221 215 215 207 214 221 218 227 224 225 227 226 234 239 241 243 246 248 257 258 261 267 272 273 281 278 283 289 293 302 302 305 311 315 318 317 321 327 322 323 331 329 336 341 344 352 358 352 360 363 369 367 368 371 380 382 391 395 396 403 412 417 416 425 428 429 430 437 440 449 457 459 455 457 459 467 474 479 479 484 484 487 495 497 501 510 516 523 522 530 533 542 539 545 551 559 555 553 555 562
223 216 215 214 218 223 227 232 231 234 234 228 234 240 243 252 247 248 256 263 263 271 278 281 284 283 285 291 297 306 311 314 316 323 327 326 324 328 327 327 335 330 332 333 336 344 353 347 354 357 360 363 366 374 381 385 394 398 404 404 406 411 414 423 424 430 439 446 441 443 451 452 453 462 461 466 473 479 485 493 489 496 500 506 507 516 524 528 529 535 542 551 548 554 559 562 558 554 555 564
232 223 224 223 220 229 235 238 232 240 236 231 240 241 242 246 247 249 251 259 265 273 277 280 283 286 287 296 300 306 314 315 324 330 333 327 329 329 333 336 342 336 339 335 339 341 343 344 345 350 353 362 366 371 372 379 385 394 400 409 410 418 415 423 429 432 441 444 443 451 448 443 446 455 458 466 467 471 480 487 491 498 503 508 509 518 526 529 536 536 543 544 551 559 565 567 566 563 562 571
241 232 224 223 222 227 231 237 233 241 242 233 239 247 247 248 250 255 260 266 274 277 278 279 288 292 292 297 304 305 307 309 317 324 330 336 329 330 339 339 348 345 340 344 347 342 351 352 353 351 352 354 362 371 372 381 390 393 399 406 409 417 418 419 428 428 435 437 444 451 443 442 450 459 462 470 473 479 484 493 492 497 504 511 517 514 523 527 533 538 547 548 557 566 574 576 569 572 564 568
232 227 226 230 229 228 236 244 240 248 247 239 242 246 254 253 258 263 267 275 281 286 286 281 290 292 298 305 313 306 307 309 318 319 323 329 324 333 341 341 348 343 341 348 346 345 352 353 362 356 357 356 358 367 374 382 384 385 391 400 402 410 417 420 429 426 434 442 437 442 439 441 450 456 463 468 477 485 492 489 489 490 498 502 511 512 521 530 538 547 556 552 561 570 575 583 578 576 572 569
233 234 235 236 233 233 240 248 248 257 251 245 250 249 258 257 260 264 270 272 279 286 287 287 295 301 299 303 311 307 313 310 311 316 320 321 323 330 334 343 351 349 350 357 354 354 354 362 363 364 358 362 359 367 371 379 383 384 390 396 403 407 410 411 420 423 432 433 435 437 438 446 449 456 465 466 475 482 483 484 487 491 500 505 507 516 525 526 532 540 547 556 562 565 572 576 575 575 577 575
238 239 242 245 242 242 249 251 255 259 254 246 252 254 259 266 265 272 279 277 286 291 291 296 298 304 303 307 313 316 319 317 320 322 322 328 329 333 336 337 342 344 347 353 362 363 363 371 372 364 359 367 366 367 369 371 379 388 396 404 404 408 413 417 423 432 439 437 443 445 447 454 457 465 474 472 481 488 489 492 496 492 501 502 511 516 525 534 538 546 555 551 559 564 571 572 573 574 582 580
247 248 243 252 251 251 255 252 259 250 249 248 257 256 263 263 264 269 278 286 295 295 298 304 307 306 308 316 321 323 323 321 324 330 330 335 333 340 345 346 350 346 348 356 365 368 365 374 370 369 368 371 371 372 374 378 385 393 397 401 410 417 414 420 429 433 436 443 450 446 454 456 461 463 471 480 489 492 498 499 495 494 502 511 520 520 529 538 546 551 546 548 554 555 562 570 579 583 590 582
252 250 251 260 252 260 261 255 255 254 258 252 254 256 261 262 270 278 285 289 290 291 297 303 308 314 311 320 329 327 324 330 332 331 331 340 339 348 349 350 355 348 356 365 366 374 367 376 377 372 369 378 378 381 383 385 394 402 406 406 412 417 416 423 428 434 442 447 445 446 449 452 461 468 477 484 485 494 502 503 497 500 501 506 512 515 524 533 537 543 544 553 562 562 568 575 576 584 583 590
253 257 259 263 255 259 260 262 257 255 256 258 263 260 263 267 273 280 289 291 296 294 303 310 312 315 314 316 324 332 333 336 340 338 334 342 348 355 353 351 360 357 363 364 365 370 376 385 378 378 378 387 385 385 385 390 392 399 405 406 415 423 423 427 435 436 442 443 444 449 458 460 469 472 477 478 487 492 498 499 504 501 509 514 521 524 525 530 533 538 547 556 557 564 572 579 577 585 581 590
254 263 260 266 262 260 268 271 266 263 263 261 270 269 270 275 282 285 290 296 298 302 307 316 313 321 319 320 329 336 338 344 345 346 341 350 353 360 355 359 363 359 360 368 372 378 379 380 379 387 384 387 388 386 387 392 401 403 408 415 424 427 432 436 439 444 451 450 452 457 459 468 469 473 474 482 488 495 503 508 506 507 513 518 522 531 533 531 536 541 546 551 552 561 567 574 580 583 577 586
261 270 265 269 271 263 265 273 269 269 264 264 273 278 276 282 288 286 288 289 298 304 306 313 318 325 328 324 328 329 332 335 336 337 346 347 356 364 356 358 360 368 369 371 374 381 388 381 386 395 391 395 394 388 396 399 407 412 415 422 427 433 433 437 442 450 459 458 453 459 467 469 477 480 482 489 490 492 500 501 502 509 517 525 526 527 529 534 535 541 549 555 561 570 567 568 571 574 575 580
268 269 274 278 277 272 268 277 274 271 268 271 275 283 279 285 289 287 291 294 303 309 310 318 320 329 336 333 333 332 338 343 341 346 350 348 356 362 365 360 362 363 365 374 375 384 389 382 383 388 396 404 399 389 398 407 416 419 422 423 424 431 435 435 436 441 450 451 456 459 468 476 482 485 488 490 494 496 504 506 507 508 510 518 519 527 530 533 542 547 548 555 560 563 566 565 572 581 580 583
277 278 283 282 278 281 276 284 275 275 277 272 281 284 286 294 298 296 299 301 307 310 316 324 321 324 332 339 340 338 344 345 346 354 353 357 359 362 368 368 370 368 373 374 382 390 397 391 391 396 404 402 395 393 400 405 409 410 419 426 425 426 434 433 441 450 457 459 465 460 463 469 477 482 487 492 493 502 511 510 515 510 519 526 525 532 533 535 536 538 539 548 551 554 561 562 571 580 587 592
286 287 292 291 286 283 279 284 282 284 286 280 289 285 289 298 300 305 302 302 305 306 313 322 330 332 337 340 348 341 349 351 348 356 362 358 365 363 368 376 371 372 377 383 390 398 398 397 400 400 402 411 403 401 406 413 417 419 428 427 426 427 429 431 439 442 450 454 461 468 468 475 480 487 496 501 496 505 507 508 516 511 513 517 522 531 533 539 537 546 547 555 560 563 570 567 573 574 583 590
288 296 297 294 293 284 280 286 291 283 282 281 283 289 290 299 308 312 311 311 311 313 317 321 327 328 337 343 349 348 355 353 353 355 356 364 370 371 374 383 380 381 386 387 395 399 403 405 408 403 405 409 412 405 412 419 422 428 430 428 428 436 438 435 436 445 451 453 462 466 469 471 478 485 488 497 501 507 513 516 519 519 522 520 521 525 531 538 542 546 550 552 555 556 565 574 582 578 582 586
296 304 298 294 290 286 287 294 292 291 290 283 285 290 294 299 308 313 316 320 313 321 319 326 335 330 339 345 347 351 356 362 360 364 357 361 362 368 377 385 385 382 390 394 395 396 403 404 407 406 414 417 413 408 410 416 417 426 431 437 437 437 439 440 443 450 454 459 460 469 477 480 485 488 491 492 497 506 515 516 525 520 523 521 529 534 539 545 551 551 559 555 559 565 570 571 576 585 584 593
297 300 307 303 295 291 296 296 299 293 293 284 285 288 295 298 307 314 316 320 319 328 323 332 339 339 348 350 356 355 364 369 364 364 363 370 371 377 381 383 389 387 396 396 404 405 412 413 412 410 418 423 422 417 418 425 424 430 431 440 446 445 441 443 452 451 453 459 466 475 476 481 490 489 490 491 500 509 518 524 525 527 527 528 531 540 542 543 551 560 568 564 563 566 568 570 578 580 589 598
300 309 316 310 302 299 299 304 302 301 297 288 286 293 299 303 304 309 316 322 327 331 330 337 342 342 350 351 359 358 362 371 373 369 370 373 372 375 382 381 383 387 388 397 400 406 408 410 419 411 414 422 429 422 420 426 427 431 440 442 446 453 449 452 454 460 462 461 464 472 481 487 488 491 491 500 509 511 512 518 526 534 528 534 538 546 551 550 555 563 568 568 570 568 570 575 583 589 598 607
309 316 322 314 309 308 302 310 306 304 297 296 287 292 300 309 313 317 316 322 325 331 339 344 349 347 355 359 368 364 371 380 378 370 371 375 374 375 379 380 381 390 390 391 392 401 409 417 420 420 418 426 435 429 427 434 436 436 443 448 448 451 455 461 463 468 470 463 471 478 479 487 495 497 492 494 500 507 515 524 532 531 535 539 547 553 558 559 564 567 574 573 574 574 579 583 591 596 603 606
316 325 330 322 314 306 303 304 313 308 304 295 288 292 297 304 310 313 314 322 328 334 343 351 346 355 358 363 366 372 378 387 378 373 378 376 376 382 387 384 386 392 397 400 399 401 407 412 421 425 419 427 430 437 429 436 443 440 445 449 453 454 459 465 467 468 470 465 471 480 485 494 496 505 500 503 508 511 519 523 524 528 534 536 543 552 558 561 562 570 579 580 581 578 583 585 593 600 609 614
321 330 333 327 321 312 306 313 319 310 308 301 297 297 299 304 307 316 323 325 326 335 336 343 344 353 354 355 357 366 373 381 380 377 384 384 383 389 391 390 394 398 405 408 403 404 409 418 427 434 428 432 432 433 433 441 444 449 446 451 452 454 462 469 468 470 468 466 474 475 484 493 501 505 507 509 511 519 520 522 523 525 532 541 543 547 554 562 565 566 574 579 583 586 584 592 600 608 615 621
327 334 334 325 324 317 309 310 312 315 306 299 298 302 303 311 312 319 321 330 335 344 337 342 351 354 362 356 363 364 373 379 387 386 390 391 391 395 399 398 399 399 401 406 412 405 411 419 428 436 437 435 438 442 442 442 449 452 447 448 450 458 459 462 468 473 470 475 483 484 492 495 496 501 510 518 515 517 519 528 529 526 535 539 542 547 556 562 568 567 572 578 585 582 586 595 595 601 610 615
330 334 326 325 323 321 315 318 317 309 304 302 299 304 306 312 320 326 323 326 334 342 338 342 344 353 361 362 364 372 381 388 390 393 398 395 397 404 401 403 405 406 402 407 416 413 419 426 428 433 440 437 445 447 444 451 455 454 454 451 454 456 460 463 470 472 475 476 484 490 495 499 500 509 510 519 519 518 525 527 536 530 531 533 542 546 555 564 565 566 569 578 577 580 586 590 594 603 611 618
334 341 333 334 330 325 316 325 324 315 307 308 307 308 314 317 320 328 329 332 341 342 344 351 352 355 364 371 372 376 378 387 389 397 406 399 404 411 402 410 410 408 409 415 416 421 426 432 431 432 441 442 451 454 445 447 448 451 457 460 455 464 467 470 478 473 481 485 491 499 496 498 505 508 517 526 527 519 522 528 536 537 539 542 550 547 554 562 571 571 569 571 574 579 587 591 600 603 608 617
340 349 342 342 336 332 325 326 317 310 309 311 311 317 315 324 324 333 338 339 345 349 348 352 353 361 365 367 368 369 378 379 382 391 399 400 405 408 411 416 411 409 418 423 425 430 433 441 432 436 445 451 458 449 446 455 455 452 461 461 457 466 475 474 483 482 487 486 488 497 503 502 503 506 512 521 523 527 529 532 534 541 547 551 559 552 553 557 565 567 568 577 583 580 587 591 593 600 601 609
341 350 348 341 340 331 328 322 315 313 313 313 319 322 322 324 326 334 335 339 348 354 353 360 362 370 369 369 370 376 382 388 390 399 403 408 413 417 412 420 419 413 422 428 426 435 441 448 439 444 453 454 455 451 453 454 462 460 466 469 463 468 478 481 483 487 489 494 493 495 503 504 506 515 514 516 525 534 536 541 535 543 544 547 556 556 556 565 572 570 572 578 584 581 590 598 601 603 610 611
349 358 349 348 339 338 331 324 316 320 316 317 323 323 331 325 327 331 333 341 348 357 360 361 362 366 373 377 378 385 391 389 396 400 408 414 421 421 414 417 426 419 420 428 429 434 440 447 444 447 454 459 455 452 461 461 468 469 475 470 471 470 471 474 482 486 495 495 494 503 512 505 511 518 518 522 531 533 537 540 543 544 552 551 555 560 561 564 571 579 576 580 581 589 591 597 598 607 609 618
358 355 346 343 339 333 332 327 320 329 321 320 329 330 338 333 334 339 341 350 356 360 361 364 363 371 380 385 386 394 394 398 400 409 412 413 417 418 420 418 421 423 428 431 435 443 441 443 451 449 450 453 454 458 465 462 463 465 466 475 480 477 477 479 489 495 497 496 500 502 509 510 514 515 517 526 535 538 545 548 545 545 551 559 557 558 567 565 574 580 585 583 589 594 600 598 600 601 608 615
364 355 353 344 342 342 339 330 324 327 324 329 334 331 337 342 343 348 343 344 352 361 370 373 371 379 388 393 395 400 403 402 405 406 411 415 416 420 421 419 428 426 428 437 436 444 445 447 453 453 459 456 457 460 468 471 471 473 467 468 472 481 483 480 481 486 493 497 504 511 518 512 520 523 520 523 527 529 537 541 545 550 554 559 559 567 573 574 578 585 586 591 590 597 598 601 601 606 613 620
367 358 360 351 344 345 342 337 328 332 328 333 342 339 344 346 346 354 345 349 358 359 367 368 372 373 382 391 397 402 407 406 408 414 420 421 421 429 425 422 426 434 435 444 440 441 450 451 452 461 459 458 466 461 469 475 477 481 473 469 475 476 480 489 486 495 501 499 509 513 519 513 521 527 527 524 529 537 544 550 554 554 560 566 568 569 574 579 585 592 587 593 599 605 603 602 602 608 610 616
371 367 366 360 353 352 344 337 333 334 333 334 343 348 353 349 354 351 347 355 364 363 369 374 379 381 389 392 401 402 410 407 413 421 428 423 428 435 432 430 431 439 441 445 442 450 457 456 461 466 468 466 466 463 469 478 486 483 476 476 484 484 485 488 492 495 502 500 506 511 518 522 522 527 536 533 530 534 535 541 546 554 558 567 576 577 583 580 588 595 596 597 600 608 611 611 609 617 616 617
379 376 375 366 362 361 353 346 337 335 342 335 337 346 351 357 363 360 355 357 358 367 370 379 380 389 393 393 398 407 416 415 418 422 431 429 430 438 439 436 437 446 449 453 450 459 459 457 463 472 472 475 468 464 473 479 481 480 478 479 487 492 493 495 500 502 508 509 508 517 522 528 531 536 537 542 535 542 542 544 551 556 564 572 578 585 592 586 587 595 599 605 606 614 618 620 617 626 625 621
379 371 370 366 363 366 357 348 343 344 339 338 341 342 347 348 357 359 361 365 367 369 373 381 383 392 394 399 406 415 417 420 420 421 429 437 439 440 442 445 440 441 450 457 459 461 467 458 459 466 475 481 477 471 480 488 486 485 479 485 492 498 501 502 509 504 513 514 509 517 525 534 539 544 545 551 542 551 543 546 554 561 566 567 575 584 585 587 596 601 607 614 613 614 621 628 619 624 633 625
387 378 377 369 361 360 358 350 347 343 342 347 342 351 349 357 364 362 369 371 376 370 379 387 390 397 401 407 414 422 426 426 429 423 426 430 436 438 446 443 441 442 447 448 456 464 470 467 466 470 478 479 486 480 489 494 491 494 487 493 501 504 508 510 517 511 520 519 516 524 532 534 534 543 549 553 545 548 549 555 558 559 566 572 573 575 582 590 598 606 614 616 621 615 622 623 628 632 633 634
394 385 377 377 369 366 357 350 349 345 347 356 351 358 351 352 355 362 363 366 369 377 381 388 390 394 403 409 418 427 431 435 427 425 426 433 442 443 450 447 447 443 446 450 453 460 468 472 468 477 478 482 483 481 489 497 495 500 491 492 500 505 509 511 520 516 520 520 518 527 535 532 533 535 543 544 548 557 557 557 558 561 569 575 577 578 587 595 596 603 611 619 619 617 623 631 629 638 642 640
387 384 375 375 366 357 356 355 355 351 349 357 359 356 354 357 362 368 372 368 372 374 383 386 392 400 401 408 415 424 429 432 435 426 427 429 435 444 451 456 456 452 455 452 460 468 473 475 475 476 485 490 492 488 497 500 500 505 500 495 502 509 512 516 524 525 528 524 521 523 525 529 532 533 542 546 556 559 562 561 559 564 573 580 586 583 592 599 605 611 616 622 622 626 631 632 635 640 645 648
379 375 372 370 369 361 363 356 356 357 358 365 360 361 358 365 369 377 379 370 371 374 382 383 384 391 394 403 407 416 425 426 427 429 436 438 444 451 458 465 462 461 463 461 469 477 482 477 481 479 480 489 490 491 500 504 505 510 507 503 510 518 520 525 533 532 528 526 523 529 533 537 541 542 548 550 560 567 569 569 568 568 573 581 589 592 600 602 609 614 623 631 631 632 640 638 638 639 643 651
388 381 381 378 371 369 361 357 363 361 362 364 369 369 366 373 370 371 380 379 375 382 387 392 385 394 402 407 414 420 421 428 434 436 434 442 451 450 454 461 465 470 471 468 475 476 481 478 485 488 487 491 492 500 501 503 511 519 516 510 518 524 529 534 534 539 534 534 526 535 541 538 544 551 555 552 562 570 577 572 571 577 576 584 592 601 604 605 607 610 617 626 623 624 631 640 642 643 650 656
392 384 384 380 371 367 366 366 371 362 367 371 374 375 370 379 371 380 386 388 383 384 389 396 393 396 403 409 416 421 424 422 425 430 432 436 445 447 453 454 462 471 474 469 474 482 483 487 494 497 489 498 494 499 505 510 516 524 522 517 526 526 531 534 541 547 540 537 529 538 546 540 543 550 554 556 560 565 573 573 575 576 579 588 593 600 605 612 616 616 609 618 622 624 633 642 651 650 653 662
395 388 385 388 380 376 375 375 372 371 374 378 382 376 379 375 372 380 388 389 391 386 395 398 396 401 402 407 411 412 416 420 428 437 435 436 443 447 452 453 462 471 477 471 474 483 489 490 493 502 498 507 503 500 508 515 516 517 519 521 525 532 539 535 544 546 540 536 532 536 544 548 544 550 558 563 561 563 564 567 569 578 585 589 590 597 596 604 611 612 607 616 619 628 634 638 647 651 652 661
402 396 393 395 386 381 384 382 381 374 375 384 389 382 388 382 381 382 387 394 400 395 404 399 401 409 411 410 419 421 421 429 432 440 444 442 451 456 459 462 465 466 475 474 481 489 497 493 501 508 505 512 505 509 511 516 520 520 527 529 528 534 543 544 548 553 547 542 533 542 544 549 546 555 562 569 563 565 572 574 572 577 578 585 587 591 595 597 602 603 604 613 618 621 628 637 642 643 651 653
410 405 402 404 395 388 386 383 384 375 384 387 395 387 394 385 390 384 393 395 404 396 398 405 404 413 414 411 413 417 426 435 437 441 450 449 456 463 463 469 474 475 482 479 486 491 495 497 501 510 507 512 507 516 512 521 528 522 529 538 533 541 547 553 549 553 546 545 537 546 553 557 550 557 561 561 570 573 580 575 577 582 584 593 594 593 597 598 606 606 607 616 618 627 636 640 645 651 657 654
418 412 406 397 396 395 393 384 386 378 387 393 399 396 396 387 393 387 394 399 407 405 407 414 411 417 423 420 416 425 428 430 439 440 449 457 464 470 469 470 472 480 487 482 486 493 495 501 510 517 508 517 516 525 517 525 530 531 534 543 539 545 551 558 558 558 553 546 545 552 560 558 552 553 554 559 568 576 583 578 581 585 588 596 601 594 601 607 613 609 615 616 624 632 633 642 651 652 657 660
415 408 399 398 403 403 394 385 393 385 392 396 402 399 405 396 396 393 400 401 404 405 411 417 413 414 418 426 418 427 429 438 444 445 454 462 463 472 478 476 481 489 494 491 488 490 496 505 511 517 509 510 512 520 518 520 526 527 535 541 542 536 545 552 557 550 559 552 554 561 569 560 557 560 558 562 570 574 581 584 590 593 596 601 598 596 598 603 605 612 615 621 628 631 638 647 656 659 666 669
415 406 405 406 410 401 396 387 394 394 400 405 406 401 408 403 405 402 401 402 405 406 414 423 421 416 425 423 420 421 424 431 440 446 451 460 463 467 474 481 482 490 494 491 489 494 497 506 508 510 517 519 513 522 525 521 524 527 531 533 534 535 539 548 554 549 557 559 561 570 574 567 566 564 561 564 572 580 586 593 596 602 603 610 606 601 605 612 612 618 618 619 628 635 644 652 659 660 669 676
421 412 414 411 411 402 402 396 395 403 401 404 411 402 411 412 413 411 410 411 406 414 420 429 422 417 425 427 429 423 432 440 447 447 451 457 458 465 468 473 480 489 497 494 497 502 506 514 509 517 518 523 521 529 531 529 529 531 539 538 538 536 544 545 546 548 553 559 560 566 575 575 574 573 569 572 575 579 588 592 593 597 603 612 607 602 605 612 615 620 624 626 627 636 644 646 652 659 662 667
418 415 417 418 412 411 404 397 401 403 406 406 409 410 417 415 419 416 411 411 409 410 412 421 430 426 430 435 431 432 440 444 453 456 458 459 464 469 470 474 483 490 494 497 506 510 509 518 516 522 527 532 524 530 536 537 530 538 546 540 547 545 549 552 553 550 551 557 566 569 573 576 580 574 571 575 576 578 583 585 594 602 609 610 609 609 608 609 613 618 620 629 634 638 639 647 649 658 666 670
427 419 424 427 421 420 413 406 407 408 414 414 410 413 422 416 421 418 416 419 410 419 420 429 437 433 431 440 433 439 448 453 462 465 463 467 469 474 479 475 480 486 487 496 501 508 512 521 519 520 523 528 532 531 533 539 539 545 554 545 552 553 556 558 562 558 560 566 574 577 578 583 584 579 573 582 578 585 584 593 599 603 606 615 615 617 612 617 614 622 629 638 637 638 647 653 651 656 658 661
428 427 433 428 429 425 416 412 408 413 417 415 413 414 422 424 428 420 419 427 418 419 420 429 435 434 438 447 438 447 448 457 465 474 470 468 477 480 479 478 479 485 494 501 510 517 517 525 527 521 522 531 537 540 540 546 546 546 554 553 558 556 558 567 566 559 565 568 569 570 571 577 585 580 581 585 587 587 593 595 601 606 610 611 613 621 621 621 615 619 621 630 631 640 646 647 651 652 661 669
434 432 440 435 427 424 418 416 415 414 422 423 420 420 427 433 433 429 421 430 424 428 429 430 434 438 442 443 440 449 453 462 467 476 475 469 475 482 488 485 485 491 499 506 510 519 523 525 534 525 531 533 540 545 544 547 551 548 552 555 560 564 564 567 570 561 570 576 578 574 576 578 583 587 584 593 595 596 596 596 598 607 616 612 619 626 627 623 619 625 627 628 630 631 637 645 646 651 659 663
443 441 441 433 429 420 419 424 423 419 420 421 426 425 431 440 437 428 427 436 431 437 438 435 443 441 442 443 443 451 456 465 471 472 481 474 481 490 487 486 494 492 497 506 515 521 530 533 542 533 539 542 548 554 553 553 560 557 558 556 561 568 573 573 572 563 565 569 574 579 584 581 585 586 587 594 603 597 601 597 601 602 609 617 625 631 635 626 624 628 635 634 639 633 640 646 651 650 651 654
450 441 433 432 423 422 427 428 424 427 425 423 432 426 434 435 444 437 432 435 432 436 445 439 447 442 450 451 451 452 454 462 465 471 480 483 490 494 496 489 493 501 505 514 523 530 537 540 537 535 537 546 549 557 554 561 567 566 563 564 570 572 578 574 576 572 566 573 577 581 582 590 593 593 596 601 610 605 602 601 609 604 607 609 617 626 626 635 630 635 641 643 644 635 636 637 642 648 656 655
447 440 433 432 424 428 436 432 433 431 434 432 437 429 436 436 441 444 435 439 434 443 452 446 455 449 458 453 455 459 460 468 467 473 482 486 495 495 500 494 500 508 511 519 528 533 542 549 544 540 544 553 557 562 561 564 570 574 566 565 574 581 583 583 579 571 569 577 584 587 590 596 601 602 604 606 610 606 611 606 614 605 608 609 617 619 622 630 638 636 641 642 641 638 642 640 650 650 654 662
452 446 437 433 433 431 433 433 442 433 439 441 439 430 439 445 444 443 436 443 442 445 452 451 456 455 462 457 458 463 465 474 476 482 483 492 495 504 505 501 509 513 518 520 527 528 537 546 551 548 545 554 562 563 566 571 576 583 574 568 574 583 592 592 583 576 575 583 587 596 598 603 610 603 611 609 610 609 616 607 616 613 617 618 626 623 631 639 645 644 642 650 646 645 650 646 649 651 660 667
452 444 438 441 439 438 435 438 441 434 438 447 442 439 448 446 446 452 445 448 448 454 461 455 462 456 465 462 467 465 467 474 481 486 488 491 500 507 507 510 515 520 521 521 527 531 538 547 551 554 546 554 563 572 570 573 578 585 583 577 583 590 595 594 592 584 584 589 595 604 599 608 613 609 616 615 616 610 619 612 621 621 626 627 632 624 633 641 650 653 650 656 647 650 653 653 656 652 653 657
454 447 447 448 447 444 444 445 436 435 443 446 449 440 445 450 454 453 452 450 450 452 458 463 462 461 462 471 475 472 476 475 483 491 497 493 502 503 511 508 517 521 530 526 531 540 544 546 554 558 553 562 567 568 577 582 579 580 586 582 589 598 604 597 591 588 590 597 604 607 605 614 618 610 617 623 615 613 616 613 620 623 632 636 639 632 639 643 652 659 658 660 652 658 658 657 662 654 661 663
457 451 452 456 448 452 451 449 442 440 447 447 456 449 454 459 463 459 457 456 458 454 462 470 471 462 470 471 479 477 484 481 488 494 501 494 501 506 514 507 508 517 526 535 540 537 537 542 548 549 550 554 558 560 569 578 587 589 591 591 590 599 604 605 599 591 599 606 608 609 613 616 624 618 623 628 623 614 622 622 624 632 638 642 642 634 643 652 656 664 667 664 659 665 664 666 670 663 667 664
460 460 454 457 453 460 452 450 449 449 449 456 458 451 460 467 472 467 458 457 460 457 465 467 476 469 470 478 481 486 493 490 490 499 506 498 500 502 505 506 508 512 520 528 534 535 536 538 547 555 556 563 566 569 572 580 587 596 599 592 598 607 608 610 605 599 608 614 615 610 615 622 625 623 626 627 626 622 630 631 633 633 641 642 643 635 642 649 657 658 665 672 665 666 673 675 674 670 675 673
