  0 325 319 324 327 323 332 334 337 345 342 338 336 344 348 347 341 342 346 345 348 357 365 365 374 372 372 377 380 381 385 382 383 392 393 399 399 406 407 408 416 419 428 429 435 435 439 441 449 453 456 458 467 476 474 482 482 489 492 497 506 498 500 508 517 515 519 527 528 534 543 552 559 561 568 570 573 571 576 571 576 584 588 596 598 607 615 624 621 627 633 634 635 641 649 655 656 652 658 667
  8 318 317 318 318 322 323 330 335 336 337 329 334 335 339 346 340 343 341 342 345 351 356 364 372 370 368 370 376 384 376 378 382 389 390 399 398 404 410 417 417 418 424 428 436 431 434 436 441 445 447 453 461 468 468 475 478 481 483 491 500 492 500 509 513 512 519 522 530 538 546 545 550 553 560 565 565 562 571 568 570 579 588 592 600 609 614 622 619 626 624 630 637 637 646 646 647 648 657 664
 16 310 308 317 315 324 316 322 327 329 329 327 325 328 333 339 332 335 336 343 352 358 365 359 363 365 364 370 373 377 371 375 383 390 399 404 397 402 402 410 417 423 415 420 427 425 433 439 447 445 449 458 459 461 466 474 477 476 483 490 498 490 498 501 505 510 517 519 525 531 540 542 550 550 551 559 560 561 562 566 569 578 587 588 595 604 605 614 610 617 622 627 628 636 637 640 647 648 649 655
 17 314 307 309 310 315 313 314 318 326 326 321 323 324 326 332 330 335 337 346 351 351 356 351 357 358 363 365 366 368 370 379 387 392 401 395 395 396 401 402 408 414 412 414 423 422 430 435 438 444 449 449 453 460 466 469 470 474 482 481 489 489 490 496 505 509 516 518 526 535 535 544 546 546 555 555 564 561 567 570 578 582 580 581 587 596 598 607 606 608 613 621 624 627 631 635 643 652 653 661
 26 314 306 303 309 310 312 319 324 321 317 318 326 327 325 323 327 336 340 341 349 344 347 347 350 354 354 356 358 361 366 375 382 383 392 389 388 397 402 394 403 405 406 413 414 421 430 435 443 448 454 446 448 457 459 466 475 476 476 478 484 483 491 500 502 506 513 518 522 530 527 535 537 545 547 548 557 558 560 561 570 578 579 582 588 590 598 599 600 604 611 613 615 624 630 638 642 651 658 661
 28 308 299 297 300 301 310 319 318 312 310 312 321 318 316 322 330 330 335 335 343 340 346 345 349 355 353 358 357 358 363 366 373 382 383 390 385 390 396 391 396 399 405 413 414 420 423 429 435 440 447 443 451 452 461 465 467 471 472 475 479 482 486 491 500 502 506 510 519 521 526 527 536 542 550 548 557 566 566 569 570 579 586 583 592 591 599 604 609 613 613 619 616 621 627 630 639 648 650 652
 29 300 291 291 296 300 309 315 310 310 301 308 313 309 310 316 323 324 326 333 335 331 338 342 340 347 351 353 354 361 369 363 370 377 384 381 383 384 387 388 395 396 404 408 412 420 421 424 431 433 442 441 445 450 452 458 460 465 474 477 478 481 486 495 503 510 509 513 517 518 519 526 533 534 542 547 551 557 564 568 570 573 578 586 595 600 608 612 611 618 620 621 620 628 634 631 633 641 645 644
 33 293 287 290 299 302 306 309 302 308 300 305 311 308 316 316 322 317 326 329 332 329 337 344 339 338 343 344 352 357 361 362 366 373 376 380 389 392 394 391 400 404 412 417 413 416 418 422 428 437 439 440 448 457 454 458 461 463 469 472 474 476 478 487 495 504 511 510 513 519 528 534 542 535 544 544 545 550 559 561 562 570 575 581 590 596 604 613 617 625 621 626 629 633 637 633 641 638 638 641
 41 287 286 288 292 293 298 301 300 306 298 298 307 307 310 315 314 316 324 320 325 327 335 337 341 335 339 346 355 364 360 360 364 368 375 384 381 386 393 400 406 403 406 408 411 420 424 431 434 436 435 438 443 450 457 463 470 471 477 481 477 483 481 490 499 505 507 509 516 518 526 535 537 537 540 542 545 549 550 553 560 568 574 579 584 593 601 604 608 616 613 622 625 629 636 638 641 637 629 637
 42 279 283 280 285 288 297 295 294 303 294 295 300 306 312 321 313 309 318 319 327 323 332 339 332 334 338 347 354 358 351 359 364 367 373 381 374 380 388 397 399 399 407 409 413 415 424 433 431 433 432 441 443 450 458 466 470 472 476 477 477 486 487 492 492 500 504 510 510 518 519 526 531 539 545 542 543 552 559 557 566 567 576 580 585 589 595 603 605 607 607 615 624 620 628 630 632 635 628 634
 51 274 281 273 281 283 289 289 291 295 293 299 300 298 304 313 313 304 309 311 318 322 328 331 330 339 339 343 345 352 350 355 357 364 365 372 372 376 383 392 396 398 405 413 420 417 420 424 426 426 431 439 440 445 450 459 462 464 467 468 471 478 484 485 486 492 498 501 507 510 518 520 526 535 536 540 546 555 561 562 570 575 567 571 580 586 592 596 597 605 606 607 616 619 620 622 625 626 627 635
 56 269 278 272 280 288 281 288 289 288 286 290 291 294 295 304 307 302 311 312 321 317 324 332 328 337 342 345 354 349 348 354 353 362 370 374 370 373 380 384 387 389 397 404 412 411 411 415 417 425 433 441 441 450 451 459 461 468 469 475 480 485 489 490 489 496 502 497 500 505 509 518 524 533 531 539 548 552 553 562 566 566 565 568 576 581 589 588 588 597 598 606 607 611 620 621 629 635 635 638
 58 266 269 271 273 279 273 282 288 283 284 291 296 290 296 297 298 299 308 311 312 316 318 325 327 328 336 345 354 351 344 346 352 355 362 371 369 371 380 382 385 387 391 398 406 403 404 407 416 421 425 434 441 445 450 453 456 460 464 473 482 487 489 498 493 498 497 492 500 509 515 509 518 525 526 532 539 544 553 557 566 561 563 566 569 576 584 583 586 591 595 602 608 614 621 629 624 633 641 647
 66 262 264 269 267 270 268 276 279 282 290 288 288 281 290 297 302 308 312 313 321 319 324 325 334 337 343 337 346 342 343 351 360 363 358 362 368 374 377 381 390 394 399 399 400 402 411 416 415 421 430 436 437 438 447 447 448 453 460 468 474 482 487 495 486 490 489 491 492 501 506 507 516 524 533 537 538 545 550 549 558 559 565 572 578 574 576 580 581 582 589 596 599 608 612 621 623 632 635 642
 73 261 255 261 258 262 264 273 271 278 281 286 281 277 284 292 293 299 304 305 313 322 319 320 327 336 337 335 339 341 348 357 365 358 357 363 365 366 375 379 385 394 399 393 402 397 405 410 414 417 421 429 436 445 444 441 450 457 464 465 465 473 479 488 480 481 488 490 493 502 505 510 517 519 527 529 532 539 542 548 554 561 562 570 570 572 581 579 580 588 591 599 600 602 611 616 625 634 632 637
 74 253 254 252 255 257 261 267 270 269 272 280 277 273 275 284 288 296 299 304 312 316 318 319 320 329 328 334 339 342 349 358 361 360 356 363 357 363 371 370 379 388 390 390 399 390 399 406 408 413 420 428 437 437 436 437 446 451 456 457 464 473 471 479 479 480 481 488 493 501 508 515 517 518 519 520 528 534 535 544 552 552 556 561 562 569 575 578 580 586 588 590 598 607 611 615 617 626 627 628
 83 248 245 251 252 255 257 264 266 268 266 273 280 272 276 285 294 292 300 299 304 308 315 310 317 320 324 331 335 343 352 360 353 357 355 354 354 360 365 369 375 384 393 388 391 388 391 397 404 406 411 420 429 438 435 440 447 450 455 458 463 471 469 470 478 483 489 497 494 503 511 512 515 524 526 525 534 535 543 547 555 547 548 556 565 572 573 580 586 591 595 592 600 605 610 613 616 623 626 634
 89 246 238 247 252 246 255 260 268 268 260 265 273 269 276 279 285 289 291 293 299 301 306 307 310 315 318 322 330 338 344 353 344 350 346 347 351 355 360 366 373 379 386 385 383 385 391 400 408 412 413 422 420 429 430 434 440 445 453 459 463 466 463 472 473 482 490 496 502 503 511 516 521 525 527 526 535 541 539 545 548 546 554 561 566 575 574 582 583 589 593 596 605 614 617 613 614 622 623 632
 93 240 236 242 247 244 250 257 260 259 258 264 267 268 277 277 281 286 295 296 298 296 297 301 302 311 312 313 321 329 338 346 337 341 342 350 359 361 363 369 370 375 382 390 382 389 394 403 412 417 414 414 416 420 429 434 441 439 447 453 457 462 461 468 477 478 485 494 496 504 504 513 512 517 518 527 526 532 531 536 539 542 549 558 561 568 577 586 584 591 590 597 598 605 612 612 621 625 631 636
 94 240 233 240 240 239 246 253 256 250 251 260 269 268 273 273 280 286 286 295 297 292 295 304 307 312 320 316 322 329 337 340 336 338 346 344 351 358 367 364 372 368 376 381 380 383 392 401 403 410 415 410 417 418 425 434 435 436 444 446 453 455 459 467 469 478 482 485 494 502 502 511 511 519 521 519 517 524 527 532 541 550 554 558 566 575 577 586 583 587 589 595 602 602 603 604 612 617 622 627
100 237 232 233 236 237 246 247 252 248 242 251 260 265 271 269 271 279 278 287 288 291 300 306 306 311 319 324 329 333 335 337 330 331 338 339 342 351 359 363 365 362 367 374 377 386 392 393 394 403 406 408 417 420 421 427 434 435 442 448 448 457 463 469 474 478 486 492 499 499 499 505 509 517 513 510 516 518 523 532 540 547 554 556 561 570 577 584 577 578 585 587 594 601 606 607 609 616 625 633
109 228 225 231 229 238 243 238 245 247 241 243 251 258 262 265 268 271 273 280 289 292 298 303 305 310 313 319 322 324 326 328 329 337 336 341 335 344 350 355 356 359 360 369 370 379 385 392 396 402 399 407 413 419 425 434 430 439 440 441 446 455 457 464 470 472 481 483 490 490 491 496 500 509 515 507 516 525 531 534 538 544 553 562 557 566 568 575 576 581 584 592 585 593 598 599 604 610 616 625
118 219 218 225 225 231 236 237 237 238 240 245 253 254 259 268 269 276 282 288 289 292 296 305 308 308 311 312 313 315 323 323 330 328 330 333 333 335 344 351 359 361 364 368 371 377 385 386 395 395 398 403 411 420 420 426 425 430 431 432 439 448 448 457 463 465 474 480 481 488 489 497 505 513 511 505 510 516 523 525 534 540 544 553 556 560 565 566 568 577 583 583 584 587 596 595 600 607 609 617
122 210 215 218 219 226 230 238 233 240 246 251 253 262 262 264 268 269 273 280 282 291 295 298 305 307 305 311 320 318 318 320 321 321 324 329 331 339 348 356 358 362 365 374 368 374 381 383 392 390 392 395 404 411 416 417 423 427 434 441 441 442 447 454 463 472 473 472 481 482 482 491 498 507 505 502 511 517 519 527 528 537 544 546 547 556 562 566 568 577 578 582 590 587 591 592 601 609 613 618
127 207 211 217 215 220 222 229 231 238 239 247 250 259 260 260 266 260 265 273 282 291 300 292 296 301 304 302 311 310 317 314 319 316 325 329 338 344 343 347 349 355 356 365 366 368 372 380 389 388 393 394 398 407 416 422 423 432 435 441 450 450 448 456 465 466 467 471 478 479 480 482 491 499 500 501 502 510 518 520 525 534 535 544 548 554 563 558 562 570 577 585 590 583 592 586 594 600 609 610
132 202 205 214 207 212 221 230 235 236 242 246 254 257 261 254 259 257 263 272 278 286 293 284 291 295 295 300 307 307 308 308 316 315 317 326 334 340 337 341 348 354 359 363 367 372 373 374 382 384 392 399 403 411 418 427 429 436 443 437 441 450 456 457 466 469 472 480 487 483 482 491 499 501 506 508 509 513 519 520 526 535 544 546 548 546 555 555 558 566 568 577 581 582 583 584 593 596 605 609
133 201 199 206 204 212 221 224 233 231 237 238 245 248 256 253 252 255 259 268 276 280 284 282 285 286 293 293 298 304 301 306 313 308 317 323 329 331 332 333 342 345 352 355 360 367 375 375 376 384 393 402 405 408 417 420 429 437 442 434 437 445 447 451 460 462 465 473 481 482 489 496 505 509 514 507 516 515 520 528 535 538 541 537 539 542 548 549 558 566 575 582 581 584 587 593 594 598 600 605
141 203 196 202 198 207 216 217 224 229 238 240 245 249 248 257 251 259 262 266 267 272 278 274 276 282 284 292 293 295 297 298 306 307 313 322 331 340 341 340 349 353 353 362 369 368 377 378 378 387 394 398 401 409 414 422 428 434 433 432 440 443 451 458 454 453 462 468 476 483 484 493 501 505 505 499 507 516 521 526 529 534 541 534 538 540 549 558 560 562 571 579 578 580 588 591 600 601 609 608
142 202 194 193 193 202 209 210 217 221 230 237 237 244 246 250 250 250 259 262 268 263 271 272 270 279 285 294 302 302 306 305 314 316 319 328 333 342 342 343 352 358 360 364 370 375 379 380 387 394 402 406 402 403 409 414 420 427 432 428 437 439 448 449 450 451 458 465 467 474 483 486 495 497 497 498 505 513 517 518 522 526 533 531 540 546 547 554 555 557 565 573 574 578 585 592 601 602 611 611
151 203 195 186 188 196 203 201 210 219 227 228 229 234 242 243 245 246 249 254 258 260 261 267 268 277 283 287 296 299 308 306 311 312 320 329 338 344 344 344 353 361 365 371 377 384 385 387 396 397 406 413 409 405 406 413 418 419 423 424 433 442 444 453 452 454 456 465 466 473 474 483 488 491 492 499 506 507 509 510 516 517 524 530 537 546 550 551 552 560 566 569 571 579 586 594 603 611 613 613
155 194 192 176 177 186 189 195 202 210 218 226 234 239 244 252 252 248 257 255 263 267 269 269 270 271 281 290 293 300 309 309 315 321 326 331 334 341 348 346 352 356 362 370 378 387 389 396 405 406 401 410 412 406 413 422 419 427 432 433 436 444 453 461 454 457 464 470 475 481 478 480 489 495 498 504 511 515 515 516 523 522 531 533 537 542 544 553 551 559 567 570 579 587 595 600 602 602 608 604
162 169 174 175 181 190 198 201 209 212 221 230 231 240 235 244 248 249 258 264 270 268 271 275 278 276 284 290 296 299 301 302 308 317 326 326 335 341 348 352 358 364 367 374 380 381 389 396 396 399 400 407 408 408 417 426 424 431 440 441 443 450 454 459 463 464 472 475 483 485 478 485 491 492 494 503 511 512 519 519 517 524 530 525 531 533 540 545 547 552 558 564 573 581 590 597 600 598 603 600
171 176 181 177 184 185 194 203 211 219 220 223 232 233 234 242 251 252 261 270 264 267 268 277 286 278 285 286 293 297 303 303 310 318 320 325 327 335 342 349 352 356 361 366 371 379 380 388 394 403 402 411 416 417 425 431 429 431 436 445 447 447 453 457 466 471 473 473 474 476 477 482 483 492 493 499 508 517 518 518 515 523 521 524 529 533 534 543 551 558 564 566 571 575 582 589 591 595 600 598
176 182 190 186 190 193 201 210 215 218 226 232 236 242 236 241 249 250 259 261 263 270 275 284 287 281 286 290 296 302 303 311 311 316 325 334 336 336 344 350 355 360 369 372 372 381 389 393 399 401 408 415 412 418 427 431 433 440 444 442 438 446 450 453 459 463 465 472 473 470 472 477 486 489 492 495 504 513 519 513 513 521 520 528 531 533 542 548 549 558 567 572 577 583 580 581 586 587 595 597
180 189 198 192 191 192 197 205 214 216 221 229 231 238 237 246 252 259 267 262 265 271 277 282 287 284 292 296 301 310 310 317 313 314 317 327 336 345 347 348 354 355 364 369 369 376 384 393 391 399 401 409 410 418 422 423 432 433 440 441 434 443 450 451 460 461 465 464 464 462 463 472 479 481 484 493 498 505 511 504 505 512 517 523 527 528 534 543 551 556 560 565 568 577 573 581 586 595 598 590
184 191 194 200 199 201 202 210 218 223 222 229 231 239 240 244 253 262 263 265 271 280 282 291 290 293 294 295 300 309 311 315 322 323 318 326 331 339 340 344 346 354 362 363 364 371 376 385 388 397 403 403 411 413 415 416 423 427 431 432 433 434 443 446 451 456 460 458 459 461 463 467 472 473 482 490 491 500 505 503 508 506 509 518 522 530 533 542 550 547 556 557 563 569 565 572 579 586 595 588
193 199 203 201 205 207 210 219 219 225 228 229 231 239 242 249 253 262 261 266 270 274 282 291 295 301 300 296 305 306 314 316 325 325 320 328 333 342 346 353 355 361 368 365 373 372 377 378 387 389 394 399 408 417 421 423 430 434 431 436 442 443 445 452 452 454 456 457 466 470 470 473 474 481 482 491 500 498 498 499 500 505 514 510 519 523 531 536 545 546 552 558 554 561 562 571 572 577 586 587
201 200 206 209 214 209 218 222 223 225 226 235 238 243 246 249 251 259 260 265 267 276 276 283 286 292 301 299 302 305 313 318 323 330 327 337 337 344 352 361 357 366 370 362 367 373 373 375 383 387 396 401 409 412 413 419 423 426 428 432 439 445 454 454 461 461 458 459 460 462 463 466 474 476 481 489 491 489 497 504 501 502 508 509 517 521 525 530 539 546 543 549 550 559 567 571 579 585 592 596
206 207 212 218 222 218 225 225 224 231 227 236 240 245 250 256 256 258 265 271 268 271 273 282 284 291 298 300 303 311 318 327 332 332 330 337 343 348 355 363 355 359 365 359 360 368 372 380 382 390 393 394 403 411 419 420 428 425 430 435 439 448 456 456 464 461 460 461 469 464 472 467 474 480 480 487 482 483 490 498 502 509 511 512 521 525 532 535 543 538 540 546 550 559 564 565 573 582 591 595
214 210 213 215 224 224 233 234 227 233 232 234 243 247 250 252 254 262 270 279 274 278 279 284 293 292 293 302 308 316 322 323 330 335 332 333 334 344 349 355 354 356 358 357 364 365 373 379 386 393 397 395 401 410 418 419 423 424 430 439 447 453 453 459 462 461 466 469 477 473 473 468 469 471 478 479 481 486 495 500 507 510 511 515 518 520 524 533 536 537 546 553 551 560 567 567 569 578 583 586
219 217 216 217 225 233 235 240 236 240 237 243 252 255 258 253 257 264 272 281 275 281 283 290 295 293 299 307 308 313 315 323 330 339 334 335 335 341 344 345 347 350 352 356 358 367 372 380 382 391 400 399 400 401 410 413 414 423 425 434 438 447 444 452 460 458 459 468 470 478 481 473 478 479 486 483 490 495 496 500 506 507 514 520 525 529 530 539 539 544 553 557 556 564 565 573 570 574 583 592
224 218 224 220 227 234 235 244 242 243 245 244 252 257 259 261 264 266 275 276 279 285 290 291 299 296 301 307 312 321 322 325 331 335 341 340 344 350 345 346 354 352 359 364 367 375 381 375 383 386 392 390 391 394 403 405 414 418 419 426 435 440 439 448 451 452 453 460 463 472 480 482 478 480 482 490 497 502 502 507 507 510 518 520 524 533 539 546 545 553 556 565 562 568 574 582 578 576 578 585
226 219 220 227 231 236 244 249 249 252 252 246 252 258 261 270 265 266 274 281 281 289 296 299 302 301 303 309 315 324 331 334 336 343 350 349 347 351 350 350 358 353 355 356 359 367 376 370 377 380 383 386 389 397 404 408 417 421 427 427 429 434 437 446 447 453 462 469 464 466 474 475 476 485 484 489 496 502 508 516 512 519 523 529 530 539 547 551 552 558 565 574 571 577 582 585 581 577 578 587
235 226 229 236 233 242 250 254 250 258 254 249 258 259 260 264 265 267 269 277 283 291 295 298 301 304 305 314 318 324 332 333 342 349 354 350 352 349 355 359 365 359 362 358 362 364 366 367 368 373 376 385 389 394 395 402 408 417 423 432 433 441 438 446 452 455 464 467 466 474 471 466 469 478 481 489 490 494 503 510 514 521 526 531 532 541 549 552 559 559 566 567 574 582 588 590 589 586 585 594
244 235 230 231 233 238 242 248 249 257 260 251 257 265 265 266 268 273 278 284 292 295 296 297 306 310 310 315 322 323 325 327 335 342 348 356 347 348 357 360 369 368 363 367 370 365 374 375 376 374 375 377 385 394 395 404 413 416 422 429 432 440 441 442 451 451 458 460 467 474 466 465 473 482 485 493 496 502 507 516 515 520 527 534 540 537 546 550 556 561 570 571 580 589 597 599 592 595 587 591
238 233 232 238 240 239 247 255 256 264 265 257 260 264 272 271 276 281 285 293 299 304 304 299 308 310 316 323 331 324 325 327 336 337 341 347 342 351 359 361 368 366 364 371 369 368 375 376 385 379 380 379 381 390 397 405 407 408 414 423 425 433 440 443 452 449 457 465 460 465 462 464 473 479 486 491 500 508 515 512 512 513 521 525 534 535 544 553 561 570 579 575 584 593 598 606 601 599 595 592
239 240 241 244 244 244 251 259 264 273 269 263 268 267 276 275 278 282 288 290 297 304 305 305 313 319 317 321 329 325 331 328 329 334 338 339 341 348 352 361 369 368 373 380 377 377 377 385 386 387 381 385 382 390 394 402 406 407 413 419 426 430 433 434 443 446 455 456 458 460 461 469 472 479 488 489 498 505 506 507 510 514 523 528 530 539 548 549 555 563 570 579 585 588 595 599 598 598 600 598
244 245 248 253 253 253 260 262 269 277 272 264 270 272 277 284 283 290 297 295 304 309 309 314 316 322 321 325 331 334 337 335 338 340 340 346 347 351 354 355 360 362 365 371 380 386 386 394 395 387 382 390 389 390 392 394 402 411 419 427 427 431 436 440 446 455 462 460 466 468 470 477 480 488 497 495 504 511 512 515 519 515 524 525 534 539 548 557 561 569 578 574 582 587 594 595 596 597 605 603
253 254 249 258 262 262 266 263 272 268 267 266 275 274 281 281 282 287 296 304 313 313 316 322 325 324 326 334 339 341 341 339 342 348 348 353 351 358 363 364 368 364 366 374 383 388 388 397 393 392 391 394 394 395 397 401 408 416 420 424 433 440 437 443 452 456 459 466 473 469 477 479 484 486 494 503 512 515 521 522 518 517 525 534 543 543 552 561 569 574 569 571 577 578 585 593 602 606 613 605
258 256 257 266 263 271 272 266 267 271 276 270 272 274 279 280 288 296 303 307 308 309 315 321 326 332 329 338 347 345 342 348 350 349 349 358 357 366 367 368 373 366 374 383 384 392 390 399 400 395 392 401 401 404 406 408 417 425 429 429 435 440 439 446 451 457 465 470 468 469 472 475 484 491 500 507 508 517 525 526 520 523 524 529 535 538 547 556 560 566 567 576 585 585 591 598 599 607 606 613
259 263 265 273 266 270 271 273 269 270 271 276 281 278 281 285 291 298 307 309 314 312 321 328 330 333 332 334 342 350 351 354 358 356 352 360 366 373 371 369 378 375 381 382 383 388 397 406 401 401 401 410 408 408 408 413 415 422 428 429 438 446 446 450 458 459 465 466 467 472 481 483 492 495 500 501 510 515 521 522 527 524 532 537 544 547 548 553 556 561 570 579 580 587 595 602 600 608 604 613
260 269 266 272 273 271 279 282 278 278 278 279 288 287 288 293 300 303 308 314 316 320 325 334 331 339 337 338 347 354 356 362 363 364 359 368 371 378 373 377 381 377 378 386 390 396 399 400 401 410 407 410 411 409 410 415 424 426 431 438 447 450 455 459 462 467 474 473 475 480 482 491 492 496 497 505 511 518 526 531 529 530 536 541 545 554 556 554 559 564 569 574 575 584 590 597 603 606 600 609
267 276 271 275 282 274 276 284 281 284 279 282 291 296 294 300 306 304 306 307 316 322 324 331 336 343 346 342 346 347 350 353 354 355 364 365 374 382 374 376 378 386 387 389 392 399 408 401 408 417 414 418 417 411 419 422 430 435 438 445 450 456 456 460 465 473 482 481 476 482 490 492 500 503 505 512 513 515 523 524 525 532 540 548 549 550 552 557 558 564 572 578 584 593 590 591 594 597 598 603
274 275 280 284 288 283 279 288 286 286 283 289 293 301 297 303 307 305 309 312 321 327 328 336 338 347 354 351 351 350 356 361 359 364 368 366 374 380 383 378 380 381 383 392 393 402 409 402 403 408 416 425 422 412 421 430 439 442 445 446 447 454 458 458 459 464 473 474 479 482 491 499 505 508 511 513 517 519 527 529 530 531 533 541 542 550 553 556 565 570 571 578 583 586 589 588 595 604 603 606
283 284 289 288 289 292 287 296 287 290 292 290 299 302 304 312 316 314 317 319 325 328 334 342 339 342 350 357 358 356 362 363 364 372 371 375 377 380 386 386 388 386 391 392 400 408 416 411 411 416 424 425 418 416 423 428 432 433 442 449 448 449 457 456 464 473 480 482 488 483 486 492 500 505 510 515 516 525 534 533 538 533 542 549 548 555 556 558 559 561 562 571 574 577 584 585 594 603 610 615
292 293 298 297 297 294 290 295 294 299 301 298 307 303 307 316 318 323 320 320 323 324 331 340 348 350 355 358 366 359 367 369 366 374 380 376 383 381 386 394 389 390 395 401 408 416 417 417 420 420 422 431 426 424 429 436 440 442 451 450 449 450 452 454 462 465 473 477 484 491 491 498 503 510 519 524 519 528 530 531 539 534 536 540 545 554 556 562 560 569 570 578 583 586 593 590 596 597 606 613
294 302 303 300 304 295 291 297 303 300 300 299 301 307 308 317 326 330 329 329 329 331 335 339 345 346 355 361 367 366 373 371 371 373 374 382 388 389 392 401 398 399 404 405 413 417 422 425 428 423 425 429 435 428 435 442 445 451 453 451 451 459 461 458 459 468 474 476 485 489 492 494 501 508 511 520 524 530 536 539 542 542 545 543 544 548 554 561 565 569 573 575 578 579 588 597 605 601 605 609
302 310 307 304 301 297 298 305 304 308 308 301 303 308 312 317 326 331 334 338 331 339 337 344 353 348 357 363 365 369 374 380 378 382 375 379 380 386 395 403 403 400 408 412 413 414 421 422 425 426 434 437 436 431 433 439 440 449 454 460 460 460 462 463 466 473 477 482 483 492 500 503 508 511 514 515 520 529 538 539 548 543 546 544 552 557 562 568 574 574 582 578 582 588 593 594 599 608 607 616
303 306 315 313 306 302 307 307 311 310 311 302 303 306 313 316 325 332 334 338 337 346 341 350 357 357 366 368 374 373 382 387 382 382 381 388 389 395 399 401 407 405 414 414 422 423 430 431 430 430 438 443 445 440 441 448 447 453 454 463 469 468 464 466 475 474 476 482 489 498 499 504 513 512 513 514 523 532 541 547 548 550 550 551 554 563 565 566 574 583 591 587 586 589 591 593 601 603 612 621
306 315 324 321 313 310 310 315 314 318 315 306 304 311 317 321 322 327 334 340 345 349 348 355 360 360 368 369 377 376 380 389 391 387 388 391 390 393 400 399 401 405 406 415 418 424 426 428 437 431 434 442 449 445 443 449 450 454 463 465 469 476 472 475 477 483 485 484 487 495 504 510 511 514 514 523 532 534 535 541 549 557 551 557 561 569 574 573 578 586 591 591 593 591 593 598 606 612 621 630
315 322 330 325 320 319 313 321 318 322 315 314 305 310 318 327 331 335 334 340 343 349 357 362 367 365 373 377 386 382 389 398 396 388 389 393 392 393 397 398 399 408 408 409 410 419 427 435 438 440 438 446 455 452 450 457 459 459 466 471 471 474 478 484 486 491 493 486 494 501 502 510 518 520 515 517 523 530 538 547 555 554 558 562 570 576 581 582 587 590 597 596 597 597 602 606 614 619 626 629
322 331 338 333 325 317 314 315 324 326 322 313 306 310 315 322 328 331 332 340 346 352 361 369 364 373 376 381 384 390 396 405 396 391 396 394 394 400 405 402 404 410 415 418 417 419 425 430 439 445 439 447 450 458 452 459 466 463 468 472 476 477 482 488 490 491 493 488 494 503 508 517 519 528 523 526 531 534 542 546 547 551 557 559 566 575 581 584 585 593 602 603 604 601 606 608 616 623 632 637
327 336 342 338 332 323 317 324 332 328 326 319 315 315 317 322 325 334 341 343 344 353 354 361 362 371 372 373 375 384 391 399 398 395 402 402 401 407 409 408 412 416 423 426 421 422 427 436 445 454 448 452 452 453 456 464 467 472 469 474 475 477 485 492 491 493 491 489 497 498 507 516 524 528 530 532 534 542 543 545 546 548 555 564 566 570 577 585 588 589 597 602 606 609 607 615 623 631 638 644
333 340 345 336 335 328 320 321 323 332 324 317 316 320 321 329 330 337 339 348 353 362 355 360 369 372 380 374 381 382 391 397 405 404 408 409 409 413 417 416 417 417 419 424 430 423 429 437 446 454 457 455 458 462 465 465 472 475 470 471 473 481 482 485 491 496 493 498 506 507 515 518 519 524 533 541 538 540 542 551 552 549 558 562 565 570 579 585 591 590 595 601 608 605 609 618 618 624 633 638
336 344 337 336 334 332 326 329 331 327 322 320 317 322 324 330 338 344 341 344 352 360 356 360 362 371 379 380 382 390 399 406 408 411 416 413 415 422 419 421 423 424 420 425 434 431 437 444 446 451 458 457 465 467 467 474 478 477 477 474 477 479 483 486 493 495 498 499 507 513 518 522 523 532 533 542 542 541 548 550 559 553 554 556 565 569 578 587 588 589 592 601 600 603 609 613 617 626 634 641
340 348 344 345 341 336 327 336 340 333 325 326 325 326 332 335 338 346 347 350 359 360 362 369 370 373 382 389 390 394 396 405 407 415 424 417 422 429 420 428 428 426 427 433 434 439 444 450 449 450 459 462 471 476 468 470 471 474 480 483 478 487 490 493 501 496 504 508 514 522 519 521 528 531 540 549 550 542 545 551 559 560 562 565 573 570 577 585 594 594 592 594 597 602 610 614 623 626 631 640
346 355 353 353 347 343 336 344 335 328 327 329 329 335 333 342 342 351 356 357 363 367 366 370 371 379 383 385 386 387 396 397 400 409 417 418 423 426 429 434 429 427 436 441 443 448 451 459 450 454 463 471 480 472 469 478 478 475 484 484 480 489 498 497 506 505 510 509 511 520 526 525 526 529 535 544 546 550 552 555 557 564 570 574 582 575 576 580 588 590 591 600 606 603 610 614 616 623 624 632
347 356 360 354 354 345 342 340 333 331 331 331 337 340 340 342 344 352 353 357 366 372 371 378 380 388 387 387 388 394 400 406 408 417 421 426 431 435 430 438 437 431 440 446 444 453 459 466 457 462 471 474 478 474 476 477 485 483 489 492 486 491 501 504 506 510 512 517 516 518 526 527 529 538 537 539 548 557 559 564 558 566 567 570 579 579 579 588 595 593 595 601 607 604 613 621 624 626 633 634
355 364 363 362 353 352 349 342 334 338 334 335 341 341 349 343 345 349 351 359 366 375 378 379 380 384 391 395 396 403 409 407 414 418 426 432 439 439 432 435 444 437 438 446 447 452 458 465 462 465 472 477 475 475 484 484 491 492 498 493 494 493 494 497 505 509 518 518 517 526 535 528 534 541 541 545 554 556 560 563 566 567 575 574 578 583 584 587 594 602 599 603 604 612 614 620 621 630 632 641
364 373 364 361 357 351 350 345 338 347 339 338 347 348 356 351 352 357 359 368 374 378 379 382 381 389 398 403 404 412 412 416 418 427 430 431 435 436 438 436 439 441 446 449 453 461 459 461 469 467 468 471 472 478 485 485 486 488 489 498 503 500 500 502 512 518 520 519 523 525 532 533 537 538 540 549 558 561 568 571 568 568 574 582 580 581 590 588 597 603 608 606 612 617 623 621 623 624 631 638
373 373 371 362 360 360 357 348 342 345 342 347 352 349 355 360 361 366 361 362 370 379 388 391 389 397 406 411 413 418 421 420 423 424 429 433 434 438 439 437 446 444 446 455 454 462 463 465 471 471 477 474 475 478 486 494 494 496 490 491 495 504 506 503 504 509 516 520 527 534 541 535 543 546 543 546 550 552 560 564 568 573 577 582 582 590 596 597 601 608 609 614 613 620 621 624 624 629 636 643
382 376 378 369 362 363 360 355 346 350 346 351 360 357 362 364 364 372 363 367 376 377 385 386 390 391 400 409 415 420 425 424 426 432 438 439 439 447 443 440 444 452 453 462 458 459 468 469 470 479 477 476 484 479 487 493 499 504 496 492 498 499 503 512 509 518 524 522 532 536 542 536 544 550 550 547 552 560 567 573 577 577 583 589 591 592 597 602 608 615 610 616 622 628 626 625 625 631 633 639
386 385 384 378 371 370 362 355 351 352 351 352 361 366 371 367 372 369 365 373 382 381 387 392 397 399 407 410 419 420 428 425 431 439 446 441 446 453 450 448 449 457 459 463 460 468 475 474 479 484 486 484 484 481 487 496 505 506 499 499 507 507 508 511 515 518 525 523 529 534 541 545 545 550 559 556 553 557 558 564 569 577 581 590 599 600 606 603 611 618 619 620 623 631 634 634 632 640 639 640
394 394 393 384 380 379 371 364 355 353 360 353 355 364 369 375 381 378 373 375 376 385 388 397 398 407 411 411 416 425 434 433 436 440 449 447 448 456 457 454 455 464 467 471 468 477 477 475 481 490 490 493 486 482 491 497 499 501 501 502 510 515 516 518 523 525 531 532 531 540 545 551 554 559 560 565 558 565 565 567 574 579 587 595 601 608 615 609 610 618 622 628 629 637 641 643 640 649 648 644
397 389 388 384 381 384 375 366 361 362 357 356 359 360 365 366 375 377 379 383 385 387 391 399 401 410 412 417 424 433 435 438 438 439 447 455 457 458 460 463 458 459 468 475 477 479 485 476 477 484 493 499 495 489 498 506 504 507 502 508 515 521 524 525 532 527 536 537 532 540 548 557 562 567 568 574 565 574 566 569 577 584 589 590 598 607 608 610 619 624 630 637 636 637 644 651 642 647 656 648
405 396 395 387 379 378 376 368 365 361 360 365 360 369 367 375 382 380 387 389 394 388 397 405 408 415 419 425 432 440 444 444 447 441 444 448 454 456 464 461 459 460 465 466 474 482 488 485 484 488 496 497 504 498 507 512 509 516 510 516 524 527 531 533 540 534 543 542 539 547 555 557 557 566 572 576 568 571 572 578 581 582 589 595 596 598 605 613 621 629 637 639 644 638 645 646 651 655 656 657
412 403 395 395 387 384 375 368 367 363 365 374 369 376 369 370 373 380 381 384 387 395 399 406 408 412 421 427 436 445 449 453 445 443 444 451 460 461 468 465 465 461 464 468 471 478 486 490 486 495 496 500 501 499 507 515 513 522 514 515 523 528 532 534 543 539 543 543 541 550 558 555 556 558 566 567 571 580 580 580 581 584 592 598 600 601 610 618 619 626 634 642 642 640 646 654 652 661 665 663
405 402 393 393 384 375 374 373 373 369 367 375 377 374 372 375 380 386 390 386 390 392 401 404 410 418 419 426 433 442 447 450 453 444 445 447 453 462 469 474 474 470 473 470 478 486 491 493 493 494 503 508 510 506 515 518 518 523 523 518 525 532 535 539 547 548 551 547 544 546 548 552 555 556 565 569 579 582 585 584 582 587 596 603 609 606 615 622 628 634 639 645 645 649 654 655 658 663 668 671
397 393 390 388 387 379 381 374 374 375 376 383 378 379 376 383 387 395 397 388 389 392 400 401 402 409 412 421 425 434 443 444 445 447 454 456 462 469 476 483 480 479 481 479 487 495 500 495 499 497 498 507 508 509 518 522 523 528 530 526 533 541 543 548 556 555 551 549 546 552 556 560 564 565 571 573 583 590 592 592 591 591 596 604 612 615 623 625 632 637 646 654 654 655 663 661 661 662 666 674
406 399 399 396 389 387 379 375 381 379 380 382 387 387 384 391 388 389 398 397 393 400 405 410 403 412 420 425 432 438 439 446 452 454 452 460 469 468 472 479 483 488 489 486 493 494 499 496 503 506 505 509 510 518 519 521 529 537 539 533 541 547 552 557 557 562 557 557 549 558 564 561 567 574 578 575 585 593 600 595 594 600 599 607 615 624 627 628 630 633 640 649 646 647 654 663 665 666 673 679
410 402 402 398 389 385 384 384 389 380 385 389 392 393 388 397 389 398 404 406 401 402 407 414 411 414 421 427 434 439 442 440 443 448 450 454 463 465 471 472 480 489 492 487 492 500 501 505 512 515 507 516 512 517 523 528 534 542 543 540 549 549 554 557 564 570 563 560 552 561 569 563 566 573 577 579 583 588 596 596 598 599 602 611 616 623 628 635 639 639 632 641 645 647 656 665 674 673 676 685
413 406 403 406 398 394 393 393 390 389 392 396 400 394 397 393 390 398 406 407 409 404 413 416 414 419 420 425 429 430 434 438 446 455 453 454 461 465 470 471 480 489 495 489 492 501 507 508 511 520 516 525 521 518 526 533 534 535 537 541 545 552 560 558 567 569 563 559 555 559 567 571 567 573 581 586 584 586 587 590 592 601 608 612 613 620 619 627 634 635 630 639 642 651 657 661 670 674 675 684
420 414 411 413 404 399 402 400 399 392 393 402 407 400 406 400 399 400 405 412 418 413 422 417 419 427 429 428 437 439 439 447 450 458 462 460 469 474 477 480 483 484 493 492 499 507 515 511 519 526 523 530 523 527 529 534 538 538 545 549 548 554 563 567 571 576 570 565 556 565 567 572 569 578 585 592 586 588 595 597 595 600 601 608 610 614 618 620 625 626 627 636 641 644 651 660 665 666 674 676
428 423 420 422 413 406 404 401 402 393 402 405 413 405 412 403 408 402 411 413 422 414 416 423 422 431 432 429 431 435 444 453 455 459 468 467 474 481 481 487 492 493 500 497 504 509 513 515 519 528 525 530 525 534 530 539 546 540 547 556 553 561 567 576 572 576 569 568 560 569 576 580 573 580 584 584 593 596 603 598 600 605 607 616 617 616 620 621 629 629 630 639 641 650 659 663 668 674 680 677
436 430 424 415 414 413 411 402 404 396 405 411 417 414 414 405 411 405 412 417 425 423 425 432 429 435 441 438 434 443 446 448 457 458 467 475 482 488 487 488 490 498 505 500 504 511 513 519 528 535 526 535 534 543 535 543 548 549 552 561 559 563 569 576 581 576 576 569 568 575 583 581 575 576 577 582 591 599 606 601 604 608 611 619 624 617 624 630 636 632 638 639 647 655 656 665 674 675 680 683
433 426 417 416 421 421 412 403 411 403 410 414 420 417 423 414 414 411 418 419 422 423 429 435 431 432 436 444 436 445 447 456 462 463 472 480 481 490 496 494 499 507 512 509 506 508 514 523 529 535 527 528 530 538 536 538 544 545 553 559 560 554 563 570 575 568 577 575 577 584 592 583 580 583 581 585 593 597 604 607 613 616 619 624 621 619 621 626 628 635 638 644 651 654 661 670 679 682 689 692
433 424 423 424 428 419 414 405 412 412 418 423 424 419 426 421 423 420 419 420 423 424 432 441 439 434 443 441 438 439 442 449 458 464 469 478 481 485 492 499 500 508 512 509 507 512 515 524 526 528 535 537 531 540 543 539 542 545 549 551 552 553 557 566 572 567 575 582 584 593 597 590 589 587 584 587 595 603 609 616 619 625 626 633 629 624 628 635 635 641 641 642 651 658 667 675 682 683 692 699
439 430 432 429 429 420 420 414 413 421 419 422 429 420 429 430 431 429 428 429 424 432 438 447 440 435 443 445 447 441 450 458 465 465 469 475 476 483 486 491 498 507 515 512 515 520 524 532 527 535 536 541 539 547 549 547 547 549 557 556 556 554 562 563 564 566 571 577 578 584 593 598 597 596 592 595 598 602 611 615 616 620 626 635 630 625 628 635 638 643 647 649 650 659 667 669 675 682 685 690
436 433 435 436 430 429 422 415 419 421 424 424 427 428 435 433 437 434 429 429 427 428 430 439 448 444 448 453 449 450 458 462 471 474 476 477 482 487 488 492 501 508 512 515 524 528 527 536 534 540 545 550 542 548 554 555 548 556 564 558 565 563 567 570 571 568 569 575 584 587 591 594 600 597 594 598 599 601 606 608 617 625 632 633 632 632 631 632 636 641 643 652 657 661 662 670 672 681 689 693
445 437 442 445 439 438 431 424 425 426 432 432 428 431 440 434 439 436 434 437 428 437 438 447 455 451 449 458 451 457 466 471 480 483 481 485 487 492 497 493 498 504 505 514 519 526 530 539 537 538 541 546 550 549 551 557 557 563 572 563 570 571 574 576 580 576 578 584 592 595 596 601 605 602 596 605 601 608 607 616 622 626 629 638 638 640 635 640 637 645 652 661 660 661 670 676 674 679 681 684
446 445 451 446 447 443 434 430 426 431 435 433 431 432 440 442 446 438 437 445 436 437 438 447 453 452 456 465 456 465 466 475 483 492 488 486 495 498 497 496 497 503 512 519 528 535 535 543 545 539 540 549 555 558 558 564 564 564 572 571 576 574 576 585 584 577 583 586 587 588 589 595 603 603 604 608 610 610 616 618 624 629 633 634 636 644 644 644 638 642 644 653 654 663 669 670 674 675 684 692
452 450 458 453 445 442 436 434 433 432 440 441 438 438 445 451 451 447 439 448 442 446 447 448 452 456 460 461 458 467 471 480 485 494 493 487 493 500 506 503 503 509 517 524 528 537 541 543 552 543 549 551 558 563 562 565 569 566 570 573 578 582 582 585 588 579 588 594 596 592 594 596 601 608 607 616 618 619 619 619 621 630 639 635 642 649 650 646 642 648 650 651 653 654 660 668 669 674 682 686
461 459 459 451 447 438 437 442 441 437 438 439 444 443 449 458 455 446 445 454 449 455 456 453 461 459 460 461 461 469 474 483 489 490 499 492 499 508 505 504 512 510 515 524 533 539 548 551 560 551 557 560 566 572 571 571 578 575 576 574 579 586 591 591 590 581 583 587 592 597 602 599 603 604 607 614 623 620 624 620 624 625 632 640 648 654 658 649 647 651 658 657 662 656 663 669 674 673 674 677
468 459 451 450 441 440 445 446 442 445 443 441 450 444 452 453 462 455 450 453 450 454 463 457 465 460 468 469 469 470 472 480 483 489 498 501 508 512 514 507 511 519 523 532 541 548 555 558 555 553 555 564 567 575 572 579 585 584 581 582 588 590 596 592 594 590 584 591 595 599 600 608 611 611 616 621 630 628 625 624 632 627 630 632 640 649 649 658 653 658 664 666 667 658 659 660 665 671 679 678
465 458 451 450 442 446 454 450 451 449 452 450 455 447 454 454 459 462 453 457 452 461 470 464 473 467 476 471 473 477 478 486 485 491 500 504 513 513 518 512 518 526 529 537 546 551 560 567 562 558 562 571 575 580 579 582 588 592 584 583 592 599 601 601 597 589 587 595 602 605 608 614 619 620 624 626 630 629 634 629 637 628 631 632 640 642 645 653 661 659 664 665 664 661 665 663 673 673 677 685
470 464 455 451 451 449 451 451 460 451 457 459 457 448 457 463 462 461 454 461 460 463 470 469 474 473 480 475 476 481 483 492 494 500 501 510 513 522 523 519 527 531 536 538 545 546 555 564 569 566 563 572 580 581 584 589 594 601 592 586 592 601 610 610 601 594 593 601 605 614 616 621 628 621 629 629 630 632 639 630 639 636 640 641 649 646 654 662 668 667 665 673 669 668 673 669 672 674 683 690
470 462 456 459 457 456 453 456 459 452 456 465 460 457 466 464 464 470 463 466 466 472 479 473 480 474 483 480 485 483 485 492 499 504 506 509 518 525 525 528 533 538 539 539 545 549 556 565 569 572 564 572 581 590 588 591 596 603 601 595 601 608 613 612 610 602 602 607 613 622 617 626 631 627 634 635 636 633 642 635 644 644 649 650 655 647 656 664 673 676 673 679 670 673 676 676 679 675 676 680
472 465 465 466 465 462 462 463 454 453 461 464 467 458 463 468 472 471 470 468 468 470 476 481 480 479 480 489 493 490 494 493 501 509 515 511 520 521 529 526 535 539 548 544 549 558 562 564 572 576 571 580 585 586 595 600 597 598 604 600 607 616 622 615 609 606 608 615 622 625 623 632 636 628 635 643 638 636 639 636 643 646 655 659 662 655 662 666 675 682 681 683 675 681 681 680 685 677 684 686
475 469 470 474 466 470 469 467 460 458 465 465 474 467 472 477 481 477 475 474 476 472 480 488 489 480 488 489 497 495 502 499 506 512 519 512 519 524 532 525 526 535 544 553 558 555 555 560 566 567 568 572 576 578 587 596 605 607 609 609 608 617 622 623 617 609 617 624 626 627 631 634 642 636 641 646 646 637 645 645 647 655 661 665 665 657 666 675 679 687 690 687 682 688 687 689 693 686 690 687
478 478 472 475 471 478 470 468 467 467 467 474 476 469 478 485 490 485 476 475 478 475 483 485 494 487 488 496 499 504 511 508 508 517 524 516 518 520 523 524 526 530 538 546 552 553 554 556 565 573 574 581 584 587 590 598 605 614 617 610 616 625 626 628 623 617 626 632 633 628 633 640 643 641 644 645 649 645 653 654 656 656 664 665 666 658 665 672 680 681 688 695 688 689 696 698 697 693 698 696
