  0 300 294 299 302 298 307 309 312 320 319 315 313 321 325 325 319 320 324 323 326 335 343 343 352 354 355 360 363 364 368 365 366 375 376 382 382 389 390 391 399 402 411 412 418 418 422 424 432 436 439 441 450 459 459 467 467 475 478 483 492 484 486 494 503 501 505 513 514 520 529 538 545 547 554 556 559 557 562 557 562 570 574 582 584 593 601 610 607 613 619 620 621 627 635 641 642 638 644 653
  8 293 292 293 293 297 298 305 310 311 314 306 311 312 316 323 318 321 319 320 323 329 334 342 351 353 351 353 359 367 359 361 365 372 373 382 381 387 393 400 400 401 407 411 419 414 417 419 424 428 430 436 444 451 453 460 463 467 469 477 486 478 486 495 499 498 505 508 516 524 532 531 536 539 546 551 551 548 557 554 556 565 574 578 586 595 600 608 605 612 610 616 623 623 632 632 633 634 643 650
 16 285 283 292 290 299 291 297 302 304 306 304 302 305 310 317 310 313 314 321 330 336 343 342 346 348 347 353 356 360 354 358 366 373 382 387 380 385 385 393 400 406 398 403 410 408 416 422 430 428 432 441 445 447 452 460 463 462 469 476 484 476 484 487 491 496 503 505 511 517 526 528 536 536 537 545 546 547 548 552 555 564 573 574 581 590 591 600 596 603 608 613 614 622 623 626 633 634 635 641
 17 289 282 284 285 290 288 289 293 301 303 298 300 301 303 310 308 313 315 324 329 334 339 334 340 341 346 348 349 351 353 362 370 375 384 378 378 379 384 385 391 397 395 397 406 405 413 418 421 427 432 435 439 446 452 455 456 460 468 467 475 475 476 482 491 495 502 504 512 521 521 530 532 532 541 541 550 547 553 556 564 568 566 567 573 582 584 593 592 594 599 607 610 613 617 621 629 638 639 647
 26 289 281 278 284 285 287 294 299 298 294 295 303 305 303 301 305 314 319 324 332 327 330 330 333 337 337 339 341 344 349 358 365 366 375 372 371 380 385 377 386 388 389 396 397 404 413 418 426 432 439 432 434 443 445 452 461 462 462 464 470 469 477 486 488 492 499 504 508 516 513 521 523 531 533 534 543 544 546 547 556 564 565 568 574 576 584 585 586 590 597 599 601 610 616 624 628 637 645 652
 28 283 274 272 275 276 285 294 293 289 287 289 298 296 294 300 308 313 318 318 326 323 329 328 332 338 336 341 340 341 346 349 356 365 366 373 368 373 379 374 379 382 388 396 397 403 406 412 418 424 431 429 437 438 447 451 453 457 458 461 465 468 472 477 486 488 492 496 505 507 512 513 522 528 536 534 543 552 552 555 556 565 572 569 578 577 585 590 595 599 599 605 602 607 613 616 625 634 639 643
 29 275 266 266 271 275 284 290 285 287 278 285 290 287 288 294 301 307 309 316 318 314 321 325 323 330 334 336 337 344 352 346 353 360 367 364 366 367 370 371 378 379 387 391 395 403 405 408 415 417 426 427 431 436 438 444 446 451 460 463 464 467 472 481 489 496 495 499 503 504 505 512 519 520 528 533 537 543 550 554 556 559 564 572 581 586 594 598 597 604 606 607 606 614 620 617 619 627 634 635
 33 268 262 265 274 277 281 284 277 285 277 282 288 286 294 294 302 300 309 312 315 312 320 327 322 321 326 327 335 340 344 345 349 356 359 363 372 375 377 374 383 387 395 400 397 400 402 406 412 421 425 427 435 444 440 444 447 449 455 458 460 462 464 473 481 490 497 497 500 506 514 520 528 521 530 530 531 536 545 547 548 556 561 567 576 582 590 599 603 612 612 612 615 619 623 619 627 628 629 632
 41 262 261 263 267 268 273 276 275 283 275 275 284 285 288 293 294 299 307 303 308 310 318 320 324 318 322 329 338 347 343 343 347 351 358 367 366 371 378 383 390 389 392 394 397 406 408 415 418 421 424 427 432 439 446 450 456 457 463 467 463 469 467 476 485 491 494 496 503 505 513 522 528 523 526 528 531 535 536 539 546 554 560 565 570 579 587 590 594 603 604 613 616 620 627 627 632 628 620 628
 42 254 258 255 260 263 272 270 269 278 271 272 277 284 290 299 296 292 301 302 310 306 315 322 315 317 321 330 337 341 334 342 347 350 356 364 359 365 373 382 385 385 393 395 399 401 410 419 421 423 422 431 433 440 448 456 460 462 466 467 467 476 473 480 482 490 494 501 501 509 510 517 522 530 535 530 531 540 545 543 552 553 562 571 575 579 585 593 596 598 598 606 615 611 619 621 623 626 619 625
 51 249 256 248 256 258 264 264 266 272 270 276 277 276 282 291 296 287 292 294 301 305 311 314 313 322 322 326 328 335 333 338 340 347 348 355 357 361 368 377 382 384 391 399 406 407 410 414 416 416 421 429 430 435 440 449 452 454 457 458 461 468 474 475 476 482 488 492 498 501 509 511 517 526 527 531 537 546 552 548 556 562 558 562 571 577 583 587 588 596 597 598 607 610 611 613 616 617 618 626
 56 244 253 247 255 263 256 263 264 265 263 267 268 272 273 282 290 285 294 295 304 300 307 315 311 320 325 328 337 332 331 337 336 345 353 357 356 359 366 370 373 375 383 390 398 401 401 405 407 415 423 431 431 440 441 449 452 459 460 465 470 475 479 480 479 486 492 488 491 496 500 509 515 524 522 530 539 543 544 553 557 557 556 559 567 572 580 579 579 588 589 597 598 602 611 612 620 626 626 629
 58 241 244 246 248 254 248 257 264 260 261 268 276 273 279 280 281 282 291 294 295 299 301 308 310 311 319 328 337 334 327 329 335 338 345 354 355 357 366 368 371 373 377 384 392 393 394 397 406 411 415 424 431 436 441 444 447 451 455 464 473 478 480 489 484 489 488 483 491 500 506 500 509 516 517 523 530 535 544 548 557 552 554 557 560 567 575 574 577 582 586 593 599 605 612 620 615 624 632 638
 66 237 239 244 242 245 243 251 255 259 268 269 271 264 273 280 285 291 295 296 304 302 307 308 317 320 326 320 329 325 326 334 343 346 346 350 356 364 367 371 380 380 385 390 391 393 402 406 406 412 421 427 428 429 438 438 439 444 451 459 465 473 478 486 477 481 480 482 483 492 497 498 507 515 524 528 529 536 541 540 549 550 556 563 569 565 567 571 572 573 580 587 590 599 603 612 614 623 626 633
 73 236 230 236 233 237 239 248 247 256 262 267 264 260 267 275 276 282 287 288 296 305 302 303 310 319 320 318 322 324 331 340 348 347 347 353 355 356 365 369 375 384 389 384 393 388 396 401 405 408 412 420 427 436 435 432 441 448 455 456 456 464 470 479 471 472 479 481 484 493 496 501 508 510 518 520 523 530 533 539 545 552 553 561 561 563 572 570 571 579 582 590 591 593 602 607 616 625 623 628
 74 228 229 227 230 232 236 242 246 247 253 261 260 256 258 267 271 279 282 287 295 299 301 302 303 312 311 317 322 325 332 341 349 350 346 353 347 353 361 360 369 378 380 381 390 381 390 397 399 404 411 419 428 428 427 428 437 442 447 448 455 464 462 470 470 471 472 479 484 492 499 506 508 509 510 511 519 525 526 535 543 543 547 552 553 560 566 569 571 577 579 581 589 598 602 606 608 617 618 619
 83 223 220 226 227 233 235 242 244 246 249 256 263 255 259 268 277 275 283 282 287 291 298 293 300 303 307 314 318 326 335 343 343 347 345 344 344 350 355 359 365 374 383 379 382 379 382 388 395 397 402 411 420 429 426 431 438 441 446 449 454 462 460 461 469 474 480 488 485 494 502 503 506 515 517 516 525 526 534 538 546 538 539 547 556 563 564 571 577 582 586 583 591 596 601 604 607 614 617 625
 89 221 213 222 228 224 233 238 246 251 243 248 256 252 259 262 268 272 274 276 282 284 289 290 293 298 301 305 313 321 327 336 334 340 336 337 341 345 350 356 363 369 376 376 374 376 382 391 399 403 404 413 411 420 421 425 431 436 444 450 454 457 454 463 464 473 481 487 493 494 502 507 512 516 518 517 526 532 530 536 539 537 545 552 557 566 565 573 574 580 584 587 596 605 608 604 605 613 614 623
 93 215 211 217 224 222 228 235 239 242 241 247 250 251 260 260 264 269 278 279 281 279 280 284 285 294 295 296 304 312 321 330 327 331 332 340 349 351 353 359 360 366 373 381 373 380 385 394 403 408 405 405 407 411 420 425 432 430 438 444 448 453 452 459 468 469 476 485 487 495 495 504 503 508 509 518 517 523 522 527 530 533 540 549 552 559 568 577 575 582 581 588 589 596 603 603 612 616 622 627
 94 215 208 215 218 217 224 231 237 233 234 243 252 251 256 256 263 269 269 278 280 275 278 287 290 295 303 299 305 312 320 324 326 328 336 334 342 349 358 355 363 359 367 372 371 374 383 392 394 401 406 401 408 409 416 425 426 427 435 437 444 446 450 458 460 469 473 476 485 493 493 502 502 510 512 510 508 515 518 523 532 541 545 549 557 566 568 577 574 578 580 586 593 593 594 595 603 608 613 618
100 212 207 208 214 215 224 226 232 231 225 234 243 248 254 252 254 262 261 270 271 274 283 289 289 294 302 307 312 320 322 327 320 321 328 329 333 342 350 354 356 353 358 365 368 377 383 384 385 394 397 399 408 411 412 418 425 426 433 439 439 448 454 460 465 469 477 483 490 490 490 496 500 508 504 501 507 509 514 523 531 538 545 547 552 561 568 575 568 569 576 578 585 592 597 598 600 607 616 624
109 203 200 206 207 216 222 217 225 230 224 226 234 241 245 248 251 254 256 263 272 275 281 286 288 293 296 303 309 311 313 318 319 328 327 332 326 335 341 346 347 350 351 360 361 370 376 383 387 393 390 398 404 410 416 425 421 430 431 432 437 446 448 455 461 463 472 474 481 481 482 487 491 500 506 498 507 516 522 525 529 535 544 553 548 557 559 566 567 572 575 583 576 584 589 590 595 601 607 616
118 194 193 200 203 209 215 216 220 221 223 228 236 237 242 251 252 259 265 271 278 278 282 291 291 292 298 299 300 302 310 313 321 319 321 324 324 326 335 342 350 352 355 359 362 368 376 377 386 386 389 394 402 411 411 417 416 421 422 423 430 439 439 448 454 456 465 471 472 479 480 488 496 504 502 496 501 507 514 516 525 531 535 544 547 551 556 557 559 568 574 574 575 578 587 586 591 598 600 608
122 185 190 193 197 204 212 221 216 223 229 234 236 245 245 249 253 260 264 271 273 282 286 289 296 298 296 302 309 309 309 311 312 312 315 320 322 330 339 347 349 353 356 365 359 365 372 374 383 381 383 386 395 402 407 408 414 418 425 432 432 433 438 445 454 463 464 463 472 473 473 482 489 498 496 493 502 508 510 518 519 528 535 537 538 547 553 557 559 568 569 573 581 578 582 583 592 600 604 609
127 182 186 192 198 203 205 212 214 221 222 230 233 242 243 249 256 251 256 264 273 282 291 283 287 292 295 293 302 301 308 305 310 307 316 320 329 335 334 338 340 346 347 356 357 359 363 371 380 379 384 385 389 398 407 413 414 423 426 432 441 441 439 447 456 457 458 462 469 470 471 473 482 490 491 492 493 501 509 511 516 525 526 535 539 545 554 549 553 561 568 576 581 574 583 577 585 591 600 601
132 177 180 189 190 195 204 213 218 223 228 236 242 248 250 245 250 248 254 263 269 277 284 275 282 286 286 291 298 298 299 299 307 306 308 317 325 331 328 332 339 345 350 354 358 363 364 365 373 375 383 390 394 402 409 418 420 427 434 428 432 441 447 448 457 460 463 471 478 474 473 482 490 492 497 499 500 504 510 511 517 526 535 537 539 537 546 546 549 557 559 568 572 573 574 575 584 587 596 600
133 176 174 181 187 195 204 211 220 222 228 229 236 239 247 244 243 246 250 259 267 271 275 273 276 277 284 284 289 295 292 297 304 299 308 314 320 322 323 324 333 336 343 346 351 358 366 366 367 375 384 393 396 399 408 411 420 428 433 425 428 436 438 442 451 453 456 464 472 473 480 487 496 500 505 498 507 506 511 519 526 529 532 528 530 533 539 540 549 557 566 573 571 574 578 584 585 589 591 596
141 175 171 180 185 194 203 208 215 220 229 231 236 240 239 248 242 250 253 257 258 263 269 265 267 273 275 283 284 286 288 289 297 298 304 313 322 331 332 331 340 344 344 353 360 359 368 369 369 378 385 389 392 400 405 413 419 425 424 423 431 434 442 449 445 444 453 459 467 474 475 484 492 496 496 490 498 507 512 517 520 525 532 525 529 531 540 549 550 552 561 569 568 570 578 581 590 592 600 599
142 150 151 176 181 190 197 201 208 212 221 228 228 235 237 241 241 241 250 253 259 254 262 263 261 270 276 285 293 293 297 296 305 307 310 319 324 333 333 334 343 349 351 355 361 366 370 371 378 385 393 397 393 394 400 405 411 418 423 419 428 430 439 440 441 442 449 456 458 465 474 477 486 488 488 489 496 504 508 509 513 517 524 522 531 537 538 545 545 547 555 563 564 568 575 582 591 592 601 602
151 159 160 171 177 185 194 190 199 208 216 218 219 224 232 233 235 236 239 244 248 250 251 257 258 268 274 278 287 290 299 297 302 303 311 320 329 335 335 335 344 352 356 362 368 375 376 378 387 388 397 404 400 396 397 404 409 410 414 415 424 433 435 444 443 445 447 456 457 464 465 474 479 482 483 490 497 498 500 501 507 508 515 521 528 537 540 541 542 550 556 559 561 569 576 584 593 601 603 603
155 164 169 170 171 180 183 189 196 204 212 220 227 229 238 242 242 238 247 245 253 257 259 259 260 261 271 280 283 290 299 299 305 312 317 321 324 331 338 337 343 347 353 361 369 378 380 387 395 397 391 400 403 397 404 413 410 418 423 424 427 435 444 452 445 448 455 461 466 472 469 471 480 486 489 495 502 506 506 507 514 513 522 523 527 532 534 543 541 549 557 560 569 577 585 590 592 592 598 594
162 169 174 171 177 186 192 195 203 206 215 224 225 234 230 239 243 239 248 254 260 258 261 265 268 266 274 280 286 289 291 292 298 307 316 316 325 331 338 343 348 354 357 364 370 371 379 386 386 389 390 397 398 399 408 417 415 422 431 432 434 441 445 450 454 455 463 466 473 475 468 475 481 482 484 493 501 502 509 510 507 514 520 515 521 523 530 535 537 542 548 554 563 571 580 587 590 588 593 590
171 176 180 173 180 181 190 199 207 214 215 218 227 228 229 237 246 242 251 260 257 260 261 270 277 268 275 276 283 287 293 293 300 308 310 315 317 325 332 339 342 346 351 356 361 369 370 378 384 393 392 401 406 408 416 422 420 422 427 436 437 437 443 447 456 461 463 463 464 466 467 472 473 482 483 489 498 507 508 508 505 513 511 514 519 523 524 533 541 548 554 556 561 565 572 579 581 585 590 588
176 182 189 182 186 189 197 206 211 214 222 227 232 237 231 236 244 243 252 254 256 263 268 277 277 271 276 280 286 292 293 301 301 306 315 324 326 326 334 340 345 350 359 362 362 371 379 383 389 391 398 405 402 408 417 421 424 431 435 432 428 436 440 443 449 453 455 462 463 460 462 467 476 479 482 485 494 503 509 503 503 511 510 518 521 523 532 538 539 548 557 562 567 573 570 571 576 577 585 587
180 189 197 188 187 188 193 201 210 212 217 225 227 234 232 241 247 252 260 255 258 264 270 275 279 274 282 286 291 300 300 307 303 304 307 317 326 335 337 338 344 345 354 359 359 366 374 383 381 389 391 399 400 408 412 413 422 423 430 431 424 433 440 441 450 451 455 454 454 452 453 462 469 471 474 483 488 495 501 494 495 502 507 513 517 518 524 533 541 546 550 555 558 567 563 571 576 585 588 580
184 191 194 196 195 197 198 206 214 219 218 225 227 235 235 239 248 257 259 258 264 273 275 284 282 283 284 285 290 299 301 305 312 313 308 316 321 329 330 334 336 344 352 353 354 361 366 375 378 387 393 393 401 403 405 406 413 417 421 422 423 424 433 436 441 446 450 448 449 451 453 457 462 463 472 480 481 490 495 493 498 496 499 508 512 520 523 532 540 537 546 547 553 559 555 562 569 576 585 578
193 199 203 197 201 203 206 215 215 221 224 225 227 235 238 245 249 258 257 262 266 270 278 287 291 292 290 286 295 296 304 306 315 315 310 318 323 332 336 343 345 351 358 355 363 362 367 368 377 379 384 389 398 407 411 413 420 424 421 426 432 433 435 442 442 444 446 447 456 460 460 463 464 471 472 481 490 488 488 489 490 495 504 500 509 513 521 526 535 536 542 548 544 551 552 561 562 567 576 577
201 200 206 205 210 205 214 218 219 221 222 231 234 239 242 245 247 255 256 261 263 272 272 279 282 288 297 289 292 295 303 308 313 320 317 327 327 334 342 351 347 356 360 352 357 363 363 365 373 377 386 391 399 402 403 409 413 416 418 422 429 435 444 444 451 451 448 449 450 452 453 456 464 466 471 479 481 479 487 494 491 492 498 499 507 511 515 520 529 536 533 539 540 549 557 561 569 575 582 586
206 207 212 214 218 214 221 221 220 227 223 232 236 241 246 252 252 254 261 267 264 267 269 278 280 287 294 291 294 302 309 317 322 322 320 327 333 338 345 353 345 349 355 349 350 358 362 370 372 380 383 384 393 401 409 410 418 415 420 425 429 438 446 446 454 451 450 451 459 454 462 457 464 470 470 477 472 473 480 488 492 499 501 502 511 515 522 525 533 528 530 536 540 549 554 555 563 572 581 585
214 210 213 215 224 220 229 230 223 229 228 230 239 243 246 248 250 258 266 275 270 274 275 280 289 288 289 298 300 308 315 316 323 327 322 323 324 334 339 345 344 346 348 347 354 355 363 369 376 383 387 385 391 400 408 409 413 414 420 429 437 443 443 449 452 451 456 459 467 463 463 458 459 461 468 469 471 476 485 490 497 500 501 505 508 510 514 523 526 527 536 543 541 550 557 557 559 568 573 576
219 217 216 217 225 229 231 236 232 236 233 239 248 251 254 249 253 260 268 277 271 277 279 286 291 289 295 303 301 306 308 316 323 332 324 325 325 331 334 335 337 340 342 346 348 357 362 370 372 381 390 389 390 391 400 403 404 413 415 424 428 437 434 442 450 448 449 458 460 468 471 463 468 469 476 473 480 485 486 490 496 497 504 510 515 519 520 529 529 534 543 547 546 554 555 563 560 564 573 582
224 218 224 220 227 234 232 241 238 239 241 240 248 253 255 257 260 262 271 272 275 281 286 287 295 292 297 303 306 315 315 318 324 328 331 330 334 340 335 336 344 342 349 354 357 365 371 365 373 376 382 380 381 384 393 395 404 408 409 416 425 430 429 438 441 442 443 450 453 462 470 472 468 470 472 480 487 492 492 497 497 500 508 510 514 523 529 536 535 543 546 555 552 558 564 572 568 566 568 575
226 219 220 227 231 236 241 246 245 248 248 242 248 254 257 266 261 262 270 277 277 285 292 295 298 297 299 305 311 320 324 327 329 336 340 339 337 341 340 340 348 343 345 346 349 357 366 360 367 370 373 376 379 387 394 398 407 411 417 417 419 424 427 436 437 443 452 459 454 456 464 465 466 475 474 479 486 492 498 506 502 509 513 519 520 529 537 541 542 548 555 564 561 567 572 575 571 567 568 577
235 226 229 236 233 242 249 252 246 254 250 245 254 255 256 260 261 263 265 273 279 287 291 294 297 300 301 310 314 320 328 329 338 343 346 340 342 342 346 349 355 349 352 348 352 354 356 357 358 363 366 375 379 384 385 392 398 407 413 422 423 431 428 436 442 445 454 457 456 464 461 456 459 468 471 479 480 484 493 500 504 511 516 521 522 531 539 542 549 549 556 557 564 572 578 580 579 576 575 584
244 235 230 231 233 238 242 248 247 255 256 247 253 261 261 262 264 269 274 280 288 291 292 293 302 306 306 311 318 319 321 323 331 338 344 349 343 343 352 352 361 358 353 357 360 355 364 365 366 364 365 367 375 384 385 394 403 406 412 419 422 430 431 432 441 441 448 450 457 464 456 455 463 472 475 483 486 492 497 506 505 510 517 524 530 527 536 540 546 551 560 561 570 579 587 589 582 585 577 581
238 233 232 238 240 239 247 255 254 262 261 253 256 260 268 267 272 277 281 289 295 300 300 295 304 306 312 319 327 320 321 323 332 333 337 343 338 347 355 354 361 356 354 361 359 358 365 366 375 369 370 369 371 380 387 395 397 398 404 413 415 423 430 433 442 439 447 455 450 455 452 454 463 469 476 481 490 498 505 502 502 503 511 515 524 525 534 543 551 560 569 565 574 583 588 596 591 589 585 582
239 240 241 244 244 244 251 259 262 271 265 259 264 263 272 271 274 278 284 286 293 300 301 301 309 315 313 317 325 321 327 324 325 330 334 335 337 344 348 357 365 362 363 370 367 367 367 375 376 377 371 375 372 380 384 392 396 397 403 409 416 420 423 424 433 436 445 446 448 450 451 459 462 469 478 479 488 495 496 497 500 504 513 518 520 529 538 539 545 553 560 569 575 578 585 589 588 588 590 588
244 245 248 253 253 253 260 262 269 273 268 260 266 268 273 280 279 286 293 291 300 305 305 310 312 318 317 321 327 330 333 331 334 336 336 342 343 347 350 351 356 358 361 367 376 376 376 384 385 377 372 380 379 380 382 384 392 401 409 417 417 421 426 430 436 445 452 450 456 458 460 467 470 478 487 485 494 501 502 505 509 505 514 515 524 529 538 547 551 559 568 564 572 577 584 585 586 587 595 593
253 254 249 258 262 262 266 263 272 264 263 262 271 270 277 277 278 283 292 300 309 309 312 318 321 320 322 330 335 337 337 335 338 344 344 349 347 354 359 360 364 360 362 370 379 381 378 387 383 382 381 384 384 385 387 391 398 406 410 414 423 430 427 433 442 446 449 456 463 459 467 469 474 476 484 493 502 505 511 512 508 507 515 524 533 533 542 551 559 564 559 561 567 568 575 583 592 596 603 595
258 256 257 266 263 271 272 266 267 268 272 266 268 270 275 276 284 292 299 303 304 305 311 317 322 328 325 334 343 341 338 344 346 345 345 354 353 362 363 364 369 362 370 379 380 388 380 389 390 385 382 391 391 394 396 398 407 415 419 419 425 430 429 436 441 447 455 460 458 459 462 465 474 481 490 497 498 507 515 516 510 513 514 519 525 528 537 546 550 556 557 566 575 575 581 588 589 597 596 603
259 263 265 273 266 270 271 273 269 269 270 272 277 274 277 281 287 294 303 305 310 308 317 324 326 329 328 330 338 346 347 350 354 352 348 356 362 369 367 365 374 371 377 378 379 384 389 398 391 391 391 400 398 398 398 403 405 412 418 419 428 436 436 440 448 449 455 456 457 462 471 473 482 485 490 491 500 505 511 512 517 514 522 527 534 537 538 543 546 551 560 569 570 577 585 592 590 598 594 603
260 269 266 272 273 271 279 282 278 277 277 275 284 283 284 289 296 299 304 310 312 316 321 330 327 335 333 334 343 350 352 358 359 360 355 364 367 374 369 373 377 373 374 382 386 392 392 393 392 400 397 400 401 399 400 405 414 416 421 428 437 440 445 449 452 457 464 463 465 470 472 481 482 486 487 495 501 508 516 521 519 520 526 531 535 544 546 544 549 554 559 564 565 574 580 587 593 596 590 599
267 276 271 275 282 274 276 284 281 283 278 278 287 292 290 296 302 300 302 303 312 318 320 327 332 339 342 338 342 343 346 349 350 351 360 361 370 378 370 372 374 382 383 385 388 395 401 394 399 408 404 408 407 401 409 412 420 425 428 435 440 446 446 450 455 463 472 471 466 472 480 482 490 493 495 502 503 505 513 514 515 522 530 538 539 540 542 547 548 554 562 568 574 583 580 581 584 587 588 593
274 275 280 284 288 283 279 288 286 285 282 285 289 297 293 299 303 301 305 308 317 323 324 332 334 343 350 347 347 346 352 357 355 360 364 362 370 376 379 374 376 377 379 388 389 398 402 395 396 401 409 417 412 402 411 420 429 432 435 436 437 444 448 448 449 454 463 464 469 472 481 489 495 498 501 503 507 509 517 519 520 521 523 531 532 540 543 546 555 560 561 568 573 576 579 578 585 594 593 596
283 284 289 288 289 292 287 296 287 289 291 286 295 298 300 308 312 310 313 315 321 324 330 338 335 338 346 353 354 352 358 359 360 368 367 371 373 376 382 382 384 382 387 388 396 404 410 404 404 409 417 415 408 406 413 418 422 423 432 439 438 439 447 446 454 463 470 472 478 473 476 482 490 495 500 505 506 515 524 523 528 523 532 539 538 545 546 548 549 551 552 561 564 567 574 575 584 593 600 605
292 293 298 297 297 294 290 295 294 298 300 294 303 299 303 312 314 319 316 316 319 320 327 336 344 346 351 354 362 355 363 365 362 370 376 372 379 377 382 390 385 386 391 397 404 412 411 410 413 413 415 424 416 414 419 426 430 432 441 440 439 440 442 444 452 455 463 467 474 481 481 488 493 500 509 514 509 518 520 521 529 524 526 530 535 544 546 552 550 559 560 568 573 576 583 580 586 587 596 603
294 302 303 300 304 295 291 297 303 297 296 295 297 303 304 313 322 326 325 325 325 327 331 335 341 342 351 357 363 362 369 367 367 369 370 378 384 385 388 397 394 395 400 401 409 413 416 418 421 416 418 422 425 418 425 432 435 441 443 441 441 449 451 448 449 458 464 466 475 479 482 484 491 498 501 510 514 520 526 529 532 532 535 533 534 538 544 551 555 559 563 565 568 569 578 587 595 591 595 599
302 310 307 304 301 297 298 305 304 305 304 297 299 304 308 313 322 327 330 334 327 335 333 340 349 344 353 359 361 365 370 376 374 378 371 375 376 382 391 399 399 396 404 408 409 410 417 418 421 419 427 430 426 421 423 429 430 439 444 450 450 450 452 453 456 463 467 472 473 482 490 493 498 501 504 505 510 519 528 529 538 533 536 534 542 547 552 558 564 564 572 568 572 578 583 584 589 598 597 606
303 306 315 313 306 302 307 307 311 307 307 298 299 302 309 312 321 328 330 334 333 342 337 346 353 353 362 364 370 369 378 383 378 378 377 384 385 391 395 397 403 401 410 410 418 419 426 427 426 423 431 436 435 430 431 438 437 443 444 453 459 458 454 456 465 464 466 472 479 488 489 494 503 502 503 504 513 522 531 537 538 540 540 541 544 553 555 556 564 573 581 577 576 579 581 583 591 593 602 611
306 315 324 321 313 310 310 315 314 315 311 302 300 307 313 317 318 323 330 336 341 345 344 351 356 356 364 365 373 372 376 385 387 383 384 387 386 389 396 395 397 401 402 411 414 420 422 424 433 424 427 435 442 435 433 439 440 444 453 455 459 466 462 465 467 473 475 474 477 485 494 500 501 504 504 513 522 524 525 531 539 547 541 547 551 559 564 563 568 576 581 581 583 581 583 588 596 602 611 620
315 322 330 325 320 319 313 321 318 318 311 310 301 306 314 323 327 331 330 336 339 345 353 358 363 361 369 373 382 378 385 394 392 384 385 389 388 389 393 394 395 404 404 405 406 415 423 431 434 433 431 439 448 442 440 447 449 449 456 461 461 464 468 474 476 481 483 476 484 491 492 500 508 510 505 507 513 520 528 537 545 544 548 552 560 566 571 572 577 580 587 586 587 587 592 596 604 609 616 619
322 331 338 333 325 317 314 315 324 322 318 309 302 306 311 318 324 327 328 336 342 348 357 365 360 369 372 377 380 386 392 401 392 387 392 390 390 396 401 398 400 406 411 414 413 415 421 426 435 438 432 440 443 450 442 449 456 453 458 462 466 467 472 478 480 481 483 478 484 493 498 507 509 518 513 516 521 524 532 536 537 541 547 549 556 565 571 574 575 583 592 593 594 591 596 598 606 613 622 627
327 336 342 338 332 323 317 324 332 324 322 315 311 311 313 318 321 330 337 339 340 349 350 357 358 367 368 369 371 380 387 395 394 391 398 398 397 403 405 404 408 412 419 422 417 418 423 432 441 447 441 445 445 446 446 454 457 462 459 464 465 467 475 482 481 483 481 479 487 488 497 506 514 518 520 522 524 532 533 535 536 538 545 554 556 560 567 575 578 579 587 592 596 599 597 605 613 621 628 634
333 340 345 336 335 328 320 321 323 329 320 313 312 316 317 325 326 333 335 344 349 358 351 356 365 368 376 370 377 378 387 393 401 400 404 405 405 409 413 412 413 413 415 420 426 419 425 433 442 450 450 448 451 455 455 455 462 465 460 461 463 471 472 475 481 486 483 488 496 497 505 508 509 514 523 531 528 530 532 541 542 539 548 552 555 560 569 575 581 580 585 591 598 595 599 608 608 614 623 628
336 344 337 336 334 332 326 329 331 323 318 316 313 318 320 326 334 340 337 340 348 356 352 356 358 367 375 376 378 386 395 402 404 407 412 409 411 418 415 417 419 420 416 421 430 427 433 440 442 447 454 450 458 460 457 464 468 467 467 464 467 469 473 476 483 485 488 489 497 503 508 512 513 522 523 532 532 531 538 540 549 543 544 546 555 559 568 577 578 579 582 591 590 593 599 603 607 616 624 631
340 348 344 345 341 336 327 336 338 329 321 322 321 322 328 331 334 342 343 346 355 356 358 365 366 369 378 385 386 390 392 401 403 411 420 413 418 425 416 424 424 422 423 429 430 435 440 446 445 446 455 455 464 467 458 460 461 464 470 473 468 477 480 483 491 486 494 498 504 512 509 511 518 521 530 539 540 532 535 541 549 550 552 555 563 560 567 575 584 584 582 584 587 592 600 604 613 616 621 630
346 355 353 353 347 343 336 340 331 324 323 325 325 331 329 338 338 347 352 353 359 363 362 366 367 375 379 381 382 383 392 393 396 405 413 414 419 422 425 430 425 423 432 437 439 444 447 455 446 450 459 464 471 462 459 468 468 465 474 474 470 479 488 487 496 495 500 499 501 510 516 515 516 519 525 534 536 540 542 545 547 554 560 564 572 565 566 570 578 580 581 590 596 593 600 604 606 613 614 622
347 356 360 354 354 345 342 336 329 327 327 327 333 336 336 338 340 348 349 353 362 368 367 374 376 384 383 383 384 390 396 402 404 413 417 422 427 431 426 434 433 427 436 442 440 449 455 462 453 458 467 467 468 464 466 467 475 473 479 482 476 481 491 494 496 500 502 507 506 508 516 517 519 528 527 529 538 547 549 554 548 556 557 560 569 569 569 578 585 583 585 591 597 594 603 611 614 616 623 624
355 364 363 362 353 352 345 338 330 334 330 331 337 337 345 339 341 345 347 355 362 371 374 375 376 380 387 391 392 399 405 403 410 414 422 428 435 435 428 431 440 433 434 442 443 448 454 461 458 461 468 473 468 465 474 474 481 482 488 483 484 483 484 487 495 499 508 508 507 516 525 518 524 531 531 535 544 546 550 553 556 557 565 564 568 573 574 577 584 592 589 593 594 602 604 610 611 620 622 631
364 369 360 357 353 347 346 341 334 343 335 334 343 344 352 347 348 353 355 364 370 374 375 378 377 385 394 399 400 408 408 412 414 423 426 427 431 432 434 432 435 437 442 445 449 457 455 457 465 463 464 467 468 471 478 475 476 478 479 488 493 490 490 492 502 508 510 509 513 515 522 523 527 528 530 539 548 551 558 561 558 558 564 572 570 571 580 578 587 593 598 596 602 607 613 611 613 614 621 628
373 369 367 358 356 356 353 344 338 341 338 343 348 345 351 356 357 362 357 358 366 375 384 387 385 393 402 407 409 414 417 416 419 420 425 429 430 434 435 433 442 440 442 451 450 458 459 461 467 467 473 470 471 474 482 484 484 486 480 481 485 494 496 493 494 499 506 510 517 524 531 525 533 536 533 536 540 542 550 554 558 563 567 572 572 580 586 587 591 598 599 604 603 610 611 614 614 619 626 633
381 372 374 365 358 359 356 351 342 346 342 347 356 353 358 360 360 368 359 363 372 373 381 382 386 387 396 405 411 416 421 420 422 428 434 435 435 443 439 436 440 448 449 458 454 455 464 465 466 475 473 472 480 475 483 489 490 494 486 482 488 489 493 502 499 508 514 512 522 526 532 526 534 540 540 537 542 550 557 563 567 567 573 579 581 582 587 592 598 605 600 606 612 618 616 615 615 621 623 629
385 381 380 374 367 366 358 351 347 348 347 348 357 362 367 363 368 365 361 369 378 377 383 388 393 395 403 406 415 416 424 421 427 435 442 437 442 449 446 444 445 453 455 459 456 464 471 470 475 480 482 480 480 477 483 492 499 496 489 489 497 497 498 501 505 508 515 513 519 524 531 535 535 540 549 546 543 547 548 554 559 567 571 580 589 590 596 593 601 608 609 610 613 621 624 624 622 630 629 630
393 390 389 380 376 375 367 360 351 349 356 349 351 360 365 371 377 374 369 371 372 381 384 393 394 403 407 407 412 421 430 429 432 436 445 443 444 452 453 450 451 460 463 467 464 473 473 471 477 486 486 489 482 478 487 493 495 493 491 492 500 505 506 508 513 515 521 522 521 530 535 541 544 549 550 555 548 555 555 557 564 569 577 585 591 598 605 599 600 608 612 618 619 627 631 633 630 639 638 634
393 385 384 380 377 380 371 362 357 358 353 352 355 356 361 362 371 373 375 379 381 383 387 395 397 406 408 413 420 429 431 434 434 435 443 451 453 454 456 459 454 455 464 471 473 475 481 472 473 480 489 495 491 485 494 502 500 498 492 498 505 511 514 515 522 517 526 527 522 530 538 547 552 557 558 564 555 564 556 559 567 574 579 580 588 597 598 600 609 614 620 627 626 627 634 641 632 637 646 638
401 392 391 383 375 374 372 364 361 357 356 361 356 365 363 371 378 376 383 385 390 384 393 401 404 411 415 421 428 436 440 440 443 437 440 444 450 452 460 457 455 456 461 462 470 478 484 481 480 484 492 493 500 494 503 508 505 507 500 506 514 517 521 523 530 524 533 532 529 537 545 547 547 556 562 566 558 561 562 568 571 572 579 585 586 588 595 603 611 619 627 629 634 628 635 636 641 645 646 647
408 399 391 391 383 380 371 364 363 359 361 370 365 372 365 366 369 376 377 380 383 391 395 402 404 408 417 423 432 441 445 449 441 439 440 447 456 457 464 461 461 457 460 464 467 474 482 486 482 491 492 496 497 495 503 511 509 513 504 505 513 518 522 524 533 529 533 533 531 540 548 545 546 548 556 557 561 570 570 570 571 574 582 588 590 591 600 608 609 616 624 632 632 630 636 644 642 651 655 653
401 398 389 389 380 371 370 369 369 365 363 371 373 370 368 371 376 382 386 382 386 388 397 400 406 414 415 422 429 438 443 446 449 440 441 443 449 458 465 470 470 466 469 466 474 482 487 489 489 490 499 504 506 502 511 514 514 518 513 508 515 522 525 529 537 538 541 537 534 536 538 542 545 546 555 559 569 572 575 574 572 577 586 593 599 596 605 612 618 624 629 635 635 639 644 645 648 653 658 661
393 389 386 384 383 375 377 370 370 371 372 379 374 375 372 379 383 391 393 384 385 388 396 397 398 405 408 417 421 430 439 440 441 443 450 452 458 465 472 479 476 475 477 475 483 491 496 491 495 493 494 503 504 505 514 518 519 523 520 516 523 531 533 538 546 545 541 539 536 542 546 550 554 555 561 563 573 580 582 582 581 581 586 594 602 605 613 615 622 627 636 644 644 645 653 651 651 652 656 664
402 395 395 392 385 383 375 371 377 375 376 378 383 383 380 387 384 385 394 393 389 396 401 406 399 408 416 421 428 434 435 442 448 450 448 456 465 464 468 475 479 484 485 482 489 490 495 492 499 502 501 505 506 514 515 517 525 532 529 523 531 537 542 547 547 552 547 547 539 548 554 551 557 564 568 565 575 583 590 585 584 590 589 597 605 614 617 618 620 623 630 639 636 637 644 653 655 656 663 669
406 398 398 394 385 381 380 380 385 376 381 385 388 389 384 393 385 394 400 402 397 398 403 410 407 410 417 423 430 435 438 436 439 444 446 450 459 461 467 468 476 485 488 483 488 496 497 501 508 511 503 512 508 513 519 524 530 538 535 530 539 539 544 547 554 560 553 550 542 551 559 553 556 563 567 569 573 578 586 586 588 589 592 601 606 613 618 625 629 629 622 631 635 637 646 655 664 663 666 675
409 402 399 402 394 390 389 389 386 385 388 392 396 390 393 389 386 394 402 403 405 400 409 412 410 415 416 421 425 426 430 434 442 451 449 450 457 461 466 467 476 485 491 485 488 497 503 504 507 516 512 521 517 514 522 529 530 531 533 534 538 545 552 548 557 559 553 549 545 549 557 561 557 563 571 576 574 576 577 580 582 591 598 602 603 610 609 617 624 625 620 629 632 641 647 651 660 664 665 674
416 410 407 409 400 395 398 396 395 388 389 398 403 396 402 396 395 396 401 408 414 409 418 413 415 423 425 424 433 435 435 443 446 454 458 456 465 470 473 476 479 480 489 488 495 503 511 507 515 522 519 526 519 523 525 530 534 534 541 542 541 547 556 557 561 566 560 555 546 555 557 562 559 568 575 582 576 578 585 587 585 590 591 598 600 604 608 610 615 616 617 626 631 634 641 650 655 656 664 666
424 419 416 418 409 402 400 397 398 389 398 401 409 401 408 399 404 398 407 409 418 410 412 419 418 427 428 425 427 431 440 449 451 455 464 463 470 477 477 483 488 489 496 493 500 505 509 511 515 524 521 526 521 530 526 535 542 536 543 551 546 554 560 566 562 566 559 558 550 559 566 570 563 570 574 574 583 586 593 588 590 595 597 606 607 606 610 611 619 619 620 629 631 640 649 653 658 664 670 667
432 426 420 411 410 409 407 398 400 392 401 407 413 410 410 401 407 401 408 413 421 419 421 428 425 431 437 434 430 439 442 444 453 454 463 471 478 484 483 484 486 494 501 496 500 507 509 515 524 531 522 531 530 539 531 539 544 545 548 557 552 559 565 572 571 572 566 559 558 565 573 571 565 566 567 572 581 589 596 591 594 598 601 609 614 607 614 620 626 622 628 629 637 645 646 655 664 665 670 673
429 422 413 412 417 417 408 399 407 399 406 410 416 413 419 410 410 407 414 415 418 419 425 431 427 428 432 440 432 441 443 452 458 459 468 476 477 486 492 490 495 503 508 505 502 504 510 519 525 531 523 524 526 534 532 534 540 541 549 555 556 550 559 566 571 564 573 565 567 574 582 573 570 573 571 575 583 587 594 597 603 606 609 614 611 609 611 616 618 625 628 634 641 644 651 660 669 672 679 682
429 420 419 420 424 415 410 401 408 408 414 419 420 415 422 417 419 416 415 416 419 420 428 437 435 430 439 437 434 435 438 445 454 460 465 474 477 481 488 495 496 504 508 505 503 508 511 520 522 524 531 533 527 536 539 535 538 541 545 547 548 549 553 562 568 563 571 572 574 583 587 580 579 577 574 577 585 593 599 606 609 615 616 623 619 614 618 625 625 631 631 632 641 648 657 665 672 673 682 689
435 426 428 425 425 416 416 410 409 417 415 418 425 416 425 426 427 425 424 425 420 428 434 443 436 431 439 441 443 437 446 454 461 461 465 471 472 479 482 487 494 503 511 508 511 516 520 528 523 531 532 537 535 543 545 543 543 545 553 552 552 550 558 559 560 562 567 573 574 580 589 588 587 586 582 585 588 592 601 605 606 610 616 625 620 615 618 625 628 633 637 639 640 649 657 659 665 672 675 680
432 429 431 432 426 425 418 411 415 417 420 420 423 424 431 429 433 430 425 425 423 424 426 435 444 440 444 449 445 446 454 458 467 470 472 473 478 483 484 488 497 504 508 511 520 524 523 532 530 536 541 546 538 544 550 551 544 552 560 554 561 559 563 566 567 564 565 571 580 583 587 590 593 587 584 588 589 591 596 598 607 615 622 623 622 622 621 622 626 631 633 642 647 651 652 660 662 671 679 683
441 433 438 441 435 434 427 420 421 422 428 428 424 427 436 430 435 432 430 433 424 433 434 443 451 447 445 454 447 453 462 467 476 479 477 481 483 488 493 489 494 500 501 510 515 522 526 535 533 534 537 542 546 545 547 553 553 559 568 559 566 567 570 572 576 572 574 580 588 591 592 597 597 592 586 595 591 598 597 606 612 616 619 628 628 630 625 630 627 635 642 651 650 651 660 666 664 669 671 674
442 441 447 442 443 439 430 426 422 427 431 429 427 428 436 438 442 434 433 441 432 433 434 443 449 448 452 461 452 461 462 471 479 488 484 482 491 494 493 492 493 499 508 515 524 531 531 539 541 535 536 545 551 554 554 560 560 560 568 567 572 570 572 581 580 573 579 582 583 584 585 591 599 593 594 598 600 600 606 608 614 619 623 624 626 634 634 634 628 632 634 643 644 653 659 660 664 665 674 682
448 446 454 449 441 438 432 430 429 428 436 437 434 434 441 447 447 443 435 444 438 442 443 444 448 452 456 457 454 463 467 476 481 490 489 483 489 496 502 499 499 505 513 520 524 533 537 539 548 539 545 547 554 559 558 561 565 562 566 569 574 578 578 581 584 575 584 590 592 588 590 592 597 600 597 606 608 609 609 609 611 620 629 625 632 639 640 636 632 638 640 641 643 644 650 658 659 664 672 676
457 455 455 447 443 434 433 438 437 433 434 435 440 439 445 454 451 442 441 450 445 451 452 449 457 455 456 457 457 465 470 479 485 486 495 488 495 504 501 500 508 506 511 520 529 535 544 547 556 547 553 556 562 568 567 567 574 571 572 570 575 582 587 587 586 577 579 583 588 593 598 595 599 600 600 607 616 610 614 610 614 615 622 630 638 644 648 639 637 641 648 647 652 646 653 659 664 663 664 667
464 455 447 446 437 436 441 442 438 441 439 437 446 440 448 449 458 451 446 449 446 450 459 453 461 456 464 465 465 466 468 476 479 485 494 497 504 508 510 503 507 515 519 528 537 544 551 554 551 549 551 560 563 571 568 575 581 580 577 578 584 586 592 588 590 586 580 587 591 595 596 604 607 607 609 614 623 618 615 614 622 617 620 622 630 639 639 648 643 648 654 656 657 648 649 650 655 661 669 668
461 454 447 446 438 442 450 446 447 445 448 446 451 443 450 450 455 458 449 453 448 457 466 460 469 463 472 467 469 473 474 482 481 487 496 500 509 509 514 508 514 522 525 533 542 547 556 563 558 554 558 567 571 576 575 578 584 588 580 579 588 595 597 597 593 585 583 591 598 601 604 610 615 616 617 619 623 619 624 619 627 618 621 622 630 632 635 643 651 649 654 655 654 651 655 653 663 663 667 675
466 460 451 447 447 445 447 447 456 447 453 455 453 444 453 459 458 457 450 457 456 459 466 465 470 469 476 471 472 477 479 488 490 496 497 506 509 518 519 515 523 527 532 534 541 542 551 560 565 562 559 568 576 577 580 585 590 597 588 582 588 597 606 606 597 590 589 597 601 610 612 617 624 617 625 622 623 622 629 620 629 626 630 631 639 636 644 652 658 657 655 663 659 658 663 659 662 664 673 680
466 458 452 455 453 452 449 452 455 448 452 461 456 453 462 460 460 466 459 462 462 468 475 469 476 470 479 476 481 479 481 488 495 500 502 505 514 521 521 524 529 534 535 535 541 545 552 561 565 568 560 568 577 586 584 587 592 599 597 591 597 604 609 608 606 598 598 603 609 618 613 622 627 623 630 628 629 623 632 625 634 634 639 640 645 637 646 654 663 666 663 669 660 663 666 666 669 665 666 670
468 461 461 462 461 458 458 459 450 449 457 460 463 454 459 464 468 467 466 464 464 466 472 477 476 475 476 485 489 486 490 489 497 505 511 507 516 517 525 522 531 535 544 540 545 554 558 560 568 572 567 576 581 582 591 596 593 594 600 596 603 612 618 611 605 602 604 611 618 621 619 628 632 624 631 636 628 626 629 626 633 636 645 649 652 645 652 656 665 672 671 673 665 671 671 670 675 667 674 676
471 465 466 470 462 466 465 463 456 454 461 461 470 463 468 473 477 473 471 470 472 468 476 484 485 476 484 485 493 491 498 495 502 508 515 508 515 520 528 521 522 531 540 549 554 551 551 556 562 563 564 568 572 574 583 592 601 603 605 605 604 613 618 619 613 605 613 620 622 623 627 630 638 632 637 641 636 627 635 635 637 645 651 655 655 647 656 665 669 677 680 677 672 678 677 679 683 676 680 677
474 474 468 471 467 474 466 464 463 463 463 470 472 465 474 481 486 481 472 471 474 471 479 481 490 483 484 492 495 500 507 504 504 513 520 512 514 516 519 520 522 526 534 542 548 549 550 552 561 569 570 577 580 583 586 594 601 610 613 606 612 621 622 624 619 613 622 628 629 624 629 636 639 637 640 640 639 635 643 644 646 646 654 655 656 648 655 662 670 671 678 685 678 679 686 688 687 683 688 686
