  0 250 244 249 252 248 257 259 262 270 269 265 263 271 275 275 269 270 274 273 276 285 293 293 302 304 305 310 313 314 318 315 316 325 326 332 332 339 340 341 349 352 361 362 368 368 372 374 382 386 389 391 400 409 409 417 417 425 428 433 442 434 436 444 453 451 455 463 464 470 479 488 495 497 504 506 509 507 512 507 512 520 524 532 534 543 551 560 557 563 569 570 571 577 585 591 592 588 594 603
  8 243 242 243 243 247 248 255 260 261 264 256 261 262 266 273 268 271 269 270 273 279 284 292 301 303 301 303 309 317 309 311 315 322 323 332 331 337 343 350 350 351 357 361 369 364 367 369 374 378 380 386 394 401 403 410 413 417 419 427 436 428 436 445 449 448 455 458 466 474 482 481 486 489 496 501 501 498 507 504 506 515 524 528 536 545 550 558 555 562 560 566 573 573 582 582 583 584 593 600
 16 235 233 242 240 249 241 247 252 254 256 254 252 255 260 267 260 263 264 271 280 286 293 292 296 298 297 303 306 310 304 308 316 323 332 337 330 335 335 343 350 356 348 353 360 358 366 372 380 378 382 391 395 397 402 410 413 412 419 426 434 426 434 437 441 446 453 455 461 467 476 478 486 486 487 495 496 497 498 502 505 514 523 524 531 540 541 550 546 553 558 563 564 572 573 576 583 584 585 591
 17 239 232 234 235 240 238 239 243 251 253 248 250 251 253 260 258 263 265 274 279 284 289 284 290 291 296 298 299 301 303 312 320 325 334 328 328 329 334 335 341 347 345 347 356 355 363 368 371 377 382 385 389 396 402 405 406 410 418 417 425 425 426 432 441 445 452 454 462 471 471 480 482 482 491 491 500 497 503 506 514 518 516 517 523 532 534 543 542 544 549 557 560 563 567 571 579 588 589 597
 26 239 231 228 234 235 237 244 249 248 244 245 253 255 253 251 255 264 269 274 282 277 280 280 283 287 287 289 291 294 299 308 315 316 325 322 321 330 335 327 336 338 339 346 347 354 363 368 376 382 389 382 384 393 395 402 411 412 412 414 420 419 427 436 438 442 449 454 458 466 463 471 473 481 483 484 493 494 496 497 506 514 515 518 524 526 534 535 536 540 547 549 551 560 566 574 578 587 595 604
 28 233 224 222 225 226 235 244 243 239 237 239 248 246 244 250 258 263 268 268 276 273 279 278 282 288 286 291 290 291 296 299 306 315 316 323 318 323 329 324 329 332 338 346 347 353 356 362 368 374 381 379 387 388 397 401 403 407 408 411 415 418 422 427 436 438 442 446 455 457 462 463 472 478 486 484 493 502 502 505 506 515 522 519 528 527 535 540 545 549 549 555 552 557 563 566 575 584 589 595
 29 225 216 216 221 225 234 240 235 237 228 235 240 237 238 244 251 257 259 266 268 264 271 275 273 280 284 286 287 294 302 296 303 310 317 314 316 317 320 321 328 329 337 341 345 353 355 358 365 367 376 377 381 386 388 394 396 401 410 413 414 417 422 431 439 446 445 449 453 454 455 462 469 470 478 483 487 493 500 504 506 509 514 522 531 536 544 548 547 554 556 557 556 564 570 567 569 577 584 587
 33 218 212 215 224 227 231 234 227 235 227 232 238 236 244 244 252 250 259 262 265 262 270 277 272 271 276 277 285 290 294 295 299 306 309 313 322 325 327 324 333 337 345 350 347 350 352 356 362 371 375 377 385 394 390 394 397 399 405 408 410 412 414 423 431 440 447 447 450 456 464 470 478 471 480 480 481 486 495 497 498 506 511 517 526 532 540 549 553 562 564 562 565 569 573 569 577 578 587 591
 41 212 211 213 217 218 223 226 225 233 225 225 234 235 238 243 244 249 257 253 258 260 268 270 274 268 272 279 288 297 293 293 297 301 308 317 316 321 328 333 340 339 342 344 347 356 358 365 368 371 374 377 382 389 396 400 406 407 413 417 413 419 417 426 435 441 444 446 453 455 463 472 478 473 476 478 481 485 486 489 496 504 510 515 520 529 537 540 544 553 559 568 568 577 581 577 586 586 586 594
 42 204 208 205 210 213 222 220 219 228 221 222 227 234 240 249 246 242 251 252 260 256 265 272 265 267 271 280 287 291 284 292 297 300 306 314 309 315 323 332 335 335 343 345 349 351 360 369 371 373 372 381 383 390 398 406 410 412 416 417 417 426 423 430 432 440 444 451 452 460 461 468 473 481 485 480 481 490 495 493 502 503 512 521 525 529 535 543 551 553 554 562 571 572 580 585 589 592 585 591
 51 199 206 198 206 208 214 214 216 222 220 226 227 226 232 241 246 237 242 244 251 255 261 264 263 272 272 276 278 285 283 288 290 297 298 305 307 311 318 327 332 334 341 349 356 357 360 364 366 366 371 379 380 385 390 399 402 404 407 408 411 418 424 425 426 432 438 442 449 454 463 465 471 480 485 484 487 496 503 498 506 512 514 518 527 533 539 547 554 561 562 563 572 576 577 579 582 583 584 592
 56 194 203 197 205 213 206 213 214 215 213 217 218 222 223 232 240 235 244 245 254 250 257 265 261 270 275 278 287 282 281 287 286 295 303 307 306 309 316 320 323 325 333 340 348 351 351 355 357 365 373 381 381 390 391 399 404 412 412 415 420 425 429 430 429 436 442 447 450 455 459 468 474 483 484 492 496 504 504 507 510 515 516 519 527 532 540 545 545 554 555 563 564 568 577 578 586 592 592 595
 58 191 194 196 198 204 198 207 214 210 211 218 226 223 229 230 231 232 241 244 245 249 251 258 260 261 269 278 287 284 277 279 285 288 295 304 305 307 316 318 321 323 327 334 342 343 344 347 356 361 365 374 381 388 393 399 405 409 413 422 429 430 431 439 436 444 450 445 453 462 468 462 471 478 479 485 492 497 506 510 519 514 516 519 522 529 537 540 543 548 552 559 565 571 578 586 581 590 598 604
 66 187 189 194 192 195 193 201 205 209 218 219 221 214 223 230 235 241 245 246 254 252 257 258 267 270 276 270 279 275 276 284 293 296 296 300 306 314 317 321 330 330 335 340 341 346 353 356 357 363 372 379 380 381 390 396 397 402 409 417 423 431 438 447 439 443 442 444 445 454 459 460 469 477 486 490 491 498 503 502 511 512 518 525 531 531 533 537 538 539 546 553 556 565 569 578 580 589 592 599
 73 186 180 186 183 187 189 198 197 206 212 217 214 210 217 225 226 232 237 238 246 255 252 253 260 269 270 268 272 274 281 290 298 297 297 303 305 306 315 319 325 334 339 335 344 343 351 356 360 363 367 375 382 390 393 390 399 406 413 414 414 422 430 439 433 434 441 443 446 455 458 463 470 472 480 482 485 492 495 501 507 516 522 531 531 533 542 538 539 547 549 558 558 560 569 574 583 592 593 598
 74 178 179 177 180 182 186 192 196 197 203 211 210 206 208 217 221 229 232 237 245 249 251 252 253 262 261 267 272 275 282 291 299 300 296 303 297 303 311 310 319 328 330 332 341 336 345 352 354 359 366 374 383 384 385 386 395 400 405 406 413 422 424 432 432 433 434 441 446 454 461 468 470 471 472 473 481 487 488 497 505 510 517 522 523 530 536 539 541 547 549 551 559 568 572 576 578 587 588 589
 83 173 170 176 177 183 185 192 194 196 199 206 213 205 209 218 227 225 233 232 237 241 248 243 250 253 257 264 268 276 285 293 293 297 295 294 294 300 305 309 315 324 333 331 337 334 337 343 350 352 357 366 375 384 385 390 397 401 406 409 414 422 422 423 431 436 442 450 447 456 464 465 468 477 479 478 487 488 496 500 508 508 509 517 526 533 534 541 547 552 556 553 561 566 571 574 577 584 587 595
 89 171 163 172 178 174 183 188 196 201 193 198 206 202 209 212 218 222 224 226 232 234 239 240 243 248 251 255 263 271 277 286 284 290 286 287 291 295 300 306 313 319 326 328 329 331 337 346 354 358 359 368 370 379 380 384 390 396 404 410 416 419 416 425 426 435 443 449 455 456 464 469 477 482 484 479 488 497 500 506 509 507 515 522 527 536 535 543 544 550 554 557 566 575 578 574 575 583 584 593
 93 165 161 167 174 172 178 185 189 192 191 197 200 201 210 210 214 219 228 229 231 229 230 234 235 244 245 246 254 262 271 280 277 281 282 290 299 301 303 309 310 317 324 333 331 338 342 351 360 365 360 364 366 370 379 384 391 392 400 406 410 415 414 421 430 431 438 447 449 457 459 468 469 474 475 484 487 493 492 497 500 503 510 519 522 529 538 547 545 552 551 558 559 566 573 573 582 586 592 597
 94 165 158 165 168 167 174 181 187 183 184 193 202 201 206 206 213 219 219 228 230 225 228 237 240 245 253 249 255 262 270 274 276 278 286 284 293 300 309 310 318 321 329 334 333 336 345 354 356 363 369 366 373 371 378 387 388 389 397 399 406 408 412 420 422 431 435 438 447 455 458 467 469 477 482 480 478 485 488 493 502 511 515 519 527 536 538 547 544 548 550 556 563 563 564 565 573 578 583 588
100 162 157 158 164 165 174 176 182 181 175 184 193 198 204 202 204 212 211 220 221 224 233 239 239 244 252 257 262 270 272 277 270 271 278 279 286 295 304 312 318 315 320 327 330 339 345 346 347 356 363 365 374 374 375 381 388 389 396 403 405 414 418 424 427 433 441 447 456 460 460 466 470 478 474 471 477 479 484 493 501 508 515 517 522 531 538 545 538 539 546 548 555 562 567 568 570 577 586 594
109 153 150 156 157 166 172 167 175 180 174 176 184 191 195 198 201 204 206 213 222 225 231 236 238 243 246 253 259 261 263 268 269 278 284 287 288 297 303 308 309 312 313 322 323 332 338 345 349 356 357 365 371 377 381 390 391 398 401 402 407 416 418 425 431 433 442 444 451 451 452 457 461 470 476 468 477 486 492 495 499 505 514 523 518 527 529 536 537 542 545 553 546 554 559 560 565 571 577 586
118 144 143 150 153 159 165 166 170 171 173 178 186 187 192 201 202 209 215 221 228 228 232 241 241 242 248 249 250 252 260 263 272 279 283 286 286 288 297 304 312 314 317 321 324 330 338 341 350 355 359 364 372 381 381 387 386 391 392 393 400 409 409 418 424 426 435 441 442 449 450 458 466 474 472 466 471 477 484 486 495 501 505 514 517 521 526 527 529 538 544 544 545 548 557 556 561 568 570 578
122 125 130 133 137 154 162 171 168 175 180 184 187 196 195 199 203 212 220 227 229 237 236 242 250 248 249 258 259 260 261 267 269 274 277 282 284 292 301 310 319 321 326 330 326 332 341 344 353 351 353 356 365 372 377 378 384 388 395 402 402 403 408 415 424 433 434 433 442 443 443 452 459 468 466 463 472 478 480 488 489 498 505 507 508 517 523 527 529 538 539 543 551 548 552 553 562 570 574 579
127 130 136 139 145 153 155 162 164 173 174 182 185 194 195 201 208 211 216 224 233 242 245 250 255 254 258 260 268 263 270 273 274 275 284 286 293 298 304 310 312 318 319 328 327 329 333 341 350 349 354 355 359 368 377 383 384 393 396 402 411 411 409 417 426 427 428 432 439 440 441 443 452 460 461 462 463 471 479 481 486 495 496 505 509 515 524 519 523 531 538 546 551 544 553 547 555 561 570 571
132 131 137 146 148 153 162 171 169 174 180 188 194 203 202 202 209 209 215 224 230 238 247 247 254 260 260 265 272 266 273 273 281 280 282 291 299 305 302 306 313 319 324 328 332 334 334 335 343 345 353 360 364 372 379 388 390 397 404 398 402 411 417 418 427 430 433 441 448 444 443 452 460 462 467 469 470 474 480 481 487 496 505 507 509 507 516 516 519 527 529 538 542 543 544 545 554 557 566 570
133 133 136 143 149 157 166 173 178 176 182 183 190 193 201 202 203 207 211 220 228 236 241 245 250 251 258 258 263 269 266 271 278 273 282 288 294 296 297 298 307 310 317 320 325 332 340 336 337 345 354 363 366 369 378 381 390 398 403 395 398 406 408 412 421 423 426 434 442 443 450 457 466 470 475 468 477 476 481 489 496 499 502 498 500 503 509 510 519 527 536 543 544 547 548 554 555 559 561 566
141 140 138 147 152 161 170 177 184 184 191 186 194 198 200 209 204 214 214 218 219 228 235 237 241 247 249 257 258 260 262 263 271 272 278 287 296 305 306 305 314 318 318 327 334 333 342 339 339 348 355 359 362 370 375 383 389 395 394 393 401 404 412 419 415 414 423 429 437 444 445 454 462 466 466 460 468 477 482 487 490 495 502 495 499 501 510 519 523 525 534 542 541 543 551 554 563 562 570 569
142 147 139 146 151 160 167 176 183 187 196 194 201 207 203 209 208 212 221 225 228 228 236 237 235 244 250 259 267 267 271 270 279 281 284 293 298 307 307 308 317 323 325 329 335 340 344 341 348 355 363 367 363 364 370 375 381 388 393 389 398 400 409 410 411 412 419 426 428 435 444 447 456 458 458 459 466 474 478 479 483 487 494 492 501 507 508 515 518 520 528 536 537 541 548 555 564 563 572 572
151 156 148 149 155 163 172 170 179 188 196 196 197 202 210 210 210 211 214 219 223 225 226 232 233 242 248 252 261 264 273 271 276 277 285 294 303 309 309 309 318 326 330 336 342 349 350 348 357 358 367 374 370 366 367 374 379 380 384 385 394 403 405 414 413 415 417 426 427 434 435 444 449 452 453 460 467 468 470 471 477 478 485 491 498 507 513 514 515 523 529 532 534 542 549 557 566 572 577 578
155 164 157 150 151 160 163 169 176 184 192 200 205 207 216 219 217 213 222 220 228 232 234 234 235 236 246 255 258 265 274 274 280 286 291 296 299 306 313 311 317 321 327 335 343 352 354 357 366 367 366 375 373 367 374 383 380 388 393 394 397 405 414 422 415 418 425 431 436 442 439 441 450 456 459 465 472 476 476 477 484 483 492 498 502 507 509 518 516 524 532 535 543 550 558 563 565 567 573 569
162 163 156 151 157 166 172 175 183 186 195 204 205 214 210 219 218 214 223 229 235 233 236 240 243 241 249 255 261 264 266 267 273 282 291 291 300 306 313 317 323 329 332 339 345 346 354 361 361 364 365 372 370 369 378 387 385 392 401 402 404 411 415 420 424 425 433 436 445 449 440 447 455 456 458 467 475 476 483 480 482 489 495 490 496 498 505 510 512 517 523 529 538 546 555 562 565 563 568 565
171 167 160 153 160 161 170 179 187 194 195 198 207 208 209 217 226 217 226 235 232 235 236 245 252 243 250 251 258 262 268 268 275 283 285 290 292 300 307 314 317 321 326 331 336 344 345 353 359 368 367 376 378 378 386 392 390 392 397 406 412 412 418 422 431 433 438 437 438 441 442 447 448 457 458 464 473 482 483 483 480 488 486 489 494 498 499 508 516 523 529 531 536 540 547 554 556 560 565 563
176 173 169 162 166 169 177 186 191 194 202 207 212 217 211 216 224 218 227 229 231 238 243 252 252 246 251 255 261 267 268 276 276 281 290 299 301 301 309 315 320 325 334 337 337 346 354 358 364 366 373 380 377 383 392 396 394 401 405 407 403 411 415 418 424 428 430 437 438 435 437 442 451 454 457 460 469 478 484 478 478 486 485 493 496 498 507 513 514 523 532 537 542 548 545 546 551 552 560 562
180 182 177 168 167 168 173 181 190 192 197 205 207 214 212 221 227 227 235 230 233 239 245 250 254 249 257 261 266 275 275 282 278 279 282 292 301 310 312 313 319 320 329 334 334 341 349 358 356 364 366 374 375 383 387 388 397 398 405 406 399 408 415 416 425 426 430 429 429 427 428 437 444 446 449 458 463 470 476 469 470 477 482 488 492 493 499 508 516 521 525 530 533 542 538 546 551 560 563 555
184 186 179 176 175 177 178 186 194 199 198 205 207 215 215 219 228 236 235 233 239 248 250 259 257 258 259 260 265 274 276 280 287 288 283 291 296 304 305 309 311 319 327 328 329 336 341 350 353 362 368 368 376 378 380 381 388 392 396 397 398 399 408 411 416 421 425 423 424 426 428 432 437 438 447 455 456 465 470 468 473 471 474 483 487 495 498 507 515 512 521 522 528 534 530 537 544 551 560 553
193 194 186 177 181 183 186 195 195 201 204 205 207 215 218 225 229 238 236 238 242 246 254 263 266 267 265 261 270 271 279 281 290 290 285 293 298 307 311 318 320 326 333 330 338 337 342 343 352 354 359 364 373 382 386 388 395 399 396 401 407 408 410 417 417 419 421 422 431 435 435 438 439 446 447 456 465 463 463 464 465 470 479 475 484 488 496 501 510 511 517 523 519 526 527 536 537 542 551 552
200 192 191 185 190 185 194 198 199 201 202 211 214 219 222 225 227 235 236 241 243 252 252 259 262 268 273 264 267 270 278 283 288 295 292 302 302 309 317 326 322 331 335 327 332 338 338 340 348 352 361 366 374 377 378 384 388 391 393 397 404 410 419 419 426 426 423 424 425 427 428 431 439 441 446 454 456 454 462 469 466 467 473 474 482 486 490 495 504 511 508 514 515 524 532 536 544 550 557 561
204 199 197 194 198 194 201 201 200 207 203 212 216 221 226 232 232 234 241 247 244 247 249 258 260 267 273 266 269 277 284 292 297 297 295 302 308 313 320 328 320 324 330 324 325 333 337 345 347 355 358 359 368 376 384 385 393 390 395 400 404 413 421 421 429 426 425 426 434 429 437 432 439 445 445 452 447 448 455 463 467 474 476 477 486 490 497 500 508 503 505 511 515 524 529 530 538 547 556 560
210 202 199 196 205 200 209 210 203 209 208 210 219 223 226 228 230 238 246 255 250 254 255 260 269 268 269 275 275 283 290 291 298 302 297 298 299 309 314 320 319 321 323 322 329 330 338 344 351 358 362 360 366 375 383 384 388 389 395 404 412 418 418 424 427 426 431 434 442 438 438 433 434 436 443 444 446 451 460 465 472 475 476 480 483 485 489 498 501 502 511 518 516 525 532 532 534 543 548 551
213 208 201 198 206 209 211 216 212 216 213 219 228 231 234 229 233 240 248 257 251 257 259 266 271 269 275 283 276 281 283 291 298 307 299 300 300 306 309 310 312 315 317 321 323 332 337 345 347 356 365 364 365 366 375 378 379 388 390 399 403 412 409 417 425 423 424 433 435 443 446 438 443 444 451 448 455 460 461 465 471 472 479 485 490 494 495 504 504 509 518 522 521 529 530 538 535 539 548 557
215 209 209 201 208 215 212 221 218 219 221 220 228 233 235 237 240 242 251 252 255 261 266 267 275 272 277 283 281 290 290 293 299 303 306 305 309 315 310 311 319 317 324 329 332 340 346 340 348 351 357 355 356 359 368 370 379 383 384 391 400 405 404 413 416 417 418 425 428 437 445 447 443 445 447 455 462 467 467 472 472 475 483 485 489 498 504 511 510 518 521 530 527 533 539 547 543 541 543 550
217 210 209 208 212 217 221 226 225 228 228 222 228 234 237 246 241 242 250 257 257 265 272 275 278 277 279 285 287 296 299 302 304 311 315 314 312 316 315 315 323 318 320 321 324 332 341 335 342 345 348 351 354 362 369 373 382 386 392 392 394 399 402 411 412 418 427 434 429 431 439 440 441 450 449 454 461 467 473 481 477 484 488 494 495 504 512 516 517 523 530 539 536 542 547 550 546 542 543 552
226 217 218 217 214 223 229 232 226 234 230 225 234 235 236 240 241 243 245 253 259 267 271 274 277 280 281 290 291 297 305 308 313 318 321 315 317 317 321 324 330 324 327 323 327 329 331 332 333 338 341 350 354 359 360 367 373 382 388 397 398 406 403 411 417 420 429 432 431 439 436 431 434 443 446 454 455 459 468 475 479 486 491 496 497 506 514 517 524 524 531 532 539 547 553 555 554 551 550 559
235 226 218 217 216 221 225 231 227 235 236 227 233 241 241 242 244 249 254 260 268 271 272 273 282 286 286 291 298 298 300 302 310 317 323 324 322 318 327 327 336 333 328 332 335 330 339 340 341 339 340 342 350 359 360 369 378 381 387 394 397 405 406 407 416 416 423 425 432 439 431 430 438 447 450 458 461 467 472 481 480 485 492 499 505 502 511 515 521 526 535 536 545 554 562 564 557 560 552 556
226 221 220 224 223 222 230 238 234 242 241 233 236 240 248 247 252 257 261 269 275 280 280 275 284 286 292 299 307 299 300 302 311 312 316 322 317 326 334 329 336 331 329 336 334 333 340 341 350 344 345 344 346 355 362 370 372 373 379 388 390 398 405 408 417 414 422 430 425 430 427 429 438 444 451 456 465 473 480 477 477 478 486 490 499 500 509 518 526 535 544 540 549 558 563 571 566 564 560 557
227 228 229 230 227 227 234 242 242 251 245 239 244 243 252 251 254 258 264 266 273 280 281 281 289 295 293 297 305 300 306 303 304 309 313 314 316 323 327 336 344 337 338 345 342 342 342 350 351 352 346 350 347 355 359 367 371 372 378 384 391 395 398 399 408 411 420 421 423 425 426 434 437 444 453 454 463 470 471 472 475 479 488 493 495 504 513 514 520 528 535 544 550 553 560 564 563 563 565 563
232 233 236 239 236 236 243 245 249 253 248 240 246 248 253 260 259 266 273 271 280 285 285 290 292 298 297 301 307 309 312 310 313 315 315 321 322 326 329 330 335 337 340 346 351 351 351 359 360 352 347 355 354 355 357 359 367 376 384 392 392 396 401 405 411 420 427 425 431 433 435 442 445 453 462 460 469 476 477 480 484 480 489 490 499 504 513 522 526 534 543 539 547 552 559 560 561 562 570 568
241 242 237 246 245 245 249 246 253 244 243 242 251 250 257 257 258 263 272 280 289 289 292 298 301 300 302 310 315 316 316 314 317 323 323 328 326 333 338 339 343 339 341 349 358 356 353 362 358 357 356 359 359 360 362 366 373 381 385 389 398 405 402 408 417 421 424 431 438 434 442 444 449 451 459 468 477 480 486 487 483 482 490 499 508 508 517 526 534 539 534 536 542 543 550 558 567 571 578 570
246 244 245 254 246 254 255 249 249 248 252 246 248 250 255 256 264 272 279 283 284 285 291 297 302 308 305 314 323 320 317 323 325 324 324 333 332 341 342 343 348 341 349 358 359 363 355 364 365 360 357 366 366 369 371 373 382 390 394 394 400 405 404 411 416 422 430 435 433 434 437 440 449 456 465 472 473 482 490 491 485 488 489 494 500 503 512 521 525 531 532 541 550 550 556 563 564 572 571 578
247 251 253 257 249 253 254 256 251 249 250 252 257 254 257 261 267 274 283 285 290 288 297 304 306 309 308 310 318 326 326 329 333 331 327 335 341 348 346 344 353 350 356 357 358 363 364 373 366 366 366 375 373 373 373 378 380 387 393 394 403 411 411 415 423 424 430 431 432 437 446 448 457 460 465 466 475 480 486 487 492 489 497 502 509 512 513 518 521 526 535 544 545 552 560 567 565 573 569 578
248 257 254 260 256 254 262 265 260 257 257 255 264 263 264 269 276 279 284 290 292 296 301 310 307 315 313 314 323 330 332 338 339 340 334 343 346 353 348 352 356 352 353 361 365 371 367 368 367 375 372 375 376 374 375 380 389 391 396 403 412 415 420 424 427 432 439 438 440 445 447 456 457 461 462 470 476 483 491 496 494 495 501 506 510 519 521 519 524 529 534 539 540 549 555 562 568 571 565 574
255 264 259 263 265 257 259 267 263 263 258 258 267 272 270 276 282 280 282 283 292 298 300 307 312 319 322 318 322 323 326 329 330 331 340 341 350 357 349 351 353 361 362 364 367 374 376 369 374 383 379 383 382 376 384 387 395 400 403 410 415 421 421 425 430 438 447 446 441 447 455 457 465 468 470 477 478 480 488 489 490 497 505 513 514 515 517 522 523 529 537 543 549 558 555 556 559 562 563 568
262 263 268 272 271 266 262 271 268 265 262 265 269 277 273 279 283 281 285 288 297 303 304 312 314 323 330 327 327 326 332 337 335 340 344 342 350 356 358 353 355 356 358 367 368 377 377 370 371 376 384 392 387 377 386 395 404 407 410 411 412 419 423 423 424 429 438 439 444 447 456 464 470 473 476 478 482 484 492 494 495 496 498 506 507 515 518 521 530 535 536 543 548 551 554 553 560 569 568 571
271 272 277 276 272 275 270 278 269 269 271 266 275 278 280 288 292 290 293 295 301 304 310 318 315 318 326 333 334 332 338 339 340 348 347 351 353 356 362 361 363 361 366 367 375 383 385 379 379 384 392 390 383 381 388 393 397 398 407 414 413 414 422 421 429 438 445 447 453 448 451 457 465 470 475 480 481 490 499 498 503 498 507 514 513 520 521 523 524 526 527 536 539 542 549 550 559 568 575 580
280 281 286 285 280 277 273 278 276 278 280 274 283 279 283 292 294 299 296 296 299 300 307 316 324 326 331 334 342 335 343 345 342 350 356 352 359 357 362 369 364 365 370 376 383 391 386 385 388 388 390 399 391 389 394 401 405 407 416 415 414 415 417 419 427 430 438 442 449 456 456 463 468 475 484 489 484 493 495 496 504 499 501 505 510 519 521 527 525 534 535 543 548 551 558 555 561 562 571 578
282 290 291 288 287 278 274 280 285 277 276 275 277 283 284 293 302 306 305 305 305 307 311 315 321 322 331 337 343 342 349 347 347 349 350 358 364 365 368 377 373 374 379 380 388 392 391 393 396 391 393 397 400 393 400 407 410 416 418 416 416 424 426 423 424 433 439 441 450 454 457 459 466 473 476 485 489 495 501 504 507 507 510 508 509 513 519 526 530 534 538 540 543 544 553 562 570 566 570 574
290 298 292 288 284 280 281 288 286 285 284 277 279 284 288 293 302 307 310 314 307 315 313 320 329 324 333 339 341 345 350 356 354 358 351 355 356 362 371 379 378 375 383 387 388 389 396 394 397 394 402 405 401 396 398 404 405 414 419 425 425 425 427 428 431 438 442 447 448 457 465 468 473 476 479 480 485 494 503 504 513 508 511 509 517 522 527 533 539 539 547 543 547 553 558 559 564 573 572 581
291 294 301 297 289 285 290 290 293 287 287 278 279 282 289 292 301 308 310 314 313 322 317 326 333 333 342 344 350 349 358 363 358 358 357 364 365 371 375 377 383 380 389 389 397 398 405 403 402 398 406 411 410 405 406 413 412 418 419 428 434 433 429 431 440 439 441 447 454 463 464 469 478 477 478 479 488 497 506 512 513 515 515 516 519 528 530 531 539 548 556 552 551 554 556 558 566 568 577 586
294 303 310 304 296 293 293 298 296 295 291 282 280 287 293 297 298 303 310 316 321 325 324 331 336 336 344 345 353 352 356 365 367 363 364 367 366 369 376 375 377 381 382 391 394 400 402 404 408 399 402 410 417 410 408 414 415 419 428 430 434 441 437 440 442 448 450 449 452 460 469 475 476 479 479 488 497 499 500 506 514 522 516 522 526 534 539 538 543 551 556 556 558 556 558 563 571 577 586 595
303 310 316 308 303 302 296 304 300 298 291 290 281 286 294 303 307 311 310 316 319 325 333 338 343 341 349 353 362 358 365 374 372 364 365 369 368 369 373 374 375 384 384 385 386 395 403 411 411 408 406 414 423 417 415 422 424 424 431 436 436 439 443 449 451 456 458 451 459 466 467 475 483 485 480 482 488 495 503 512 520 519 523 527 535 541 546 547 552 555 562 561 562 562 567 571 579 584 591 594
310 319 324 316 308 300 297 298 307 302 298 289 282 286 291 298 304 307 308 316 322 328 337 345 340 349 352 357 360 366 372 381 372 367 372 370 370 376 381 378 380 386 391 394 393 395 401 406 415 413 407 415 418 425 417 424 431 428 433 437 441 442 447 453 455 456 458 453 459 468 473 482 484 493 488 491 496 499 507 511 512 516 522 524 531 540 546 549 550 558 567 568 569 566 571 573 581 588 597 602
315 324 327 321 315 306 300 307 313 304 302 295 291 291 293 298 301 310 317 319 320 329 330 337 338 347 348 349 351 360 367 375 374 371 378 378 377 383 385 384 388 392 399 402 397 398 403 412 421 422 416 420 420 421 421 429 432 437 434 439 440 442 450 457 456 458 456 454 462 463 472 481 489 493 495 497 499 507 508 510 511 513 520 529 531 535 542 550 553 554 562 567 571 574 572 580 588 596 603 609
321 328 328 319 318 311 303 304 306 309 300 293 292 296 297 305 306 313 315 324 329 338 331 336 345 348 356 350 357 358 367 373 381 380 384 385 385 389 393 392 393 393 395 400 406 399 405 413 422 430 425 423 426 430 430 430 437 440 435 436 438 446 447 450 456 461 458 463 471 472 480 483 484 489 498 506 503 505 507 516 517 514 523 527 530 535 544 550 556 555 560 566 573 570 574 583 583 589 598 603
324 328 320 319 317 315 309 312 311 303 298 296 293 298 300 306 314 320 317 320 328 336 332 336 338 347 355 356 358 366 375 382 384 387 392 389 391 398 395 397 399 400 396 401 410 407 413 420 422 427 432 425 433 435 432 439 443 442 442 439 442 444 448 451 458 460 463 464 472 478 483 487 488 497 498 507 507 506 513 515 524 518 519 521 530 534 543 552 553 554 557 566 565 568 574 578 582 591 599 606
328 335 327 328 324 319 310 319 318 309 301 302 301 302 308 311 314 322 323 326 335 336 338 345 346 349 358 365 366 370 372 381 383 391 400 393 398 405 396 404 404 402 403 409 410 415 420 426 425 426 435 430 439 442 433 435 436 439 445 448 443 452 455 458 466 461 469 473 479 487 484 486 493 496 505 514 515 507 510 516 524 525 527 530 538 535 542 550 559 559 557 559 562 567 575 579 588 591 596 605
334 343 336 336 330 326 319 320 311 304 303 305 305 311 309 318 318 327 332 333 339 343 342 346 347 355 359 361 362 363 372 373 376 385 393 394 399 402 405 410 405 403 412 417 419 424 427 435 426 430 439 439 446 437 434 443 443 440 449 449 445 454 463 462 471 470 475 474 476 485 491 490 491 494 500 509 511 515 517 520 522 529 535 539 547 540 541 545 553 555 556 565 571 568 575 579 581 588 589 597
335 344 342 335 334 325 322 316 309 307 307 307 313 316 316 318 320 328 329 333 342 348 347 354 356 364 363 363 364 370 376 382 384 393 397 402 407 411 406 414 413 407 416 422 420 429 435 442 433 438 447 442 443 439 441 442 450 448 454 457 451 456 466 469 471 475 477 482 481 483 491 492 494 503 502 504 513 522 524 529 523 531 532 535 544 544 544 553 560 558 560 566 572 569 578 586 589 591 598 599
343 352 343 342 333 332 325 318 310 314 310 311 317 317 325 319 321 325 327 335 342 351 354 355 356 360 367 371 372 379 385 383 390 394 402 408 415 415 408 411 420 413 414 422 423 428 434 441 438 441 448 448 443 440 449 449 456 457 463 458 459 458 459 462 470 474 483 483 482 491 500 493 499 506 506 510 519 521 525 528 531 532 540 539 543 548 549 552 559 567 564 568 569 577 579 585 586 595 597 606
352 349 340 337 333 327 326 321 314 323 315 314 323 324 332 327 328 333 335 344 350 354 355 358 357 365 374 379 380 388 388 392 394 403 406 407 411 412 414 412 415 417 422 425 429 437 435 437 445 443 444 447 444 446 453 450 451 453 454 463 468 465 465 467 477 483 485 484 488 490 497 498 502 503 505 514 523 526 533 536 533 533 539 547 545 546 555 553 562 568 573 571 577 582 588 586 588 589 596 603
358 349 347 338 336 336 333 324 318 321 318 323 328 325 331 336 337 342 337 338 346 355 364 367 365 373 382 387 389 394 397 396 399 400 405 409 410 414 415 413 422 420 422 431 430 438 439 441 447 447 453 450 447 449 457 459 459 461 455 456 460 469 471 468 469 474 481 485 492 499 506 500 508 511 508 511 515 517 525 529 533 538 542 547 547 555 561 562 566 573 574 579 578 585 586 589 589 594 601 608
361 352 354 345 338 339 336 331 322 326 322 327 336 333 338 340 340 348 339 343 352 353 361 362 366 367 376 385 391 396 401 400 402 408 414 415 415 423 419 416 420 428 429 438 434 435 444 445 446 455 453 452 456 450 458 464 465 469 461 457 463 464 468 477 474 483 489 487 497 501 507 501 509 515 515 512 517 525 532 538 542 542 548 554 556 557 562 567 573 580 575 581 587 593 591 590 590 596 598 604
365 361 360 354 347 346 338 331 327 328 327 328 337 342 347 343 348 345 341 349 358 357 363 368 373 375 383 386 395 396 404 401 407 415 422 417 422 429 426 424 425 433 435 439 436 444 451 450 455 460 462 460 455 452 458 467 474 471 464 464 472 472 473 476 480 483 490 488 494 499 506 510 510 515 524 521 518 522 523 529 534 542 546 555 564 565 571 568 576 583 584 585 588 596 599 599 597 605 604 605
373 370 369 360 356 355 347 340 331 329 336 329 331 340 345 351 357 354 349 351 352 361 364 373 374 383 387 387 392 401 410 409 412 416 425 423 424 432 433 430 431 440 443 447 444 453 453 451 457 466 466 466 457 453 462 468 470 468 466 467 475 480 481 483 488 490 496 497 496 505 510 516 519 524 525 530 523 530 530 532 539 544 552 560 566 573 580 574 575 583 587 593 594 602 606 608 605 614 613 609
373 365 364 360 357 360 351 342 337 338 333 332 335 336 341 342 351 353 355 359 361 363 367 375 377 386 388 393 400 409 411 414 414 415 423 431 433 434 436 439 434 435 444 451 453 455 461 452 453 460 469 472 466 460 469 477 475 473 467 473 480 486 489 490 497 492 501 502 497 505 513 522 527 532 533 539 530 539 531 534 542 549 554 555 563 572 573 575 584 589 595 602 601 602 609 616 607 612 621 613
381 372 371 363 355 354 352 344 341 337 336 341 336 345 343 351 358 356 363 365 370 364 373 381 384 391 395 401 408 416 420 420 423 417 420 424 430 432 440 437 435 436 441 442 450 458 464 461 460 464 472 473 475 469 478 483 480 482 475 481 489 492 496 498 505 499 508 507 504 512 520 522 522 531 537 541 533 536 537 543 546 547 554 560 561 563 570 578 586 594 602 604 609 603 610 611 616 620 621 622
388 379 371 371 363 360 351 344 343 339 341 350 345 352 345 346 349 356 357 360 363 371 375 382 384 388 397 403 412 421 425 429 421 419 420 427 436 437 444 441 441 437 440 444 447 454 462 466 462 471 472 476 472 470 478 486 484 488 479 480 488 493 497 499 508 504 508 508 506 515 523 520 521 523 531 532 536 545 545 545 546 549 557 563 565 566 575 583 584 591 599 607 607 605 611 619 617 626 630 628
381 378 369 369 360 351 350 349 349 345 343 351 353 350 348 351 356 362 366 362 366 368 377 380 386 394 395 402 409 418 423 426 429 420 421 423 429 438 445 450 450 446 449 446 454 462 467 469 469 470 479 484 481 477 486 489 489 493 488 483 490 497 500 504 512 513 516 512 509 511 513 517 520 521 530 534 544 547 550 549 547 552 561 568 574 571 580 587 593 599 604 610 610 614 619 620 623 628 633 636
373 369 366 364 363 355 357 350 350 351 352 359 354 355 352 359 363 371 373 364 365 368 376 377 378 385 388 397 401 410 419 420 421 423 430 432 438 445 452 459 456 455 457 455 463 471 476 471 475 473 474 483 481 480 489 493 494 498 495 491 498 506 508 513 521 520 516 514 511 517 521 525 529 530 536 538 548 555 557 557 556 556 561 569 577 580 588 590 597 602 611 619 619 620 628 626 626 627 631 639
382 375 375 372 365 363 355 351 357 355 356 358 363 363 360 367 364 365 374 373 369 376 381 386 379 388 396 401 408 414 415 422 428 430 428 436 445 444 448 455 459 464 465 462 469 470 475 472 479 482 481 485 483 489 490 492 500 507 504 498 506 512 517 522 522 527 522 522 514 523 529 526 532 539 543 540 550 558 565 560 559 565 564 572 580 589 592 593 595 598 605 614 611 612 619 628 630 631 638 644
386 378 378 374 365 361 360 360 365 356 361 365 368 369 364 373 365 374 380 382 377 378 383 390 387 390 397 403 410 415 418 416 419 424 426 430 439 441 447 448 456 465 468 463 468 476 477 481 488 491 483 492 485 490 496 499 505 513 510 505 514 514 519 522 529 535 528 525 517 526 534 528 531 538 542 544 548 553 561 561 563 564 567 576 581 588 593 600 604 604 597 606 610 612 621 630 639 638 641 650
389 382 379 382 374 370 369 369 366 365 368 372 376 370 373 369 366 374 382 383 385 380 389 392 390 395 396 401 405 406 410 414 422 431 429 430 437 441 446 447 456 465 471 465 468 477 483 484 487 496 492 501 494 491 499 506 506 507 509 509 513 520 527 523 532 534 528 524 520 524 532 536 532 538 546 551 549 551 552 555 557 566 573 577 578 585 584 592 599 600 595 604 607 616 622 626 635 639 640 649
396 390 387 389 380 375 378 376 375 368 369 378 383 376 382 376 375 376 381 388 394 389 398 393 395 403 405 404 413 415 415 423 426 434 438 436 445 450 453 456 459 460 469 468 475 483 491 487 495 502 499 503 496 500 502 507 510 510 517 517 516 522 531 532 536 541 535 530 521 530 532 537 534 543 550 557 551 553 560 562 560 565 566 573 575 579 583 585 590 591 592 601 606 609 616 625 630 631 639 641
404 399 396 398 389 382 380 377 378 369 378 381 389 381 388 379 384 378 387 389 398 390 392 399 398 407 408 405 407 411 420 429 431 435 444 443 450 457 457 463 468 469 476 473 480 485 489 491 495 504 501 503 498 507 503 512 518 512 519 526 521 529 535 541 537 541 534 533 525 534 541 545 538 545 549 549 558 561 568 563 565 570 572 581 582 581 585 586 594 594 595 604 606 615 624 628 633 639 645 642
412 406 400 391 390 389 387 378 380 372 381 387 393 390 390 381 387 381 388 393 401 399 401 408 405 411 417 414 410 419 422 424 433 434 443 451 458 464 463 464 466 474 481 476 480 487 489 495 504 511 502 511 507 516 508 516 521 521 524 533 527 536 541 548 546 549 541 534 533 540 548 546 540 541 542 547 556 564 571 566 569 573 576 584 589 582 589 595 601 597 603 604 612 620 621 630 639 640 645 648
409 402 393 392 397 397 388 379 387 379 386 390 396 393 399 390 390 387 394 395 398 399 405 411 407 408 412 420 412 421 423 432 438 439 448 456 457 466 472 470 475 483 488 485 482 484 490 499 505 511 503 504 506 514 509 511 517 518 526 532 533 527 536 543 548 541 549 540 542 549 557 548 545 548 546 550 558 562 569 572 578 581 584 589 586 584 586 591 593 600 603 609 616 619 626 635 644 647 654 657
409 400 399 400 404 395 390 381 388 388 394 399 400 395 402 397 399 396 395 396 399 400 408 417 415 410 419 417 414 415 418 425 434 440 445 454 457 461 468 475 476 484 488 485 483 488 491 500 502 504 511 513 507 516 516 512 515 518 522 524 525 526 530 539 545 540 548 547 549 558 562 555 554 552 549 552 560 568 574 581 584 590 591 598 594 589 593 600 600 606 606 607 616 623 632 640 647 648 657 664
415 406 408 405 405 396 396 390 389 397 395 398 405 396 405 406 407 405 404 405 400 408 414 423 416 411 419 421 423 417 426 434 441 441 445 451 452 459 462 467 474 483 491 488 491 496 500 508 503 511 512 517 515 523 522 520 520 522 530 529 529 527 535 536 537 539 544 550 550 556 565 563 562 561 557 560 563 567 576 580 581 585 591 600 595 590 593 600 603 608 612 614 615 624 632 634 640 647 650 655
412 409 411 412 406 405 398 391 395 397 400 400 403 404 411 409 413 410 405 405 403 404 406 415 424 420 424 429 425 426 434 438 447 450 452 453 458 463 464 468 477 484 488 491 500 504 503 512 510 516 521 526 518 524 528 528 521 529 537 531 538 536 540 543 544 541 542 548 557 559 563 566 568 562 559 563 564 566 571 573 582 590 597 598 597 597 596 597 601 606 608 617 622 626 627 635 637 646 654 658
421 413 418 421 415 414 407 400 401 402 408 408 404 407 416 410 415 412 410 413 404 413 414 423 431 427 425 434 427 433 442 447 456 459 457 461 463 468 473 469 474 480 481 490 495 502 506 515 513 514 517 522 526 525 527 533 530 536 545 536 543 544 547 549 553 549 551 557 565 567 569 573 572 567 561 570 566 573 572 581 587 591 594 603 603 605 600 605 602 610 617 626 625 626 635 641 639 644 646 649
422 421 427 422 423 419 410 406 402 407 411 409 407 408 416 418 422 414 413 421 412 413 414 423 429 428 432 441 432 441 442 451 459 468 464 462 471 474 473 472 473 479 488 495 504 511 511 519 521 515 516 525 531 534 534 540 537 537 545 544 549 547 549 558 557 550 556 559 560 561 562 568 576 568 569 573 575 575 581 583 589 594 598 599 601 609 609 609 603 607 609 618 619 628 634 635 639 640 649 657
428 426 434 429 421 418 412 410 409 408 416 417 414 414 421 427 427 423 415 424 418 422 423 424 428 432 436 437 434 443 447 456 461 470 469 463 469 476 482 479 479 485 493 500 504 513 517 519 528 519 525 527 534 539 538 541 542 539 543 546 551 555 555 558 561 552 561 567 569 565 567 569 574 575 572 581 583 584 584 584 586 595 604 600 607 614 615 611 607 613 615 616 618 619 625 633 634 639 647 651
437 435 435 427 423 414 413 418 417 413 414 415 420 419 425 434 431 422 421 430 425 431 432 429 437 435 436 437 437 445 450 459 465 466 475 468 475 484 481 480 488 486 491 500 509 515 524 527 536 527 533 536 542 548 547 547 551 548 549 547 552 559 564 564 563 554 556 560 565 570 575 572 576 576 575 582 591 585 589 585 589 590 597 605 613 619 623 614 612 616 623 622 627 621 628 634 639 638 639 642
444 435 427 426 417 416 421 422 418 421 419 417 426 420 428 429 438 431 426 429 426 430 439 433 441 436 444 445 445 446 448 456 459 465 474 477 484 488 490 483 487 495 499 508 517 524 531 534 531 529 531 540 543 551 548 555 558 557 554 555 561 563 569 565 567 563 557 564 568 572 573 581 584 583 584 589 598 593 590 589 597 592 595 597 605 614 614 623 618 623 629 631 632 623 624 625 630 636 644 643
441 434 427 426 418 422 430 426 427 425 428 426 431 423 430 430 435 438 429 433 428 437 446 440 449 443 452 447 449 453 454 462 461 467 476 480 489 489 494 488 494 502 505 513 522 527 536 543 538 534 538 547 551 556 555 558 564 565 557 556 565 572 574 574 570 562 560 568 575 578 581 587 592 592 592 594 598 594 599 594 602 593 596 597 605 607 610 618 626 624 629 630 629 626 630 628 638 638 642 650
446 440 431 427 427 425 427 427 436 427 433 435 433 424 433 439 438 437 430 437 436 439 446 445 450 449 456 451 452 457 459 468 470 476 477 486 489 498 499 495 503 507 512 514 521 522 531 540 545 542 539 548 556 557 560 565 570 574 565 559 565 574 583 583 574 567 566 574 578 587 589 594 601 593 600 597 598 597 604 595 604 601 605 606 614 611 619 627 633 632 630 638 634 633 638 634 637 639 648 655
446 438 432 435 433 432 429 432 435 428 432 441 436 433 442 440 440 446 439 442 442 448 455 449 456 450 459 456 461 459 461 468 475 480 482 485 494 501 501 504 509 514 515 515 521 525 532 541 545 548 540 548 557 566 564 567 572 579 574 568 574 581 586 585 583 575 575 580 586 595 590 599 604 599 606 603 604 598 607 600 609 609 614 615 620 612 621 629 638 641 638 644 635 638 641 641 644 640 641 645
448 441 441 442 441 438 438 439 430 429 437 440 443 434 439 444 448 447 446 444 444 446 452 457 456 455 456 465 469 466 470 469 477 485 491 487 496 497 505 502 511 515 524 520 525 534 538 540 548 552 547 556 561 562 571 576 573 574 579 573 580 589 595 588 582 579 581 588 595 598 596 605 608 600 607 611 603 601 604 601 608 611 620 624 627 620 627 631 640 647 646 648 640 646 646 645 650 642 649 651
451 445 446 450 442 446 445 443 436 434 441 441 450 443 448 453 457 453 451 450 452 448 456 464 465 456 464 465 473 471 478 475 482 488 495 488 495 500 508 501 502 511 520 529 534 531 531 536 542 543 544 548 552 554 563 572 581 583 584 582 581 590 595 596 590 582 590 597 599 600 604 607 615 608 613 616 611 602 610 610 612 620 626 630 630 622 631 640 644 652 655 652 647 653 652 654 658 651 655 652
454 454 448 451 447 454 446 444 443 443 443 450 452 445 454 461 466 461 452 451 454 451 459 461 470 463 464 472 475 480 487 484 484 493 500 492 494 496 499 500 502 506 514 522 528 529 530 532 541 549 550 557 560 563 566 574 581 590 591 583 589 598 599 601 596 590 599 605 606 601 606 613 616 613 616 615 614 610 618 619 621 621 629 630 631 623 630 637 645 646 653 660 653 654 661 663 662 658 663 661
