  0 398 392 397 400 396 405 407 410 418 417 413 411 419 423 422 416 417 421 420 423 432 440 438 447 442 440 445 448 449 453 450 451 460 461 466 460 467 468 469 477 480 489 490 496 495 499 501 509 513 516 518 527 531 528 536 536 543 546 551 560 552 554 562 571 569 573 581 582 588 597 606 613 615 622 624 627 625 630 625 630 638 642 650 652 661 669 678 675 681 687 688 689 695 703 709 710 706 712 721
  8 391 390 391 391 395 396 403 408 409 412 404 409 410 414 421 415 418 416 417 420 426 431 437 442 440 436 438 444 452 444 446 450 457 458 467 459 465 471 478 478 479 485 489 497 491 494 496 501 505 507 513 521 522 522 529 532 535 537 545 554 546 554 563 567 566 573 576 584 592 600 599 604 607 614 619 619 616 625 622 624 633 642 646 654 663 668 676 673 680 678 684 691 691 700 700 701 702 711 718
 16 383 381 390 388 397 389 395 400 402 404 402 400 403 408 414 407 410 411 418 427 428 435 429 433 435 432 438 441 445 439 443 451 458 467 465 458 463 463 471 478 484 476 481 488 485 493 499 507 505 509 512 513 515 520 528 531 530 537 544 552 544 552 555 559 564 571 573 579 585 594 596 604 604 605 613 614 615 616 620 623 632 641 642 649 658 659 668 664 671 676 681 682 690 691 694 701 702 703 709
 17 387 380 382 383 388 386 387 391 399 401 396 398 399 401 407 405 410 412 421 426 421 426 421 427 428 431 433 434 436 438 445 451 453 462 456 456 457 462 463 469 475 473 475 483 482 490 495 498 504 508 503 507 514 520 523 524 528 536 535 543 543 544 550 559 563 570 572 580 589 589 598 600 600 609 609 618 615 621 624 632 636 634 635 641 650 652 661 660 662 667 675 678 681 685 689 697 706 707 715
 26 387 379 376 382 383 385 392 397 396 392 393 401 402 400 398 402 411 415 416 421 414 417 417 420 424 422 424 426 429 434 436 443 444 453 450 449 458 463 455 464 466 467 474 474 481 487 490 498 502 508 500 502 511 513 520 529 530 530 532 538 537 545 554 556 560 567 572 576 584 581 589 591 599 601 602 611 612 614 615 624 632 633 636 642 644 652 653 654 658 665 667 669 678 684 692 696 705 712 715
 28 381 372 370 373 374 383 392 391 387 385 387 396 393 391 397 405 405 410 410 413 410 416 415 417 423 421 426 425 426 431 427 434 443 444 451 446 451 457 452 457 460 466 474 473 479 478 484 490 494 501 497 505 506 515 519 521 525 526 529 533 536 540 545 554 556 560 564 573 575 580 581 590 596 604 602 611 620 620 623 624 633 640 637 646 645 653 658 663 667 667 673 670 675 681 684 693 702 704 706
 29 373 364 364 369 373 382 388 383 385 376 383 388 384 385 391 398 399 401 408 405 401 408 412 408 415 419 421 422 429 432 424 431 438 445 442 444 445 448 449 456 457 465 469 471 478 475 478 485 487 496 495 499 504 506 512 514 519 528 531 532 535 540 549 557 564 563 567 571 572 573 580 587 588 596 601 605 611 618 622 624 627 632 640 649 654 662 666 665 672 674 675 674 682 688 685 687 695 699 698
 33 366 360 363 372 375 379 382 375 383 375 380 386 383 391 391 397 392 401 402 405 399 407 414 407 406 411 412 420 425 425 423 427 434 437 441 444 448 454 452 461 465 468 471 467 470 472 476 482 491 493 494 502 511 508 512 515 517 523 526 528 530 532 541 549 558 565 564 567 573 582 588 596 589 598 598 599 604 613 615 616 624 629 635 644 650 658 667 671 679 675 680 683 687 691 687 695 692 692 695
 41 360 359 361 365 366 371 374 373 381 373 373 382 382 385 390 389 391 399 393 398 397 405 407 409 403 407 414 423 428 421 421 425 429 436 444 435 440 447 456 460 457 460 462 465 474 478 485 488 490 489 492 497 504 511 517 524 525 531 535 531 537 535 544 553 559 561 563 570 572 580 589 591 591 594 596 599 603 604 607 614 622 628 633 638 647 655 658 662 670 667 676 679 683 690 692 695 691 683 691
 42 352 356 353 358 361 370 368 367 376 369 370 375 381 387 396 388 384 393 392 400 393 402 408 400 402 406 415 422 419 412 420 425 428 434 437 428 434 442 451 453 453 461 463 467 469 478 487 485 487 486 495 497 504 512 520 524 526 530 531 531 540 541 546 546 554 558 564 564 572 573 580 585 593 599 596 597 606 613 611 620 621 630 634 639 643 649 657 659 661 661 669 678 674 682 684 686 689 682 688
 51 347 354 346 354 356 362 362 364 370 368 374 375 373 379 388 388 379 384 384 391 392 398 401 398 407 407 411 413 417 411 416 418 425 426 433 426 430 437 446 450 452 459 467 474 471 474 478 480 480 485 493 494 499 504 513 516 518 521 522 525 532 538 539 540 546 552 555 561 564 572 574 580 589 590 594 600 609 615 616 624 629 621 625 634 640 646 650 651 659 660 661 670 673 674 676 679 680 681 689
 56 342 351 345 353 361 354 361 362 363 361 365 366 369 370 379 382 377 386 382 391 387 394 401 396 405 410 410 419 410 409 415 414 423 427 428 424 427 434 438 441 443 451 458 466 465 465 469 471 479 487 495 495 504 505 513 515 522 523 529 534 539 543 544 543 550 556 551 554 559 563 572 578 587 585 593 602 606 607 616 620 620 619 622 630 635 643 642 642 651 652 660 661 665 674 675 683 689 689 692
 58 339 342 344 346 352 346 355 362 358 359 366 371 365 371 372 373 374 383 381 382 386 388 393 395 396 404 407 416 412 405 407 413 416 419 425 423 425 434 436 439 441 445 452 460 457 458 461 470 475 479 488 495 499 504 507 510 514 518 527 536 541 543 552 547 552 551 546 554 563 569 563 572 579 580 586 593 598 607 611 620 615 617 620 623 630 638 637 640 645 649 656 662 668 675 683 677 686 689 697
 66 335 337 342 340 343 341 349 353 357 365 363 363 356 365 372 377 380 381 378 387 389 386 386 395 404 405 398 407 403 404 412 421 420 412 416 422 428 431 435 444 448 453 453 454 456 465 470 469 475 484 490 491 492 501 501 502 507 514 522 528 536 541 549 540 544 543 545 546 555 560 561 570 578 587 591 592 599 604 603 612 613 619 626 632 628 630 634 635 636 643 650 653 662 666 675 676 685 681 688
 73 334 328 334 331 335 337 346 345 353 356 361 356 352 359 367 368 371 373 370 378 386 380 381 388 397 398 396 400 402 409 418 420 412 411 417 419 420 429 433 439 448 453 447 456 451 459 464 468 471 475 483 490 499 498 495 504 511 518 519 519 527 533 542 534 535 542 544 547 556 559 564 571 573 581 583 586 593 596 602 608 615 616 624 624 626 635 633 634 642 645 653 654 656 665 670 674 683 678 683
 74 326 327 325 328 330 334 340 344 344 347 355 352 348 350 359 363 365 368 369 377 377 379 380 381 390 389 395 400 403 410 419 415 414 410 417 411 417 425 424 433 442 444 444 453 444 453 460 462 467 474 482 491 491 490 491 500 505 510 511 518 527 525 533 533 534 535 542 547 555 562 569 571 572 573 574 582 588 589 598 606 606 610 615 616 623 629 632 634 640 642 644 652 661 665 666 665 674 673 674
 83 321 318 324 325 330 332 339 341 343 341 348 355 347 351 356 360 357 365 364 369 369 376 371 378 381 385 392 396 404 413 415 407 411 409 408 408 414 419 423 429 438 447 442 445 442 445 451 458 460 465 474 483 492 489 494 501 504 509 512 517 525 523 524 532 537 543 551 548 557 565 566 569 578 580 579 588 589 597 601 609 601 602 610 619 626 627 634 640 645 649 646 654 659 664 662 663 670 672 680
 89 319 311 320 326 321 330 335 343 343 335 340 348 344 351 347 351 354 356 358 364 362 367 368 371 376 379 383 391 399 405 407 398 404 400 401 405 409 414 420 427 433 440 439 437 439 445 454 462 466 467 476 474 483 484 488 494 499 507 513 517 520 517 526 527 536 544 550 556 557 565 570 575 579 581 580 589 595 593 599 602 600 608 615 620 629 628 636 634 640 643 647 656 663 666 659 660 668 669 678
 93 313 309 315 322 319 325 332 335 334 333 339 342 343 352 344 345 350 356 359 359 357 358 362 363 372 373 374 382 390 399 400 391 395 396 404 413 415 417 423 424 429 436 444 436 443 448 457 466 471 468 468 470 474 483 488 495 493 501 507 511 516 515 522 531 532 539 548 550 558 558 567 566 571 572 581 580 586 585 590 593 596 603 612 615 622 631 640 633 640 639 646 647 654 659 658 667 671 677 682
 94 313 306 313 315 314 321 328 331 325 326 335 344 343 344 340 341 347 347 356 358 353 356 365 368 373 381 377 383 390 397 394 390 392 400 398 405 412 421 418 426 422 430 435 434 437 446 455 457 464 469 464 471 472 479 488 489 490 498 500 507 509 513 521 523 532 536 539 548 556 556 565 565 573 575 573 571 578 581 586 595 604 608 612 620 629 631 640 632 636 638 644 650 649 650 650 658 663 668 673
100 310 305 306 311 312 321 322 327 323 317 326 335 340 339 336 332 340 339 348 349 352 361 367 365 370 376 381 383 387 389 391 384 385 392 393 396 405 413 417 419 416 421 428 431 440 446 447 448 457 460 462 471 474 475 481 488 489 496 502 502 511 517 523 528 532 540 546 553 553 553 559 563 571 567 564 570 572 577 586 594 601 608 610 615 624 631 633 626 627 634 636 642 648 653 649 651 658 667 675
109 301 298 304 304 313 318 313 320 322 316 318 326 333 330 332 329 332 334 341 350 352 358 363 364 367 368 373 376 378 380 382 383 391 390 395 389 398 404 409 410 413 414 423 424 433 439 446 450 456 453 461 467 473 479 488 484 493 494 495 500 509 511 518 524 526 535 537 544 544 545 550 554 563 569 561 570 579 585 588 592 598 607 616 611 620 622 624 625 630 633 640 633 640 645 641 646 652 658 667
118 292 291 298 300 306 311 312 312 313 315 320 328 327 326 330 326 333 339 345 346 349 353 361 362 362 365 366 367 369 377 377 384 382 384 387 387 389 398 405 413 415 418 422 425 431 439 440 449 449 452 457 465 474 474 480 479 484 485 486 493 502 502 511 517 519 528 534 535 542 543 551 559 567 565 559 564 570 577 579 588 594 598 607 610 614 619 615 617 626 632 631 632 632 641 637 642 649 651 659
122 283 288 291 294 301 305 313 308 315 321 326 328 330 321 321 325 326 330 337 339 348 352 352 359 361 359 365 374 372 372 374 375 375 378 383 385 393 402 410 412 416 419 428 422 428 435 437 446 444 446 449 458 465 470 471 477 481 488 495 495 496 501 508 517 526 527 526 535 536 536 545 552 561 559 556 565 571 573 581 582 591 598 600 601 610 616 614 616 625 626 630 637 629 633 634 643 651 655 660
127 280 284 290 290 295 297 304 306 313 314 322 325 327 318 317 323 317 322 330 339 348 355 346 350 355 358 356 365 364 371 368 373 370 379 383 392 398 397 401 403 409 410 419 420 422 426 434 443 442 447 448 452 461 470 476 477 486 489 495 504 504 502 510 519 520 521 525 532 533 534 536 545 553 554 555 556 564 572 574 579 588 589 598 600 602 611 606 610 618 625 633 633 625 634 628 636 642 651 652
132 275 278 287 282 287 296 305 310 311 317 318 326 323 318 311 316 314 320 329 335 342 347 338 345 349 349 354 361 361 362 362 370 369 371 380 388 394 391 395 402 408 413 417 421 426 427 428 436 438 446 453 457 465 472 481 483 490 497 491 495 504 510 511 520 523 526 534 541 537 536 545 553 555 560 562 563 567 573 574 580 589 598 594 596 594 603 603 606 614 616 625 624 624 625 626 635 638 647 651
133 274 272 279 279 287 296 299 308 306 312 310 317 314 314 310 309 312 316 325 330 334 338 336 339 340 347 347 352 358 355 360 367 362 371 377 383 385 386 387 396 399 406 409 414 421 429 429 430 438 447 456 459 462 471 474 483 491 496 488 491 499 501 505 514 516 519 527 535 536 539 546 555 561 562 555 564 566 571 579 586 586 589 585 587 590 596 597 606 609 618 625 620 623 627 635 636 640 642 647
141 276 269 275 273 282 291 292 299 304 313 309 311 311 306 315 308 313 316 320 321 326 332 328 330 336 338 346 347 349 351 352 360 361 367 376 385 394 395 394 403 407 407 416 423 422 431 432 432 441 448 452 455 463 468 476 482 488 487 486 494 497 505 512 508 507 516 522 530 537 532 541 549 553 553 547 555 564 569 574 577 582 589 582 586 588 597 606 599 601 610 618 617 619 627 630 639 642 651 650
142 275 267 266 268 277 284 285 292 296 305 306 303 310 304 308 307 304 313 316 322 317 325 326 324 333 339 348 356 356 360 359 368 370 373 382 387 396 396 397 406 412 414 418 424 429 433 434 441 448 456 460 456 457 463 468 474 481 486 482 491 493 502 503 504 505 512 519 521 528 531 534 543 545 545 546 553 561 565 566 570 574 581 579 588 594 590 597 594 596 604 612 613 617 624 631 640 641 650 653
151 276 268 259 263 271 278 276 285 294 302 298 296 301 301 302 303 301 304 309 313 315 316 322 323 331 337 341 350 353 362 360 365 366 374 383 392 398 398 398 407 415 419 425 431 438 439 441 450 451 458 465 463 459 460 467 472 473 477 478 487 496 498 507 506 508 510 519 520 527 522 531 536 539 540 547 554 555 557 558 564 565 572 578 583 590 589 590 591 599 605 608 610 618 625 633 642 650 652 652
155 267 265 256 257 266 269 275 282 290 297 300 295 298 293 302 304 300 309 310 318 320 324 324 325 326 335 344 347 354 363 363 369 375 380 385 388 395 402 400 406 410 416 424 432 438 441 450 453 456 449 458 462 459 466 475 473 481 486 487 490 498 505 509 508 511 518 523 529 529 521 523 532 537 539 545 552 559 563 564 563 568 577 572 576 581 583 592 590 598 606 609 618 626 634 639 641 641 647 643
162 258 260 255 261 263 272 278 286 283 289 292 287 293 284 293 297 298 307 316 316 313 316 322 330 331 339 345 351 354 356 357 362 371 380 380 389 395 402 406 412 418 421 428 428 429 437 444 444 447 448 455 456 458 467 476 478 485 494 495 493 493 496 501 510 517 520 517 522 524 517 524 530 531 533 542 550 551 558 559 556 563 569 564 570 572 579 584 586 591 597 603 612 620 629 636 639 637 642 639
171 251 257 254 257 254 263 272 280 280 280 283 286 284 283 291 300 299 308 315 309 312 313 322 331 333 340 341 348 352 358 358 365 372 374 379 381 389 396 403 406 410 415 420 419 427 428 436 442 451 450 459 461 467 475 476 479 481 486 490 486 486 492 496 505 510 512 512 513 515 516 521 522 531 532 538 547 556 557 557 554 562 560 563 568 572 573 582 590 597 603 605 610 614 621 628 630 634 639 637
176 244 250 252 250 253 258 267 272 272 279 286 277 286 282 287 295 296 305 306 308 315 320 329 335 335 340 344 350 356 357 365 366 370 379 388 390 390 398 404 409 414 423 417 414 423 432 437 440 442 449 456 453 459 468 470 474 481 487 481 477 485 489 492 498 502 504 511 512 509 511 516 525 528 531 534 543 552 558 552 552 560 559 567 570 572 581 587 588 597 606 611 616 622 619 620 625 626 634 636
180 238 241 243 244 245 250 258 267 269 271 279 272 279 280 289 295 304 308 304 307 313 319 324 329 332 340 346 351 360 364 368 368 369 372 381 390 399 401 402 408 409 418 411 411 418 426 435 432 440 442 450 451 459 461 462 471 472 479 480 473 482 489 490 499 500 504 503 503 501 502 511 518 520 523 532 537 544 550 543 544 551 556 562 566 567 573 582 590 595 599 604 607 616 612 620 625 634 637 629
184 229 232 237 243 250 254 262 265 270 266 273 270 278 281 285 294 303 300 303 309 318 323 332 332 341 342 342 347 356 357 361 370 378 373 380 385 393 394 398 400 408 413 405 406 413 418 426 429 437 442 442 450 452 454 455 462 466 470 471 472 473 482 485 490 495 499 497 498 500 502 506 511 512 521 529 530 539 544 542 547 545 548 557 561 569 572 581 589 586 595 596 602 608 604 611 618 625 634 627
193 222 229 229 235 241 249 258 257 263 265 266 268 276 279 286 290 299 298 303 307 311 319 328 332 338 344 341 350 347 355 357 366 370 372 379 384 393 399 407 405 412 411 404 413 413 417 417 426 428 433 438 447 456 460 462 469 473 470 475 481 482 484 491 491 493 495 496 505 509 509 512 513 520 521 530 539 537 537 538 539 544 553 549 558 562 570 575 584 585 591 597 593 600 601 610 611 616 625 626
201 202 220 228 237 239 248 252 256 258 259 268 275 280 283 286 288 296 297 302 304 313 313 320 323 329 338 340 343 346 354 359 364 371 378 387 388 395 403 405 396 405 409 401 406 412 412 414 422 426 435 440 448 451 452 458 462 465 467 471 478 484 493 493 500 500 497 498 499 501 502 505 513 515 520 528 530 528 536 543 540 541 547 548 556 560 564 569 578 585 582 588 589 598 606 610 618 624 631 635
206 209 219 228 236 245 252 255 256 263 260 269 273 278 283 290 292 294 301 307 305 308 310 319 321 328 335 337 340 348 355 364 373 373 376 381 384 389 396 402 394 398 404 398 399 407 411 419 421 429 432 433 442 450 458 459 467 464 469 474 478 487 495 495 503 500 499 500 508 503 511 506 513 519 519 526 521 522 529 537 541 548 550 551 560 564 571 574 582 577 579 585 589 598 603 604 612 621 630 634
214 212 219 221 230 236 245 254 257 263 265 267 276 280 283 285 287 295 303 312 311 315 316 321 330 329 330 339 345 353 359 360 367 372 374 375 376 385 390 394 393 395 397 396 403 404 412 418 425 432 436 434 440 449 457 458 462 463 469 478 486 492 492 498 501 500 505 508 516 512 512 507 508 510 517 518 520 525 534 539 546 549 550 554 557 559 563 572 575 576 585 592 590 599 606 606 608 617 622 625
219 219 222 223 231 240 242 248 257 264 269 276 285 288 291 286 290 297 305 311 307 313 317 324 329 330 336 344 345 350 352 360 367 376 376 377 377 383 386 385 387 390 391 395 397 406 411 419 421 430 439 438 439 440 449 452 453 462 464 473 477 486 483 491 499 497 498 507 509 517 520 512 517 518 525 522 529 534 535 539 545 546 553 559 564 568 569 578 578 583 592 596 595 603 604 612 609 613 622 631
225 220 230 226 233 240 241 250 256 259 267 268 276 281 283 291 296 292 301 302 306 312 319 320 328 331 336 342 347 356 359 362 368 372 379 382 386 386 383 384 392 392 398 403 406 414 420 414 422 425 431 429 430 433 442 444 453 457 458 465 474 479 478 487 490 491 492 499 502 511 519 521 517 519 521 529 536 541 541 546 546 549 557 559 563 572 578 585 584 592 595 604 601 607 613 621 617 615 617 624
232 221 222 233 237 242 250 255 262 268 274 270 276 282 285 294 289 290 298 305 307 315 322 328 327 332 331 337 343 352 361 366 371 379 387 386 379 377 382 386 394 393 395 396 398 406 415 409 416 419 422 425 428 436 443 447 456 460 466 466 468 473 476 485 486 492 501 508 503 505 513 514 515 524 523 528 535 541 547 555 551 558 562 568 569 578 586 590 591 597 604 613 610 616 621 624 620 616 617 626
237 228 231 242 239 248 256 260 256 264 269 272 281 282 283 287 288 290 292 300 306 314 318 321 324 327 329 338 342 348 356 357 366 373 378 377 376 373 379 388 395 399 402 398 402 404 406 407 408 413 415 424 428 433 434 441 447 456 462 471 472 480 477 485 491 494 503 506 505 513 510 505 508 517 520 528 529 533 542 549 553 560 565 570 571 580 588 591 598 598 605 606 613 621 627 629 628 625 624 633
246 237 232 233 235 244 248 254 255 263 272 274 280 288 288 289 291 296 301 307 315 318 319 320 329 333 334 339 346 347 349 351 359 366 372 380 371 372 381 384 393 402 396 405 410 405 414 415 416 414 415 417 424 433 434 443 452 455 461 468 471 479 480 481 490 490 497 499 506 513 505 504 512 521 524 532 535 541 546 555 554 559 566 573 579 576 585 589 595 600 609 610 619 628 636 638 631 634 626 630
240 235 234 240 242 243 253 261 262 270 278 280 283 287 295 294 299 304 308 316 322 327 327 322 331 333 339 347 355 348 349 351 360 361 365 371 366 375 383 385 392 394 395 402 403 406 413 414 423 419 420 419 421 429 436 444 446 447 453 462 464 472 479 482 491 488 496 504 499 504 501 503 512 518 525 530 539 547 554 551 551 552 560 564 573 574 583 592 600 609 618 614 623 632 637 645 640 638 634 631
241 242 243 246 246 248 255 263 270 279 284 286 291 290 299 298 301 305 311 313 320 327 328 328 336 342 340 344 352 349 355 352 353 358 362 363 365 372 376 385 393 392 398 404 411 415 415 423 424 427 421 425 422 429 433 441 445 446 452 458 465 469 472 473 482 485 494 495 497 499 500 508 511 518 527 528 537 544 545 546 549 553 562 567 569 578 587 588 594 602 609 618 624 627 634 638 637 637 639 637
246 247 250 255 255 257 264 266 274 283 286 281 287 292 297 304 301 309 318 318 327 332 332 337 339 345 344 348 354 358 361 359 362 364 364 370 371 375 378 379 384 386 389 395 404 413 422 431 433 427 422 430 429 430 431 433 441 450 458 466 466 470 475 479 485 494 501 499 505 507 509 516 519 527 536 534 543 550 551 554 558 554 563 564 573 578 587 596 600 608 617 613 621 626 633 634 635 636 644 642
255 256 251 260 264 266 270 267 277 276 277 279 289 290 297 294 295 300 310 319 328 327 334 342 348 347 349 357 362 365 365 363 366 372 372 377 375 382 387 388 392 388 390 398 407 412 414 423 424 429 431 434 434 435 436 440 447 455 459 463 472 479 476 482 491 495 498 505 512 508 516 518 523 525 533 542 551 554 560 561 557 556 564 573 582 582 591 600 608 613 608 610 616 617 624 632 641 645 652 644
260 258 259 268 265 274 276 270 271 275 284 283 285 287 292 293 301 309 316 320 321 322 328 334 339 348 351 360 369 369 366 372 374 373 373 382 381 390 391 392 397 390 398 407 408 416 416 425 431 432 432 441 441 444 445 447 456 464 468 468 474 479 478 485 490 496 504 509 507 508 511 514 523 530 539 546 547 556 564 565 559 562 563 568 574 577 586 595 599 605 606 615 624 624 630 637 638 646 645 652
261 265 267 275 268 272 273 277 273 274 275 281 290 291 294 298 304 311 320 322 327 325 334 341 343 346 349 351 360 368 375 378 382 380 376 384 390 397 395 393 402 399 405 406 407 412 421 430 426 432 441 450 448 448 447 452 454 461 467 468 477 485 485 489 497 498 504 505 506 511 520 522 531 534 539 540 549 554 560 561 566 563 571 576 583 586 587 592 595 600 609 618 619 626 634 641 639 647 643 652
262 271 268 274 275 273 281 286 282 282 282 284 293 300 301 306 313 316 321 327 329 333 338 347 344 352 354 355 365 372 374 380 381 382 383 392 395 402 397 401 405 401 402 410 414 420 423 424 425 434 440 443 446 447 449 454 463 465 470 477 486 489 494 498 501 506 513 512 514 519 521 530 531 535 536 544 550 557 565 570 568 569 575 580 584 593 595 593 598 603 608 613 614 623 629 636 642 645 639 648
269 278 273 277 284 276 278 286 285 288 283 286 295 304 307 313 319 317 319 320 329 335 337 344 349 356 363 359 363 364 367 370 371 373 382 383 392 400 398 400 402 410 411 413 416 423 432 425 432 441 447 451 452 449 458 461 469 474 477 484 489 495 495 499 504 512 521 520 515 521 529 531 539 542 544 551 552 554 562 563 564 571 579 587 588 589 591 596 597 603 611 617 623 632 629 630 633 636 637 642
276 277 282 286 290 285 281 290 290 290 287 293 297 305 308 314 318 318 322 325 334 340 341 349 351 360 368 368 368 367 373 378 376 382 386 384 392 398 407 402 404 405 407 416 417 426 433 426 427 432 440 449 458 450 458 467 476 479 484 485 486 493 497 497 498 503 512 513 518 521 530 538 544 547 550 552 556 558 566 568 569 570 572 580 581 589 592 595 604 609 610 617 622 625 628 627 634 643 642 645
285 286 291 290 291 294 289 298 291 294 296 294 303 306 313 322 327 327 330 332 338 341 347 355 352 355 363 370 375 373 379 380 381 390 389 393 395 398 404 410 412 410 415 416 424 432 440 435 435 440 448 455 455 454 460 465 469 470 479 486 487 488 496 495 503 512 519 521 527 522 525 531 539 544 549 554 555 564 573 572 577 572 581 588 587 594 595 597 598 600 601 610 613 616 623 624 633 642 649 654
294 295 300 299 299 296 292 297 298 303 305 302 311 307 311 320 322 331 333 333 336 337 344 353 361 363 368 371 379 376 384 386 383 392 398 394 401 399 404 412 413 414 419 425 432 440 441 441 444 444 446 455 463 462 466 473 477 479 488 487 488 489 491 493 501 504 512 516 523 530 530 537 542 549 558 563 558 567 569 570 578 573 575 579 584 593 595 601 599 608 609 617 622 625 632 629 635 636 645 652
296 304 305 302 306 297 293 299 307 304 304 303 305 311 312 321 330 337 342 342 342 344 348 352 358 359 368 374 380 383 390 388 388 390 391 400 406 407 410 419 422 423 428 429 437 441 446 449 452 447 449 453 462 466 472 479 482 488 490 488 490 498 500 497 498 507 513 515 524 528 531 533 540 547 550 559 563 569 575 578 581 581 584 582 583 587 593 600 604 608 612 614 617 618 627 636 644 640 644 648
304 312 309 306 303 299 300 307 308 312 312 305 307 312 316 321 330 335 340 349 344 352 350 357 366 361 370 376 378 382 387 396 395 399 392 396 397 404 413 421 426 424 432 436 437 438 445 446 449 450 458 461 465 468 470 476 477 485 490 497 499 499 501 502 505 512 516 521 522 531 539 542 547 550 553 554 559 568 577 578 587 582 585 583 591 596 601 607 613 613 621 617 621 627 632 633 638 647 646 655
305 308 317 315 308 304 309 309 315 314 315 306 307 310 317 320 329 336 338 342 348 357 354 363 370 370 379 381 387 386 395 402 399 399 398 405 406 413 417 419 425 428 433 435 444 447 453 455 454 454 462 467 474 477 478 485 484 489 490 499 508 507 503 505 514 513 515 521 528 537 538 543 552 551 552 553 562 571 580 586 587 589 589 590 593 602 604 605 613 622 630 626 625 628 630 632 640 642 651 660
308 317 326 323 315 312 312 317 318 322 319 310 308 315 321 325 326 331 338 344 352 356 361 368 373 373 381 382 390 389 393 402 408 404 405 408 407 411 418 417 418 422 423 433 436 442 444 446 455 455 458 466 473 478 480 486 487 491 499 501 505 513 511 514 516 522 524 523 526 534 543 549 550 553 553 562 571 573 574 580 588 596 590 596 600 608 613 612 617 625 630 630 632 630 632 637 645 651 660 669
317 324 332 327 322 321 315 323 322 326 319 318 309 314 322 331 335 339 338 344 347 353 362 369 375 378 386 390 397 395 402 411 413 405 406 410 409 410 414 415 416 425 425 426 427 437 445 453 456 464 462 470 479 485 487 494 496 496 502 507 507 510 516 523 525 530 532 525 533 540 541 549 557 559 554 556 562 569 577 586 594 593 597 601 609 615 620 621 626 629 636 635 636 636 641 645 653 658 665 668
324 333 340 335 327 319 316 317 326 330 326 317 310 314 319 326 332 335 336 344 350 356 365 373 368 377 380 385 388 396 402 411 411 408 413 411 411 417 422 419 421 427 432 435 434 436 443 448 457 463 463 471 474 482 483 490 497 500 505 508 511 511 516 522 526 526 531 527 533 542 547 556 558 567 562 565 570 573 581 585 586 590 596 598 605 614 620 623 624 632 641 642 643 640 645 647 655 662 671 676
329 338 344 340 334 325 319 326 334 332 330 323 319 319 321 326 329 338 345 347 348 357 358 365 366 375 376 377 379 388 395 403 406 410 417 419 418 424 426 425 429 433 440 443 438 439 445 454 463 472 472 476 476 477 481 489 492 501 502 506 506 508 516 523 523 525 527 528 536 537 546 555 563 567 569 571 573 581 582 584 585 587 594 603 605 609 616 624 627 628 636 641 645 648 646 654 662 670 677 683
335 342 347 338 337 330 322 323 325 334 328 321 320 324 325 333 334 341 343 352 357 366 359 364 373 376 384 378 385 386 395 401 409 418 423 426 426 430 434 433 434 434 436 441 447 440 446 455 464 472 481 479 482 486 490 490 497 501 502 503 505 512 513 516 522 527 529 537 545 546 554 557 558 563 572 580 577 579 581 590 591 588 597 601 604 609 618 624 630 629 634 640 647 644 648 657 657 663 672 677
338 346 339 338 336 334 328 331 333 331 326 324 321 326 328 334 342 348 345 348 356 364 360 364 366 375 383 384 386 394 403 410 412 419 427 430 432 439 436 438 440 441 437 442 451 448 454 461 463 469 476 478 486 491 492 499 503 502 509 506 509 510 514 517 524 526 531 532 540 546 551 555 559 568 569 578 581 580 587 589 598 592 593 595 604 608 617 626 627 628 631 640 639 642 648 652 656 665 673 680
342 350 346 347 343 338 329 338 342 337 329 330 329 330 336 339 342 350 351 354 363 364 366 373 374 377 386 393 394 398 400 409 411 419 428 426 433 439 437 445 445 443 444 450 451 456 461 467 466 468 477 482 491 500 493 495 496 499 505 514 510 518 521 524 532 527 535 541 547 555 552 554 561 564 573 582 587 581 584 590 598 599 601 604 612 609 616 624 633 633 631 633 636 641 649 653 662 665 670 679
348 357 355 355 349 345 338 347 339 332 331 333 333 339 337 346 346 355 360 361 367 371 370 374 375 383 387 389 390 391 400 401 404 413 421 422 427 430 439 445 446 444 453 458 460 465 468 476 467 472 481 490 499 497 494 503 503 500 509 512 512 520 529 528 537 536 541 542 544 553 559 558 559 562 568 577 579 587 591 594 596 603 609 613 621 614 615 619 627 629 630 639 645 642 649 653 655 662 663 671
349 358 362 356 356 347 344 344 337 335 335 335 341 344 344 346 348 356 357 361 370 376 375 382 384 392 391 391 392 398 404 410 412 421 425 430 435 439 440 448 454 448 457 463 461 470 476 484 474 480 489 492 496 496 501 502 510 508 514 520 518 523 532 535 537 541 543 550 549 551 559 560 562 571 570 572 581 590 597 603 597 605 606 609 618 618 618 627 634 632 634 640 646 643 652 660 663 665 672 673
357 366 365 364 355 354 351 346 338 342 338 339 345 345 353 347 349 353 355 363 370 379 382 383 384 388 395 399 400 407 413 411 418 422 430 436 443 446 442 445 454 454 455 463 464 469 475 482 479 482 490 495 493 494 503 509 512 516 517 518 526 525 526 529 536 540 549 547 548 557 566 561 567 574 574 578 587 589 593 596 604 605 613 613 617 622 623 626 633 641 638 642 643 651 653 659 660 669 671 680
366 375 368 365 361 355 354 349 342 351 343 342 351 352 360 355 356 361 363 372 378 382 383 386 385 393 402 407 408 416 416 420 422 431 434 435 439 440 446 446 449 453 461 464 470 478 476 478 486 484 485 488 489 495 502 503 504 506 507 517 523 530 532 534 539 544 545 546 552 554 561 566 570 571 573 582 591 594 601 604 603 604 610 618 619 620 629 627 636 642 647 645 651 656 662 660 662 663 670 677
375 377 375 366 364 364 361 352 346 349 346 351 356 353 359 364 365 370 365 366 374 383 392 395 393 401 410 415 417 422 425 424 427 428 433 437 438 442 444 445 454 456 458 467 468 476 480 482 488 488 494 491 492 495 503 512 512 514 508 509 514 523 528 529 530 535 542 546 552 561 570 568 576 579 576 579 583 585 593 597 601 606 610 615 617 626 632 636 640 647 648 653 652 659 660 663 663 668 675 682
384 380 382 373 366 367 364 359 350 354 350 355 364 361 366 368 368 376 367 371 380 381 389 390 394 395 404 413 419 424 429 428 430 436 442 443 443 451 448 448 452 460 465 474 472 473 482 486 487 496 494 493 501 496 504 510 516 522 514 510 516 517 521 531 535 544 550 548 557 561 567 568 576 582 583 580 585 593 600 606 610 610 616 622 626 628 633 638 645 652 649 655 661 667 665 664 664 670 672 678
388 389 388 382 375 374 366 359 355 356 355 356 365 370 375 371 376 373 369 377 386 385 391 396 401 403 411 414 423 424 432 429 435 443 450 445 450 457 455 456 457 465 471 475 474 482 489 491 496 501 503 501 501 498 504 513 522 524 517 517 525 525 526 529 535 538 545 546 552 557 564 573 574 579 588 589 586 590 591 597 602 610 614 623 632 636 642 639 647 654 658 659 662 670 673 673 671 679 678 679
396 398 397 388 384 383 375 368 359 357 364 357 359 368 373 379 385 382 377 379 380 389 392 401 402 411 415 415 420 429 438 437 440 444 453 451 452 460 462 462 463 472 479 483 482 491 491 492 498 507 507 510 503 499 508 514 516 518 519 520 528 533 534 536 543 545 551 555 554 563 568 574 583 588 589 598 591 598 598 600 607 612 620 628 634 642 650 645 646 654 658 666 668 676 680 682 679 688 687 683
401 393 392 388 385 388 379 370 365 366 361 360 363 364 369 370 379 381 383 387 389 391 395 403 405 414 416 421 428 437 439 442 442 443 451 459 461 462 465 471 466 467 476 483 491 492 500 493 494 501 510 516 512 506 515 523 521 524 520 526 533 539 542 543 552 547 556 560 555 563 571 580 588 596 597 606 598 607 599 602 610 617 622 623 631 640 641 643 652 658 666 675 675 676 683 690 681 686 695 687
409 400 399 391 383 382 380 372 369 365 364 369 364 373 371 379 386 384 391 393 398 392 401 409 412 419 423 429 436 444 448 448 451 445 448 452 458 460 468 469 467 468 473 474 482 490 496 502 501 505 513 514 521 515 524 529 526 533 528 534 542 545 549 551 559 554 563 565 562 570 578 580 580 589 595 599 597 600 605 611 614 615 622 628 629 631 638 646 654 662 670 672 680 677 684 685 690 694 695 696
416 407 399 399 391 388 379 372 371 367 369 378 373 380 373 374 377 384 385 388 391 399 403 410 412 416 425 431 440 449 453 457 449 447 448 455 464 465 472 473 473 469 472 476 479 486 494 499 501 510 511 515 517 516 524 532 530 539 532 533 541 546 550 552 561 559 563 564 564 573 581 578 579 581 589 590 594 603 611 613 614 617 625 631 633 634 643 651 652 659 667 675 677 679 685 693 691 700 704 702
409 406 397 397 388 379 378 377 377 373 371 379 381 378 376 379 384 390 394 390 394 396 405 408 414 422 423 430 437 446 451 454 457 448 449 451 457 466 473 482 482 478 481 478 486 494 499 502 508 509 518 523 526 523 532 535 535 540 541 536 543 550 553 557 565 568 571 568 567 569 571 575 578 579 588 592 602 605 610 614 615 620 629 636 642 639 648 655 661 667 672 678 680 687 693 693 697 699 703 710
401 397 394 392 391 383 385 378 378 379 380 387 382 383 380 387 391 399 401 392 393 396 404 405 406 413 416 425 429 438 447 448 449 451 458 460 466 473 480 489 488 487 489 487 495 503 508 504 510 512 513 522 523 526 535 539 540 545 548 544 551 559 561 566 574 575 573 571 569 575 579 583 587 588 594 596 606 613 617 622 624 624 629 637 645 648 656 658 665 668 672 681 678 678 686 692 693 694 698 706
410 403 403 400 393 391 383 379 385 383 384 386 391 391 388 395 392 393 402 401 397 404 409 414 407 416 424 429 436 442 443 450 456 458 456 464 473 472 476 483 487 496 497 494 501 502 507 505 512 521 520 524 525 534 535 537 545 554 557 551 559 565 570 575 575 582 579 579 572 581 587 584 590 597 601 598 608 616 624 622 624 631 628 636 644 653 655 658 660 663 663 672 669 670 677 686 690 694 701 707
414 406 406 402 393 389 388 388 393 384 389 393 396 397 392 401 393 402 408 410 405 406 411 418 415 418 425 431 438 443 446 444 447 452 454 458 467 469 475 476 484 493 498 495 500 508 509 514 521 530 522 531 527 532 538 544 550 558 558 558 567 567 572 575 582 590 585 583 575 584 592 586 589 596 600 602 606 611 619 619 621 622 625 634 639 646 651 658 666 662 655 664 668 670 679 688 697 701 701 710
417 410 407 410 402 398 397 397 394 393 396 400 404 398 401 397 394 402 410 411 413 408 417 420 418 423 424 429 433 434 438 442 450 459 457 458 465 469 474 475 484 493 499 497 500 509 515 517 520 529 531 540 536 533 541 548 549 550 552 556 560 567 575 576 585 591 586 582 578 582 590 594 590 596 604 609 607 609 610 613 615 624 631 635 636 643 642 650 657 658 653 662 665 674 680 684 693 697 698 707
424 418 415 417 408 403 406 404 403 396 397 406 411 404 410 404 403 404 409 416 422 417 426 421 423 431 433 432 441 443 443 451 454 462 466 464 473 478 481 484 487 488 497 500 507 515 523 520 528 535 538 545 538 542 544 549 553 553 560 564 563 569 578 585 589 596 593 588 579 588 590 595 592 601 608 615 609 611 618 620 618 623 624 631 633 637 641 643 648 649 650 659 664 667 674 683 688 689 697 699
432 427 424 426 417 410 408 405 406 397 406 409 417 409 416 407 412 406 415 417 426 418 420 427 426 435 436 433 435 439 448 457 459 463 472 471 478 485 485 491 496 497 504 505 512 517 521 524 528 537 539 544 540 549 545 554 561 555 562 571 568 576 582 591 590 597 592 591 583 592 599 603 596 603 607 607 616 619 626 621 623 628 630 639 640 639 643 644 652 652 653 662 664 673 682 686 691 697 703 700
440 434 428 419 418 417 415 406 408 400 409 415 421 418 418 409 415 409 416 421 429 427 429 436 433 439 445 442 438 447 450 452 461 462 471 479 486 492 491 492 494 502 509 508 512 519 521 527 536 545 540 549 549 558 550 558 563 564 567 576 574 578 584 591 599 591 598 592 591 598 606 604 598 599 600 605 614 622 629 624 627 631 634 642 647 640 647 653 659 655 661 662 670 678 679 688 697 698 703 706
437 430 421 420 425 425 416 407 415 407 414 418 424 421 427 418 418 415 422 423 426 427 433 439 435 436 440 448 440 449 451 460 466 467 476 484 485 494 500 498 503 511 516 517 514 516 522 531 537 544 541 542 544 552 551 553 559 560 568 574 575 569 578 585 590 583 592 598 600 607 615 606 603 606 604 608 616 620 627 630 636 639 642 647 644 642 644 649 651 658 661 667 674 677 684 693 702 705 712 715
437 428 427 428 432 423 418 409 416 416 422 427 428 423 430 425 427 424 423 424 427 428 436 445 443 438 447 445 442 443 446 453 462 468 473 482 485 489 496 503 504 512 516 517 515 520 523 532 534 536 544 551 545 554 558 554 557 560 564 566 567 568 572 581 587 582 590 597 600 608 615 613 612 610 607 610 618 626 632 639 642 648 649 656 652 647 651 658 658 664 664 665 674 681 690 698 705 706 715 722
443 434 436 433 433 424 424 418 417 425 423 426 433 424 433 434 435 433 432 433 428 436 442 451 444 439 447 449 451 445 454 462 469 469 473 479 480 487 490 495 502 511 519 520 523 528 532 540 535 543 544 549 553 561 564 562 562 564 572 571 571 569 577 578 579 581 586 592 593 599 608 616 620 619 615 618 621 625 634 638 639 643 649 658 653 648 651 658 661 666 670 672 673 682 690 692 698 705 708 713
440 437 439 440 434 433 426 419 423 425 428 428 431 432 439 437 441 438 433 433 431 432 434 443 452 448 452 457 453 454 462 466 475 478 480 481 486 491 492 496 505 512 516 519 528 536 535 544 542 548 553 558 556 562 568 570 563 571 579 573 580 578 582 585 586 583 584 590 599 602 606 609 615 618 617 621 622 624 629 631 640 648 655 656 655 655 654 655 659 664 666 675 680 684 685 693 695 704 712 716
449 441 446 449 443 442 435 428 429 430 436 436 432 435 444 438 443 440 438 441 432 441 442 451 459 455 453 462 455 461 470 475 484 487 485 489 491 496 501 497 502 508 509 518 523 530 534 543 545 546 549 554 562 563 565 571 572 578 587 578 585 586 589 591 595 591 593 599 607 610 611 616 620 624 619 628 624 631 630 639 645 649 652 661 661 663 658 663 660 668 675 684 683 684 693 699 697 702 704 707
450 449 455 450 451 447 438 434 430 435 439 437 435 436 444 446 450 442 441 449 440 441 442 451 457 456 460 469 460 469 470 479 487 496 492 490 499 502 501 500 501 507 516 523 532 539 539 547 553 547 548 557 563 572 572 578 579 579 587 586 591 589 591 600 599 592 598 601 602 603 604 610 618 619 627 631 633 633 639 641 647 652 656 657 659 667 667 667 661 665 667 676 677 686 692 693 697 698 707 715
456 454 462 457 449 446 440 438 437 436 444 445 442 442 449 455 455 451 443 452 446 450 451 452 456 460 464 465 462 471 475 484 489 498 497 491 497 504 510 507 507 513 521 528 532 541 545 547 556 551 557 559 566 571 575 578 583 581 585 588 593 597 597 600 603 594 603 609 611 607 609 611 616 623 625 634 641 642 642 642 644 653 662 658 665 672 673 669 665 671 673 674 676 677 683 691 692 697 705 709
465 463 463 455 451 442 441 446 445 441 442 443 448 447 453 462 459 450 449 458 453 459 460 457 465 463 464 465 465 473 478 487 493 494 503 496 503 512 509 508 516 514 519 528 537 543 552 555 564 559 565 568 574 580 584 584 592 590 591 589 594 601 606 606 605 596 598 602 607 612 617 614 618 619 622 629 638 639 644 643 647 648 655 663 671 677 681 672 670 674 681 680 685 679 686 692 697 696 697 700
472 463 455 454 445 444 449 450 446 449 447 445 454 448 456 457 466 459 454 457 454 458 467 461 469 464 472 473 473 474 476 484 487 493 502 505 512 516 518 511 515 523 527 536 545 552 559 562 563 561 563 572 575 583 584 592 599 599 596 597 603 605 611 607 609 605 599 606 610 614 615 623 626 626 631 636 645 647 645 647 655 650 653 655 663 672 672 681 676 681 687 689 690 681 682 683 688 694 702 701
469 462 455 454 446 450 458 454 455 453 456 454 459 451 458 458 463 466 457 461 456 465 474 468 477 471 480 475 477 481 482 490 489 495 504 508 517 517 522 516 522 530 533 541 550 555 564 571 570 566 570 579 583 588 591 594 600 607 599 598 607 614 616 616 612 604 602 610 617 620 623 629 634 635 639 641 645 646 654 652 660 651 654 655 663 665 668 676 684 682 687 688 687 684 688 686 696 696 700 708
474 468 459 455 455 453 455 455 464 455 461 463 461 452 461 467 466 465 458 465 464 467 474 473 478 477 484 479 480 485 487 496 498 504 505 514 517 526 527 523 531 535 540 542 549 550 559 568 575 574 571 580 588 589 594 601 606 615 607 601 607 616 625 625 616 609 608 616 620 629 631 636 643 636 644 644 645 648 657 653 662 659 663 664 672 669 677 685 691 690 688 696 692 691 696 692 695 697 706 713
474 466 460 463 461 460 457 460 463 456 460 469 464 461 470 468 468 474 467 470 470 476 483 477 484 478 487 484 489 487 489 496 503 508 510 513 522 529 529 532 537 542 543 543 549 553 560 569 573 580 572 580 589 598 598 601 606 613 616 610 616 623 628 627 625 617 617 622 628 637 632 641 646 642 649 650 651 649 658 658 667 667 672 673 678 670 679 687 696 699 696 702 693 696 699 699 702 698 699 703
476 469 469 470 469 466 466 467 458 457 465 468 471 462 467 472 476 475 474 472 472 474 480 485 484 483 484 493 497 494 498 497 505 513 519 515 524 525 533 530 539 543 552 548 553 562 566 568 576 580 579 585 589 590 599 608 607 608 614 615 622 631 637 630 624 621 623 630 637 640 638 647 651 643 650 658 653 652 655 656 663 666 675 682 685 678 685 689 698 705 704 706 698 704 704 703 708 700 707 709
479 473 474 478 470 474 473 471 464 462 469 469 478 471 476 481 485 481 479 478 480 476 484 492 493 484 492 493 501 499 506 503 510 516 523 516 523 528 536 529 530 539 548 557 562 559 559 564 570 571 572 576 580 582 591 600 609 617 619 624 623 632 637 638 632 624 632 639 641 642 646 649 657 651 656 661 662 653 661 665 667 675 681 687 688 680 689 698 702 710 713 710 705 711 710 712 716 709 713 710
482 482 476 479 475 482 474 472 471 471 471 478 480 473 482 489 494 489 480 479 482 479 487 489 498 491 492 500 503 508 515 512 512 521 528 520 522 524 527 528 530 534 542 550 556 557 558 560 569 577 578 585 588 591 594 602 609 618 626 625 631 640 641 643 638 632 641 647 648 643 648 655 658 656 659 660 664 661 669 674 676 676 684 685 689 681 688 695 703 704 711 718 711 712 719 721 720 716 721 719
