  0 545 539 544 547 543 552 553 551 549 542 538 532 537 538 536 530 531 535 534 537 546 554 550 559 554 552 557 560 561 565 562 563 572 572 569 563 570 571 572 580 583 592 593 599 596 600 602 610 614 617 619 628 632 629 637 637 644 647 652 661 653 655 663 672 670 674 682 683 689 698 707 713 711 718 720 723 721 726 721 726 734 738 746 748 757 765 774 9223372036854775808 9223372036854775808 9223372036854775808 9223372036854775808 9223372036854775808 9223372036854775808 9223372036854775808 9223372036854775808 9223372036854775808 9223372036854775808 9223372036854775808 9223372036854775808
  8 538 537 538 538 542 543 549 548 540 537 529 530 528 529 535 529 532 530 531 534 540 545 549 554 552 548 550 556 564 556 558 562 569 570 571 562 568 574 581 581 582 588 592 600 592 595 597 602 606 608 614 622 623 623 630 633 636 638 646 655 647 655 664 668 667 674 677 685 693 701 699 704 703 710 715 715 712 721 718 720 729 738 742 750 759 764 772 769 780 9223372036854775808 9223372036854775808 9223372036854775808 9223372036854775808 9223372036854775808 9223372036854775808 9223372036854775808 9223372036854775808 9223372036854775808 9223372036854775808
 16 530 528 537 535 544 536 541 541 533 530 527 521 521 523 528 521 524 525 532 541 540 547 541 545 547 544 550 553 557 551 555 563 570 577 568 561 566 566 574 581 587 579 584 591 586 594 600 608 606 610 613 614 616 621 629 632 631 638 645 653 645 653 656 660 665 672 674 680 686 694 696 704 700 701 709 710 711 712 716 719 728 737 738 745 754 755 764 760 767 772 9223372036854775808 9223372036854775808 9223372036854775808 9223372036854775808 9223372036854775808 9223372036854775808 9223372036854775808 9223372036854775808 9223372036854775808
 17 534 527 529 530 535 533 533 532 531 528 522 519 517 516 521 519 524 526 535 538 533 538 533 539 540 543 545 546 548 550 555 561 563 568 559 559 560 565 566 572 578 576 578 584 583 591 596 599 605 609 604 608 615 621 624 625 629 637 636 644 644 645 651 660 664 671 673 681 689 685 694 696 696 705 705 714 711 717 720 728 732 730 731 737 746 748 757 756 758 763 771 774 9223372036854775808 9223372036854775808 9223372036854775808 9223372036854775808 9223372036854775808 9223372036854775808 9223372036854775808
 26 534 526 523 529 530 532 535 528 523 519 520 520 516 514 512 516 525 529 529 533 526 529 529 532 536 534 536 538 541 546 546 553 554 562 553 552 561 566 558 567 569 570 577 575 582 588 591 599 603 609 601 603 612 614 621 630 631 631 633 639 638 646 655 657 661 668 673 677 680 677 685 687 695 697 698 707 708 710 711 720 728 729 732 738 740 748 749 750 754 761 763 765 774 9223372036854775808 9223372036854775808 9223372036854775808 9223372036854775808 9223372036854775808 9223372036854775808
 28 528 519 517 520 521 530 529 522 514 512 514 512 507 505 511 519 519 524 523 525 522 528 527 529 535 533 538 537 538 542 537 544 553 554 557 549 554 560 555 560 563 569 577 574 580 579 585 591 595 602 598 606 607 616 620 622 626 627 630 634 637 641 646 655 657 661 665 674 671 676 677 686 692 700 698 707 715 716 719 719 728 734 733 742 741 749 754 759 763 762 766 765 770 9223372036854775808 9223372036854775808 9223372036854775808 9223372036854775808 9223372036854775808 9223372036854775808
 29 520 511 511 516 520 529 520 514 512 503 510 503 498 499 505 512 513 515 521 517 513 520 524 520 527 531 533 534 541 542 534 541 548 555 548 547 548 551 552 559 560 568 572 572 579 576 579 586 588 597 596 600 605 607 613 615 620 629 632 633 636 641 650 658 665 664 664 667 668 669 676 683 684 692 697 700 706 713 716 718 721 726 734 743 748 755 756 752 759 760 760 764 772 9223372036854775808 9223372036854775808 9223372036854775808 9223372036854775808 9223372036854775808 9223372036854775808
 33 513 507 510 519 522 521 514 506 510 502 507 503 497 505 505 511 506 515 514 517 511 519 526 519 518 523 524 532 537 535 533 537 544 547 549 545 549 555 555 564 566 569 572 568 571 573 577 583 592 594 595 603 612 609 613 616 618 624 627 629 631 633 642 650 659 666 660 663 669 678 684 692 685 694 693 694 699 707 709 710 718 722 726 734 739 746 748 750 757 753 758 766 766 770 9223372036854775808 9223372036854775808 9223372036854775808 770 9223372036854775808
 41 507 506 508 512 513 513 508 504 508 500 500 505 496 499 504 503 505 513 505 510 509 517 519 521 515 519 526 535 538 531 531 535 539 544 545 536 541 548 557 561 558 561 563 566 575 579 586 589 591 590 593 598 605 612 618 625 626 632 636 632 638 636 645 654 660 662 659 664 666 674 682 684 686 689 691 693 697 698 701 708 716 717 720 725 733 738 739 741 748 745 754 757 761 768 770 773 769 761 769
 42 499 503 500 505 508 511 502 498 505 496 497 498 495 501 510 502 498 507 504 512 505 514 520 512 514 518 527 534 529 522 530 535 538 537 538 529 535 543 552 554 554 562 564 568 570 579 588 586 588 587 596 598 605 613 621 625 627 631 632 632 641 642 647 647 655 659 657 657 665 666 673 678 686 692 689 690 699 707 705 714 711 711 715 720 724 730 736 737 739 739 747 756 752 760 762 764 767 760 766
 51 494 501 493 501 503 504 496 495 499 495 497 493 487 493 502 502 493 498 496 503 504 510 513 510 519 519 523 525 527 521 526 528 535 529 534 527 531 538 547 551 553 560 568 575 572 575 579 581 581 586 594 595 600 605 614 617 619 622 623 626 633 639 640 641 647 653 648 654 657 665 667 673 682 683 687 693 702 705 709 713 710 702 706 715 721 727 728 729 737 738 739 748 751 752 754 757 758 759 767
 56 489 498 492 500 508 501 500 493 492 488 488 484 483 484 493 496 491 500 494 503 499 506 513 508 517 522 520 529 520 519 525 524 532 528 529 525 528 535 539 542 544 552 559 567 566 566 570 572 580 588 596 596 605 606 614 616 623 624 630 635 640 641 645 643 650 650 644 647 652 656 665 671 680 678 686 692 696 697 704 705 701 700 703 711 716 724 720 720 729 730 738 739 743 752 753 757 766 767 774
 58 486 489 491 493 499 493 502 495 487 486 485 485 479 485 486 487 488 497 493 494 498 500 505 507 508 516 517 526 522 515 517 523 523 520 526 524 526 535 537 540 542 546 553 561 558 559 562 571 576 580 589 596 600 605 608 611 615 619 628 637 641 636 645 640 645 644 639 647 656 662 656 665 672 673 679 683 688 697 695 704 696 698 701 704 711 716 715 718 723 727 734 740 746 753 757 749 758 761 769
 66 482 484 489 487 490 488 494 486 486 487 478 477 470 479 486 490 492 493 490 499 501 498 498 507 516 515 508 517 513 514 522 530 521 513 517 523 529 532 536 545 549 554 554 555 557 566 571 570 576 585 591 592 593 602 602 603 608 615 623 629 637 634 642 633 637 636 638 639 648 653 654 663 666 674 675 676 683 688 687 696 694 700 707 711 706 708 712 713 714 721 728 731 740 744 752 748 757 753 760
 73 481 475 481 478 482 484 487 478 482 485 476 470 466 473 481 481 483 485 482 490 498 492 493 498 507 508 506 510 512 519 528 521 513 512 518 520 521 530 534 540 549 554 548 557 552 560 565 569 572 576 584 591 600 599 596 605 612 619 620 620 628 626 635 627 628 635 637 640 649 652 657 662 658 665 667 670 677 680 686 692 693 694 702 702 704 713 711 712 720 723 731 732 734 743 743 746 755 750 755
 74 473 474 472 475 477 481 483 477 473 476 474 466 462 464 473 476 477 480 481 489 489 491 492 491 500 499 505 510 513 520 525 516 515 511 518 512 518 526 525 534 543 545 545 554 545 554 561 563 568 575 583 592 592 591 592 601 606 611 612 619 627 618 626 626 627 628 635 640 648 655 657 655 656 657 658 666 672 673 682 690 684 688 693 694 701 707 710 712 718 720 722 730 739 742 738 737 746 745 746
 83 468 465 471 472 477 479 481 474 472 470 477 469 461 465 468 472 469 477 476 481 481 488 483 488 491 495 502 506 514 522 516 508 512 510 509 509 515 520 524 530 539 548 543 546 543 546 552 559 561 566 575 584 593 590 595 602 605 610 613 618 622 616 617 625 630 636 644 641 650 652 650 653 662 664 663 672 673 679 681 687 679 680 688 697 704 705 712 712 717 722 721 729 734 739 734 735 742 744 752
 89 466 458 467 473 468 477 476 472 472 464 469 466 458 465 459 463 466 468 470 476 474 479 480 481 486 489 493 501 509 513 508 499 505 501 502 506 510 515 521 528 534 541 540 538 540 546 555 563 567 568 577 575 584 585 589 595 600 608 612 613 614 610 619 620 629 637 642 646 645 644 649 653 657 659 660 667 673 671 677 680 678 686 693 698 707 706 714 706 712 715 719 728 735 738 731 732 740 741 750
 93 460 456 462 469 466 472 471 464 463 462 466 460 457 465 456 457 462 468 471 471 469 470 474 473 482 483 484 492 500 507 501 492 496 497 505 514 516 518 524 525 530 537 545 537 544 549 558 567 572 569 569 571 575 584 589 596 594 602 606 607 612 608 615 624 625 632 636 638 644 636 645 644 649 650 659 658 664 663 668 671 674 681 690 693 700 709 714 705 712 711 718 719 726 731 730 739 743 749 754
 94 460 453 460 462 461 468 466 460 454 455 464 465 456 456 452 453 459 459 468 470 465 468 477 472 477 485 485 490 495 498 495 491 493 501 499 506 513 522 519 527 523 531 536 535 538 547 556 558 565 570 565 572 573 580 589 590 591 599 599 603 605 606 614 615 624 628 627 636 639 634 643 643 651 653 651 649 656 659 664 673 682 686 690 696 705 705 713 704 708 710 716 722 721 722 722 730 735 740 745
100 457 452 453 458 459 466 459 459 452 446 455 462 453 451 448 444 452 451 460 461 464 473 473 467 472 477 482 484 488 490 492 485 486 493 494 497 506 514 518 520 517 522 529 532 541 547 548 549 558 561 563 572 575 576 582 589 590 597 597 596 605 602 608 613 617 625 624 631 631 631 637 641 649 645 642 648 650 655 664 672 679 686 688 688 697 703 705 698 699 706 708 714 720 725 721 723 730 739 747
109 448 445 451 451 460 457 450 456 454 445 447 454 446 442 444 441 444 446 453 462 464 469 469 466 468 469 474 477 479 481 483 484 492 491 496 490 499 505 510 511 514 515 524 525 534 540 547 551 557 554 562 568 574 580 589 585 594 591 590 594 599 596 603 609 611 620 615 622 622 623 628 632 641 647 639 648 657 663 666 670 676 685 692 683 692 694 696 697 702 705 712 705 712 717 713 718 724 730 739
118 439 438 445 447 453 455 449 448 445 444 449 447 439 438 442 438 445 451 457 458 461 463 464 464 463 466 467 468 470 478 478 485 483 485 488 488 490 499 506 514 516 519 523 526 532 540 541 550 550 553 558 566 575 575 581 580 585 582 581 587 590 587 596 602 604 613 612 613 620 621 629 637 645 643 637 642 648 655 657 666 672 676 684 682 686 691 687 689 698 704 703 704 704 713 709 714 721 723 731
122 430 435 438 441 448 452 453 444 449 442 444 444 442 433 433 437 438 442 449 451 460 459 455 461 462 460 466 475 473 473 475 476 476 479 484 486 494 503 511 513 517 520 529 523 529 536 538 547 545 547 550 559 566 571 572 578 582 581 580 580 581 586 593 602 607 605 604 613 614 614 623 630 639 637 634 643 649 651 659 659 668 675 675 673 682 688 686 688 697 698 702 709 701 705 706 715 723 727 732
127 427 431 437 437 442 444 449 442 442 435 438 441 439 430 429 435 429 434 442 451 455 458 449 452 456 459 457 466 465 472 469 474 471 480 484 493 499 498 502 504 510 511 520 521 523 527 535 544 543 548 549 551 560 569 571 572 581 574 571 578 586 585 593 602 598 599 603 610 611 612 614 623 631 632 633 634 642 650 651 656 665 666 675 672 674 683 678 682 690 697 705 705 697 706 700 708 714 723 724
132 422 425 434 429 434 443 449 440 435 434 430 438 435 430 423 428 426 432 441 446 446 450 441 447 450 450 455 462 462 463 463 471 470 472 481 489 495 492 496 503 509 514 518 522 527 528 529 537 539 547 554 547 553 560 565 571 577 573 565 569 578 584 585 594 597 600 609 618 614 613 622 630 632 638 634 641 642 648 649 655 664 670 666 668 666 675 675 678 686 688 697 696 696 697 698 707 710 719 723
133 421 419 426 426 434 443 443 439 430 428 422 429 426 426 422 421 424 428 437 440 438 442 439 440 441 448 448 453 459 456 461 468 463 472 478 484 486 487 488 497 500 507 510 515 522 530 529 530 538 547 551 542 545 554 556 565 570 570 562 565 573 575 579 588 590 593 601 609 610 611 618 627 633 634 627 636 638 643 651 658 658 661 657 659 662 668 669 678 681 690 697 692 695 699 707 708 712 714 719
141 423 416 422 420 429 438 436 434 428 430 421 423 423 418 427 420 425 428 432 431 430 436 431 431 437 439 447 448 450 452 453 461 462 468 477 486 495 496 495 504 508 508 517 524 523 532 528 530 539 545 542 538 542 545 553 559 562 561 560 568 571 579 586 582 581 590 596 604 611 604 613 621 625 625 619 627 636 641 646 649 654 661 654 658 660 669 678 671 673 682 690 689 691 699 702 711 714 723 722
142 422 414 413 415 424 431 429 427 420 426 418 415 422 416 420 419 416 425 428 430 421 429 429 425 434 440 449 457 457 461 460 469 471 474 483 488 497 496 498 507 513 515 519 521 526 523 525 534 538 538 543 535 534 540 545 551 555 560 556 565 567 576 577 578 579 586 593 595 602 603 606 615 617 617 618 625 633 637 638 642 646 653 651 660 666 662 669 666 668 676 684 685 689 696 703 712 713 722 725
151 424 415 406 410 418 425 420 423 416 417 410 408 413 413 414 415 413 416 421 423 419 420 426 424 432 438 442 451 454 463 459 464 465 473 482 489 493 495 496 505 513 516 517 515 519 519 526 534 531 530 537 540 533 534 541 546 547 551 552 561 570 572 581 580 582 584 593 594 601 594 603 608 611 612 619 626 627 629 630 636 637 644 650 655 662 661 662 663 671 677 680 682 690 697 705 714 722 724 724
155 418 412 403 404 413 416 419 414 407 409 412 407 410 405 414 416 412 421 422 421 417 421 421 423 424 433 442 445 452 460 458 464 473 479 477 480 487 494 496 502 506 511 510 508 510 513 522 525 528 521 530 534 531 538 547 547 555 560 561 564 572 577 581 582 585 592 595 603 601 593 595 604 609 611 617 624 631 635 636 635 640 649 644 648 653 655 664 662 670 678 681 690 698 706 711 713 713 719 715
162 409 407 402 408 410 419 413 407 399 401 404 399 405 396 405 409 410 419 421 413 410 413 419 427 429 437 441 447 449 451 452 457 466 475 472 481 487 494 500 501 505 505 502 500 501 509 516 516 519 520 527 528 530 539 548 552 559 567 569 565 565 568 573 582 589 592 589 594 596 589 596 602 603 605 614 622 623 630 631 628 635 641 636 642 644 651 656 658 663 669 675 684 692 701 708 711 709 714 711
171 402 408 401 404 401 410 410 401 396 392 395 398 396 395 403 412 411 420 412 406 409 410 419 428 430 437 435 442 446 452 453 460 464 466 471 473 481 488 495 495 497 499 494 491 499 500 508 514 523 522 531 533 539 547 548 551 553 558 562 558 558 564 568 577 582 584 584 585 587 588 593 594 603 604 610 619 628 629 629 626 634 632 635 640 644 645 654 662 669 675 677 682 686 693 700 702 706 711 709
176 395 401 399 397 400 405 402 393 388 391 398 389 398 394 399 407 408 412 403 405 412 417 426 432 432 437 434 440 446 447 455 453 457 465 474 482 482 490 490 492 493 498 489 486 495 504 509 512 514 521 528 525 531 540 542 546 553 559 553 549 557 561 564 570 574 576 583 584 581 583 588 597 600 603 606 615 624 630 624 624 632 631 639 642 644 653 659 660 669 678 683 688 694 691 692 697 698 706 708
180 389 392 390 391 392 397 402 394 385 383 391 384 391 392 401 405 414 405 401 404 410 416 421 426 429 434 430 434 443 446 450 452 453 456 465 474 483 483 484 487 488 492 483 483 490 498 507 504 512 514 522 523 531 533 534 543 544 551 552 545 554 561 562 571 572 576 575 575 573 574 583 590 592 595 604 609 616 622 615 616 623 628 634 638 639 645 654 662 667 671 676 679 688 684 692 697 706 709 701
184 380 383 384 390 397 397 394 386 385 378 385 382 390 392 396 399 406 397 400 404 411 413 422 422 431 426 424 429 438 439 443 452 461 455 462 467 475 476 480 479 487 485 477 478 485 490 498 501 509 514 514 522 524 526 527 534 538 542 543 544 545 554 557 562 567 571 569 570 572 574 578 583 584 593 601 602 611 616 614 619 617 620 629 633 641 644 653 661 658 667 668 674 680 676 683 690 697 706 699
193 373 380 376 382 388 392 387 378 379 377 378 380 388 389 394 390 399 395 400 398 402 408 416 419 425 429 423 432 429 437 439 448 452 454 461 466 475 481 486 477 484 483 476 485 485 489 489 498 500 505 510 519 528 532 534 541 545 542 547 553 554 556 563 563 565 567 568 577 581 581 584 585 592 593 602 611 609 609 610 611 616 625 621 630 634 642 647 656 657 663 669 665 672 673 682 683 688 697 698
201 365 371 375 384 382 384 381 377 373 371 380 384 387 386 387 386 394 394 399 394 403 400 407 410 416 425 422 425 428 436 441 446 453 460 466 464 471 478 477 468 477 481 473 478 484 484 486 494 498 507 512 520 523 524 530 534 537 539 543 550 556 565 565 572 572 569 570 571 573 574 577 585 587 592 600 602 600 608 615 612 613 619 620 628 632 636 641 650 657 654 660 661 670 678 682 690 696 703 707
206 364 365 367 375 380 375 377 377 377 370 373 377 382 382 384 384 386 393 398 392 395 397 406 408 415 417 419 422 430 437 445 452 450 453 457 460 465 470 474 466 470 476 470 471 479 483 491 493 501 504 505 514 522 530 531 539 536 541 546 550 559 567 567 575 572 571 572 580 575 583 578 585 591 591 598 593 594 601 609 613 620 622 623 632 636 643 646 654 649 651 657 661 670 675 676 684 693 702 706
214 357 359 358 367 371 368 374 376 375 369 364 373 377 377 377 379 385 393 398 391 398 401 406 415 409 410 419 425 433 435 436 443 448 450 451 452 461 463 466 465 467 469 468 475 476 484 490 497 504 508 506 512 521 529 530 534 535 541 550 558 564 564 570 573 572 577 580 588 584 584 579 580 582 589 590 592 597 606 611 618 621 622 626 629 631 635 644 647 648 657 664 662 671 678 678 680 689 694 697
219 354 356 356 359 365 359 365 373 371 366 362 370 374 374 375 378 377 385 389 385 391 395 402 407 408 414 422 421 426 428 436 443 452 452 453 453 459 458 457 459 462 463 467 469 478 483 491 493 502 511 510 511 512 521 524 525 534 536 545 549 558 555 563 571 569 570 579 581 589 592 584 589 590 597 594 601 606 607 611 617 618 625 631 636 640 641 650 650 655 664 668 667 675 676 684 681 685 694 703
225 347 353 354 351 356 357 366 364 364 361 353 361 366 366 374 374 370 379 380 384 390 397 398 406 408 409 415 420 429 435 438 444 448 455 458 460 458 455 456 464 464 470 475 478 486 492 486 494 497 503 501 502 505 514 516 525 529 530 537 546 551 550 559 562 563 564 571 574 583 591 593 589 591 593 601 608 613 613 618 618 621 629 631 635 644 650 657 656 664 667 676 673 679 685 693 689 687 689 696
232 346 345 351 344 349 358 360 358 367 359 352 358 364 364 373 367 368 376 383 385 393 400 402 400 405 404 410 416 425 434 439 444 452 459 458 451 449 454 458 466 465 467 468 470 478 487 481 488 491 494 497 500 508 515 519 528 532 538 538 540 545 548 557 558 564 573 580 575 577 585 586 587 596 595 600 607 613 619 627 623 630 634 640 641 650 658 662 663 669 676 685 682 688 693 696 692 688 689 698
241 349 344 345 340 349 355 355 351 359 355 350 359 360 361 365 366 368 370 378 384 392 395 394 397 400 402 411 415 421 429 430 439 446 450 449 448 445 451 460 467 471 474 470 474 476 478 479 480 485 487 496 500 505 506 513 519 528 534 543 544 552 549 557 563 566 575 578 577 585 582 577 580 589 592 600 601 605 614 621 625 632 637 642 643 652 660 663 670 670 677 678 685 693 699 701 700 697 696 705
250 342 335 336 338 343 347 349 350 358 356 347 353 359 364 366 366 372 379 383 390 394 391 391 400 406 407 412 419 420 422 424 432 439 444 452 443 444 453 456 465 474 468 477 482 477 486 487 488 486 487 489 496 505 506 515 524 527 533 540 543 551 552 553 562 562 569 571 578 585 577 576 584 593 596 604 607 613 618 627 626 631 638 645 651 648 657 661 667 672 681 682 691 700 708 710 703 706 698 702
255 333 334 341 342 341 349 343 349 355 352 345 348 351 359 364 363 367 372 376 381 390 390 390 399 401 407 415 424 420 421 423 432 433 437 443 438 447 455 457 464 466 467 474 475 478 485 486 495 491 492 491 493 501 508 516 518 519 525 534 536 544 551 554 563 560 568 576 571 576 573 575 584 590 597 602 611 619 626 623 623 624 632 636 645 646 655 664 672 681 690 686 695 704 709 717 712 710 706 703
256 332 332 338 335 340 342 335 342 347 344 339 347 347 356 359 355 359 365 367 374 381 382 388 396 405 406 410 418 419 425 424 425 430 434 435 437 444 448 457 465 464 470 476 483 487 487 495 496 499 493 497 494 501 505 513 517 518 524 530 537 541 544 545 554 557 566 567 569 571 572 580 583 590 599 600 609 616 617 618 621 625 634 639 641 650 659 660 666 674 681 690 696 699 706 710 709 709 711 709
261 325 323 332 331 340 335 327 334 338 338 333 339 344 349 355 352 360 369 372 381 383 386 395 398 404 408 412 418 427 431 431 434 436 436 442 443 447 450 451 456 458 461 467 476 485 494 503 504 499 494 502 501 502 503 505 513 522 530 538 538 542 547 551 557 566 573 571 577 579 581 588 591 599 608 606 615 622 623 626 630 626 635 636 645 650 659 668 672 680 689 685 693 698 705 706 707 708 716 714
270 320 316 325 322 331 326 324 333 329 330 332 341 341 348 346 347 352 361 370 379 378 385 393 400 401 406 415 423 430 428 432 436 444 444 449 447 454 459 460 464 460 462 470 479 484 485 494 495 500 503 506 506 507 508 512 519 527 531 535 544 551 548 554 563 567 570 577 584 580 588 590 595 597 605 614 623 626 632 633 629 628 636 645 654 654 663 672 680 685 680 682 688 689 696 704 713 717 724 716
275 311 315 319 313 322 320 323 324 328 334 335 337 339 344 345 353 361 368 372 373 374 380 386 391 399 402 411 420 423 424 433 441 441 442 451 453 462 462 463 469 462 470 479 473 481 483 492 498 500 501 510 513 516 517 519 528 536 540 540 546 551 550 557 562 568 576 581 579 580 583 586 595 602 611 618 619 628 636 637 631 634 635 640 646 649 658 667 671 677 678 687 696 696 702 709 710 718 717 724
276 309 307 310 312 313 314 321 323 324 325 331 340 343 346 350 356 363 372 374 379 377 386 393 395 398 401 403 411 419 428 434 440 440 443 451 457 462 458 459 468 471 470 471 472 477 486 495 491 497 506 515 518 516 516 521 523 530 536 537 546 554 557 561 569 570 576 577 578 583 592 594 603 606 611 612 621 626 632 633 638 635 643 648 655 658 659 664 667 672 681 690 691 698 706 713 711 719 715 724
277 286 287 293 300 301 317 326 330 332 332 334 343 352 353 358 365 368 372 375 377 385 390 399 396 404 406 407 416 423 425 431 432 433 440 443 448 455 454 462 460 462 463 471 478 485 488 489 490 499 505 508 511 512 514 519 528 532 537 546 555 558 566 570 573 578 585 584 586 591 593 602 603 607 608 616 622 629 637 642 640 641 647 652 656 665 667 665 670 675 680 685 686 695 701 708 714 717 711 720
284 293 292 296 305 304 306 318 321 327 328 331 340 349 355 362 368 365 367 368 377 383 385 392 397 404 413 411 415 416 419 422 423 424 433 434 443 451 452 454 456 465 470 473 474 481 490 489 496 503 509 516 517 514 523 526 534 541 544 551 556 562 563 566 569 577 586 586 584 590 598 600 608 614 616 623 624 626 634 635 636 643 651 659 660 661 663 668 669 675 683 689 695 704 701 702 705 708 709 714
291 292 301 305 311 313 309 322 326 329 332 338 342 350 353 359 363 364 368 373 382 388 389 397 399 408 416 420 420 419 425 430 428 433 437 435 443 449 458 456 458 459 461 470 471 480 487 488 489 494 502 511 520 515 523 532 541 544 551 552 553 560 564 562 563 568 577 578 583 586 595 603 609 614 620 621 624 628 636 640 641 642 644 652 653 661 664 667 676 681 682 689 694 697 700 699 706 715 714 717
300 301 310 309 310 319 317 330 327 331 340 339 348 351 358 367 372 373 376 380 386 388 394 402 400 403 411 418 425 425 431 432 433 441 440 444 446 449 455 463 466 464 469 470 478 486 494 497 497 502 510 517 518 519 525 530 534 535 544 551 552 553 561 560 568 577 584 586 592 587 590 596 604 609 614 619 620 629 638 639 647 644 653 659 659 666 667 669 670 672 673 682 685 688 695 696 705 714 721 726
309 310 319 318 318 322 320 329 334 340 349 347 354 352 356 365 367 376 379 380 383 384 391 400 409 411 416 419 427 428 436 438 435 443 449 445 452 450 455 463 464 468 473 479 486 494 495 501 506 506 508 517 525 527 531 538 542 544 553 552 553 554 556 558 566 569 577 581 588 595 595 602 607 614 623 628 623 632 634 635 643 644 646 650 655 664 666 672 671 680 681 689 694 697 704 701 707 708 717 724
311 319 324 321 327 326 321 327 336 337 338 339 345 351 352 361 370 377 386 389 389 391 395 399 405 406 415 421 427 434 441 440 440 442 443 451 457 458 461 470 473 477 482 483 491 495 500 508 511 509 511 515 524 528 534 541 544 553 554 553 555 563 565 562 563 572 578 580 589 593 596 598 605 612 615 624 628 634 640 643 646 652 655 653 654 658 664 671 676 680 684 686 689 690 699 708 716 712 716 720
319 327 328 325 329 328 328 335 336 344 346 341 347 352 356 361 370 375 380 389 390 398 397 404 413 408 417 423 425 429 434 443 447 451 444 448 449 455 464 472 477 478 486 490 491 492 499 500 503 506 515 523 527 530 532 538 539 547 552 561 564 564 566 567 570 577 581 586 587 596 604 607 612 615 618 619 624 633 642 643 652 653 656 654 662 667 672 678 685 685 693 689 693 699 704 705 710 719 718 727
320 323 332 334 334 333 337 337 343 345 354 342 343 350 357 360 369 376 378 382 388 397 401 410 417 417 426 428 434 433 442 449 451 451 450 457 458 464 468 469 475 478 483 485 494 501 503 505 508 510 517 523 532 538 539 546 546 549 550 559 568 572 568 570 579 578 580 586 593 602 603 608 617 616 617 618 627 636 645 651 652 659 660 661 664 673 675 676 684 693 702 698 697 700 702 704 712 714 723 732
323 332 341 342 341 341 340 345 346 353 355 346 344 354 360 365 366 371 378 384 392 396 403 410 415 418 426 427 435 436 440 449 458 456 457 460 459 462 469 467 469 473 474 483 486 492 494 496 505 506 509 517 524 529 531 537 540 544 553 555 559 567 575 579 581 587 589 585 588 596 605 611 612 615 616 625 634 636 637 643 651 658 658 664 671 679 684 683 688 696 701 702 704 702 704 709 717 723 732 741
332 339 347 347 348 350 343 351 350 357 356 355 345 353 361 370 375 379 377 383 386 392 401 408 414 419 427 432 436 441 449 458 458 453 454 458 460 461 465 466 467 476 476 477 478 487 495 503 506 515 513 521 530 536 538 545 549 549 555 561 561 564 570 579 586 585 590 583 591 598 599 607 615 621 617 619 625 632 640 649 651 650 657 660 669 676 683 689 690 693 700 705 708 708 713 717 725 730 737 740
339 348 355 355 355 347 344 345 354 358 365 356 346 350 355 362 368 371 372 383 389 395 404 412 407 416 419 424 427 435 441 450 450 452 459 459 461 468 473 470 472 478 483 486 485 487 493 498 507 513 514 522 525 533 534 541 548 552 557 560 562 562 567 573 577 577 582 581 587 596 602 611 613 622 625 628 633 636 644 645 643 647 653 655 662 671 677 680 681 689 698 705 709 712 711 713 721 728 737 745
344 353 359 361 362 353 347 354 362 360 367 361 355 355 357 362 365 374 381 384 385 394 395 404 405 414 415 416 418 427 434 442 445 449 456 464 468 475 477 476 480 484 491 494 489 490 495 504 513 522 523 527 527 528 532 540 543 552 553 557 557 559 567 574 574 576 578 579 587 588 597 606 614 618 625 631 634 642 639 641 642 644 651 660 662 666 673 681 684 685 693 698 702 709 706 714 722 728 735 741
350 357 366 362 365 358 350 351 353 362 364 357 356 360 361 369 370 377 379 388 394 403 396 403 412 415 423 417 424 425 434 440 448 457 462 469 476 481 485 484 485 485 487 492 498 491 497 505 514 522 531 530 533 537 541 541 548 552 553 554 556 563 564 567 573 578 580 588 596 597 605 608 609 614 623 632 636 636 638 647 648 645 654 658 661 666 675 681 687 686 691 697 704 701 705 714 714 720 729 734
353 361 362 364 364 362 356 359 361 366 362 360 357 362 364 370 378 384 381 384 392 400 397 403 405 414 422 423 425 433 442 449 451 458 466 469 475 484 481 486 491 492 488 493 502 499 505 512 514 519 526 528 536 541 543 550 554 553 560 557 560 561 565 568 575 577 582 583 591 597 602 606 610 619 620 629 633 634 641 643 652 649 650 652 661 665 674 683 684 685 688 697 696 699 705 709 713 722 730 737
357 365 369 373 371 366 357 366 370 373 365 366 365 366 372 375 378 386 387 390 399 400 403 412 413 416 425 432 433 437 439 448 450 458 467 465 472 478 479 487 491 489 495 501 502 507 512 518 517 518 527 532 541 550 544 546 547 550 556 565 561 569 572 575 583 578 586 592 598 606 603 605 612 615 624 633 638 635 638 644 652 656 658 661 669 666 673 681 690 690 688 690 693 698 706 710 719 722 727 736
363 372 378 381 377 373 366 375 375 368 367 369 369 375 373 382 382 391 396 397 403 407 407 411 412 420 424 426 427 428 437 438 443 452 460 461 466 469 478 484 486 487 496 504 511 516 519 527 518 522 531 540 549 545 545 554 554 551 560 563 563 571 580 579 588 587 592 593 595 604 610 609 610 613 619 628 630 638 645 648 650 657 665 670 678 671 672 676 684 686 687 696 702 699 706 710 712 719 720 728
364 373 380 381 384 375 372 379 373 371 371 371 377 380 380 382 384 392 393 397 406 412 412 419 421 429 428 428 429 435 441 447 451 460 464 469 474 478 479 487 494 491 500 506 507 516 524 533 525 530 539 542 543 542 549 550 558 559 565 571 569 574 583 585 587 592 594 601 599 601 609 611 613 622 621 623 632 641 648 656 651 659 660 663 672 675 675 684 691 689 691 697 703 700 709 717 720 722 729 730
372 381 383 390 383 382 379 382 374 378 374 375 381 381 389 383 385 389 391 399 406 415 419 420 421 425 432 436 437 444 450 448 455 461 469 475 482 485 481 484 493 497 498 506 509 514 520 527 530 533 539 541 539 540 549 556 558 562 563 564 572 574 575 578 585 589 598 593 594 603 612 612 618 624 623 629 638 640 644 647 655 651 659 663 667 671 676 679 686 695 695 699 700 708 710 716 717 726 728 737
381 390 386 390 389 383 384 385 378 387 379 378 387 388 396 391 392 397 399 408 414 418 419 422 422 430 439 444 445 453 453 457 459 470 473 474 478 479 485 483 486 490 500 503 509 518 518 520 528 530 531 534 535 541 548 549 550 552 553 563 569 576 580 580 585 590 591 592 598 600 607 612 616 617 619 628 637 640 647 651 649 650 656 664 665 666 675 676 685 691 700 702 708 713 719 717 719 720 727 734
390 392 395 392 392 392 393 388 382 385 382 387 392 389 395 400 401 406 401 402 410 419 428 431 430 438 447 452 454 459 462 461 464 465 470 474 475 479 481 482 491 493 495 504 505 513 517 521 527 531 540 537 538 541 549 558 558 560 554 555 560 569 574 575 576 581 588 592 598 607 616 614 622 625 622 625 629 631 639 643 647 652 656 661 663 672 678 685 689 696 697 705 706 713 714 717 718 723 730 737
399 395 404 399 394 395 398 395 386 390 386 391 400 397 402 404 404 412 403 407 416 417 425 426 430 431 440 449 455 460 465 465 467 473 479 480 480 488 485 485 489 497 502 511 509 510 519 523 524 533 534 536 545 542 550 556 562 568 560 556 562 563 567 577 581 590 596 594 603 607 613 614 622 628 629 626 631 639 646 652 656 656 662 668 672 674 679 684 691 698 698 704 713 721 719 718 719 725 727 733
403 404 410 408 403 403 402 395 391 392 391 392 401 406 411 407 412 409 405 413 422 421 427 432 437 439 447 450 459 460 468 466 472 480 487 482 487 494 492 493 494 502 508 512 511 519 526 528 533 538 543 544 547 544 550 559 568 570 563 563 571 571 572 575 581 584 591 592 598 603 610 619 620 625 634 635 632 636 637 643 648 656 660 669 678 682 688 685 693 700 707 708 711 719 727 727 726 734 733 734
411 413 419 414 412 412 411 404 395 393 400 393 395 404 409 415 421 418 413 415 416 425 428 437 438 447 451 451 456 465 474 474 477 481 490 488 489 497 499 499 500 509 516 520 519 528 528 529 535 544 547 553 549 545 554 560 562 564 565 566 574 579 580 582 589 591 597 601 600 609 614 620 629 634 635 644 637 644 644 646 653 658 666 674 680 688 696 691 692 700 704 712 717 725 732 736 734 743 742 738
419 414 418 417 414 421 415 406 401 402 397 396 399 400 405 406 415 417 419 423 425 427 431 439 441 450 452 457 464 473 475 479 479 480 488 496 498 499 502 508 503 504 513 520 528 529 537 530 531 538 547 553 558 552 561 569 567 570 566 572 579 585 588 589 598 593 602 606 601 609 617 626 634 642 643 652 644 653 645 648 656 663 668 669 677 686 687 689 698 704 712 721 724 725 732 741 736 741 750 742
428 421 426 423 415 417 416 408 405 401 400 405 400 409 407 415 422 420 427 429 434 428 437 445 448 455 459 465 472 480 484 485 488 482 485 489 495 497 505 506 504 505 510 511 519 527 533 539 538 542 550 551 560 561 570 575 572 579 574 580 588 591 595 597 605 600 609 611 608 616 624 626 626 635 641 645 643 646 651 657 660 661 668 674 675 677 684 692 700 708 716 718 726 726 733 734 743 749 750 751
437 429 428 431 423 424 415 408 407 403 405 414 409 416 409 410 413 420 421 424 427 435 439 446 448 452 461 467 476 485 489 494 486 484 485 492 501 502 509 510 510 506 509 513 516 523 531 536 538 547 548 552 554 555 563 571 575 584 578 579 587 592 596 598 607 605 609 610 610 619 627 624 625 627 635 636 640 649 657 659 660 663 671 677 679 680 689 697 698 705 713 721 723 725 731 739 740 749 758 757
445 438 431 433 424 415 414 413 413 409 407 415 417 414 412 415 420 426 430 426 430 432 441 444 450 458 459 466 473 482 487 490 494 485 486 488 494 503 510 519 519 515 518 515 523 531 536 539 545 546 555 560 563 562 571 574 579 584 587 582 589 596 599 603 611 614 617 614 613 615 617 621 624 625 634 638 648 651 656 660 661 666 675 682 688 685 694 701 707 713 718 724 726 733 739 739 745 745 749 757
437 433 430 428 427 419 421 414 414 415 416 423 418 419 416 423 427 435 437 428 429 432 440 441 442 449 452 461 465 474 483 484 485 488 495 497 503 510 517 526 525 524 526 524 532 540 545 541 547 549 550 559 560 563 572 576 581 586 593 590 597 605 607 612 620 621 619 617 615 621 625 629 633 634 640 642 652 659 663 668 670 670 675 683 691 694 702 704 711 714 718 727 724 724 732 738 739 740 744 752
446 439 439 436 429 427 419 415 421 419 420 422 427 427 424 431 428 429 438 437 433 440 445 450 443 452 460 465 472 478 479 486 492 495 492 500 509 508 512 519 523 532 534 531 538 539 544 542 549 558 557 561 562 571 572 574 582 591 600 597 605 611 616 621 621 628 625 625 618 627 633 630 636 643 647 644 654 662 670 668 670 677 674 682 690 699 701 704 706 709 709 718 715 716 723 732 736 740 747 753
450 442 442 438 429 425 424 424 429 420 425 429 432 433 428 437 429 438 444 446 441 442 447 454 451 454 461 467 474 479 482 480 483 488 490 494 503 505 511 512 520 529 534 532 537 545 546 551 558 567 559 568 564 569 575 581 587 595 595 600 606 606 611 614 621 629 631 629 621 630 638 632 635 642 646 648 652 657 665 665 667 668 671 680 685 692 697 704 712 708 701 710 714 716 725 734 743 747 747 756
453 446 443 446 438 434 433 433 430 429 432 436 440 434 437 433 430 438 446 447 449 444 453 456 454 459 460 465 469 470 474 478 486 495 493 494 501 505 510 511 520 529 535 534 537 546 552 554 557 566 568 577 573 570 578 585 586 587 589 593 597 604 612 613 622 628 632 628 624 628 636 640 636 642 650 655 653 655 656 659 661 670 677 681 682 689 688 696 703 704 699 708 711 720 726 730 739 743 744 753
460 454 451 453 444 439 442 440 439 432 433 442 447 440 446 440 439 440 445 452 458 453 462 457 459 467 469 468 477 479 479 487 490 498 502 500 509 514 517 520 523 524 533 536 543 551 559 557 565 572 575 582 575 579 581 586 590 590 597 601 600 606 615 622 626 633 639 634 625 634 636 641 638 647 654 661 655 657 664 666 664 669 670 677 679 683 687 689 694 695 696 705 710 713 720 729 734 735 743 745
468 463 460 462 453 446 444 441 442 433 442 445 453 445 452 443 448 442 451 453 462 454 456 463 462 471 472 469 471 475 484 493 495 499 508 507 514 521 521 527 532 533 540 541 548 553 557 561 565 574 576 581 577 586 582 591 598 592 599 608 605 613 619 628 627 634 635 637 629 638 645 649 642 649 653 653 662 665 672 667 669 674 676 685 686 685 689 690 698 698 699 708 710 719 728 732 737 743 749 746
476 470 464 455 454 453 451 442 444 436 445 451 457 454 454 445 451 445 452 457 465 463 465 472 469 475 481 478 474 483 486 488 497 498 507 515 522 528 527 528 530 538 545 544 548 555 557 563 572 581 577 586 586 595 587 595 600 601 604 613 611 615 621 628 636 628 635 636 637 644 652 650 644 645 646 651 660 668 675 670 673 677 680 688 693 686 693 699 705 701 707 708 716 724 725 734 743 744 749 752
473 466 457 456 461 461 452 443 451 443 450 454 460 457 463 454 454 451 458 459 462 463 469 475 471 472 476 484 476 485 487 496 502 503 512 520 521 530 536 534 539 547 552 553 550 552 558 567 573 580 578 579 581 589 588 590 596 597 605 611 612 606 615 622 627 620 629 635 644 653 661 652 649 652 650 654 662 666 673 676 682 685 688 693 690 688 690 695 697 704 707 713 720 723 730 739 748 751 758 761
473 464 463 464 468 459 454 445 452 452 458 463 464 459 466 461 463 460 459 460 463 464 472 481 479 474 483 481 478 479 482 489 498 504 509 518 521 525 532 539 540 548 552 553 551 556 559 568 570 572 580 588 582 591 595 591 594 597 601 603 604 605 609 618 624 619 627 634 637 645 652 659 658 656 653 656 664 672 678 685 685 692 695 702 698 693 697 704 704 710 710 711 720 727 736 744 751 752 761 768
479 470 472 469 469 460 460 454 453 461 459 462 469 460 469 470 471 469 468 469 464 472 478 487 480 475 483 485 487 481 490 498 505 505 509 515 516 523 526 531 538 547 555 556 559 564 568 576 571 579 580 585 590 598 601 599 599 601 609 608 608 606 614 615 616 618 623 629 630 636 645 653 660 664 661 664 665 668 677 678 679 683 689 698 699 694 697 704 707 712 716 718 719 728 736 738 744 751 754 759
476 473 475 476 470 469 462 455 459 461 464 464 467 468 475 473 477 474 469 469 467 468 470 479 488 484 488 493 489 490 498 502 511 514 516 517 522 527 528 532 541 548 552 555 564 572 571 580 578 584 589 594 593 599 605 607 600 608 616 610 617 615 619 622 623 620 621 627 636 639 643 646 652 655 657 661 662 664 669 671 680 688 695 696 698 701 700 701 705 710 712 721 726 730 731 739 741 750 758 762
485 477 482 485 479 478 471 464 465 466 472 472 468 471 480 474 479 476 474 477 468 477 478 487 495 491 489 498 491 497 506 511 520 523 521 525 527 532 537 533 538 544 545 554 559 566 570 579 581 582 585 590 598 599 601 607 609 615 624 615 622 623 626 628 632 628 630 636 644 647 648 653 657 661 659 668 664 671 670 679 685 689 692 701 704 709 704 709 706 714 721 730 729 730 739 745 743 748 750 753
486 485 491 486 487 483 474 470 466 471 475 473 471 472 480 482 486 478 477 485 476 477 478 487 493 492 496 505 496 505 506 515 523 532 528 526 535 538 537 536 537 543 552 559 568 575 575 583 589 583 584 593 599 608 608 614 616 616 624 623 628 626 628 637 636 629 635 638 639 640 641 647 655 656 664 668 673 673 679 681 687 692 696 697 699 707 713 713 707 711 713 722 723 732 738 739 743 744 753 761
492 490 498 493 485 482 476 474 473 472 480 481 478 478 485 491 491 487 479 488 482 486 487 488 492 496 500 501 498 507 511 520 525 534 533 527 533 540 546 543 543 549 557 564 568 577 581 583 592 587 593 595 602 607 611 614 619 618 622 625 630 634 634 637 640 631 640 646 648 644 646 648 653 660 662 671 679 682 682 682 684 693 702 698 705 712 718 715 711 717 719 720 722 723 729 737 738 743 751 755
501 499 499 491 487 478 477 482 481 477 478 479 484 483 489 498 495 486 485 494 489 495 496 493 501 499 500 501 501 509 514 523 529 530 539 532 539 548 545 544 552 550 555 564 573 579 588 591 600 595 601 604 610 616 620 620 628 627 628 626 631 638 643 643 642 633 635 639 644 649 654 651 655 656 659 666 675 676 681 682 686 687 694 702 710 716 720 718 716 720 727 726 731 725 732 738 743 742 743 746
508 499 491 490 481 480 485 486 482 485 483 481 490 484 492 493 502 495 490 493 490 494 503 497 505 500 508 509 509 510 512 520 523 529 538 541 548 552 554 547 551 559 563 572 581 588 595 598 599 597 599 608 611 619 620 628 635 636 633 634 640 642 648 644 646 642 636 643 647 651 652 660 663 663 668 673 682 684 682 686 694 689 692 694 702 711 711 720 722 727 733 735 736 727 728 729 734 740 748 747
505 498 491 490 482 486 494 490 491 489 492 490 495 487 494 494 499 502 493 497 492 501 510 504 513 507 516 511 513 517 518 526 525 531 540 544 553 553 558 552 558 566 569 577 586 591 600 607 606 602 606 615 619 624 627 630 636 644 636 635 644 651 653 653 649 641 639 647 654 657 660 666 671 672 676 678 682 683 691 691 699 690 693 694 702 704 707 715 723 724 729 730 733 730 734 732 742 742 746 754
510 504 495 491 491 489 491 491 500 491 497 499 497 488 497 503 502 501 494 501 500 503 510 509 514 513 520 515 516 521 523 532 534 540 541 550 553 562 563 559 567 571 576 578 585 586 595 604 611 610 607 616 624 625 630 637 642 651 644 638 644 653 662 662 653 646 645 653 657 666 668 673 680 673 681 681 682 685 694 692 701 698 702 703 711 708 716 724 730 732 730 738 738 737 742 738 741 743 752 759
510 502 496 499 497 496 493 496 499 492 496 505 500 497 506 504 504 510 503 506 506 512 519 513 520 514 523 520 525 523 525 532 539 544 546 549 558 565 565 568 573 578 579 579 585 589 596 605 609 616 608 616 625 634 634 637 642 649 653 647 653 660 665 664 662 654 654 659 665 674 669 678 683 679 686 687 688 686 695 697 706 706 711 712 717 709 718 726 735 741 738 747 739 742 745 745 748 744 745 749
512 505 505 506 505 502 502 503 494 493 501 504 507 498 503 508 512 511 510 508 508 510 516 521 520 519 520 529 533 530 534 533 541 549 555 551 560 561 569 566 575 579 588 584 589 598 602 604 612 616 615 621 625 626 635 644 643 644 650 652 659 668 674 667 661 658 660 667 674 677 675 684 688 680 687 695 690 689 692 693 700 703 712 721 724 717 724 728 737 744 746 752 744 750 750 749 754 746 753 755
515 509 510 514 506 510 509 507 500 498 505 505 514 507 512 517 521 517 515 514 516 512 520 528 529 520 528 529 537 535 542 539 546 552 559 552 559 564 572 565 566 575 584 593 598 595 595 600 606 607 608 612 616 618 627 636 645 653 655 661 660 669 674 675 669 661 669 676 678 679 683 686 694 688 693 698 699 690 698 702 704 712 718 724 727 719 728 737 741 749 755 756 751 757 756 758 762 755 759 756
518 518 512 515 511 518 510 508 507 507 507 514 516 509 518 525 530 525 516 515 518 515 523 525 534 527 528 536 539 544 551 548 548 557 564 556 558 560 563 564 566 570 578 586 592 593 594 596 605 613 614 621 624 627 630 638 645 654 662 662 668 677 678 680 675 669 678 684 685 680 685 692 695 693 696 697 701 698 706 711 713 713 721 722 728 720 727 734 742 743 750 758 757 758 765 767 766 762 767 765
