  0 250 244 249 252 248 257 259 262 270 268 264 262 270 274 273 267 268 272 271 274 283 291 291 300 298 298 303 306 307 311 308 309 318 319 325 325 332 333 334 342 345 354 355 361 361 365 367 375 379 382 384 393 402 402 410 410 418 421 426 435 427 429 437 446 444 448 456 457 463 472 481 488 490 497 499 502 500 505 500 505 513 517 525 527 536 544 553 550 556 562 563 564 570 578 584 585 581 587 596
  8 243 242 243 243 247 248 255 260 261 263 255 260 261 265 272 266 269 267 268 271 277 282 290 298 296 294 296 302 310 302 304 308 315 316 325 324 330 336 343 343 344 350 354 362 357 360 362 367 371 373 379 387 394 396 403 406 410 412 420 429 421 429 438 442 441 448 451 459 467 475 474 479 482 489 494 494 491 500 497 499 508 517 521 529 538 543 551 548 555 553 559 566 566 575 575 576 577 586 593
 16 235 233 242 240 249 241 247 252 254 255 253 251 254 259 265 258 261 262 269 278 284 291 285 289 291 290 296 299 303 297 301 309 316 325 330 323 328 328 336 343 349 341 346 353 351 359 365 373 371 375 384 388 390 395 403 406 405 412 419 427 419 427 430 434 439 446 448 454 460 469 471 479 479 480 488 489 490 491 495 498 507 516 517 524 533 534 543 539 546 551 556 557 565 566 569 576 577 578 584
 17 239 232 234 235 240 238 239 243 251 252 247 249 250 252 258 256 261 263 272 277 277 282 277 283 284 289 291 292 294 296 305 313 318 327 321 321 322 327 328 334 340 338 340 349 348 356 361 364 370 375 378 382 389 395 398 399 403 411 410 418 418 419 425 434 438 445 447 455 464 464 473 475 475 484 484 493 490 496 499 507 511 509 510 516 525 527 536 535 537 542 550 553 556 560 564 572 581 582 590
 26 239 231 228 234 235 237 244 249 247 243 244 252 253 251 249 253 262 266 267 275 270 273 273 276 280 280 282 284 287 292 301 308 309 318 315 314 323 328 320 329 331 332 339 340 347 356 361 369 375 382 375 377 386 388 395 404 405 405 407 413 412 420 429 431 435 442 447 451 459 456 464 466 474 476 477 486 487 489 490 499 507 508 511 517 519 527 528 529 533 540 542 544 553 559 567 571 580 588 597
 28 233 224 222 225 226 235 244 243 238 236 238 247 244 242 248 256 256 261 261 269 266 272 271 275 281 279 284 283 284 289 292 299 308 309 316 311 316 322 317 322 325 331 339 340 346 349 355 361 367 374 372 380 381 390 394 396 400 401 404 408 411 415 420 429 431 435 439 448 450 455 456 465 471 479 477 486 495 495 498 499 508 515 512 521 520 528 533 538 542 542 548 545 550 556 559 568 577 582 588
 29 225 216 216 221 225 234 240 235 236 227 234 239 235 236 242 249 250 252 259 261 257 264 268 266 273 277 279 280 287 295 289 296 303 310 307 309 310 313 314 321 322 330 334 338 346 348 351 358 360 369 370 374 379 381 387 389 394 403 406 407 410 415 424 432 439 438 442 446 447 448 455 462 463 471 476 480 486 493 497 499 502 507 515 524 529 537 541 540 547 549 550 549 557 563 560 562 570 577 580
 33 218 212 215 224 227 231 234 227 234 226 231 237 234 242 242 248 243 252 255 258 255 263 270 265 264 269 270 278 283 287 288 292 299 302 306 315 318 320 317 326 330 338 343 340 343 345 349 355 364 368 370 378 387 383 387 390 392 398 401 403 405 407 416 424 433 440 440 443 449 457 463 471 464 473 473 474 479 488 490 491 499 504 510 519 525 533 542 546 555 557 555 558 562 566 562 570 571 580 584
 41 212 211 213 217 218 223 226 225 232 224 224 233 233 236 241 240 242 250 246 251 253 261 263 267 261 265 272 281 290 286 286 290 294 301 310 309 314 321 326 333 332 335 337 340 349 351 358 361 364 367 370 375 382 389 393 399 400 406 410 406 412 410 419 428 434 437 439 446 448 456 465 471 466 469 471 474 478 479 482 489 497 503 508 513 522 530 533 537 546 552 561 561 570 574 570 579 579 579 587
 42 204 208 205 210 213 222 220 219 228 220 221 226 232 238 247 239 235 244 245 253 249 258 265 258 260 264 273 280 284 277 285 290 293 299 307 302 308 316 325 328 328 336 338 342 344 353 362 364 366 365 374 376 383 391 399 403 405 409 410 410 419 416 423 425 433 437 444 445 453 454 461 466 474 478 473 474 483 488 486 495 496 505 514 518 522 528 536 544 546 547 555 564 565 573 578 582 585 578 584
 51 199 206 198 206 208 214 214 216 221 219 225 226 224 230 239 239 230 235 237 244 248 254 257 256 265 265 269 271 278 276 281 283 290 291 298 300 304 311 320 325 327 334 342 349 350 353 357 359 359 364 372 373 378 383 392 395 397 400 401 404 411 417 418 419 425 431 435 442 447 456 458 464 473 478 477 480 489 496 491 499 505 507 511 520 526 532 540 547 554 555 556 565 569 570 572 575 576 577 585
 56 194 203 197 205 213 206 213 214 214 212 216 217 220 221 230 233 228 237 238 247 243 250 258 254 263 268 271 280 275 274 280 279 288 296 300 299 302 309 313 316 318 326 333 341 344 344 348 350 358 366 374 374 383 384 392 397 405 405 408 413 418 422 423 422 429 435 440 443 448 452 461 467 476 477 485 489 497 497 500 503 508 509 512 520 525 533 538 538 547 548 556 557 561 570 571 579 585 585 588
 58 191 194 196 198 204 198 207 214 209 210 217 222 216 222 223 224 225 234 237 238 242 244 251 253 254 262 271 280 277 270 272 278 281 288 297 298 300 309 311 314 316 320 327 335 336 337 340 349 354 358 367 374 381 386 392 398 402 406 415 422 423 424 432 429 437 443 438 446 455 461 455 464 471 472 478 485 490 499 503 512 507 509 512 515 522 530 533 536 541 545 552 558 564 571 579 574 583 591 597
 66 187 189 194 192 195 193 201 205 208 216 214 214 207 216 223 228 234 238 239 247 245 250 251 260 263 269 263 272 268 269 277 286 289 289 293 299 307 310 314 323 323 328 333 334 339 346 349 350 356 365 372 373 374 383 389 390 395 402 410 416 424 431 440 432 436 435 437 438 447 452 453 462 470 479 483 484 491 496 495 504 505 511 518 524 524 526 530 531 532 539 546 549 558 562 571 573 582 585 592
 73 186 180 186 183 187 189 198 197 204 207 212 207 203 210 218 219 225 230 231 239 248 245 246 253 262 263 261 265 267 274 283 291 290 290 296 298 299 308 312 318 327 332 328 337 336 344 349 353 356 360 368 375 383 386 383 392 399 406 407 407 415 423 432 426 427 434 436 439 448 451 456 463 465 473 475 478 485 488 494 500 509 515 524 524 526 535 531 532 540 542 551 551 553 562 567 576 585 586 591
 74 178 179 177 180 182 186 192 196 195 198 206 203 199 201 210 214 222 225 230 238 242 244 245 246 255 254 260 265 268 275 284 292 293 289 296 290 296 304 303 312 321 323 325 334 329 338 345 347 352 359 367 376 377 378 379 388 393 398 399 406 415 417 425 425 426 427 434 439 447 454 461 463 464 465 466 474 480 481 490 498 503 510 515 516 523 529 532 534 540 542 544 552 561 565 569 571 580 581 582
 83 173 170 176 177 183 185 192 194 194 192 199 206 198 202 211 220 218 226 225 230 234 241 236 243 246 250 257 261 269 278 286 286 290 288 287 287 293 298 302 308 317 326 324 330 327 330 336 343 345 350 359 368 377 378 383 390 394 399 402 407 415 415 416 424 429 435 443 440 449 457 458 461 470 472 471 480 481 489 493 501 501 502 510 519 526 527 534 540 545 549 546 554 559 564 567 570 577 580 588
 89 171 163 172 178 174 183 188 193 194 186 191 199 195 202 205 211 215 217 219 225 227 232 233 236 241 244 248 256 264 270 279 277 283 279 280 284 288 293 299 306 312 319 321 322 324 330 339 347 351 352 361 363 372 373 377 383 389 397 403 409 412 409 418 419 428 436 442 448 449 457 462 470 475 477 472 481 490 493 499 502 500 508 515 520 529 528 536 537 543 547 550 559 568 571 567 568 576 577 586
 93 165 161 167 174 172 178 183 185 185 184 190 193 194 203 203 207 212 221 222 224 222 223 227 228 237 238 239 247 255 264 273 270 274 275 283 292 294 296 302 303 310 317 326 324 331 335 344 353 358 353 357 359 363 372 377 384 385 393 399 403 408 407 414 423 424 431 440 442 450 452 461 462 467 468 477 480 486 485 490 493 496 503 512 515 522 531 540 538 545 544 551 552 559 566 566 575 579 585 590
 94 165 158 165 168 167 174 176 181 176 177 186 195 194 199 199 206 212 212 221 223 218 221 230 233 238 246 242 248 255 263 267 269 271 279 277 286 293 302 303 311 314 322 327 326 329 338 347 349 356 362 359 366 364 371 380 381 382 390 392 399 401 405 413 415 424 428 431 440 448 451 460 462 470 475 473 471 478 481 486 495 504 508 512 520 529 531 540 537 541 543 549 556 556 557 558 566 571 576 581
100 162 157 158 164 165 174 169 175 174 168 177 186 191 197 195 197 205 204 213 214 217 226 232 232 237 245 250 255 263 265 270 263 264 271 272 279 288 297 305 311 308 313 320 323 332 338 339 340 349 356 358 367 367 368 374 381 382 389 396 398 407 411 417 420 426 434 440 449 453 453 459 463 471 467 464 470 472 477 486 494 501 508 510 515 524 531 538 531 532 539 541 548 555 560 561 563 570 579 587
109 153 150 156 157 166 165 160 168 173 167 169 177 184 188 191 194 197 199 206 215 218 224 229 231 236 239 246 252 254 256 261 262 271 277 280 281 290 296 301 302 305 306 315 316 325 331 338 342 349 350 358 364 370 374 383 384 391 394 395 400 409 411 418 424 426 435 437 444 444 445 450 454 463 469 461 470 479 485 488 492 498 507 516 511 520 522 529 530 535 538 546 539 547 552 553 558 564 570 579
118 144 143 150 153 150 156 157 161 162 164 169 177 178 183 194 195 202 208 214 221 221 225 234 234 235 241 242 243 245 253 256 265 272 276 279 279 281 290 297 305 307 310 314 317 323 331 334 343 348 352 357 365 374 374 380 379 384 385 386 393 402 402 411 417 419 428 434 435 442 443 451 459 467 465 459 464 470 477 479 488 494 498 507 510 514 519 520 522 531 537 537 538 541 550 549 554 561 563 571
122 125 130 133 137 144 152 161 163 169 171 175 178 187 186 192 196 205 213 220 222 230 229 235 243 241 242 251 252 253 254 260 262 267 270 275 277 285 294 303 312 314 319 323 319 325 334 337 346 344 346 349 358 365 370 371 377 381 388 395 395 396 401 408 417 426 427 426 435 436 436 445 452 461 459 456 465 471 473 481 482 491 498 500 501 510 516 520 522 531 532 536 544 541 545 546 555 563 567 572
127 130 136 139 145 152 154 161 163 170 171 179 181 190 187 193 202 205 210 218 227 236 238 243 248 247 251 253 261 256 263 266 267 268 277 279 286 291 297 303 305 311 312 321 320 322 326 334 343 342 347 348 352 361 370 376 377 386 389 395 404 404 402 410 419 420 421 425 432 433 434 436 445 453 454 455 456 464 472 474 479 488 489 498 502 508 517 512 516 524 531 539 544 537 546 540 548 554 563 564
132 131 137 146 148 153 162 170 168 173 177 185 190 199 194 194 202 202 208 217 223 231 240 240 247 253 253 258 265 259 266 266 274 273 275 284 292 298 295 299 306 312 317 321 325 327 327 328 336 338 346 353 357 365 372 381 383 390 397 391 395 404 410 411 420 423 426 434 441 437 436 445 453 455 460 462 463 467 473 474 480 489 498 500 502 500 509 509 512 520 522 531 535 536 537 538 547 550 559 563
133 133 136 143 149 157 166 173 177 175 181 182 189 192 200 195 196 200 204 213 221 229 234 238 243 244 251 251 256 262 259 264 271 266 275 281 287 289 290 291 300 303 310 313 318 325 333 329 330 338 347 356 359 362 371 374 383 391 396 388 391 399 401 405 414 416 419 427 435 436 443 450 459 463 468 461 470 469 474 482 489 492 495 491 493 496 502 503 512 520 529 536 537 540 541 547 548 552 554 559
141 140 138 147 152 161 170 177 184 183 190 185 193 197 199 204 197 207 207 211 212 221 228 230 234 240 242 250 251 253 255 256 264 265 271 280 289 298 299 298 307 311 311 320 327 326 335 332 332 341 348 352 355 363 368 376 382 388 387 386 394 397 405 412 408 407 416 422 430 437 438 447 455 459 459 453 461 470 475 480 483 488 495 488 492 494 503 512 516 518 527 535 534 536 544 547 556 555 563 562
142 147 139 146 151 160 167 176 183 187 196 193 200 206 202 208 201 205 214 218 221 221 229 230 228 237 243 252 260 260 264 263 272 274 277 286 291 300 300 301 310 316 318 322 328 333 337 334 341 348 356 360 356 357 363 368 374 381 386 382 391 393 402 403 404 405 412 419 421 428 437 440 449 451 451 452 459 467 471 472 476 480 487 485 494 500 501 508 511 513 521 529 530 534 541 548 557 556 565 565
151 156 148 149 155 163 172 170 179 188 196 195 196 201 209 205 203 204 207 212 216 218 219 225 226 235 241 245 254 257 266 264 269 270 278 287 296 302 302 302 311 319 323 329 335 342 343 341 350 351 360 367 363 359 360 367 372 373 377 378 387 396 398 407 406 408 410 419 420 427 428 437 442 445 446 453 460 461 463 464 470 471 478 484 491 500 506 507 508 516 522 525 527 535 542 550 559 565 570 571
155 164 157 150 151 160 163 169 176 184 192 200 204 206 215 214 210 206 215 213 221 225 227 227 228 229 239 248 251 258 267 267 273 279 284 289 292 299 306 304 310 314 320 328 336 345 347 350 359 360 359 368 366 360 367 376 373 381 386 387 390 398 407 415 408 411 418 424 429 435 432 434 443 449 452 458 465 469 469 470 477 476 485 491 495 500 502 511 509 517 525 528 536 543 551 556 558 560 566 562
162 163 156 151 157 166 172 175 183 186 195 204 205 214 210 219 211 207 216 222 228 226 229 233 236 234 242 248 254 257 259 260 266 275 284 284 293 299 306 310 316 322 325 332 338 339 347 354 354 357 358 365 363 362 371 380 378 385 394 395 397 404 408 413 417 418 426 429 438 442 433 440 448 449 451 460 468 469 476 473 475 482 488 483 489 491 498 503 505 510 516 522 531 539 548 555 558 556 561 558
171 167 160 153 160 161 170 179 187 194 195 198 207 208 209 217 219 210 219 228 225 228 229 238 245 236 243 244 251 255 261 261 268 276 278 283 285 293 300 307 310 314 319 324 329 337 338 346 352 361 360 369 371 371 379 385 383 385 390 399 405 405 411 415 424 426 431 430 431 434 435 440 441 450 451 457 466 475 476 476 473 481 479 482 487 491 492 501 509 516 522 524 529 533 540 547 549 553 558 556
176 173 169 162 166 169 177 186 191 194 202 207 212 217 211 216 219 211 220 222 224 231 236 245 245 239 244 248 254 260 261 269 269 274 283 292 294 294 302 308 313 318 327 330 330 339 347 351 357 359 366 373 370 376 385 389 387 394 398 400 396 404 408 411 417 421 423 430 431 428 430 435 444 447 450 453 462 471 477 471 471 479 478 486 489 491 500 506 507 516 525 530 535 541 538 539 544 545 553 555
180 182 177 168 167 168 173 181 190 192 197 205 207 214 212 221 225 220 228 223 226 232 238 243 247 242 250 254 259 268 268 275 271 272 275 285 294 303 305 306 312 313 322 327 327 334 342 351 349 357 359 367 368 376 380 381 390 391 398 399 392 401 408 409 418 419 423 422 422 420 421 430 437 439 442 451 456 463 469 462 463 470 475 481 485 486 492 501 509 514 518 523 526 535 531 539 544 553 556 548
184 186 179 176 175 177 178 186 194 199 198 205 207 215 215 219 228 229 228 226 232 241 243 252 250 251 252 253 258 267 269 273 280 281 276 284 289 297 298 302 304 312 320 321 322 329 334 343 346 355 361 361 369 371 373 374 381 385 389 390 391 392 401 404 409 414 418 416 417 419 421 425 430 431 440 448 449 458 463 461 466 464 467 476 480 488 491 500 508 505 514 515 521 527 523 530 537 544 553 546
193 194 186 177 181 183 186 195 195 201 204 205 207 215 218 225 229 238 229 231 235 239 247 256 259 260 258 254 263 264 272 274 283 283 278 286 291 300 304 311 313 319 326 323 331 330 335 336 345 347 352 357 366 375 379 381 388 392 389 394 400 401 403 410 410 412 414 415 424 428 428 431 432 439 440 449 458 456 456 457 458 463 472 468 477 481 489 494 503 504 510 516 512 519 520 529 530 535 544 545
200 192 191 185 190 185 194 198 199 201 202 211 214 219 222 225 227 235 230 235 237 246 246 253 256 262 266 257 260 263 271 276 281 288 285 295 295 302 310 319 315 324 328 320 325 331 331 333 341 345 354 359 367 370 371 377 381 384 386 390 397 403 412 412 419 419 416 417 418 420 421 424 432 434 439 447 449 447 455 462 459 460 466 467 475 479 483 488 497 504 501 507 508 517 525 529 537 543 550 554
204 199 197 194 198 194 201 201 200 207 203 212 216 221 226 232 232 234 237 241 238 241 243 252 254 261 266 259 262 270 277 285 290 290 288 295 301 306 313 321 313 317 323 317 318 326 330 338 340 348 351 352 361 369 377 378 386 383 388 393 397 406 414 414 422 419 418 419 427 422 430 425 432 438 438 445 440 441 448 456 460 467 469 470 479 483 490 493 501 496 498 504 508 517 522 523 531 540 549 553
210 202 199 196 205 200 209 210 203 209 208 210 219 223 226 228 230 238 245 250 244 248 249 254 263 262 263 268 268 276 283 284 291 295 290 291 292 302 307 313 312 314 316 315 322 323 331 337 344 351 355 353 359 368 376 377 381 382 388 397 405 411 411 417 420 419 424 427 435 431 431 426 427 429 436 437 439 444 453 458 465 468 469 473 476 478 482 491 494 495 504 511 509 518 525 525 527 536 541 544
213 208 201 198 206 209 211 216 212 216 213 219 228 231 234 229 233 240 248 254 245 251 253 260 265 263 269 276 269 274 276 284 291 300 292 293 293 299 302 303 305 308 310 314 316 325 330 338 340 349 358 357 358 359 368 371 372 381 383 392 396 405 402 410 418 416 417 426 428 436 439 431 436 437 444 441 448 453 454 458 464 465 472 478 483 487 488 497 497 502 511 515 514 522 523 531 528 532 541 550
215 209 209 201 208 215 212 221 218 219 221 220 228 233 235 237 240 242 251 250 249 255 260 261 269 266 271 277 274 283 283 286 292 296 299 298 302 308 303 304 312 310 317 322 325 333 339 333 341 344 350 348 349 352 361 363 372 376 377 384 393 398 397 406 409 410 411 418 421 430 438 440 436 438 440 448 455 460 460 465 465 468 476 478 482 491 497 504 503 511 514 523 520 526 532 540 536 534 536 543
217 210 209 208 212 217 221 226 225 228 228 222 228 234 237 246 241 242 250 257 251 259 266 269 272 271 273 279 280 289 292 295 297 304 308 307 305 309 308 308 316 311 313 314 317 325 334 328 335 338 341 344 347 355 362 366 375 379 385 385 387 392 395 404 405 411 420 427 422 424 432 433 434 443 442 447 454 460 466 474 470 477 481 487 488 497 505 509 510 516 523 532 529 535 540 543 539 535 536 545
226 217 218 217 214 223 229 232 226 234 230 225 234 235 236 240 241 243 245 253 257 265 269 272 275 274 275 284 284 290 298 301 306 311 314 308 310 310 314 317 323 317 320 316 320 322 324 325 326 331 334 343 347 352 353 360 366 375 381 390 391 399 396 404 410 413 422 425 424 432 429 424 427 436 439 447 448 452 461 468 472 479 484 489 490 499 507 510 517 517 524 525 532 540 546 548 547 544 543 552
235 226 218 217 216 221 225 231 227 235 236 227 233 241 241 242 244 249 254 260 266 269 270 271 280 280 280 285 291 291 293 295 303 310 316 317 315 311 320 320 329 326 321 325 328 323 332 333 334 332 333 335 343 352 353 362 371 374 380 387 390 398 399 400 409 409 416 418 425 432 424 423 431 440 443 451 454 460 465 474 473 478 485 492 498 495 504 508 514 519 528 529 538 547 555 557 550 553 545 549
226 221 220 224 223 222 230 238 234 242 241 233 236 240 248 247 252 257 261 269 273 278 278 273 282 282 286 293 300 292 293 295 304 305 309 315 310 319 327 322 329 324 322 329 327 326 333 334 343 337 338 337 339 348 355 363 365 366 372 381 383 391 398 401 410 407 415 423 418 423 420 422 431 437 444 449 458 466 473 470 470 471 479 483 492 493 502 511 519 528 537 533 542 551 556 564 559 557 553 550
227 228 229 230 227 227 234 242 242 251 245 239 244 243 252 251 254 258 264 266 273 280 279 279 287 291 287 291 299 293 299 296 297 302 306 307 309 316 320 329 337 330 331 338 335 335 335 343 344 345 339 343 340 348 352 360 364 365 371 377 384 388 391 392 401 404 413 414 416 418 419 427 430 437 446 447 456 463 464 465 468 472 481 486 488 497 506 507 513 521 528 537 543 546 553 557 556 556 558 556
232 233 236 239 236 236 243 245 249 253 248 240 246 248 253 260 259 266 273 271 280 285 283 288 290 296 291 295 301 302 305 303 306 308 308 314 315 319 322 323 328 330 333 339 344 344 344 352 353 345 340 348 347 348 350 352 360 369 377 385 385 389 394 398 404 413 420 418 424 426 428 435 438 446 455 453 462 469 470 473 477 473 482 483 492 497 506 515 519 527 536 532 540 545 552 553 554 555 563 561
241 242 237 246 245 245 249 246 253 244 243 242 251 250 257 257 258 263 272 280 289 289 290 296 299 298 296 304 309 309 309 307 310 316 316 321 319 326 331 332 336 332 334 342 351 349 346 355 351 350 349 352 352 353 355 359 366 374 378 382 391 398 395 401 410 414 417 424 431 427 435 437 442 444 452 461 470 473 479 480 476 475 483 492 501 501 510 519 527 532 527 529 535 536 543 551 560 564 571 563
246 244 245 254 246 254 255 249 249 248 252 246 248 250 255 256 264 272 279 283 284 285 291 297 302 306 299 308 317 313 310 316 318 317 317 326 325 334 335 336 341 334 342 351 352 356 348 357 358 353 350 359 359 362 364 366 375 383 387 387 393 398 397 404 409 415 423 428 426 427 430 433 442 449 458 465 466 475 483 484 478 481 482 487 493 496 505 514 518 524 525 534 543 543 549 556 557 565 564 571
247 251 253 257 249 253 254 256 251 249 250 252 257 254 257 261 267 274 283 285 290 288 297 304 306 305 302 304 312 320 319 322 326 324 320 328 334 341 339 337 346 343 349 350 351 356 357 366 359 359 359 368 366 366 366 371 373 380 386 387 396 404 404 408 416 417 423 424 425 430 439 441 450 453 458 459 468 473 479 480 485 482 490 495 502 505 506 511 514 519 528 537 538 545 553 560 558 566 562 571
248 257 254 260 256 254 262 265 260 257 257 255 264 263 264 269 276 279 284 290 292 296 301 310 307 313 307 308 317 324 325 331 333 333 327 336 339 346 341 345 349 345 346 354 358 364 360 361 360 368 365 368 369 367 368 373 382 384 389 396 405 408 413 417 420 425 432 431 433 438 440 449 450 454 455 463 469 476 484 489 487 488 494 499 503 512 514 512 517 522 527 532 533 542 548 555 561 564 558 567
255 264 259 263 265 257 259 267 263 263 258 258 267 272 270 276 282 280 282 283 292 298 300 307 312 319 316 312 316 317 320 323 324 325 334 335 344 350 342 344 346 354 355 357 360 367 369 362 367 376 372 376 375 369 377 380 388 393 396 403 408 414 414 418 423 431 440 439 434 440 448 450 458 461 463 470 471 473 481 482 483 490 498 506 507 508 510 515 516 522 530 536 542 551 548 549 552 555 556 561
262 263 268 272 271 266 262 271 268 265 262 265 269 277 273 279 283 281 285 288 297 303 304 312 314 323 324 321 321 320 326 331 329 334 338 336 344 350 351 346 348 349 351 360 361 370 370 363 364 369 377 385 380 370 379 388 397 400 403 404 405 412 416 416 417 422 431 432 437 440 449 457 463 466 469 471 475 477 485 487 488 489 491 499 500 508 511 514 523 528 529 536 541 544 547 546 553 562 561 564
271 272 277 276 272 275 270 278 269 269 271 266 275 278 280 288 292 290 293 295 301 304 310 318 315 318 326 328 328 326 332 333 334 342 341 345 347 350 356 354 356 354 359 360 368 376 378 372 372 377 385 383 376 374 381 386 390 391 400 407 406 407 415 414 422 431 438 440 446 441 444 450 458 463 468 473 474 483 492 491 496 491 500 507 506 513 514 516 517 519 520 529 532 535 542 543 552 561 568 573
280 281 286 285 280 277 273 278 276 278 280 274 283 279 283 292 294 299 296 296 299 300 307 316 324 326 331 331 336 329 337 339 336 344 350 346 353 351 356 362 357 358 363 369 376 384 379 378 381 381 383 392 384 382 387 394 398 400 409 408 407 408 410 412 420 423 431 435 442 449 449 456 461 468 477 482 477 486 488 489 497 492 494 498 503 512 514 520 518 527 528 536 541 544 551 548 554 555 564 571
282 290 291 288 287 278 274 280 285 277 276 275 277 283 284 293 302 306 305 305 305 307 311 315 321 322 331 337 342 336 343 341 341 343 344 352 358 359 362 371 366 367 372 373 381 385 384 386 389 384 386 390 393 386 393 400 403 409 411 409 409 417 419 416 417 426 432 434 443 447 450 452 459 466 469 478 482 488 494 497 500 500 503 501 502 506 512 519 523 527 531 533 536 537 546 555 563 559 563 567
290 298 292 288 284 280 281 288 286 285 284 277 279 284 288 293 302 307 310 314 307 315 313 320 329 324 333 339 341 340 345 350 348 352 345 349 350 356 365 373 371 368 376 380 381 382 389 387 390 387 395 398 394 389 391 397 398 407 412 418 418 418 420 421 424 431 435 440 441 450 458 461 466 469 472 473 478 487 496 497 506 501 504 502 510 515 520 526 532 532 540 536 540 546 551 552 557 566 565 574
291 294 301 297 289 285 290 290 293 287 287 278 279 282 289 292 301 308 310 314 313 322 317 326 333 333 342 344 350 344 353 357 352 352 351 358 359 365 369 371 377 373 382 382 390 391 398 396 395 391 399 404 403 398 399 406 405 411 412 421 427 426 422 424 433 432 434 440 447 456 457 462 471 470 471 472 481 490 499 505 506 508 508 509 512 521 523 524 532 541 549 545 544 547 549 551 559 561 570 579
294 303 310 304 296 293 293 298 296 295 291 282 280 287 293 297 298 303 310 316 321 325 324 331 336 336 344 345 353 347 351 360 361 357 358 361 360 363 370 369 371 375 376 385 388 394 396 398 401 392 395 403 410 403 401 407 408 412 421 423 427 434 430 433 435 441 443 442 445 453 462 468 469 472 472 481 490 492 493 499 507 515 509 515 519 527 532 531 536 544 549 549 551 549 551 556 564 570 579 588
303 310 316 308 303 302 296 304 300 298 291 290 281 286 294 303 307 311 310 316 319 325 333 338 343 341 349 353 362 353 360 369 366 358 359 363 362 363 367 368 369 378 378 379 380 389 397 405 404 401 399 407 416 410 408 415 417 417 424 429 429 432 436 442 444 449 451 444 452 459 460 468 476 478 473 475 481 488 496 505 513 512 516 520 528 534 539 540 545 548 555 554 555 555 560 564 572 577 584 587
310 319 324 316 308 300 297 298 307 302 298 289 282 286 291 298 304 307 308 316 322 328 337 345 340 349 352 357 360 361 367 375 366 361 366 364 364 370 375 372 374 380 385 388 387 389 395 400 409 406 400 408 411 418 410 417 424 421 426 430 434 435 440 446 448 449 451 446 452 461 466 475 477 486 481 484 489 492 500 504 505 509 515 517 524 533 539 542 543 551 560 561 562 559 564 566 574 581 590 595
315 324 327 321 315 306 300 307 313 304 302 295 291 291 293 298 301 310 317 319 320 329 330 337 338 347 348 349 351 360 367 375 368 365 372 372 371 377 379 378 382 386 393 396 391 392 397 406 415 415 409 413 413 414 414 422 425 430 427 432 433 435 443 450 449 451 449 447 455 456 465 474 482 486 488 490 492 500 501 503 504 506 513 522 524 528 535 543 546 547 555 560 564 567 565 573 581 589 596 602
321 328 328 319 318 311 303 304 306 309 300 293 292 296 297 305 306 313 315 324 329 338 331 336 345 348 356 350 357 358 367 373 376 374 378 379 379 383 387 386 387 387 389 394 400 393 399 407 416 423 418 416 419 423 423 423 430 433 428 429 431 439 440 443 449 454 451 456 464 465 473 476 477 482 491 499 496 498 500 509 510 507 516 520 523 528 537 543 549 548 553 559 566 563 567 576 576 582 591 596
324 328 320 319 317 315 309 312 311 303 298 296 293 298 300 306 314 320 317 320 328 336 332 336 338 347 355 356 358 366 375 382 379 381 386 383 385 392 389 391 393 394 390 395 404 401 407 414 416 421 425 418 426 428 425 432 436 435 435 432 435 437 441 444 451 453 456 457 465 471 476 480 481 490 491 500 500 499 506 508 517 511 512 514 523 527 536 545 546 547 550 559 558 561 567 571 575 584 592 599
328 335 327 328 324 319 310 319 318 309 301 302 301 302 308 311 314 322 323 326 335 336 338 345 346 349 358 365 366 370 372 381 383 389 395 387 392 399 390 398 398 396 397 403 404 409 414 420 419 420 429 423 432 435 426 428 429 432 438 441 436 445 448 451 459 454 462 466 472 480 477 479 486 489 498 507 508 500 503 509 517 518 520 523 531 528 535 543 552 552 550 552 555 560 568 572 581 584 589 598
334 343 336 336 330 326 319 320 311 304 303 305 305 311 309 318 318 327 332 333 339 343 342 346 347 355 359 361 362 363 372 373 376 385 393 388 393 396 399 404 399 397 406 411 413 418 421 429 420 424 433 432 439 430 427 436 436 433 442 442 438 447 456 455 464 463 468 467 469 478 484 483 484 487 493 502 504 508 510 513 515 522 528 532 540 533 534 538 546 548 549 558 564 561 568 572 574 581 582 590
335 344 342 335 334 325 322 316 309 307 307 307 313 316 316 318 320 328 329 333 342 348 347 354 356 364 363 363 364 370 376 382 384 393 397 396 401 405 400 408 407 401 410 416 414 423 429 436 427 432 441 435 436 432 434 435 443 441 447 450 444 449 459 462 464 468 470 475 474 476 484 485 487 496 495 497 506 515 517 522 516 524 525 528 537 537 537 546 553 551 553 559 565 562 571 579 582 584 591 592
343 352 343 342 333 332 325 318 310 314 310 311 317 317 325 319 321 325 327 335 342 351 354 355 356 360 367 371 372 379 385 383 390 394 402 402 409 409 402 405 414 407 408 416 417 422 428 435 432 435 442 441 436 433 442 442 449 450 456 451 452 451 452 455 463 467 476 476 475 484 493 486 492 499 499 503 512 514 518 521 524 525 533 532 536 541 542 545 552 560 557 561 562 570 572 578 579 588 590 599
352 349 340 337 333 327 326 321 314 323 315 314 323 324 332 327 328 333 335 344 350 354 355 358 357 365 374 379 380 388 388 392 394 403 406 403 407 408 408 406 409 411 416 419 423 431 429 431 439 437 438 440 437 439 446 443 444 446 447 456 461 458 458 460 470 476 478 477 481 483 490 491 495 496 498 507 516 519 526 529 526 526 532 540 538 539 548 546 555 561 566 564 570 575 581 579 581 582 589 596
358 349 347 338 336 336 333 324 318 321 318 323 328 325 331 336 337 342 337 338 346 355 364 367 365 373 382 387 389 394 397 396 399 400 405 407 408 412 409 407 416 414 416 425 424 432 433 435 441 441 447 443 440 442 450 452 452 454 448 449 453 462 464 461 462 467 474 478 485 492 499 493 501 504 501 504 508 510 518 522 526 531 535 540 540 548 554 555 559 566 567 572 571 578 579 582 582 587 594 601
361 352 354 345 338 339 336 331 322 326 322 327 336 333 338 340 340 348 339 343 352 353 361 362 366 367 376 385 391 396 401 400 402 408 414 413 413 421 413 410 414 422 423 432 428 429 438 439 440 449 446 445 449 443 451 457 458 462 454 450 456 457 461 470 467 476 482 480 490 494 500 494 502 508 508 505 510 518 525 531 535 535 541 547 549 550 555 560 566 573 568 574 580 586 584 583 583 589 591 597
365 361 360 354 347 346 338 331 327 328 327 328 337 342 347 343 348 345 341 349 358 357 363 368 373 375 383 386 395 396 404 401 407 415 422 415 420 427 420 418 419 427 429 433 430 438 445 444 449 454 455 453 448 445 451 460 467 464 457 457 465 465 466 469 473 476 483 481 487 492 499 503 503 508 517 514 511 515 516 522 527 535 539 548 557 558 564 561 569 576 577 578 581 589 592 592 590 598 597 598
373 370 369 360 356 355 347 340 331 329 336 329 331 340 345 351 357 354 349 351 352 361 364 373 374 383 387 387 392 401 410 409 412 416 425 421 422 430 427 424 425 434 437 441 438 447 447 445 451 460 459 459 450 446 455 461 463 461 459 460 468 473 474 476 481 483 489 490 489 498 503 509 512 517 518 523 516 523 523 525 532 537 545 553 559 566 573 567 568 576 580 586 587 595 599 601 598 607 606 602
373 365 364 360 357 360 351 342 337 338 333 332 335 336 341 342 351 353 355 359 361 363 367 375 377 386 388 393 400 409 411 414 414 415 423 429 431 432 430 433 428 429 438 445 447 449 455 446 447 454 463 465 459 453 462 470 468 466 460 466 473 479 482 483 490 485 494 495 490 498 506 515 520 525 526 532 523 532 524 527 535 542 547 548 556 565 566 568 577 582 588 595 594 595 602 609 600 605 614 606
381 372 371 363 355 354 352 344 341 337 336 341 336 345 343 351 358 356 363 365 370 364 373 381 384 391 395 401 408 416 420 420 423 417 420 424 430 432 438 431 429 430 435 436 444 452 458 455 454 458 466 466 468 462 471 476 473 475 468 474 482 485 489 491 498 492 501 500 497 505 513 515 515 524 530 534 526 529 530 536 539 540 547 553 554 556 563 571 579 587 595 597 602 596 603 604 609 613 614 615
388 379 371 371 363 360 351 344 343 339 341 350 345 352 345 346 349 356 357 360 363 371 375 382 384 388 397 403 412 421 425 429 421 419 420 427 436 437 442 435 435 431 434 438 441 448 456 460 456 465 466 469 465 463 471 479 477 481 472 473 481 486 490 492 501 497 501 501 499 508 516 513 514 516 524 525 529 538 538 538 539 542 550 556 558 559 568 576 577 584 592 600 600 598 604 612 610 619 623 621
381 378 369 369 360 351 350 349 349 345 343 351 353 350 348 351 356 362 366 362 366 368 377 380 386 394 395 402 409 418 423 426 429 420 421 423 429 438 445 444 444 440 443 440 448 456 461 463 463 464 473 477 474 470 479 482 482 486 481 476 483 490 493 497 505 506 509 505 502 504 506 510 513 514 523 527 537 540 543 542 540 545 554 561 567 564 573 580 586 592 597 603 603 607 612 613 616 621 626 629
373 369 366 364 363 355 357 350 350 351 352 359 354 355 352 359 363 371 373 364 365 368 376 377 378 385 388 397 401 410 419 420 421 423 430 432 438 445 452 453 450 449 451 449 457 465 470 465 469 467 468 477 474 473 482 486 487 491 488 484 491 499 501 506 514 513 509 507 504 510 514 518 522 523 529 531 541 548 550 550 549 549 554 562 570 573 581 583 590 595 604 612 612 613 621 619 619 620 624 632
382 375 375 372 365 363 355 351 357 355 356 358 363 363 360 367 364 365 374 373 369 376 381 386 379 388 396 401 408 414 415 422 428 430 428 436 445 444 448 455 454 458 459 456 463 464 469 466 473 476 475 479 476 482 483 485 493 500 497 491 499 505 510 515 515 520 515 515 507 516 522 519 525 532 536 533 543 551 558 553 552 558 557 565 573 582 585 586 588 591 598 607 604 605 612 621 623 624 631 637
386 378 378 374 365 361 360 360 365 356 361 365 368 369 364 373 365 374 380 382 377 378 383 390 387 390 397 403 410 415 418 416 419 424 426 430 439 441 447 448 456 465 462 457 462 470 471 475 482 485 477 486 478 483 489 492 498 506 503 498 507 507 512 515 522 528 521 518 510 519 527 521 524 531 535 537 541 546 554 554 556 557 560 569 574 581 586 593 597 597 590 599 603 605 614 623 632 631 634 643
389 382 379 382 374 370 369 369 366 365 368 372 376 370 373 369 366 374 382 383 385 380 389 392 390 395 396 401 405 406 410 414 422 431 429 430 437 441 446 447 456 465 465 459 462 471 477 478 481 490 486 495 487 484 492 499 499 500 502 502 506 513 520 516 525 527 521 517 513 517 525 529 525 531 539 544 542 544 545 548 550 559 566 570 571 578 577 585 592 593 588 597 600 609 615 619 628 632 633 642
396 390 387 389 380 375 378 376 375 368 369 378 383 376 382 376 375 376 381 388 394 389 398 393 395 403 405 404 413 415 415 423 426 434 438 436 445 450 453 456 459 460 469 462 469 477 485 481 489 496 493 496 489 493 495 500 503 503 510 510 509 515 524 525 529 534 528 523 514 523 525 530 527 536 543 550 544 546 553 555 553 558 559 566 568 572 576 578 583 584 585 594 599 602 609 618 623 624 632 634
404 399 396 398 389 382 380 377 378 369 378 381 389 381 388 379 384 378 387 389 398 390 392 399 398 407 408 405 407 411 420 429 431 435 444 443 450 457 457 463 468 469 474 467 474 479 483 485 489 498 495 496 491 500 496 505 511 505 512 519 514 522 528 534 530 534 527 526 518 527 534 538 531 538 542 542 551 554 561 556 558 563 565 574 575 574 578 579 587 587 588 597 599 608 617 621 626 632 638 635
412 406 400 391 390 389 387 378 380 372 381 387 393 390 390 381 387 381 388 393 401 399 401 408 405 411 417 414 410 419 422 424 433 434 443 451 458 464 463 464 466 474 477 470 474 481 483 489 498 505 496 505 500 509 501 509 514 514 517 526 520 529 534 541 539 542 534 527 526 533 541 539 533 534 535 540 549 557 564 559 562 566 569 577 582 575 582 588 594 590 596 597 605 613 614 623 632 633 638 641
409 402 393 392 397 397 388 379 387 379 386 390 396 393 399 390 390 387 394 395 398 399 405 411 407 408 412 420 412 421 423 432 438 439 448 456 457 466 472 470 475 483 484 479 476 478 484 493 499 505 497 498 500 508 502 504 510 511 519 525 526 520 529 536 541 534 542 533 535 542 550 541 538 541 539 543 551 555 562 565 571 574 577 582 579 577 579 584 586 593 596 602 609 612 619 628 637 640 647 650
409 400 399 400 404 395 390 381 388 388 394 399 400 395 402 397 399 396 395 396 399 400 408 417 415 410 419 417 414 415 418 425 434 440 445 454 457 461 468 475 476 484 483 479 477 482 485 494 496 498 505 507 501 510 509 505 508 511 515 517 518 519 523 532 538 533 541 540 542 551 555 548 547 545 542 545 553 561 567 574 577 583 584 591 587 582 586 593 593 599 599 600 609 616 625 633 640 641 650 657
415 406 408 405 405 396 396 390 389 397 395 398 405 396 405 406 407 405 404 405 400 408 414 423 416 411 419 421 423 417 426 434 441 441 445 451 452 459 462 467 474 483 490 482 485 490 494 502 497 505 506 511 509 517 515 513 513 515 523 522 522 520 528 529 530 532 537 543 543 549 558 556 555 554 550 553 556 560 569 573 574 578 584 593 588 583 586 593 596 601 605 607 608 617 625 627 633 640 643 648
412 409 411 412 406 405 398 391 395 397 400 400 403 404 411 409 413 410 405 405 403 404 406 415 424 420 424 429 425 426 434 438 447 450 452 453 458 463 464 468 477 484 488 485 494 498 497 506 504 510 515 520 512 518 521 521 514 522 530 524 531 529 533 536 537 534 535 541 550 552 556 559 561 555 552 556 557 559 564 566 575 583 590 591 590 590 589 590 594 599 601 610 615 619 620 628 630 639 647 651
421 413 418 421 415 414 407 400 401 402 408 408 404 407 416 410 415 412 410 413 404 413 414 423 431 427 425 434 427 433 442 447 456 459 457 461 463 468 473 469 474 480 481 490 495 502 501 510 507 508 511 516 520 519 521 527 523 529 538 529 536 537 540 542 546 542 544 550 558 560 562 566 565 560 554 563 559 566 565 574 580 584 587 596 596 598 593 598 595 603 610 619 618 619 628 634 632 637 639 642
422 421 427 422 423 419 410 406 402 407 411 409 407 408 416 418 422 414 413 421 412 413 414 423 429 428 432 441 432 441 442 451 459 468 464 462 471 474 473 472 473 479 488 495 504 511 506 514 515 509 510 519 525 528 528 534 530 530 538 537 542 540 542 551 550 543 549 552 553 554 555 561 569 561 562 566 568 568 574 576 582 587 591 592 594 602 602 602 596 600 602 611 612 621 627 628 632 633 642 650
428 426 434 429 421 418 412 410 409 408 416 417 414 414 421 427 427 423 415 424 418 422 423 424 428 432 436 437 434 443 447 456 461 470 469 463 469 476 482 479 479 485 493 500 504 513 512 514 522 513 519 521 528 533 532 535 535 532 536 539 544 548 548 551 554 545 554 560 562 558 560 562 567 568 565 574 576 577 577 577 579 588 597 593 600 607 608 604 600 606 608 609 611 612 618 626 627 632 640 644
437 435 435 427 423 414 413 418 417 413 414 415 420 419 425 434 431 422 421 430 425 431 432 429 437 435 436 437 437 445 450 459 465 466 475 468 475 484 481 480 488 486 491 500 509 515 521 522 530 521 527 530 536 542 541 541 544 541 542 540 545 552 557 557 556 547 549 553 558 563 568 565 569 569 568 575 584 578 582 578 582 583 590 598 606 612 616 607 605 609 616 615 620 614 621 627 632 631 632 635
444 435 427 426 417 416 421 422 418 421 419 417 426 420 428 429 438 431 426 429 426 430 439 433 441 436 444 445 445 446 448 456 459 465 474 477 484 488 490 483 487 495 499 508 517 524 528 529 525 523 525 534 537 545 542 549 551 550 547 548 554 556 562 558 560 556 550 557 561 565 566 574 577 576 577 582 591 586 583 582 590 585 588 590 598 607 607 616 611 616 622 624 625 616 617 618 623 629 637 636
441 434 427 426 418 422 430 426 427 425 428 426 431 423 430 430 435 438 429 433 428 437 446 440 449 443 452 447 449 453 454 462 461 467 476 480 489 489 494 488 494 502 505 513 522 527 536 538 532 528 532 541 545 550 549 552 557 558 550 549 558 565 567 567 563 555 553 561 568 571 574 580 585 585 585 587 591 587 592 587 595 586 589 590 598 600 603 611 619 617 622 623 622 619 623 621 631 631 635 643
446 440 431 427 427 425 427 427 436 427 433 435 433 424 433 439 438 437 430 437 436 439 446 445 450 449 456 451 452 457 459 468 470 476 477 486 489 498 499 495 503 507 512 514 521 522 531 540 539 536 533 542 550 551 554 559 563 567 558 552 558 567 576 576 567 560 559 567 571 580 582 587 594 586 593 590 591 590 597 588 597 594 598 599 607 604 612 620 626 625 623 631 627 626 631 627 630 632 641 648
446 438 432 435 433 432 429 432 435 428 432 441 436 433 442 440 440 446 439 442 442 448 455 449 456 450 459 456 461 459 461 468 475 480 482 485 494 501 501 504 509 514 515 515 521 525 532 541 543 542 534 542 551 560 558 561 566 573 567 561 567 574 579 578 576 568 568 573 579 588 583 592 597 592 599 596 597 591 600 593 602 602 607 608 613 605 614 622 631 634 631 637 628 631 634 634 637 633 634 638
448 441 441 442 441 438 438 439 430 429 437 440 443 434 439 444 448 447 446 444 444 446 452 457 456 455 456 465 469 466 470 469 477 485 491 487 496 497 505 502 511 515 524 520 525 534 538 540 548 550 541 550 559 560 567 570 567 568 572 566 573 582 588 581 575 572 574 581 588 591 589 598 601 593 600 604 596 594 597 594 601 604 613 617 620 613 620 624 633 640 639 641 633 639 639 638 643 635 642 644
451 445 446 450 442 446 445 443 436 434 441 441 450 443 448 453 457 453 451 450 452 448 456 464 465 456 464 465 473 471 478 475 482 488 495 488 495 500 508 501 502 511 520 529 534 531 531 536 542 543 542 546 550 552 561 570 576 577 577 575 574 583 588 589 583 575 583 590 592 593 597 600 608 601 606 609 604 595 603 603 605 613 619 623 623 615 624 633 637 645 648 645 640 646 645 647 651 644 648 645
454 454 448 451 447 454 446 444 443 443 443 450 452 445 454 461 466 461 452 451 454 451 459 461 470 463 464 472 475 480 487 484 484 493 500 492 494 496 499 500 502 506 514 522 528 529 530 532 541 549 548 555 558 561 564 572 579 586 584 576 582 591 592 594 589 583 592 598 599 594 599 606 609 606 609 608 607 603 611 612 614 614 622 623 624 616 623 630 638 639 646 653 646 647 654 656 655 651 656 654
