  0 274 268 273 276 272 281 283 286 294 293 289 287 295 299 299 293 294 298 297 300 309 317 317 326 328 328 333 336 337 341 338 339 348 349 355 355 362 363 364 372 375 384 385 391 391 395 397 405 409 412 414 423 432 432 440 440 448 451 456 465 457 459 467 476 474 478 486 487 493 502 511 518 520 527 529 532 530 535 530 535 543 547 555 557 566 574 583 580 586 592 593 594 600 608 614 615 611 617 626
  8 267 266 267 267 271 272 279 284 285 288 280 285 286 290 297 292 295 293 294 297 303 308 316 325 326 324 326 332 340 332 334 338 345 346 355 354 360 366 373 373 374 380 384 392 387 390 392 397 401 403 409 417 424 426 433 436 440 442 450 459 451 459 468 472 471 478 481 489 497 505 504 509 512 519 524 524 521 530 527 529 538 547 551 559 568 573 581 578 585 583 589 596 596 605 605 606 607 616 623
 16 259 257 266 264 273 265 271 276 278 280 278 276 279 284 291 284 287 288 295 304 310 317 315 319 321 320 326 329 333 327 331 339 346 355 360 353 358 358 366 373 379 371 376 383 381 389 395 403 401 405 414 418 420 425 433 436 435 442 449 457 449 457 460 464 469 476 478 484 490 499 501 509 509 510 518 519 520 521 525 528 537 546 547 554 563 564 573 569 576 581 586 587 595 596 599 606 607 608 614
 17 263 256 258 259 264 262 263 267 275 277 272 274 275 277 284 282 287 289 298 303 307 312 307 313 314 319 321 322 324 326 335 343 348 357 351 351 352 357 358 364 370 368 370 379 378 386 391 394 400 405 408 412 419 425 428 429 433 441 440 448 448 449 455 464 468 475 477 485 494 494 503 505 505 514 514 523 520 526 529 537 541 539 540 546 555 557 566 565 567 572 580 583 586 590 594 602 611 612 620
 26 263 255 252 258 259 261 268 273 272 268 269 277 279 277 275 279 288 293 297 305 300 303 303 306 310 310 312 314 317 322 331 338 339 348 345 344 353 358 350 359 361 362 369 370 377 386 391 399 405 412 405 407 416 418 425 434 435 435 437 443 442 450 459 461 465 472 477 481 489 486 494 496 504 506 507 516 517 519 520 529 537 538 541 547 549 557 558 559 563 570 572 574 583 589 597 601 610 618 627
 28 257 248 246 249 250 259 268 267 263 261 263 272 270 268 274 282 286 291 291 299 296 302 301 305 311 309 314 313 314 319 322 329 338 339 346 341 346 352 347 352 355 361 369 370 376 379 385 391 397 404 402 410 411 420 424 426 430 431 434 438 441 445 450 459 461 465 469 478 480 485 486 495 501 509 507 516 525 525 528 529 538 545 542 551 550 558 563 568 572 572 578 575 580 586 589 598 607 612 618
 29 249 240 240 245 249 258 264 259 261 252 259 264 261 262 268 275 280 282 289 291 287 294 298 296 303 307 309 310 317 325 319 326 333 340 337 339 340 343 344 351 352 360 364 368 376 378 381 388 390 399 400 404 409 411 417 419 424 433 436 437 440 445 454 462 469 468 472 476 477 478 485 492 493 501 506 510 516 523 527 529 532 537 545 554 559 567 571 570 577 579 580 579 587 593 590 592 600 607 610
 33 242 236 239 248 251 255 258 251 259 251 256 262 260 268 268 276 273 282 285 288 285 293 300 295 294 299 300 308 313 317 318 322 329 332 336 345 348 350 347 356 360 368 373 370 373 375 379 385 394 398 400 408 417 413 417 420 422 428 431 433 435 437 446 454 463 470 470 473 479 487 493 501 494 503 503 504 509 518 520 521 529 534 540 549 555 563 572 576 585 587 585 588 592 596 592 600 601 610 614
 41 236 235 237 241 242 247 250 249 257 249 249 258 259 262 267 268 272 280 276 281 283 291 293 297 291 295 302 311 320 316 316 320 324 331 340 339 344 351 356 363 362 365 367 370 379 381 388 391 394 397 400 405 412 419 423 429 430 436 440 436 442 440 449 458 464 467 469 476 478 486 495 501 496 499 501 504 508 509 512 519 527 533 538 543 552 560 563 567 576 582 591 591 600 604 600 609 609 604 612
 42 228 232 229 234 237 246 244 243 252 245 246 251 258 264 273 269 265 274 275 283 279 288 295 288 290 294 303 310 314 307 315 320 323 329 337 332 338 346 355 358 358 366 368 372 374 383 392 394 396 395 404 406 413 421 429 433 435 439 440 440 449 446 453 455 463 467 474 475 483 484 491 496 504 508 503 504 513 518 516 525 526 535 544 548 552 558 566 574 576 577 585 594 595 603 605 607 610 603 609
 51 223 230 222 230 232 238 238 240 246 244 250 251 250 256 265 269 260 265 267 274 278 284 287 286 295 295 299 301 308 306 311 313 320 321 328 330 334 341 350 355 357 364 372 379 380 383 387 389 389 394 402 403 408 413 422 425 427 430 431 434 441 447 448 449 455 461 465 472 477 486 488 494 503 508 507 510 519 526 521 529 535 537 541 550 556 562 570 572 580 581 582 591 594 595 597 600 601 602 610
 56 218 227 221 229 237 230 237 238 239 237 241 242 246 247 256 263 258 267 268 277 273 280 288 284 293 298 301 310 305 304 310 309 318 326 330 329 332 339 343 346 348 356 363 371 374 374 378 380 388 396 404 404 413 414 422 427 435 435 438 443 448 452 453 452 459 465 470 473 478 482 491 497 506 506 514 519 527 527 530 533 538 539 542 550 555 563 563 563 572 573 581 582 586 595 596 604 610 610 613
 58 215 218 220 222 228 222 231 238 234 235 242 250 246 252 253 254 255 264 267 268 272 274 281 283 284 292 301 310 307 300 302 308 311 318 327 328 330 339 341 344 346 350 357 365 366 367 370 379 384 388 397 404 411 416 422 428 432 436 445 452 453 454 462 459 467 472 467 475 484 490 484 493 500 501 507 514 519 528 532 541 536 538 541 544 551 559 558 561 566 570 577 583 589 596 604 599 608 616 622
 66 211 213 218 216 219 217 225 229 233 242 243 244 237 246 253 258 264 268 269 277 275 280 281 290 293 299 293 302 298 299 307 316 319 319 323 329 337 340 344 353 353 358 363 364 369 376 379 380 386 395 402 403 404 413 419 420 425 432 440 446 454 461 470 461 465 464 466 467 476 481 482 491 499 508 512 513 520 525 524 533 534 540 547 553 549 551 555 556 557 564 571 574 583 587 596 598 607 610 617
 73 210 204 210 207 211 213 222 221 230 236 241 237 233 240 248 249 255 260 261 269 278 275 276 283 292 293 291 295 297 304 313 321 320 320 326 328 329 338 342 348 357 362 358 367 366 374 379 383 386 390 398 405 413 416 413 422 429 436 437 437 445 453 462 455 456 463 465 468 477 480 485 492 494 502 504 507 514 517 523 529 536 537 545 545 547 556 554 555 563 566 574 575 577 586 591 600 609 607 612
 74 202 203 201 204 206 210 216 220 221 227 235 233 229 231 240 244 252 255 260 268 272 274 275 276 285 284 290 295 298 305 314 322 323 319 326 320 326 334 333 342 351 353 355 364 359 368 375 377 382 389 397 406 407 408 409 418 423 428 429 436 445 446 454 454 455 456 463 468 476 483 490 492 493 494 495 503 509 510 519 527 527 531 536 537 544 550 553 555 561 563 565 573 582 586 590 592 601 602 603
 83 197 194 200 201 207 209 216 218 220 222 229 236 228 232 241 250 248 256 255 260 264 271 266 273 276 280 287 291 299 308 316 316 320 318 317 317 323 328 332 338 347 356 354 360 357 360 366 373 375 380 389 398 407 408 413 420 424 429 432 437 445 444 445 453 458 464 472 469 478 486 487 490 499 501 500 509 510 518 522 530 522 523 531 540 547 548 555 561 566 570 567 575 580 585 588 591 598 601 609
 89 195 187 196 202 198 207 212 220 224 216 221 229 225 232 235 241 245 247 249 255 257 262 263 266 271 274 278 286 294 300 309 307 313 309 310 314 318 323 329 336 342 349 351 352 354 360 369 377 381 382 391 393 402 403 407 413 419 427 433 438 441 438 447 448 457 465 471 477 478 486 491 496 500 502 501 510 516 514 520 523 521 529 536 541 550 549 557 558 564 568 571 580 589 592 588 589 597 598 607
 93 189 185 191 198 196 202 209 213 215 214 220 223 224 233 233 237 242 251 252 254 252 253 257 258 267 268 269 277 285 294 303 300 304 305 313 322 324 326 332 333 340 347 356 354 361 365 374 383 388 383 387 389 393 402 407 414 414 422 428 432 437 436 443 452 453 460 469 471 479 479 488 487 492 493 502 501 507 506 511 514 517 524 533 536 543 552 561 559 566 565 572 573 580 587 587 596 600 606 611
 94 189 182 189 192 191 198 205 211 206 207 216 225 224 229 229 236 242 242 251 253 248 251 260 263 268 276 272 278 285 293 297 299 301 309 307 316 323 332 333 341 343 351 356 355 358 367 376 378 385 390 385 392 393 400 409 410 411 419 421 428 430 434 442 444 453 457 460 469 477 477 486 486 494 496 494 492 499 502 507 516 525 529 533 541 550 552 561 558 562 564 570 577 577 578 579 587 592 597 602
100 186 181 182 188 189 198 200 206 204 198 207 216 221 227 225 227 235 234 243 244 247 256 262 262 267 275 280 285 293 295 300 293 294 301 302 309 318 327 335 340 337 342 349 352 361 367 368 369 378 381 383 392 395 396 402 409 410 417 423 423 432 438 444 449 453 461 467 474 474 474 480 484 492 488 485 491 493 498 507 515 522 529 531 536 545 552 559 552 553 560 562 569 576 581 582 584 591 600 608
109 177 174 180 181 190 196 191 199 203 197 199 207 214 218 221 224 227 229 236 245 248 254 259 261 266 269 276 282 284 286 291 292 301 307 310 310 319 325 330 331 334 335 344 345 354 360 367 371 377 374 382 388 394 400 409 405 414 415 416 421 430 432 439 445 447 456 458 465 465 466 471 475 484 490 482 491 500 506 509 513 519 528 537 532 541 543 550 551 556 559 567 560 568 573 574 579 585 591 600
118 168 167 174 177 183 189 190 193 194 196 201 209 210 215 224 225 232 238 244 251 251 255 264 264 265 271 272 273 275 283 286 295 302 305 308 308 310 319 326 334 336 339 343 346 352 360 361 370 370 373 378 386 395 395 401 400 405 406 407 414 423 423 432 438 440 449 455 456 463 464 472 480 488 486 480 485 491 498 500 509 515 519 528 531 535 540 541 543 552 558 558 559 562 571 570 575 582 584 592
122 159 164 167 171 178 186 194 189 196 202 207 209 218 218 222 226 235 243 250 252 260 259 265 273 271 272 281 282 283 284 290 292 296 299 304 306 314 323 331 333 337 340 349 343 349 356 358 367 365 367 370 379 386 391 392 398 402 409 416 416 417 422 429 438 447 448 447 456 457 457 466 473 482 480 477 486 492 494 502 503 512 519 521 522 531 537 541 543 552 553 557 565 562 566 567 576 584 588 593
127 156 159 165 171 176 178 185 187 194 195 203 206 215 216 222 229 230 235 243 252 261 268 267 271 276 279 277 286 285 292 289 294 291 300 304 313 319 318 322 324 330 331 340 341 343 347 355 364 363 368 369 373 382 391 397 398 407 410 416 425 425 423 431 440 441 442 446 453 454 455 457 466 474 475 476 477 485 493 495 500 509 510 519 523 529 538 533 537 545 552 560 565 558 567 561 569 575 584 585
132 151 153 162 163 168 177 186 191 196 201 209 215 221 223 222 229 227 233 242 248 256 265 259 266 270 270 275 282 282 283 283 291 290 292 301 309 315 312 316 323 329 334 338 342 347 348 349 357 359 367 374 378 386 393 402 404 411 418 412 416 425 431 432 441 444 447 455 462 458 457 466 474 476 481 483 484 488 494 495 501 510 519 521 523 521 530 530 533 541 543 552 556 557 558 559 568 571 580 584
133 135 138 154 160 168 177 184 193 195 201 202 209 212 220 221 222 225 229 238 246 254 259 257 260 261 268 268 273 279 276 281 288 283 292 298 304 306 307 308 317 320 327 330 335 342 350 350 351 359 368 377 380 383 392 395 404 412 417 409 412 420 422 426 435 437 440 448 456 457 464 471 480 484 489 482 491 490 495 503 510 513 516 512 514 517 523 524 533 541 550 557 556 559 562 568 569 573 575 580
141 142 140 153 158 167 176 183 190 198 207 205 213 217 219 228 223 232 232 236 237 246 253 249 251 257 259 267 268 270 272 273 281 282 288 297 306 315 316 315 324 328 328 337 344 343 352 353 353 362 369 373 376 384 389 397 403 409 408 407 415 418 426 433 429 428 437 443 451 458 459 468 476 480 480 474 482 491 496 501 504 509 516 509 513 515 524 533 535 537 546 554 553 555 563 566 575 576 584 583
142 150 141 152 157 166 173 182 189 193 202 210 212 219 221 225 225 225 234 237 243 238 246 247 245 254 260 269 277 277 281 280 289 291 294 303 308 317 317 318 327 333 335 339 345 350 354 355 362 369 377 381 377 378 384 389 395 402 407 403 412 414 423 424 425 426 433 440 442 449 458 461 470 472 472 473 480 488 492 493 497 501 508 506 515 521 522 529 530 532 540 548 549 553 560 567 576 577 586 586
151 159 150 153 161 169 178 174 183 192 200 202 203 208 216 217 219 220 223 228 232 234 235 241 244 252 258 262 271 274 283 281 286 287 295 304 313 319 319 319 328 336 340 346 352 359 360 362 371 372 381 388 384 380 381 388 393 394 398 399 408 417 419 428 427 429 431 440 441 448 449 458 463 466 467 474 481 482 484 485 491 492 499 505 512 521 525 526 527 535 541 544 546 554 561 569 578 586 588 588
155 164 159 154 155 164 167 173 180 188 196 204 211 213 222 226 226 222 231 229 237 241 243 243 245 246 256 265 268 275 284 284 290 296 301 306 309 316 323 321 327 331 337 345 353 362 364 371 380 381 376 385 387 381 388 397 394 402 407 408 411 419 428 436 429 432 439 445 450 456 453 455 464 470 473 479 486 490 490 491 498 497 506 508 512 517 519 528 526 534 542 545 554 562 570 575 577 577 583 579
162 167 160 155 161 170 176 179 187 190 199 208 209 218 214 223 227 223 232 238 244 242 245 249 253 251 259 265 271 274 276 277 283 292 301 301 310 316 323 327 333 339 342 349 355 356 364 371 371 374 375 382 383 383 392 401 399 406 415 416 418 425 429 434 438 439 447 450 458 460 453 460 466 467 469 478 486 487 494 494 492 499 505 500 506 508 515 520 522 527 533 539 548 556 565 572 575 573 578 575
171 171 164 157 164 165 174 183 191 198 199 202 211 212 213 221 230 226 235 244 241 244 245 254 262 253 260 261 268 272 278 278 285 293 295 300 302 310 317 324 327 331 336 341 346 354 355 363 369 378 377 386 391 392 400 406 404 406 411 420 422 422 428 432 441 446 448 448 449 451 452 457 458 467 468 474 483 492 493 493 490 498 496 499 504 508 509 518 526 533 539 541 546 550 557 564 566 570 575 573
176 177 173 166 170 173 181 190 195 198 206 211 216 221 215 220 228 227 236 238 240 247 252 261 262 256 261 265 271 277 278 286 286 291 300 309 311 311 319 325 330 335 344 347 347 356 364 368 374 376 383 390 387 393 402 406 408 415 419 417 413 421 425 428 434 438 440 447 448 445 447 452 461 464 467 470 479 488 494 488 488 496 495 503 506 508 517 523 524 533 542 547 552 558 555 556 561 562 570 572
180 186 181 172 171 172 177 185 194 196 201 209 211 218 216 225 231 236 244 239 242 248 254 259 264 259 267 271 276 285 285 292 288 289 292 302 311 320 322 323 329 330 339 344 344 351 359 368 366 374 376 384 385 393 397 398 407 408 415 416 409 418 425 426 435 436 440 439 439 437 438 447 454 456 459 468 473 480 486 479 480 487 492 498 502 503 509 518 526 531 535 540 543 552 548 556 561 570 573 565
184 190 183 180 179 181 182 190 198 203 202 209 211 219 219 223 232 241 243 242 248 257 259 268 267 268 269 270 275 284 286 290 297 298 293 301 306 314 315 319 321 329 337 338 339 346 351 360 363 372 378 378 386 388 390 391 398 402 406 407 408 409 418 421 426 431 435 433 434 436 438 442 447 448 457 465 466 475 480 478 483 481 484 493 497 505 508 517 525 522 531 532 538 544 540 547 554 561 570 563
193 198 190 181 185 187 190 199 199 205 208 209 211 219 222 229 233 242 241 246 250 254 262 271 275 277 275 271 280 281 289 291 300 300 295 303 308 317 321 328 330 336 343 340 348 347 352 353 362 364 369 374 383 392 396 398 405 409 406 411 417 418 420 427 427 429 431 432 441 445 445 448 449 456 457 466 475 473 473 474 475 480 489 485 494 498 506 511 520 521 527 533 529 536 537 546 547 552 561 562
201 196 195 189 194 189 198 202 203 205 206 215 218 223 226 229 231 239 240 245 247 256 256 263 266 272 281 274 277 280 288 293 298 305 302 312 312 319 327 336 332 341 345 337 342 348 348 350 358 362 371 376 384 387 388 394 398 401 403 407 414 420 429 429 436 436 433 434 435 437 438 441 449 451 456 464 466 464 472 479 476 477 483 484 492 496 500 505 514 521 518 524 525 534 542 546 554 560 567 571
206 203 201 198 202 198 205 205 204 211 207 216 220 225 230 236 236 238 245 251 248 251 253 262 264 271 278 276 279 287 294 302 307 307 305 312 318 323 330 338 330 334 340 334 335 343 347 355 357 365 368 369 378 386 394 395 403 400 405 410 414 423 431 431 439 436 435 436 444 439 447 442 449 455 455 462 457 458 465 473 477 484 486 487 496 500 507 510 518 513 515 521 525 534 539 540 548 557 566 570
214 206 203 200 209 204 213 214 207 213 212 214 223 227 230 232 234 242 250 259 254 258 259 264 273 272 273 282 285 293 300 301 308 312 307 308 309 319 324 330 329 331 333 332 339 340 348 354 361 368 372 370 376 385 393 394 398 399 405 414 422 428 428 434 437 436 441 444 452 448 448 443 444 446 453 454 456 461 470 475 482 485 486 490 493 495 499 508 511 512 521 528 526 535 542 542 544 553 558 561
217 212 205 202 210 213 215 220 216 220 217 223 232 235 238 233 237 244 252 261 255 261 263 270 275 273 279 287 286 291 293 301 308 317 309 310 310 316 319 320 322 325 327 331 333 342 347 355 357 366 375 374 375 376 385 388 389 398 400 409 413 422 419 427 435 433 434 443 445 453 456 448 453 454 461 458 465 470 471 475 481 482 489 495 500 504 505 514 514 519 528 532 531 539 540 548 545 549 558 567
219 213 213 205 212 219 216 225 222 223 225 224 232 237 239 241 244 246 255 256 259 265 270 271 279 276 281 287 291 300 300 303 309 313 316 315 319 325 320 321 329 327 334 339 342 350 356 350 358 361 367 365 366 369 378 380 389 393 394 401 410 415 414 423 426 427 428 435 438 447 455 457 453 455 457 465 472 477 477 482 482 485 493 495 499 508 514 521 520 528 531 540 537 543 549 557 553 551 553 560
221 214 213 212 216 221 225 230 229 232 232 226 232 238 241 250 245 246 254 261 261 269 276 279 282 281 283 289 295 304 309 312 314 321 325 324 322 326 325 325 333 328 330 331 334 342 351 345 352 355 358 361 364 372 379 383 392 396 402 402 404 409 412 421 422 428 437 444 439 441 449 450 451 460 459 464 471 477 483 491 487 494 498 504 505 514 522 526 527 533 540 549 546 552 557 560 556 552 553 562
230 221 222 221 218 227 233 236 230 238 234 229 238 239 240 244 245 247 249 257 263 271 275 278 281 284 285 294 298 304 312 313 322 328 331 325 327 327 331 334 340 334 337 333 337 339 341 342 343 348 351 360 364 369 370 377 383 392 398 407 408 416 413 421 427 430 439 442 441 449 446 441 444 453 456 464 465 469 478 485 489 496 501 506 507 516 524 527 534 534 541 542 549 557 563 565 564 561 560 569
239 230 222 221 220 225 229 235 231 239 240 231 237 245 245 246 248 253 258 264 272 275 276 277 286 290 290 295 302 303 305 307 315 322 328 334 327 328 337 337 346 343 338 342 345 340 349 350 351 349 350 352 360 369 370 379 388 391 397 404 407 415 416 417 426 426 433 435 442 449 441 440 448 457 460 468 471 477 482 491 490 495 502 509 515 512 521 525 531 536 545 546 555 564 572 574 567 570 562 566
230 225 224 228 227 226 234 242 238 246 245 237 240 244 252 251 256 261 265 273 279 284 284 279 288 290 296 303 311 304 305 307 316 317 321 327 322 331 339 339 346 341 339 346 344 343 350 351 360 354 355 354 356 365 372 380 382 383 389 398 400 408 415 418 427 424 432 440 435 440 437 439 448 454 461 466 475 483 490 487 487 488 496 500 509 510 519 528 536 545 554 550 559 568 573 581 576 574 570 567
231 232 233 234 231 231 238 246 246 255 249 243 248 247 256 255 258 262 268 270 277 284 285 285 293 299 297 301 309 305 311 308 309 314 318 319 321 328 332 341 349 347 348 355 352 352 352 360 361 362 356 360 357 365 369 377 381 382 388 394 401 405 408 409 418 421 430 431 433 435 436 444 447 454 463 464 473 480 481 482 485 489 498 503 505 514 523 524 530 538 545 554 560 563 570 574 573 573 575 573
236 237 240 243 240 240 247 249 253 257 252 244 250 252 257 264 263 270 277 275 284 289 289 294 296 302 301 305 311 314 317 315 318 320 320 326 327 331 334 335 340 342 345 351 360 361 361 369 370 362 357 365 364 365 367 369 377 386 394 402 402 406 411 415 421 430 437 435 441 443 445 452 455 463 472 470 479 486 487 490 494 490 499 500 509 514 523 532 536 544 553 549 557 562 569 570 571 572 580 578
245 246 241 250 249 249 253 250 257 248 247 246 255 254 261 261 262 267 276 284 293 293 296 302 305 304 306 314 319 321 321 319 322 328 328 333 331 338 343 344 348 344 346 354 363 366 363 372 368 367 366 369 369 370 372 376 383 391 395 399 408 415 412 418 427 431 434 441 448 444 452 454 459 461 469 478 487 490 496 497 493 492 500 509 518 518 527 536 544 549 544 546 552 553 560 568 577 581 588 580
250 248 249 258 250 258 259 253 253 252 256 250 252 254 259 260 268 276 283 287 288 289 295 301 306 312 309 318 327 325 322 328 330 329 329 338 337 346 347 348 353 346 354 363 364 372 365 374 375 370 367 376 376 379 381 383 392 400 404 404 410 415 414 421 426 432 440 445 443 444 447 450 459 466 475 482 483 492 500 501 495 498 499 504 510 513 522 531 535 541 542 551 560 560 566 573 574 582 581 588
251 255 257 261 253 257 258 260 255 253 254 256 261 258 261 265 271 278 287 289 294 292 301 308 310 313 312 314 322 330 331 334 338 336 332 340 346 353 351 349 358 355 361 362 363 368 374 383 376 376 376 385 383 383 383 388 390 397 403 404 413 421 421 425 433 434 440 441 442 447 456 458 467 470 475 476 485 490 496 497 502 499 507 512 519 522 523 528 531 536 545 554 555 562 570 577 575 583 579 588
252 261 258 264 260 258 266 269 264 261 261 259 268 267 268 273 280 283 288 294 296 300 305 314 311 319 317 318 327 334 336 342 343 344 339 348 351 358 353 357 361 357 358 366 370 376 377 378 377 385 382 385 386 384 385 390 399 401 406 413 422 425 430 434 437 442 449 448 450 455 457 466 467 471 472 480 486 493 501 506 504 505 511 516 520 529 531 529 534 539 544 549 550 559 565 572 578 581 575 584
259 268 263 267 269 261 263 271 267 267 262 262 271 276 274 280 286 284 286 287 296 302 304 311 316 323 326 322 326 327 330 333 334 335 344 345 354 362 354 356 358 366 367 369 372 379 386 379 384 393 389 393 392 386 394 397 405 410 413 420 425 431 431 435 440 448 457 456 451 457 465 467 475 478 480 487 488 490 498 499 500 507 515 523 524 525 527 532 533 539 547 553 559 568 565 566 569 572 573 578
266 267 272 276 275 270 266 275 272 269 266 269 273 281 277 283 287 285 289 292 301 307 308 316 318 327 334 331 331 330 336 341 339 344 348 346 354 360 363 358 360 361 363 372 373 382 387 380 381 386 394 402 397 387 396 405 414 417 420 421 422 429 433 433 434 439 448 449 454 457 466 474 480 483 486 488 492 494 502 504 505 506 508 516 517 525 528 531 540 545 546 553 558 561 564 563 570 579 578 581
275 276 281 280 276 279 274 282 273 273 275 270 279 282 284 292 296 294 297 299 305 308 314 322 319 322 330 337 338 336 342 343 344 352 351 355 357 360 366 366 368 366 371 372 380 388 395 389 389 394 402 400 393 391 398 403 407 408 417 424 423 424 432 431 439 448 455 457 463 458 461 467 475 480 485 490 491 500 509 508 513 508 517 524 523 530 531 533 534 536 537 546 549 552 559 560 569 578 585 590
284 285 290 289 284 281 277 282 280 282 284 278 287 283 287 296 298 303 300 300 303 304 311 320 328 330 335 338 346 339 347 349 346 354 360 356 363 361 366 374 369 370 375 381 388 396 396 395 398 398 400 409 401 399 404 411 415 417 426 425 424 425 427 429 437 440 448 452 459 466 466 473 478 485 494 499 494 503 505 506 514 509 511 515 520 529 531 537 535 544 545 553 558 561 568 565 571 572 581 588
286 294 295 292 291 282 278 284 289 281 280 279 281 287 288 297 306 310 309 309 309 311 315 319 325 326 335 341 347 346 353 351 351 353 354 362 368 369 372 381 378 379 384 385 393 397 401 403 406 401 403 407 410 403 410 417 420 426 428 426 426 434 436 433 434 443 449 451 460 464 467 469 476 483 486 495 499 505 511 514 517 517 520 518 519 523 529 536 540 544 548 550 553 554 563 572 580 576 580 584
294 302 296 292 288 284 285 292 290 289 288 281 283 288 292 297 306 311 314 318 311 319 317 324 333 328 337 343 345 349 354 360 358 362 355 359 360 366 375 383 383 380 388 392 393 394 401 402 405 404 412 415 411 406 408 414 415 424 429 435 435 435 437 438 441 448 452 457 458 467 475 478 483 486 489 490 495 504 513 514 523 518 521 519 527 532 537 543 549 549 557 553 557 563 568 569 574 583 582 591
295 298 305 301 293 289 294 294 297 291 291 282 283 286 293 296 305 312 314 318 317 326 321 330 337 337 346 348 354 353 362 367 362 362 361 368 369 375 379 381 387 385 394 394 402 403 410 411 410 408 416 421 420 415 416 423 422 428 429 438 444 443 439 441 450 449 451 457 464 473 474 479 488 487 488 489 498 507 516 522 523 525 525 526 529 538 540 541 549 558 566 562 561 564 566 568 576 578 587 596
298 307 314 308 300 297 297 302 300 299 295 286 284 291 297 301 302 307 314 320 325 329 328 335 340 340 348 349 357 356 360 369 371 367 368 371 370 373 380 379 381 385 386 395 398 404 406 408 417 409 412 420 427 420 418 424 425 429 438 440 444 451 447 450 452 458 460 459 462 470 479 485 486 489 489 498 507 509 510 516 524 532 526 532 536 544 549 548 553 561 566 566 568 566 568 573 581 587 596 605
307 314 320 312 307 306 300 308 304 302 295 294 285 290 298 307 311 315 314 320 323 329 337 342 347 345 353 357 366 362 369 378 376 368 369 373 372 373 377 378 379 388 388 389 390 399 407 415 418 418 416 424 433 427 425 432 434 434 441 446 446 449 453 459 461 466 468 461 469 476 477 485 493 495 490 492 498 505 513 522 530 529 533 537 545 551 556 557 562 565 572 571 572 572 577 581 589 594 601 604
314 323 328 320 312 304 301 302 311 306 302 293 286 290 295 302 308 311 312 320 326 332 341 349 344 353 356 361 364 370 376 385 376 371 376 374 374 380 385 382 384 390 395 398 397 399 405 410 419 423 417 425 428 435 427 434 441 438 443 447 451 452 457 463 465 466 468 463 469 478 483 492 494 503 498 501 506 509 517 521 522 526 532 534 541 550 556 559 560 568 577 578 579 576 581 583 591 598 607 612
319 328 331 325 319 310 304 311 317 308 306 299 295 295 297 302 305 314 321 323 324 333 334 341 342 351 352 353 355 364 371 379 378 375 382 382 381 387 389 388 392 396 403 406 401 402 407 416 425 432 426 430 430 431 431 439 442 447 444 449 450 452 460 467 466 468 466 464 472 473 482 491 499 503 505 507 509 517 518 520 521 523 530 539 541 545 552 560 563 564 572 577 581 584 582 590 598 606 613 619
325 332 332 323 322 315 307 308 310 313 304 297 296 300 301 309 310 317 319 328 333 342 335 340 349 352 360 354 361 362 371 377 385 384 388 389 389 393 397 396 397 397 399 404 410 403 409 417 426 434 435 433 436 440 440 440 447 450 445 446 448 456 457 460 466 471 468 473 481 482 490 493 494 499 508 516 513 515 517 526 527 524 533 537 540 545 554 560 566 565 570 576 583 580 584 593 593 599 608 613
328 332 324 323 321 319 313 316 315 307 302 300 297 302 304 310 318 324 321 324 332 340 336 340 342 351 359 360 362 370 379 386 388 391 396 393 395 402 399 401 403 404 400 405 414 411 417 424 426 431 438 435 443 445 442 449 453 452 452 449 452 454 458 461 468 470 473 474 482 488 493 497 498 507 508 517 517 516 523 525 534 528 529 531 540 544 553 562 563 564 567 576 575 578 584 588 592 601 609 616
332 339 331 332 328 323 314 323 322 313 305 306 305 306 312 315 318 326 327 330 339 340 342 349 350 353 362 369 370 374 376 385 387 395 404 397 402 409 400 408 408 406 407 413 414 419 424 430 429 430 439 440 449 452 443 445 446 449 455 458 453 462 465 468 476 471 479 483 489 497 494 496 503 506 515 524 525 517 520 526 534 535 537 540 548 545 552 560 569 569 567 569 572 577 585 589 598 601 606 615
338 347 340 340 334 330 323 324 315 308 307 309 309 315 313 322 322 331 336 337 343 347 346 350 351 359 363 365 366 367 376 377 380 389 397 398 403 406 409 414 409 407 416 421 423 428 431 439 430 434 443 449 456 447 444 453 453 450 459 459 455 464 473 472 481 480 485 484 486 495 501 500 501 504 510 519 521 525 527 530 532 539 545 549 557 550 551 555 563 565 566 575 581 578 585 589 591 598 599 607
339 348 346 339 338 329 326 320 313 311 311 311 317 320 320 322 324 332 333 337 346 352 351 358 360 368 367 367 368 374 380 386 388 397 401 406 411 415 410 418 417 411 420 426 424 433 439 446 437 442 451 452 453 449 451 452 460 458 464 467 461 466 476 479 481 485 487 492 491 493 501 502 504 513 512 514 523 532 534 539 533 541 542 545 554 554 554 563 570 568 570 576 582 579 588 596 599 601 608 609
347 356 347 346 337 336 329 322 314 318 314 315 321 321 329 323 325 329 331 339 346 355 358 359 360 364 371 375 376 383 389 387 394 398 406 412 419 419 412 415 424 417 418 426 427 432 438 445 442 445 452 457 453 450 459 459 466 467 473 468 469 468 469 472 480 484 493 493 492 501 510 503 509 516 516 520 529 531 535 538 541 542 550 549 553 558 559 562 569 577 574 578 579 587 589 595 596 605 607 616
356 353 344 341 337 331 330 325 318 327 319 318 327 328 336 331 332 337 339 348 354 358 359 362 361 369 378 383 384 392 392 396 398 407 410 411 415 416 418 416 419 421 426 429 433 441 439 441 449 447 448 451 452 456 463 460 461 463 464 473 478 475 475 477 487 493 495 494 498 500 507 508 512 513 515 524 533 536 543 546 543 543 549 557 555 556 565 563 572 578 583 581 587 592 598 596 598 599 606 613
362 353 351 342 340 340 337 328 322 325 322 327 332 329 335 340 341 346 341 342 350 359 368 371 369 377 386 391 393 398 401 400 403 404 409 413 414 418 419 417 426 424 426 435 434 442 443 445 451 451 457 454 455 458 466 469 469 471 465 466 470 479 481 478 479 484 491 495 502 509 516 510 518 521 518 521 525 527 535 539 543 548 552 557 557 565 571 572 576 583 584 589 588 595 596 599 599 604 611 618
365 356 358 349 342 343 340 335 326 330 326 331 340 337 342 344 344 352 343 347 356 357 365 366 370 371 380 389 395 400 405 404 406 412 418 419 419 427 423 420 424 432 433 442 438 439 448 449 450 459 457 456 464 459 467 473 475 479 471 467 473 474 478 487 484 493 499 497 507 511 517 511 519 525 525 522 527 535 542 548 552 552 558 564 566 567 572 577 583 590 585 591 597 603 601 600 600 606 608 614
369 365 364 358 351 350 342 335 331 332 331 332 341 346 351 347 352 349 345 353 362 361 367 372 377 379 387 390 399 400 408 405 411 419 426 421 426 433 430 428 429 437 439 443 440 448 455 454 459 464 466 464 464 461 467 476 484 481 474 474 482 482 483 486 490 493 500 498 504 509 516 520 520 525 534 531 528 532 533 539 544 552 556 565 574 575 581 578 586 593 594 595 598 606 609 609 607 615 614 615
377 374 373 364 360 359 351 344 335 333 340 333 335 344 349 355 361 358 353 355 356 365 368 377 378 387 391 391 396 405 414 413 416 420 429 427 428 436 437 434 435 444 447 451 448 457 457 455 461 470 470 473 466 462 471 477 479 478 476 477 485 490 491 493 498 500 506 507 506 515 520 526 529 534 535 540 533 540 540 542 549 554 562 570 576 583 590 584 585 593 597 603 604 612 616 618 615 624 623 619
377 369 368 364 361 364 355 346 341 342 337 336 339 340 345 346 355 357 359 363 365 367 371 379 381 390 392 397 404 413 415 418 418 419 427 435 437 438 440 443 438 439 448 455 457 459 465 456 457 464 473 479 475 469 478 486 484 483 477 483 490 496 499 500 507 502 511 512 507 515 523 532 537 542 543 549 540 549 541 544 552 559 564 565 573 582 583 585 594 599 605 612 611 612 619 626 617 622 631 623
385 376 375 367 359 358 356 348 345 341 340 345 340 349 347 355 362 360 367 369 374 368 377 385 388 395 399 405 412 420 424 424 427 421 424 428 434 436 444 441 439 440 445 446 454 462 468 465 464 468 476 477 484 478 487 492 489 492 485 491 499 502 506 508 515 509 518 517 514 522 530 532 532 541 547 551 543 546 547 553 556 557 564 570 571 573 580 588 596 604 612 614 619 613 620 621 626 630 631 632
392 383 375 375 367 364 355 348 347 343 345 354 349 356 349 350 353 360 361 364 367 375 379 386 388 392 401 407 416 425 429 433 425 423 424 431 440 441 448 445 445 441 444 448 451 458 466 470 466 475 476 480 481 479 487 495 493 498 489 490 498 503 507 509 518 514 518 518 516 525 533 530 531 533 541 542 546 555 555 555 556 559 567 573 575 576 585 593 594 601 609 617 617 615 621 629 627 636 640 638
385 382 373 373 364 355 354 353 353 349 347 355 357 354 352 355 360 366 370 366 370 372 381 384 390 398 399 406 413 422 427 430 433 424 425 427 433 442 449 454 454 450 453 450 458 466 471 473 473 474 483 488 490 486 495 498 498 503 498 493 500 507 510 514 522 523 526 522 519 521 523 527 530 531 540 544 554 557 560 559 557 562 571 578 584 581 590 597 603 609 614 620 620 624 629 630 633 638 643 646
377 373 370 368 367 359 361 354 354 355 356 363 358 359 356 363 367 375 377 368 369 372 380 381 382 389 392 401 405 414 423 424 425 427 434 436 442 449 456 463 460 459 461 459 467 475 480 475 479 477 478 487 488 489 498 502 503 508 505 501 508 516 518 523 531 530 526 524 521 527 531 535 539 540 546 548 558 565 567 567 566 566 571 579 587 590 598 600 607 612 621 629 629 630 638 636 636 637 641 649
386 379 379 376 369 367 359 355 361 359 360 362 367 367 364 371 368 369 378 377 373 380 385 390 383 392 400 405 412 418 419 426 432 434 432 440 449 448 452 459 463 468 469 466 473 474 479 476 483 486 485 489 490 498 499 501 509 517 514 508 516 522 527 532 532 537 532 532 524 533 539 536 542 549 553 550 560 568 575 570 569 575 574 582 590 599 602 603 605 608 615 624 621 622 629 638 640 641 648 654
390 382 382 378 369 365 364 364 369 360 365 369 372 373 368 377 369 378 384 386 381 382 387 394 391 394 401 407 414 419 422 420 423 428 430 434 443 445 451 452 460 469 472 467 472 480 481 485 492 495 487 496 492 497 503 508 514 522 520 515 524 524 529 532 539 545 538 535 527 536 544 538 541 548 552 554 558 563 571 571 573 574 577 586 591 598 603 610 614 614 607 616 620 622 631 640 649 648 651 660
393 386 383 386 378 374 373 373 370 369 372 376 380 374 377 373 370 378 386 387 389 384 393 396 394 399 400 405 409 410 414 418 426 435 433 434 441 445 450 451 460 469 475 469 472 481 487 488 491 500 496 505 501 498 506 513 514 515 517 519 523 530 537 533 542 544 538 534 530 534 542 546 542 548 556 561 559 561 562 565 567 576 583 587 588 595 594 602 609 610 605 614 617 626 632 636 645 649 650 659
400 394 391 393 384 379 382 380 379 372 373 382 387 380 386 380 379 380 385 392 398 393 402 397 399 407 409 408 417 419 419 427 430 438 442 440 449 454 457 460 463 464 473 472 479 487 495 491 499 506 503 510 503 507 509 514 518 518 525 527 526 532 541 542 546 551 545 540 531 540 542 547 544 553 560 567 561 563 570 572 570 575 576 583 585 589 593 595 600 601 602 611 616 619 626 635 640 641 649 651
408 403 400 402 393 386 384 381 382 373 382 385 393 385 392 383 388 382 391 393 402 394 396 403 402 411 412 409 411 415 424 433 435 439 448 447 454 461 461 467 472 473 480 477 484 489 493 495 499 508 505 510 505 514 510 519 526 520 527 536 531 539 545 551 547 551 544 543 535 544 551 555 548 555 559 559 568 571 578 573 575 580 582 591 592 591 595 596 604 604 605 614 616 625 634 638 643 649 655 652
416 410 404 395 394 393 391 382 384 376 385 391 397 394 394 385 391 385 392 397 405 403 405 412 409 415 421 418 414 423 426 428 437 438 447 455 462 468 467 468 470 478 485 480 484 491 493 499 508 515 506 515 514 523 515 523 528 529 532 541 537 543 549 556 556 556 551 544 543 550 558 556 550 551 552 557 566 574 581 576 579 583 586 594 599 592 599 605 611 607 613 614 622 630 631 640 649 650 655 658
413 406 397 396 401 401 392 383 391 383 390 394 400 397 403 394 394 391 398 399 402 403 409 415 411 412 416 424 416 425 427 436 442 443 452 460 461 470 476 474 479 487 492 489 486 488 494 503 509 515 507 508 510 518 516 518 524 525 533 539 540 534 543 550 555 548 557 550 552 559 567 558 555 558 556 560 568 572 579 582 588 591 594 599 596 594 596 601 603 610 613 619 626 629 636 645 654 657 664 667
413 404 403 404 408 399 394 385 392 392 398 403 404 399 406 401 403 400 399 400 403 404 412 421 419 414 423 421 418 419 422 429 438 444 449 458 461 465 472 479 480 488 492 489 487 492 495 504 506 508 515 517 511 520 523 519 522 525 529 531 532 533 537 546 552 547 555 557 559 568 572 565 564 562 559 562 570 578 584 591 594 600 601 608 604 599 603 610 610 616 616 617 626 633 642 650 657 658 667 674
419 410 412 409 409 400 400 394 393 401 399 402 409 400 409 410 411 409 408 409 404 412 418 427 420 415 423 425 427 421 430 438 445 445 449 455 456 463 466 471 478 487 495 492 495 500 504 512 507 515 516 521 519 527 529 527 527 529 537 536 536 534 542 543 544 546 551 557 558 564 573 573 572 571 567 570 573 577 586 590 591 595 601 610 605 600 603 610 613 618 622 624 625 634 642 644 650 657 660 665
416 413 415 416 410 409 402 395 399 401 404 404 407 408 415 413 417 414 409 409 407 408 410 419 428 424 428 433 429 430 438 442 451 454 456 457 462 467 468 472 481 488 492 495 504 508 507 516 514 520 525 530 522 528 534 535 528 536 544 538 545 543 547 550 551 548 549 555 564 567 571 574 578 572 569 573 574 576 581 583 592 600 607 608 607 607 606 607 611 616 618 627 632 636 637 645 647 656 664 668
425 417 422 425 419 418 411 404 405 406 412 412 408 411 420 414 419 416 414 417 408 417 418 427 435 431 429 438 431 437 446 451 460 463 461 465 467 472 477 473 478 484 485 494 499 506 510 519 517 518 521 526 530 529 531 537 537 543 552 543 550 551 554 556 560 556 558 564 572 575 576 581 582 577 571 580 576 583 582 591 597 601 604 613 613 615 610 615 612 620 627 636 635 636 645 651 649 654 656 659
426 425 431 426 427 423 414 410 406 411 415 413 411 412 420 422 426 418 417 425 416 417 418 427 433 432 436 445 436 445 446 455 463 472 468 466 475 478 477 476 477 483 492 499 508 515 515 523 525 519 520 529 535 538 538 544 544 544 552 551 556 554 556 565 564 557 563 566 567 568 569 575 583 578 579 583 585 585 591 593 599 604 608 609 611 619 619 619 613 617 619 628 629 638 644 645 649 650 659 667
432 430 438 433 425 422 416 414 413 412 420 421 418 418 425 431 431 427 419 428 422 426 427 428 432 436 440 441 438 447 451 460 465 474 473 467 473 480 486 483 483 489 497 504 508 517 521 523 532 523 529 531 538 543 542 545 549 546 550 553 558 562 562 565 568 559 568 574 576 572 574 576 581 585 582 591 593 594 594 594 596 605 614 610 617 624 625 621 617 623 625 626 628 629 635 643 644 649 657 661
441 439 439 431 427 418 417 422 421 417 418 419 424 423 429 438 435 426 425 434 429 435 436 433 441 439 440 441 441 449 454 463 469 470 479 472 479 488 485 484 492 490 495 504 513 519 528 531 540 531 537 540 546 552 551 551 558 555 556 554 559 566 571 571 570 561 563 567 572 577 582 579 583 584 585 592 601 595 599 595 599 600 607 615 623 629 633 624 622 626 633 632 637 631 638 644 649 648 649 652
448 439 431 430 421 420 425 426 422 425 423 421 430 424 432 433 442 435 430 433 430 434 443 437 445 440 448 449 449 450 452 460 463 469 478 481 488 492 494 487 491 499 503 512 521 528 535 538 535 533 535 544 547 555 552 559 565 564 561 562 568 570 576 572 574 570 564 571 575 579 580 588 591 591 594 599 608 603 600 599 607 602 605 607 615 624 624 633 628 633 639 641 642 633 634 635 640 646 654 653
445 438 431 430 422 426 434 430 431 429 432 430 435 427 434 434 439 442 433 437 432 441 450 444 453 447 456 451 453 457 458 466 465 471 480 484 493 493 498 492 498 506 509 517 526 531 540 547 542 538 542 551 555 560 559 562 568 572 564 563 572 579 581 581 577 569 567 575 582 585 588 594 599 600 602 604 608 604 609 604 612 603 606 607 615 617 620 628 636 634 639 640 639 636 640 638 648 648 652 660
450 444 435 431 431 429 431 431 440 431 437 439 437 428 437 443 442 441 434 441 440 443 450 449 454 453 460 455 456 461 463 472 474 480 481 490 493 502 503 499 507 511 516 518 525 526 535 544 549 546 543 552 560 561 564 569 574 581 572 566 572 581 590 590 581 574 573 581 585 594 596 601 608 601 609 607 608 607 614 605 614 611 615 616 624 621 629 637 643 642 640 648 644 643 648 644 647 649 658 665
450 442 436 439 437 436 433 436 439 432 436 445 440 437 446 444 444 450 443 446 446 452 459 453 460 454 463 460 465 463 465 472 479 484 486 489 498 505 505 508 513 518 519 519 525 529 536 545 549 552 544 552 561 570 568 571 576 583 581 575 581 588 593 592 590 582 582 587 593 602 597 606 611 607 614 613 614 608 617 610 619 619 624 625 630 622 631 639 648 651 648 654 645 648 651 651 654 650 651 655
452 445 445 446 445 442 442 443 434 433 441 444 447 438 443 448 452 451 450 448 448 450 456 461 460 459 460 469 473 470 474 473 481 489 495 491 500 501 509 506 515 519 528 524 529 538 542 544 552 556 551 560 565 566 575 580 577 578 584 580 587 596 602 595 589 586 588 595 602 605 603 612 616 608 615 621 613 611 614 611 618 621 630 634 637 630 637 641 650 657 656 658 650 656 656 655 660 652 659 661
455 449 450 454 446 450 449 447 440 438 445 445 454 447 452 457 461 457 455 454 456 452 460 468 469 460 468 469 477 475 482 479 486 492 499 492 499 504 512 505 506 515 524 533 538 535 535 540 546 547 548 552 556 558 567 576 585 587 589 589 588 597 602 603 597 589 597 604 606 607 611 614 622 616 621 626 621 612 620 620 622 630 636 640 640 632 641 650 654 662 665 662 657 663 662 664 668 661 665 662
458 458 452 455 451 458 450 448 447 447 447 454 456 449 458 465 470 465 456 455 458 455 463 465 474 467 468 476 479 484 491 488 488 497 504 496 498 500 503 504 506 510 518 526 532 533 534 536 545 553 554 561 564 567 570 578 585 594 597 590 596 605 606 608 603 597 606 612 613 608 613 620 623 621 624 625 624 620 628 629 631 631 639 640 641 633 640 647 655 656 663 670 663 664 671 673 672 668 673 671
