  0 325 319 324 327 323 332 334 337 345 342 338 336 344 348 347 341 342 346 345 348 357 365 365 374 372 372 377 380 381 385 382 383 392 393 399 399 406 407 408 416 419 428 429 435 435 439 441 449 453 456 458 467 476 473 481 481 488 491 496 505 497 499 507 516 514 518 526 527 533 542 551 558 560 567 569 572 570 575 570 575 583 587 595 597 606 614 623 620 626 632 633 634 640 648 654 655 651 657 666
  8 318 317 318 318 322 323 330 335 336 337 329 334 335 339 346 340 343 341 342 345 351 356 364 372 370 368 370 376 384 376 378 382 389 390 399 398 404 410 417 417 418 424 428 436 431 434 436 441 445 447 453 461 467 467 474 477 480 482 490 499 491 499 508 512 511 518 521 529 537 545 544 549 552 559 564 564 561 570 567 569 578 587 591 599 608 613 621 618 625 623 629 636 636 645 645 646 647 656 663
 16 310 308 317 315 324 316 322 327 329 329 327 325 328 333 339 332 335 336 343 352 358 365 359 363 365 364 370 373 377 371 375 383 390 399 404 397 402 402 410 417 423 415 420 427 425 433 439 447 445 449 457 458 460 465 473 476 475 482 489 497 489 497 500 504 509 516 518 524 530 539 541 549 549 550 558 559 560 561 565 568 577 586 587 594 603 604 613 609 616 621 626 627 635 636 639 646 647 648 654
 17 314 307 309 310 315 313 314 318 326 326 321 323 324 326 332 330 335 337 346 351 351 356 351 357 358 363 365 366 368 370 379 387 392 401 395 395 396 401 402 408 414 412 414 423 422 430 435 438 444 449 448 452 459 465 468 469 473 481 480 488 488 489 495 504 508 515 517 525 534 534 543 545 545 554 554 563 560 566 569 577 581 579 580 586 595 597 606 605 607 612 620 623 626 630 634 642 651 652 660
 26 314 306 303 309 310 312 319 324 321 317 318 326 327 325 323 327 336 340 341 349 344 347 347 350 354 354 356 358 361 366 375 382 383 392 389 388 397 402 394 403 405 406 413 414 421 430 435 443 447 453 445 447 456 458 465 474 475 475 477 483 482 490 499 501 505 512 517 521 529 526 534 536 544 546 547 556 557 559 560 569 577 578 581 587 589 597 598 599 603 610 612 614 623 629 637 641 650 657 660
 28 308 299 297 300 301 310 319 318 312 310 312 321 318 316 322 330 330 335 335 343 340 346 345 349 355 353 358 357 358 363 366 373 382 383 390 385 390 396 391 396 399 405 413 414 420 423 429 435 439 446 442 450 451 460 464 466 470 471 474 478 481 485 490 499 501 505 509 518 520 525 526 535 541 549 547 556 565 565 568 569 578 585 582 591 590 598 603 608 612 612 618 615 620 626 629 638 647 649 651
 29 300 291 291 296 300 309 315 310 310 301 308 313 309 310 316 323 324 326 333 335 331 338 342 340 347 351 353 354 361 369 363 370 377 384 381 383 384 387 388 395 396 404 408 412 420 420 423 430 432 441 440 444 449 451 457 459 464 473 476 477 480 485 494 502 509 508 512 516 517 518 525 532 533 541 546 550 556 563 567 569 572 577 585 594 599 607 611 610 617 619 620 619 627 633 630 632 640 644 643
 33 293 287 290 299 302 306 309 302 308 300 305 311 308 316 316 322 317 326 329 332 329 337 344 339 338 343 344 352 357 361 362 366 373 376 380 389 392 394 391 400 404 412 416 412 415 417 421 427 436 438 439 447 456 453 457 460 462 468 471 473 475 477 486 494 503 510 509 512 518 527 533 541 534 543 543 544 549 558 560 561 569 574 580 589 595 603 612 616 624 620 625 628 632 636 632 640 637 637 640
 41 287 286 288 292 293 298 301 300 306 298 298 307 307 310 315 314 316 324 320 325 327 335 337 341 335 339 346 355 364 360 360 364 368 375 384 380 385 392 400 405 402 405 407 410 419 423 430 433 435 434 437 442 449 456 462 469 470 476 480 476 482 480 489 498 504 506 508 515 517 525 534 536 536 539 541 544 548 549 552 559 567 573 578 583 592 600 603 607 615 612 621 624 628 635 637 640 636 628 636
 42 279 283 280 285 288 297 295 294 303 294 295 300 306 312 321 313 309 318 319 327 323 332 339 332 334 338 347 354 358 351 359 364 367 373 381 373 379 387 396 398 398 406 408 412 414 423 432 430 432 431 440 442 449 457 465 469 471 475 476 476 485 486 491 491 499 503 509 509 517 518 525 530 538 544 541 542 551 558 556 565 566 575 579 584 588 594 602 604 606 606 614 623 619 627 629 631 634 627 633
 51 274 281 273 281 283 289 289 291 295 293 299 300 298 304 313 313 304 309 311 318 322 328 331 330 339 339 343 345 352 350 355 357 364 365 372 371 375 382 391 395 397 404 412 419 416 419 423 425 425 430 438 439 444 449 458 461 463 466 467 470 477 483 484 485 491 497 500 506 509 517 519 525 534 535 539 545 554 560 561 569 574 566 570 579 585 591 595 596 604 605 606 615 618 619 621 624 625 626 634
 56 269 278 272 280 288 281 288 289 288 286 290 291 294 295 304 307 302 311 312 321 317 324 332 328 337 342 345 354 349 348 354 353 362 370 373 369 372 379 383 386 388 396 403 411 410 410 414 416 424 432 440 440 449 450 458 460 467 468 474 479 484 488 489 488 495 501 496 499 504 508 517 523 532 530 538 547 551 552 561 565 565 564 567 575 580 588 587 587 596 597 605 606 610 619 620 628 634 634 637
 58 266 269 271 273 279 273 282 288 283 284 291 296 290 296 297 298 299 308 311 312 316 318 325 327 328 336 345 354 351 344 346 352 355 362 370 368 370 379 381 384 386 390 397 405 402 403 406 415 420 424 433 440 444 449 452 455 459 463 472 481 486 488 497 492 497 496 491 499 508 514 508 517 524 525 531 538 543 552 556 565 560 562 565 568 575 583 582 585 590 594 601 607 613 620 628 623 632 640 646
 66 262 264 269 267 270 268 276 279 282 290 288 288 281 290 297 302 308 312 313 321 319 324 325 334 337 343 337 346 342 343 351 360 363 357 361 367 373 376 380 389 393 398 398 399 401 410 415 414 420 429 435 436 437 446 446 447 452 459 467 473 481 486 494 485 489 488 490 491 500 505 506 515 523 532 536 537 544 549 548 557 558 564 571 577 573 575 579 580 581 588 595 598 607 611 620 622 631 634 641
 73 261 255 261 258 262 264 273 271 278 281 286 281 277 284 292 293 299 304 305 313 322 319 320 327 336 337 335 339 341 348 357 365 357 356 362 364 365 374 378 384 393 398 392 401 396 404 409 413 416 420 428 435 444 443 440 449 456 463 464 464 472 478 487 479 480 487 489 492 501 504 509 516 518 526 528 531 538 541 547 553 560 561 569 569 571 580 578 579 587 590 598 599 601 610 615 624 633 631 636
 74 253 254 252 255 257 261 267 270 269 272 280 277 273 275 284 288 296 299 304 312 316 318 319 320 329 328 334 339 342 349 358 360 359 355 362 356 362 370 369 378 387 389 389 398 389 398 405 407 412 419 427 436 436 435 436 445 450 455 456 463 472 470 478 478 479 480 487 492 500 507 514 516 517 518 519 527 533 534 543 551 551 555 560 561 568 574 577 579 585 587 589 597 606 610 614 616 625 626 627
 83 248 245 251 252 255 257 264 266 268 266 273 280 272 276 285 294 292 300 299 304 308 315 310 317 320 324 331 335 343 352 360 352 356 354 353 353 359 364 368 374 383 392 387 390 387 390 396 403 405 410 419 428 437 434 439 446 449 454 457 462 470 468 469 477 482 488 496 493 502 510 511 514 523 525 524 533 534 542 546 554 546 547 555 564 571 572 579 585 590 594 591 599 604 609 612 615 622 625 633
 89 246 238 247 252 246 255 260 268 268 260 265 273 269 276 279 285 289 291 293 299 301 306 307 310 315 318 322 330 338 344 352 343 349 345 346 350 354 359 365 372 378 385 384 382 384 390 399 407 411 412 421 419 428 429 433 439 444 452 458 462 465 462 471 472 481 489 495 501 502 510 515 520 524 526 525 534 540 538 544 547 545 553 560 565 574 573 581 582 588 592 595 604 613 616 612 613 621 622 631
 93 240 236 242 247 244 250 257 260 259 258 264 267 268 277 277 281 286 295 296 298 296 297 301 302 311 312 313 321 329 338 345 336 340 341 349 358 360 362 368 369 374 381 389 381 388 393 402 411 416 413 413 415 419 428 433 440 438 446 452 456 461 460 467 476 477 484 493 495 503 503 512 511 516 517 526 525 531 530 535 538 541 548 557 560 567 576 585 583 590 589 596 597 604 611 611 620 624 630 635
 94 240 233 240 240 239 246 253 256 250 251 260 269 268 273 273 280 286 286 295 297 292 295 304 307 312 320 316 322 329 337 339 335 337 345 343 350 357 366 363 371 367 375 380 379 382 391 400 402 409 414 409 416 417 424 433 434 435 443 445 452 454 458 466 468 477 481 484 493 501 501 510 510 518 520 518 516 523 526 531 540 549 553 557 565 574 576 585 582 586 588 594 601 601 602 603 611 616 621 626
100 237 232 233 236 237 246 247 252 248 242 251 260 265 271 269 271 279 278 287 288 291 300 306 306 311 319 324 328 332 334 336 329 330 337 338 341 350 358 362 364 361 366 373 376 385 391 392 393 402 405 407 416 419 420 426 433 434 441 447 447 456 462 468 473 477 485 491 498 498 498 504 508 516 512 509 515 517 522 531 539 546 553 555 560 569 576 583 576 577 584 586 593 600 605 606 608 615 624 632
109 228 225 231 229 238 243 238 245 247 241 243 251 258 262 265 268 271 273 280 289 292 298 303 305 310 313 318 321 323 325 327 328 336 335 340 334 343 349 354 355 358 359 368 369 378 384 391 395 401 398 406 412 418 424 433 429 438 439 440 445 454 456 463 469 471 480 482 489 489 490 495 499 508 514 506 515 524 530 533 537 543 552 561 556 565 567 574 575 580 583 591 584 592 597 598 603 609 615 624
118 219 218 225 225 231 236 237 237 238 240 245 253 254 259 268 268 275 281 287 288 291 295 304 307 307 310 311 312 314 322 322 329 327 329 332 332 334 343 350 358 360 363 367 370 376 384 385 394 394 397 402 410 419 419 425 424 429 430 431 438 447 447 456 462 464 473 479 480 487 488 496 504 512 510 504 509 515 522 524 533 539 543 552 555 559 564 565 567 576 582 582 583 586 595 594 599 606 608 616
122 210 215 218 219 226 230 238 233 240 246 251 253 262 262 263 267 268 272 279 281 290 294 297 304 306 304 310 319 317 317 319 320 320 323 328 330 338 347 355 357 361 364 373 367 373 380 382 391 389 391 394 403 410 415 416 422 426 433 440 440 441 446 453 462 471 472 471 480 481 481 490 497 506 504 501 510 516 518 526 527 536 543 545 546 555 561 565 567 576 577 581 589 586 590 591 600 608 612 617
127 207 211 217 215 220 222 229 231 238 239 247 250 259 260 259 265 259 264 272 281 290 299 291 295 300 303 301 310 309 316 313 318 315 324 328 337 343 342 346 348 354 355 364 365 367 371 379 388 387 392 393 397 406 415 421 422 431 434 440 449 449 447 455 464 465 466 470 477 478 479 481 490 498 499 500 501 509 517 519 524 533 534 543 547 553 562 557 561 569 576 584 589 582 591 585 593 599 608 609
132 202 205 214 207 212 221 230 235 236 242 246 254 257 260 253 258 256 262 271 277 285 292 283 290 294 294 299 306 306 307 307 315 314 316 325 333 339 336 340 347 353 358 362 366 371 372 373 381 383 391 398 402 410 417 426 428 435 442 436 440 449 455 456 465 468 471 479 486 482 481 490 498 500 505 507 508 512 518 519 525 534 543 545 547 545 554 554 557 565 567 576 580 581 582 583 592 595 604 608
133 201 199 206 204 212 221 224 233 231 237 238 245 248 255 252 251 254 258 267 275 279 283 281 284 285 292 292 297 303 300 305 312 307 316 322 328 330 331 332 341 344 351 354 359 366 374 374 375 383 392 401 404 407 416 419 428 436 441 433 436 444 446 450 459 461 464 472 480 481 488 495 504 508 513 506 515 514 519 527 534 537 540 536 538 541 547 548 557 565 574 581 577 580 584 592 593 597 599 604
141 203 196 202 198 207 216 217 224 229 238 239 244 248 247 256 250 258 261 265 266 271 277 273 275 281 283 291 292 294 296 297 305 306 312 321 330 339 340 339 348 352 352 361 368 367 376 377 377 386 393 397 400 408 413 421 427 433 432 431 439 442 450 457 453 452 461 467 475 482 483 492 500 504 504 498 506 515 520 525 528 533 540 533 537 539 548 557 556 558 567 575 574 576 584 587 596 599 608 607
142 202 194 193 193 202 209 210 217 221 230 236 236 243 245 249 249 249 258 261 267 262 270 271 269 278 284 293 301 301 305 304 313 315 318 327 332 341 341 342 351 357 359 363 369 374 378 379 386 393 401 405 401 402 408 413 419 426 431 427 436 438 447 448 449 450 457 464 466 473 482 485 494 496 496 497 504 512 516 517 521 525 532 530 539 545 546 553 551 553 561 569 570 574 581 588 597 598 607 610
151 203 195 186 188 196 203 196 205 214 222 224 225 230 238 239 241 242 245 250 254 256 257 263 264 276 282 286 295 298 307 305 310 311 319 328 337 343 343 343 352 360 364 370 376 383 384 386 395 396 405 412 408 404 405 412 417 418 422 423 432 441 443 452 451 453 455 464 465 472 473 482 487 490 491 498 505 506 508 509 515 516 523 529 536 545 546 547 548 556 562 565 567 575 582 590 599 607 609 609
155 194 192 176 177 186 189 195 202 210 218 226 233 235 244 248 248 244 253 251 259 263 265 265 266 267 277 286 289 296 305 305 311 320 325 327 330 337 344 345 351 355 361 369 377 386 388 395 401 404 397 406 410 405 412 421 418 426 431 432 435 443 452 460 453 456 463 469 474 480 477 479 488 494 496 502 509 514 514 515 520 521 530 529 533 538 540 549 547 555 563 566 575 583 591 596 598 598 604 600
162 169 174 175 181 190 198 201 209 212 221 230 231 240 235 244 248 245 254 260 266 264 267 271 274 272 280 286 292 295 297 298 304 313 322 322 331 337 344 350 354 360 363 370 376 377 385 392 392 395 396 403 404 406 415 424 423 430 439 440 442 449 453 458 462 463 471 474 479 481 474 481 487 488 490 499 507 508 515 516 513 520 526 521 527 529 536 541 543 548 554 560 569 577 586 593 596 594 599 596
171 176 181 177 184 185 194 203 211 219 220 223 232 233 234 242 251 248 257 266 263 266 267 276 283 274 281 282 289 293 299 299 306 314 316 321 323 331 338 345 348 352 357 362 367 375 376 384 390 399 398 407 412 415 423 429 428 430 435 444 443 443 449 453 462 467 469 469 470 472 473 478 479 488 489 495 504 513 514 514 511 519 517 520 525 529 530 539 547 554 560 562 567 571 578 585 587 591 596 594
176 182 190 186 190 193 201 210 215 218 226 232 236 242 236 241 249 249 258 260 262 269 274 283 283 277 282 286 292 298 299 307 307 312 321 330 332 332 340 346 351 356 365 368 368 377 385 389 395 397 404 411 408 414 423 427 431 438 443 438 434 442 446 449 455 459 461 468 469 466 468 473 482 485 488 491 500 509 515 509 509 517 516 524 527 529 538 544 545 554 563 568 573 579 576 577 582 583 591 593
180 189 198 192 191 192 197 205 214 216 221 229 231 238 237 246 252 258 266 261 264 270 276 281 285 280 288 292 297 306 306 313 309 310 313 323 332 341 343 344 350 351 360 365 365 372 380 389 387 395 397 405 406 414 418 419 428 429 436 437 430 439 446 447 456 457 461 460 460 458 459 468 475 477 480 489 494 501 507 500 501 508 513 519 523 524 530 539 547 552 556 561 564 573 569 577 582 591 594 586
184 191 194 200 199 201 202 210 218 223 222 229 231 239 240 244 253 262 263 264 270 279 281 290 288 289 290 291 296 305 307 311 318 319 314 322 327 335 336 340 342 350 358 359 360 367 372 381 384 393 399 399 407 409 411 412 419 423 427 428 429 430 439 442 447 452 456 454 455 457 459 463 468 469 478 486 487 496 501 499 504 502 505 514 518 526 529 538 546 543 552 553 559 565 561 568 575 582 591 584
193 199 203 201 205 207 210 219 219 225 228 229 231 239 242 249 253 262 261 266 270 274 282 291 295 298 296 292 301 302 310 312 321 321 316 324 329 338 342 349 351 357 364 361 369 368 373 374 383 385 390 395 404 413 417 419 426 430 427 432 438 439 441 448 448 450 452 453 462 466 466 469 470 477 478 487 496 494 494 495 496 501 510 506 515 519 527 532 541 542 548 554 550 557 558 567 568 573 582 583
201 200 206 209 214 209 218 222 223 225 226 235 238 243 246 249 251 259 260 265 267 276 276 283 286 292 301 295 298 301 309 314 319 326 323 333 333 340 348 357 353 362 366 358 363 369 369 371 379 383 392 397 405 408 409 415 419 422 424 428 435 441 450 450 457 457 454 455 456 458 459 462 470 472 477 485 487 485 493 500 497 498 504 505 513 517 521 526 535 542 539 545 546 555 563 567 575 581 588 592
206 207 212 218 222 218 225 225 224 231 227 236 240 245 250 256 256 258 265 271 268 271 273 282 284 291 298 297 300 308 315 323 328 328 326 333 339 344 351 359 351 355 361 355 356 364 368 376 378 386 389 390 399 407 415 416 424 421 426 431 435 444 452 452 460 457 456 457 465 460 468 463 470 476 476 483 478 479 486 494 498 505 507 508 517 521 528 531 539 534 536 542 546 555 560 561 569 578 587 591
214 210 213 215 224 224 233 234 227 233 232 234 243 247 250 252 254 262 270 279 274 278 279 284 293 292 293 302 306 314 321 322 329 333 328 329 330 340 345 351 350 352 354 353 360 361 369 375 382 389 393 391 397 406 414 415 419 420 426 435 443 449 449 455 458 457 462 465 473 469 469 464 465 467 474 475 477 482 491 496 503 506 507 511 514 516 520 529 532 533 542 549 547 556 563 563 565 574 579 582
219 217 216 217 225 233 235 240 236 240 237 243 252 255 258 253 257 264 272 281 275 281 283 290 295 293 299 307 307 312 314 322 329 338 330 331 331 337 340 341 343 346 348 352 354 363 368 376 378 387 396 395 396 397 406 409 410 419 421 430 434 443 440 448 456 454 455 464 466 474 477 469 474 475 482 479 486 491 492 496 502 503 510 516 521 525 526 535 535 540 549 553 552 560 561 569 566 570 579 588
224 218 224 220 227 234 235 244 242 243 245 244 252 257 259 261 264 266 275 276 279 285 290 291 299 296 301 307 312 321 321 324 330 334 337 336 340 346 341 342 350 348 355 360 363 371 377 371 379 382 388 386 387 390 399 401 410 414 415 422 431 436 435 444 447 448 449 456 459 468 476 478 474 476 478 486 493 498 498 503 503 506 514 516 520 529 535 542 541 549 552 561 558 564 570 578 574 572 574 581
226 219 220 227 231 236 244 249 249 252 252 246 252 258 261 270 265 266 274 281 281 289 296 299 302 301 303 309 315 324 330 333 335 342 346 345 343 347 346 346 354 349 351 352 355 363 372 366 373 376 379 382 385 393 400 404 413 417 423 423 425 430 433 442 443 449 458 465 460 462 470 471 472 481 480 485 492 498 504 512 508 515 519 525 526 535 543 547 548 554 561 570 567 573 578 581 577 573 574 583
235 226 229 236 233 242 250 254 250 258 254 249 258 259 260 264 265 267 269 277 283 291 295 298 301 304 305 314 318 324 332 333 342 349 352 346 348 348 352 355 361 355 358 354 358 360 362 363 364 369 372 381 385 390 391 398 404 413 419 428 429 437 434 442 448 451 460 463 462 470 467 462 465 474 477 485 486 490 499 506 510 517 522 527 528 537 545 548 555 555 562 563 570 578 584 586 585 582 581 590
244 235 230 231 233 238 242 248 249 257 260 251 257 265 265 266 268 273 278 284 292 295 296 297 306 310 310 315 322 323 325 327 335 342 348 355 347 348 357 358 367 364 359 363 366 361 370 371 372 370 371 373 381 390 391 400 409 412 418 425 428 436 437 438 447 447 454 456 463 470 462 461 469 478 481 489 492 498 503 512 511 516 523 530 536 533 542 546 552 557 566 567 576 585 593 595 588 591 583 587
238 233 232 238 240 239 247 255 256 264 265 257 260 264 272 271 276 281 285 293 299 304 304 299 308 310 316 323 331 324 325 327 336 337 341 347 342 351 359 360 367 362 360 367 365 364 371 372 381 375 376 375 377 386 393 401 403 404 410 419 421 429 436 439 448 445 453 461 456 461 458 460 469 475 482 487 496 504 511 508 508 509 517 521 530 531 540 549 557 566 575 571 580 589 594 602 597 595 591 588
239 240 241 244 244 244 251 259 264 273 269 263 268 267 276 275 278 282 288 290 297 304 305 305 313 319 317 321 329 325 331 328 329 334 338 339 341 348 352 361 369 368 369 376 373 373 373 381 382 383 377 381 378 386 390 398 402 403 409 415 422 426 429 430 439 442 451 452 454 456 457 465 468 475 484 485 494 501 502 503 506 510 519 524 526 535 544 545 551 559 566 575 581 584 591 595 594 594 596 594
244 245 248 253 253 253 260 262 269 277 272 264 270 272 277 284 283 290 297 295 304 309 309 314 316 322 321 325 331 334 337 335 338 340 340 346 347 351 354 355 360 362 365 371 380 382 382 390 391 383 378 386 385 386 388 390 398 407 415 423 423 427 432 436 442 451 458 456 462 464 466 473 476 484 493 491 500 507 508 511 515 511 520 521 530 535 544 553 557 565 574 570 578 583 590 591 592 593 601 599
253 254 249 258 262 262 266 263 272 268 267 266 275 274 281 281 282 287 296 304 313 313 316 322 325 324 326 334 339 341 341 339 342 348 348 353 351 358 363 364 368 364 366 374 383 387 384 393 389 388 387 390 390 391 393 397 404 412 416 420 429 436 433 439 448 452 455 462 469 465 473 475 480 482 490 499 508 511 517 518 514 513 521 530 539 539 548 557 565 570 565 567 573 574 581 589 598 602 609 601
258 256 257 266 263 271 272 266 267 271 276 270 272 274 279 280 288 296 303 307 308 309 315 321 326 332 329 338 347 345 342 348 350 349 349 358 357 366 367 368 373 366 374 383 384 392 386 395 396 391 388 397 397 400 402 404 413 421 425 425 431 436 435 442 447 453 461 466 464 465 468 471 480 487 496 503 504 513 521 522 516 519 520 525 531 534 543 552 556 562 563 572 581 581 587 594 595 603 602 609
259 263 265 273 266 270 271 273 269 270 271 276 281 278 281 285 291 298 307 309 314 312 321 328 330 333 332 334 342 350 351 354 358 356 352 360 366 373 371 369 378 375 381 382 383 388 395 404 397 397 397 406 404 404 404 409 411 418 424 425 434 442 442 446 454 455 461 462 463 468 477 479 488 491 496 497 506 511 517 518 523 520 528 533 540 543 544 549 552 557 566 575 576 583 591 598 596 604 600 609
260 269 266 272 273 271 279 282 278 278 278 279 288 287 288 293 300 303 308 314 316 320 325 334 331 339 337 338 347 354 356 362 363 364 359 368 371 378 373 377 381 377 378 386 390 396 398 399 398 406 403 406 407 405 406 411 420 422 427 434 443 446 451 455 458 463 470 469 471 476 478 487 488 492 493 501 507 514 522 527 525 526 532 537 541 550 552 550 555 560 565 570 571 580 586 593 599 602 596 605
267 276 271 275 282 274 276 284 281 284 279 282 291 296 294 300 306 304 306 307 316 322 324 331 336 343 346 342 346 347 350 353 354 355 364 365 374 382 374 376 378 386 387 389 392 399 407 400 405 414 410 414 413 407 415 418 426 431 434 441 446 452 452 456 461 469 478 477 472 478 486 488 496 499 501 508 509 511 519 520 521 528 536 544 545 546 548 553 554 560 568 574 580 589 586 587 590 593 594 599
274 275 280 284 288 283 279 288 286 286 283 289 293 301 297 303 307 305 309 312 321 327 328 336 338 347 354 351 351 350 356 361 359 364 368 366 374 380 383 378 380 381 383 392 393 402 408 401 402 407 415 423 418 408 417 426 435 438 441 442 443 450 454 454 455 460 469 470 475 478 487 495 501 504 507 509 513 515 523 525 526 527 529 537 538 546 549 552 561 566 567 574 579 582 585 584 591 600 599 602
283 284 289 288 289 292 287 296 287 290 292 290 299 302 304 312 316 314 317 319 325 328 334 342 339 342 350 357 358 356 362 363 364 372 371 375 377 380 386 386 388 386 391 392 400 408 416 410 410 415 423 421 414 412 419 424 428 429 438 445 444 445 453 452 460 469 476 478 484 479 482 488 496 501 506 511 512 521 530 529 534 529 538 545 544 551 552 554 555 557 558 567 570 573 580 581 590 599 606 611
292 293 298 297 297 294 290 295 294 299 301 298 307 303 307 316 318 323 320 320 323 324 331 340 348 350 355 358 366 359 367 369 366 374 380 376 383 381 386 394 389 390 395 401 408 416 417 416 419 419 421 430 422 420 425 432 436 438 447 446 445 446 448 450 458 461 469 473 480 487 487 494 499 506 515 520 515 524 526 527 535 530 532 536 541 550 552 558 556 565 566 574 579 582 589 586 592 593 602 609
294 302 303 300 304 295 291 297 303 300 300 299 301 307 308 317 326 330 329 329 329 331 335 339 345 346 355 361 367 366 373 371 371 373 374 382 388 389 392 401 398 399 404 405 413 417 422 424 427 422 424 428 431 424 431 438 441 447 449 447 447 455 457 454 455 464 470 472 481 485 488 490 497 504 507 516 520 526 532 535 538 538 541 539 540 544 550 557 561 565 569 571 574 575 584 593 601 597 601 605
302 310 307 304 301 297 298 305 304 308 308 301 303 308 312 317 326 331 334 338 331 339 337 344 353 348 357 363 365 369 374 380 378 382 375 379 380 386 395 403 403 400 408 412 413 414 421 422 425 425 433 436 432 427 429 435 436 445 450 456 456 456 458 459 462 469 473 478 479 488 496 499 504 507 510 511 516 525 534 535 544 539 542 540 548 553 558 564 570 570 578 574 578 584 589 590 595 604 603 612
303 306 315 313 306 302 307 307 311 310 311 302 303 306 313 316 325 332 334 338 337 346 341 350 357 357 366 368 374 373 382 387 382 382 381 388 389 395 399 401 407 405 414 414 422 423 430 431 430 429 437 442 441 436 437 444 443 449 450 459 465 464 460 462 471 470 472 478 485 494 495 500 509 508 509 510 519 528 537 543 544 546 546 547 550 559 561 562 570 579 587 583 582 585 587 589 597 599 608 617
306 315 324 321 313 310 310 315 314 318 315 306 304 311 317 321 322 327 334 340 345 349 348 355 360 360 368 369 377 376 380 389 391 387 388 391 390 393 400 399 401 405 406 415 418 424 426 428 437 430 433 441 448 441 439 445 446 450 459 461 465 472 468 471 473 479 481 480 483 491 500 506 507 510 510 519 528 530 531 537 545 553 547 553 557 565 570 569 574 582 587 587 589 587 589 594 602 608 617 626
315 322 330 325 320 319 313 321 318 322 315 314 305 310 318 327 331 335 334 340 343 349 357 362 367 365 373 377 386 382 389 398 396 388 389 393 392 393 397 398 399 408 408 409 410 419 427 435 438 439 437 445 454 448 446 453 455 455 462 467 467 470 474 480 482 487 489 482 490 497 498 506 514 516 511 513 519 526 534 543 551 550 554 558 566 572 577 578 583 586 593 592 593 593 598 602 610 615 622 625
322 331 338 333 325 317 314 315 324 326 322 313 306 310 315 322 328 331 332 340 346 352 361 369 364 373 376 381 384 390 396 405 396 391 396 394 394 400 405 402 404 410 415 418 417 419 425 430 439 444 438 446 449 456 448 455 462 459 464 468 472 473 478 484 486 487 489 484 490 499 504 513 515 524 519 522 527 530 538 542 543 547 553 555 562 571 577 580 581 589 598 599 600 597 602 604 612 619 628 633
327 336 342 338 332 323 317 324 332 328 326 319 315 315 317 322 325 334 341 343 344 353 354 361 362 371 372 373 375 384 391 399 398 395 402 402 401 407 409 408 412 416 423 426 421 422 427 436 445 453 447 451 451 452 452 460 463 468 465 470 471 473 481 488 487 489 487 485 493 494 503 512 520 524 526 528 530 538 539 541 542 544 551 560 562 566 573 581 584 585 593 598 602 605 603 611 619 627 634 640
333 340 345 336 335 328 320 321 323 332 324 317 316 320 321 329 330 337 339 348 353 362 355 360 369 372 380 374 381 382 391 397 405 404 408 409 409 413 417 416 417 417 419 424 430 423 429 437 446 454 456 454 457 461 461 461 468 471 466 467 469 477 478 481 487 492 489 494 502 503 511 514 515 520 529 537 534 536 538 547 548 545 554 558 561 566 575 581 587 586 591 597 604 601 605 614 614 620 629 634
336 344 337 336 334 332 326 329 331 327 322 320 317 322 324 330 338 344 341 344 352 360 356 360 362 371 379 380 382 390 399 406 408 411 416 413 415 422 419 421 423 424 420 425 434 431 437 444 446 451 458 456 464 466 463 470 474 473 473 470 473 475 479 482 489 491 494 495 503 509 514 518 519 528 529 538 538 537 544 546 555 549 550 552 561 565 574 583 584 585 588 597 596 599 605 609 613 622 630 637
340 348 344 345 341 336 327 336 340 333 325 326 325 326 332 335 338 346 347 350 359 360 362 369 370 373 382 389 390 394 396 405 407 415 424 417 422 429 420 428 428 426 427 433 434 439 444 450 449 450 459 461 470 473 464 466 467 470 476 479 474 483 486 489 497 492 500 504 510 518 515 517 524 527 536 545 546 538 541 547 555 556 558 561 569 566 573 581 590 590 588 590 593 598 606 610 619 622 627 636
346 355 353 353 347 343 336 344 335 328 327 329 329 335 333 342 342 351 356 357 363 367 366 370 371 379 383 385 386 387 396 397 400 409 417 418 423 426 429 434 429 427 436 441 443 448 451 459 450 454 463 470 477 468 465 474 474 471 480 480 476 485 494 493 502 501 506 505 507 516 522 521 522 525 531 540 542 546 548 551 553 560 566 570 578 571 572 576 584 586 587 596 602 599 606 610 612 619 620 628
347 356 360 354 354 345 342 340 333 331 331 331 337 340 340 342 344 352 353 357 366 372 371 378 380 388 387 387 388 394 400 406 408 417 421 426 431 435 430 438 437 431 440 446 444 453 459 466 457 462 471 473 474 470 472 473 481 479 485 488 482 487 497 500 502 506 508 513 512 514 522 523 525 534 533 535 544 553 555 560 554 562 563 566 575 575 575 584 591 589 591 597 603 600 609 617 620 622 629 630
355 364 363 362 353 352 349 342 334 338 334 335 341 341 349 343 345 349 351 359 366 375 378 379 380 384 391 395 396 403 409 407 414 418 426 432 439 439 432 435 444 437 438 446 447 452 458 465 462 465 472 477 474 471 480 480 487 488 494 489 490 489 490 493 501 505 514 514 513 522 531 524 530 537 537 541 550 552 556 559 562 563 571 570 574 579 580 583 590 598 595 599 600 608 610 616 617 626 628 637
364 373 364 361 357 351 350 345 338 347 339 338 347 348 356 351 352 357 359 368 374 378 379 382 381 389 398 403 404 412 412 416 418 427 430 431 435 436 438 436 439 441 446 449 453 461 459 461 469 467 468 471 472 477 484 481 482 484 485 494 499 496 496 498 508 514 516 515 519 521 528 529 533 534 536 545 554 557 564 567 564 564 570 578 576 577 586 584 593 599 604 602 608 613 619 617 619 620 627 634
373 373 371 362 360 360 357 348 342 345 342 347 352 349 355 360 361 366 361 362 370 379 388 391 389 397 406 411 413 418 421 420 423 424 429 433 434 438 439 437 446 444 446 455 454 462 463 465 471 471 477 474 475 478 486 490 490 492 486 487 491 500 502 499 500 505 512 516 523 530 537 531 539 542 539 542 546 548 556 560 564 569 573 578 578 586 592 593 597 604 605 610 609 616 617 620 620 625 632 639
382 376 378 369 362 363 360 355 346 350 346 351 360 357 362 364 364 372 363 367 376 377 385 386 390 391 400 409 415 420 425 424 426 432 438 439 439 447 443 440 444 452 453 462 458 459 468 469 470 479 477 476 484 479 487 493 496 500 492 488 494 495 499 508 505 514 520 518 528 532 538 532 540 546 546 543 548 556 563 569 573 573 579 585 587 588 593 598 604 611 606 612 618 624 622 621 621 627 629 635
386 385 384 378 371 370 362 355 351 352 351 352 361 366 371 367 372 369 365 373 382 381 387 392 397 399 407 410 419 420 428 425 431 439 446 441 446 453 450 448 449 457 459 463 460 468 475 474 479 484 486 484 484 481 487 496 505 502 495 495 503 503 504 507 511 514 521 519 525 530 537 541 541 546 555 552 549 553 554 560 565 573 577 586 595 596 602 599 607 614 615 616 619 627 630 630 628 636 635 636
394 394 393 384 380 379 371 364 355 353 360 353 355 364 369 375 381 378 373 375 376 385 388 397 398 407 411 411 416 425 434 433 436 440 449 447 448 456 457 454 455 464 467 471 468 477 477 475 481 490 490 493 486 482 491 497 499 499 497 498 506 511 512 514 519 521 527 528 527 536 541 547 550 555 556 561 554 561 561 563 570 575 583 591 597 604 611 605 606 614 618 624 625 633 637 639 636 645 644 640
397 389 388 384 381 384 375 366 361 362 357 356 359 360 365 366 375 377 379 383 385 387 391 399 401 410 412 417 424 433 435 438 438 439 447 455 457 458 460 463 458 459 468 475 477 479 485 476 477 484 493 499 495 489 498 506 504 504 498 504 511 517 520 521 528 523 532 533 528 536 544 553 558 563 564 570 561 570 562 565 573 580 585 586 594 603 604 606 615 620 626 633 632 633 640 647 638 643 652 644
405 396 395 387 379 378 376 368 365 361 360 365 360 369 367 375 382 380 387 389 394 388 397 405 408 415 419 425 432 440 444 444 447 441 444 448 454 456 464 461 459 460 465 466 474 482 488 485 484 488 496 497 504 498 507 512 509 513 506 512 520 523 527 529 536 530 539 538 535 543 551 553 553 562 568 572 564 567 568 574 577 578 585 591 592 594 601 609 617 625 633 635 640 634 641 642 647 651 652 653
412 403 395 395 387 384 375 368 367 363 365 374 369 376 369 370 373 380 381 384 387 395 399 406 408 412 421 427 436 445 449 453 445 443 444 451 460 461 468 465 465 461 464 468 471 478 486 490 486 495 496 500 501 499 507 515 513 519 510 511 519 524 528 530 539 535 539 539 537 546 554 551 552 554 562 563 567 576 576 576 577 580 588 594 596 597 606 614 615 622 630 638 638 636 642 650 648 657 661 659
405 402 393 393 384 375 374 373 373 369 367 375 377 374 372 375 380 386 390 386 390 392 401 404 410 418 419 426 433 442 447 450 453 444 445 447 453 462 469 474 474 470 473 470 478 486 491 493 493 494 503 508 510 506 515 518 518 523 519 514 521 528 531 535 543 544 547 543 540 542 544 548 551 552 561 565 575 578 581 580 578 583 592 599 605 602 611 618 624 630 635 641 641 645 650 651 654 659 664 667
397 393 390 388 387 379 381 374 374 375 376 383 378 379 376 383 387 395 397 388 389 392 400 401 402 409 412 421 425 434 443 444 445 447 454 456 462 469 476 483 480 479 481 479 487 495 500 495 499 497 498 507 508 509 518 522 523 528 526 522 529 537 539 544 552 551 547 545 542 548 552 556 560 561 567 569 579 586 588 588 587 587 592 600 608 611 619 621 628 633 642 650 650 651 659 657 657 658 662 670
406 399 399 396 389 387 379 375 381 379 380 382 387 387 384 391 388 389 398 397 393 400 405 410 403 412 420 425 432 438 439 446 452 454 452 460 469 468 472 479 483 488 489 486 493 494 499 496 503 506 505 509 510 518 519 521 529 537 535 529 537 543 548 553 553 558 553 553 545 554 560 557 563 570 574 571 581 589 596 591 590 596 595 603 611 620 623 624 626 629 636 645 642 643 650 659 661 662 669 675
410 402 402 398 389 385 384 384 389 380 385 389 392 393 388 397 389 398 404 406 401 402 407 414 411 414 421 427 434 439 442 440 443 448 450 454 463 465 471 472 480 489 492 487 492 500 501 505 512 515 507 516 512 517 523 528 534 542 541 536 545 545 550 553 560 566 559 556 548 557 565 559 562 569 573 575 579 584 592 592 594 595 598 607 612 619 624 631 635 635 628 637 641 643 652 661 670 669 672 681
413 406 403 406 398 394 393 393 390 389 392 396 400 394 397 393 390 398 406 407 409 404 413 416 414 419 420 425 429 430 434 438 446 455 453 454 461 465 470 471 480 489 495 489 492 501 507 508 511 520 516 525 521 518 526 533 534 535 537 540 544 551 558 554 563 565 559 555 551 555 563 567 563 569 577 582 580 582 583 586 588 597 604 608 609 616 615 623 630 631 626 635 638 647 653 657 666 670 671 680
420 414 411 413 404 399 402 400 399 392 393 402 407 400 406 400 399 400 405 412 418 413 422 417 419 427 429 428 437 439 439 447 450 458 462 460 469 474 477 480 483 484 493 492 499 507 515 511 519 526 523 530 523 527 529 534 538 538 545 548 547 553 562 563 567 572 566 561 552 561 563 568 565 574 581 588 582 584 591 593 591 596 597 604 606 610 614 616 621 622 623 632 637 640 647 656 661 662 670 672
428 423 420 422 413 406 404 401 402 393 402 405 413 405 412 403 408 402 411 413 422 414 416 423 422 431 432 429 431 435 444 453 455 459 468 467 474 481 481 487 492 493 500 497 504 509 513 515 519 528 525 530 525 534 530 539 546 540 547 556 552 560 566 572 568 572 565 564 556 565 572 576 569 576 580 580 589 592 599 594 596 601 603 612 613 612 616 617 625 625 626 635 637 646 655 659 664 670 676 673
436 430 424 415 414 413 411 402 404 396 405 411 417 414 414 405 411 405 412 417 425 423 425 432 429 435 441 438 434 443 446 448 457 458 467 475 482 488 487 488 490 498 505 500 504 511 513 519 528 535 526 535 534 543 535 543 548 549 552 561 558 563 569 576 577 576 572 565 564 571 579 577 571 572 573 578 587 595 602 597 600 604 607 615 620 613 620 626 632 628 634 635 643 651 652 661 670 671 676 679
433 426 417 416 421 421 412 403 411 403 410 414 420 417 423 414 414 411 418 419 422 423 429 435 431 432 436 444 436 445 447 456 462 463 472 480 481 490 496 494 499 507 512 509 506 508 514 523 529 535 527 528 530 538 536 538 544 545 553 559 560 554 563 570 575 568 577 571 573 580 588 579 576 579 577 581 589 593 600 603 609 612 615 620 617 615 617 622 624 631 634 640 647 650 657 666 675 678 685 688
433 424 423 424 428 419 414 405 412 412 418 423 424 419 426 421 423 420 419 420 423 424 432 441 439 434 443 441 438 439 442 449 458 464 469 478 481 485 492 499 500 508 512 509 507 512 515 524 526 528 535 537 531 540 543 539 542 545 549 551 552 553 557 566 572 567 575 578 580 589 593 586 585 583 580 583 591 599 605 612 615 621 622 629 625 620 624 631 631 637 637 638 647 654 663 671 678 679 688 695
439 430 432 429 429 420 420 414 413 421 419 422 429 420 429 430 431 429 428 429 424 432 438 447 440 435 443 445 447 441 450 458 465 465 469 475 476 483 486 491 498 507 515 512 515 520 524 532 527 535 536 541 539 547 549 547 547 549 557 556 556 554 562 563 564 566 571 577 578 584 593 594 593 592 588 591 594 598 607 611 612 616 622 631 626 621 624 631 634 639 643 645 646 655 663 665 671 678 681 686
436 433 435 436 430 429 422 415 419 421 424 424 427 428 435 433 437 434 429 429 427 428 430 439 448 444 448 453 449 450 458 462 471 474 476 477 482 487 488 492 501 508 512 515 524 528 527 536 534 540 545 550 542 548 554 555 548 556 564 558 565 563 567 570 571 568 569 575 584 587 591 594 599 593 590 594 595 597 602 604 613 621 628 629 628 628 627 628 632 637 639 648 653 657 658 666 668 677 685 689
445 437 442 445 439 438 431 424 425 426 432 432 428 431 440 434 439 436 434 437 428 437 438 447 455 451 449 458 451 457 466 471 480 483 481 485 487 492 497 493 498 504 505 514 519 526 530 539 537 538 541 546 550 549 551 557 557 563 572 563 570 571 574 576 580 576 578 584 592 595 596 601 603 598 592 601 597 604 603 612 618 622 625 634 634 636 631 636 633 641 648 657 656 657 666 672 670 675 677 680
446 445 451 446 447 443 434 430 426 431 435 433 431 432 440 442 446 438 437 445 436 437 438 447 453 452 456 465 456 465 466 475 483 492 488 486 495 498 497 496 497 503 512 519 528 535 535 543 545 539 540 549 555 558 558 564 564 564 572 571 576 574 576 585 584 577 583 586 587 588 589 595 603 599 600 604 606 606 612 614 620 625 629 630 632 640 640 640 634 638 640 649 650 659 665 666 670 671 680 688
452 450 458 453 445 442 436 434 433 432 440 441 438 438 445 451 451 447 439 448 442 446 447 448 452 456 460 461 458 467 471 480 485 494 493 487 493 500 506 503 503 509 517 524 528 537 541 543 552 543 549 551 558 563 562 565 569 566 570 573 578 582 582 585 588 579 588 594 596 592 594 596 601 606 603 612 614 615 615 615 617 626 635 631 638 645 646 642 638 644 646 647 649 650 656 664 665 670 678 682
461 459 459 451 447 438 437 442 441 437 438 439 444 443 449 458 455 446 445 454 449 455 456 453 461 459 460 461 461 469 474 483 489 490 499 492 499 508 505 504 512 510 515 524 533 539 548 551 560 551 557 560 566 572 571 571 578 575 576 574 579 586 591 591 590 581 583 587 592 597 602 599 603 604 606 613 622 616 620 616 620 621 628 636 644 650 654 645 643 647 654 653 658 652 659 665 670 669 670 673
468 459 451 450 441 440 445 446 442 445 443 441 450 444 452 453 462 455 450 453 450 454 463 457 465 460 468 469 469 470 472 480 483 489 498 501 508 512 514 507 511 519 523 532 541 548 555 558 555 553 555 564 567 575 572 579 585 584 581 582 588 590 596 592 594 590 584 591 595 599 600 608 611 611 615 620 629 624 621 620 628 623 626 628 636 645 645 654 649 654 660 662 663 654 655 656 661 667 675 674
465 458 451 450 442 446 454 450 451 449 452 450 455 447 454 454 459 462 453 457 452 461 470 464 473 467 476 471 473 477 478 486 485 491 500 504 513 513 518 512 518 526 529 537 546 551 560 567 562 558 562 571 575 580 579 582 588 592 584 583 592 599 601 601 597 589 587 595 602 605 608 614 619 620 623 625 629 625 630 625 633 624 627 628 636 638 641 649 657 655 660 661 660 657 661 659 669 669 673 681
470 464 455 451 451 449 451 451 460 451 457 459 457 448 457 463 462 461 454 461 460 463 470 469 474 473 480 475 476 481 483 492 494 500 501 510 513 522 523 519 527 531 536 538 545 546 555 564 569 566 563 572 580 581 584 589 594 601 592 586 592 601 610 610 601 594 593 601 605 614 616 621 628 621 629 628 629 628 635 626 635 632 636 637 645 642 650 658 664 663 661 669 665 664 669 665 668 670 679 686
470 462 456 459 457 456 453 456 459 452 456 465 460 457 466 464 464 470 463 466 466 472 479 473 480 474 483 480 485 483 485 492 499 504 506 509 518 525 525 528 533 538 539 539 545 549 556 565 569 572 564 572 581 590 588 591 596 603 601 595 601 608 613 612 610 602 602 607 613 622 617 626 631 627 634 634 635 629 638 631 640 640 645 646 651 643 652 660 669 672 669 675 666 669 672 672 675 671 672 676
472 465 465 466 465 462 462 463 454 453 461 464 467 458 463 468 472 471 470 468 468 470 476 481 480 479 480 489 493 490 494 493 501 509 515 511 520 521 529 526 535 539 548 544 549 558 562 564 572 576 571 580 585 586 595 600 597 598 604 600 607 616 622 615 609 606 608 615 622 625 623 632 636 628 635 642 634 632 635 632 639 642 651 655 658 651 658 662 671 678 677 679 671 677 677 676 681 673 680 682
475 469 470 474 466 470 469 467 460 458 465 465 474 467 472 477 481 477 475 474 476 472 480 488 489 480 488 489 497 495 502 499 506 512 519 512 519 524 532 525 526 535 544 553 558 555 555 560 566 567 568 572 576 578 587 596 605 607 609 609 608 617 622 623 617 609 617 624 626 627 631 634 642 636 641 646 642 633 641 641 643 651 657 661 661 653 662 671 675 683 686 683 678 684 683 685 689 682 686 683
478 478 472 475 471 478 470 468 467 467 467 474 476 469 478 485 490 485 476 475 478 475 483 485 494 487 488 496 499 504 511 508 508 517 524 516 518 520 523 524 526 530 538 546 552 553 554 556 565 573 574 581 584 587 590 598 605 614 617 610 616 625 626 628 623 617 626 632 633 628 633 640 643 641 644 645 645 641 649 650 652 652 660 661 662 654 661 668 676 677 684 691 684 685 692 694 693 689 694 692
