  0 469 463 468 471 467 476 478 481 487 480 476 470 475 476 474 468 469 473 472 475 484 492 488 497 492 490 495 498 499 503 500 501 510 511 514 508 515 516 517 525 528 537 538 544 541 545 547 555 559 562 564 573 577 574 582 582 589 592 597 606 598 600 608 617 615 619 627 628 634 643 652 659 661 668 670 673 671 676 671 676 684 688 696 698 707 715 724 721 727 733 734 735 741 749 9223372036854775808 9223372036854775808 9223372036854775808 9223372036854775808 9223372036854775808
  8 462 461 462 462 466 467 474 479 478 475 467 468 466 467 473 467 470 468 469 472 478 483 487 492 490 486 488 494 502 494 496 500 507 508 516 507 513 519 526 526 527 533 537 545 537 540 542 547 551 553 559 567 568 568 575 578 581 583 591 600 592 600 609 613 612 619 622 630 638 646 645 650 653 660 665 665 662 671 668 670 679 688 692 700 709 714 722 719 726 724 730 737 737 746 746 9223372036854775808 9223372036854775808 9223372036854775808 9223372036854775808
 16 454 452 461 459 468 460 466 471 471 468 465 459 459 461 466 459 462 463 470 479 478 485 479 483 485 482 488 491 495 489 493 501 508 517 513 506 511 511 519 526 532 524 529 536 531 539 545 553 551 555 558 559 561 566 574 577 576 583 590 598 590 598 601 605 610 617 619 625 631 640 642 650 650 651 659 660 661 662 666 669 678 687 688 695 704 705 714 710 717 722 727 728 736 737 740 747 9223372036854775808 9223372036854775808 9223372036854775808
 17 458 451 453 454 459 457 458 462 469 466 460 457 455 454 459 457 462 464 473 476 471 476 471 477 478 481 483 484 486 488 495 501 503 512 504 504 505 510 511 517 523 521 523 529 528 536 541 544 550 554 549 553 560 566 569 570 574 582 581 589 589 590 596 605 609 616 618 626 635 635 644 646 646 655 655 664 661 667 670 678 682 680 681 687 696 698 707 706 708 713 721 724 727 731 735 743 752 745 9223372036854775808
 26 458 450 447 453 454 456 463 466 461 457 458 458 454 452 450 454 463 467 467 471 464 467 467 470 474 472 474 476 479 484 486 493 494 503 498 497 506 511 503 512 514 515 522 520 527 533 536 544 548 554 546 548 557 559 566 575 576 576 578 584 583 591 600 602 606 613 618 622 630 627 635 637 645 647 648 657 658 660 661 670 678 679 682 688 690 698 699 700 704 711 713 715 724 730 735 739 747 741 744
 28 452 443 441 444 445 454 463 460 452 450 452 450 445 443 449 457 457 462 461 463 460 466 465 467 473 471 476 475 476 481 477 484 493 494 501 494 499 505 500 505 508 514 522 519 525 524 530 536 540 547 543 551 552 561 565 567 571 572 575 579 582 586 591 600 602 606 610 619 621 626 627 636 642 650 648 657 666 666 669 670 679 685 683 692 691 699 704 709 713 713 717 716 721 727 727 735 738 733 735
 29 444 435 435 440 444 453 458 452 450 441 448 441 436 437 443 450 451 453 459 455 451 458 462 458 465 469 471 472 479 482 474 481 488 495 492 492 493 496 497 504 505 513 517 517 524 521 524 531 533 542 541 545 550 552 558 560 565 574 577 578 581 586 595 603 610 609 613 617 618 619 626 633 634 642 647 651 657 664 667 669 672 677 685 694 699 706 707 703 710 711 711 715 723 728 724 726 729 728 727
 33 437 431 434 443 446 450 452 444 448 440 445 441 435 443 443 449 444 453 452 455 449 457 464 457 456 461 462 470 475 475 473 477 484 487 491 490 494 500 500 509 511 514 517 513 516 518 522 528 537 539 540 548 557 554 558 561 563 569 572 574 576 578 587 595 604 611 610 613 619 628 634 642 635 644 644 645 650 658 660 661 669 673 677 685 690 697 699 701 708 704 709 717 717 721 723 729 721 721 724
 41 431 430 432 436 437 442 445 442 446 438 438 443 434 437 442 441 443 451 443 448 447 455 457 459 453 457 464 473 478 471 471 475 479 486 490 481 486 493 502 506 503 506 508 511 520 524 531 534 536 535 538 543 550 557 563 570 571 577 581 577 583 581 590 599 605 607 609 615 617 625 633 635 637 640 642 644 648 649 652 659 667 668 671 676 684 689 690 692 699 696 705 708 712 719 721 724 720 712 720
 42 423 427 424 429 432 441 439 436 443 434 435 436 433 439 448 440 436 445 442 450 443 452 458 450 452 456 465 472 469 462 470 475 478 482 483 474 480 488 497 499 499 507 509 513 515 524 533 531 533 532 541 543 550 558 566 570 572 576 577 577 586 587 592 592 600 604 608 608 616 617 624 629 637 643 640 641 650 658 656 665 662 662 666 671 675 681 687 688 690 690 698 707 703 711 713 715 718 711 717
 51 418 425 417 425 427 433 433 433 437 433 435 431 425 431 440 440 431 436 434 441 442 448 451 448 457 457 461 463 467 461 466 468 475 474 479 472 476 483 492 496 498 505 513 520 517 520 524 526 526 531 539 540 545 550 559 562 564 567 568 571 578 584 585 586 592 598 599 605 608 616 618 624 633 634 638 644 653 656 660 664 661 653 657 666 672 678 679 680 688 689 690 699 702 703 705 708 709 710 718
 56 413 422 416 424 432 425 432 431 430 426 426 422 421 422 431 434 429 438 432 441 437 444 451 446 455 460 460 469 460 459 465 464 473 473 474 470 473 480 484 487 489 497 504 512 511 511 515 517 525 533 541 541 550 551 559 561 568 569 575 580 585 589 590 589 596 601 595 598 603 607 616 622 631 629 637 643 647 648 655 656 652 651 654 662 667 675 671 671 680 681 689 690 694 703 704 708 717 718 721
 58 410 413 415 417 423 417 426 433 425 424 423 423 417 423 424 425 426 435 431 432 436 438 443 445 446 454 457 466 462 455 457 463 466 465 471 469 471 480 482 485 487 491 498 506 503 504 507 516 521 525 534 541 545 550 553 556 560 564 573 582 587 587 596 591 596 595 590 598 607 613 607 616 623 624 630 634 639 648 646 655 647 649 652 655 662 667 666 669 674 678 685 691 697 704 708 700 709 712 720
 66 406 408 413 411 414 412 420 424 424 425 416 415 408 417 424 428 430 431 428 437 439 436 436 445 454 455 448 457 453 454 462 471 466 458 462 468 474 477 481 490 494 499 499 500 502 511 516 515 521 530 536 537 538 547 547 548 553 560 568 574 582 585 593 584 588 587 589 590 599 604 605 614 617 625 626 627 634 639 638 647 645 651 658 662 657 659 663 664 665 672 679 682 691 695 703 699 708 704 711
 73 405 399 405 402 406 408 417 416 420 423 414 408 404 411 419 419 421 423 420 428 436 430 431 438 447 448 446 450 452 459 468 466 458 457 463 465 466 475 479 485 494 499 493 502 497 505 510 514 517 521 529 536 545 544 541 550 557 564 565 565 573 577 586 578 579 586 588 591 600 603 608 613 609 616 618 621 628 631 637 643 644 645 653 653 655 664 662 663 671 674 682 683 685 694 694 697 706 701 706
 74 397 398 396 399 401 405 411 415 411 414 412 404 400 402 411 414 415 418 419 427 427 429 430 431 440 439 445 450 453 460 469 461 460 456 463 457 463 471 470 479 488 490 490 499 490 499 506 508 513 520 528 537 537 536 537 546 551 556 557 564 573 569 577 577 578 579 586 591 599 606 608 606 607 608 609 617 623 624 633 641 635 639 644 645 652 658 661 663 669 671 673 681 690 693 689 688 697 696 697
 83 392 389 395 396 401 403 410 412 410 408 415 407 399 403 406 410 407 415 414 419 419 426 421 428 431 435 442 446 454 463 461 453 457 455 454 454 460 465 469 475 484 493 488 491 488 491 497 504 506 511 520 529 538 535 540 547 550 555 558 563 571 567 568 576 581 587 595 592 601 603 601 604 613 615 614 623 624 630 632 638 630 631 639 648 655 656 663 663 668 673 672 680 685 690 685 686 693 695 703
 89 390 382 391 397 392 401 406 410 410 402 407 404 396 403 397 401 404 406 408 414 412 417 418 421 426 429 433 441 449 455 453 444 450 446 447 451 455 460 466 473 479 486 485 483 485 491 500 508 512 513 522 520 529 530 534 540 545 553 559 563 565 561 570 571 580 588 593 597 596 595 600 604 608 610 611 618 624 622 628 631 629 637 644 649 658 657 665 657 663 666 670 679 686 689 682 683 691 692 701
 93 384 380 386 393 390 396 403 402 401 400 404 398 395 403 394 395 400 406 409 409 407 408 412 413 422 423 424 432 440 449 446 437 441 442 450 459 461 463 469 470 475 482 490 482 489 494 503 512 517 514 514 516 520 529 534 541 539 547 553 557 562 559 566 575 576 583 587 589 595 587 596 595 600 601 610 609 615 614 619 622 625 632 641 644 651 660 665 656 663 662 669 670 677 682 681 690 694 700 705
 94 384 377 384 386 385 392 399 398 392 393 402 403 394 394 390 391 397 397 406 408 403 406 415 417 422 430 427 433 440 443 440 436 438 446 444 451 458 467 464 472 468 476 481 480 483 492 501 503 510 515 510 517 518 525 534 535 536 544 546 553 555 557 565 566 575 579 578 587 590 585 594 594 602 604 602 600 607 610 615 624 633 637 641 647 656 656 664 655 659 661 667 673 672 673 673 681 686 691 696
100 381 376 377 382 383 392 393 397 390 384 393 400 391 389 386 382 390 389 398 399 402 411 417 412 417 422 427 429 433 435 437 430 431 438 439 442 451 459 463 465 462 467 474 477 486 492 493 494 503 506 508 517 520 521 527 534 535 542 548 547 556 553 559 564 568 576 575 582 582 582 588 592 600 596 593 599 601 606 615 623 630 637 639 639 648 654 656 649 650 657 659 665 671 676 672 674 681 690 698
109 372 369 375 375 384 389 384 391 392 383 385 392 384 380 382 379 382 384 391 400 402 408 413 411 413 414 419 422 424 426 428 429 437 436 441 435 444 450 455 456 459 460 469 470 479 485 492 496 502 499 507 513 519 525 534 530 539 540 541 545 550 547 554 560 562 571 566 573 573 574 579 583 592 598 590 599 608 614 617 621 627 636 643 634 643 645 647 648 653 656 663 656 663 668 664 669 675 681 690
118 363 362 369 371 377 382 383 383 383 382 387 385 377 376 380 376 383 389 395 396 399 403 409 409 408 411 412 413 415 423 423 430 428 430 433 433 435 444 451 459 461 464 468 471 477 485 486 495 495 498 503 511 520 520 526 525 530 531 532 538 541 538 547 553 555 564 563 564 571 572 580 588 596 594 588 593 599 606 608 617 623 627 635 633 637 642 638 640 649 655 654 655 655 664 660 665 672 674 682
122 354 359 362 365 372 376 384 379 386 380 382 382 380 371 371 375 376 380 387 389 398 402 400 406 407 405 411 420 418 418 420 421 421 424 429 431 439 448 456 458 462 465 474 468 474 481 483 492 490 492 495 504 511 516 517 523 527 532 531 531 532 537 544 553 558 556 555 564 565 565 574 581 590 588 585 594 600 602 610 610 619 626 626 624 633 639 637 639 648 649 653 660 652 656 657 666 674 678 683
127 351 355 361 361 366 368 375 377 379 373 376 379 377 368 367 373 367 372 380 389 398 403 394 397 401 404 402 411 410 417 414 419 416 425 429 438 444 443 447 449 455 456 465 466 468 472 480 489 488 493 494 498 507 516 522 523 532 525 522 529 537 536 544 553 549 550 554 561 562 563 565 574 582 583 584 585 593 601 602 607 616 617 626 623 625 634 629 633 641 648 656 656 648 657 651 659 665 674 675
132 346 349 358 353 358 367 376 377 372 372 368 376 373 368 361 366 364 370 379 385 391 395 386 392 395 395 400 407 407 408 408 416 415 417 426 434 440 437 441 448 454 459 463 467 472 473 474 482 484 492 499 498 504 511 516 522 528 524 516 520 529 535 536 545 548 551 560 569 565 564 573 581 583 589 585 592 593 599 600 606 615 621 617 619 617 626 626 629 637 639 648 647 647 648 649 658 661 670 674
133 345 343 350 350 358 367 370 376 367 366 360 367 364 364 360 359 362 366 375 380 383 387 384 385 386 393 393 398 404 401 406 413 408 417 423 429 431 432 433 442 445 452 455 460 467 475 475 476 484 493 502 493 496 505 507 516 521 521 513 516 524 526 530 539 541 544 552 560 561 562 569 578 584 585 578 587 589 594 602 609 609 612 608 610 613 619 620 629 632 641 648 643 646 650 658 659 663 665 670
141 347 340 346 344 353 362 363 370 365 368 359 361 361 356 365 358 363 366 370 371 375 381 376 376 382 384 392 393 395 397 398 406 407 413 422 431 440 441 440 449 453 453 462 469 468 477 478 478 487 494 493 489 493 496 504 510 513 512 511 519 522 530 537 533 532 541 547 555 562 555 564 572 576 576 570 578 587 592 597 600 605 612 605 609 611 620 629 622 624 633 641 640 642 650 653 662 665 674 673
142 346 338 337 339 348 355 356 363 357 364 356 353 360 354 358 357 354 363 366 372 366 374 374 370 379 385 394 402 402 406 405 414 416 419 428 433 442 441 443 452 458 460 464 470 475 474 476 485 489 489 494 486 485 491 496 502 506 511 507 516 518 527 528 529 530 537 544 546 553 554 557 566 568 568 569 576 584 588 589 593 597 604 602 611 617 613 620 617 619 627 635 636 640 647 654 663 664 673 676
151 348 339 330 334 342 349 347 356 353 355 348 346 351 351 352 353 351 354 359 363 364 365 371 369 377 383 387 396 399 408 404 409 410 418 427 434 438 440 441 450 458 462 468 466 470 470 477 485 482 481 488 491 484 485 492 497 498 502 503 512 521 523 532 531 533 535 544 545 552 545 554 559 562 563 570 577 578 580 581 587 588 595 601 606 613 612 613 614 622 628 631 633 641 648 656 665 673 675 675
155 339 336 327 328 337 340 346 351 344 347 350 345 348 343 352 354 350 359 360 366 362 366 366 368 369 378 387 390 397 405 403 409 418 424 422 425 432 439 441 447 451 457 461 459 461 464 473 476 479 472 481 485 482 489 498 498 506 511 512 515 523 528 532 533 536 543 546 554 552 544 546 555 560 562 568 575 582 586 587 586 591 600 595 599 604 606 615 613 621 629 632 641 649 657 662 664 664 670 666
162 330 331 326 332 334 343 349 344 336 339 342 337 343 334 343 347 348 357 366 358 355 358 364 372 374 382 386 392 394 396 397 402 411 420 417 426 432 439 445 449 453 456 453 451 452 460 467 467 470 471 478 479 481 490 499 503 510 518 520 516 516 519 524 533 540 543 540 545 547 540 547 553 554 556 565 573 574 581 582 579 586 592 587 593 595 602 607 609 614 620 626 635 643 652 659 662 660 665 662
171 323 329 325 328 325 334 343 337 333 330 333 336 334 333 341 350 349 358 357 351 354 355 364 373 375 382 380 387 391 397 398 405 409 411 416 418 426 433 440 443 445 450 445 442 450 451 459 465 474 473 482 484 490 498 499 502 504 509 513 509 509 515 519 528 533 535 535 536 538 539 544 545 554 555 561 570 579 580 580 577 585 583 586 591 595 596 605 613 620 626 628 633 637 644 651 653 657 662 660
176 316 322 323 321 324 329 338 329 325 329 336 327 336 332 337 345 346 355 348 350 357 362 371 377 377 382 379 385 391 392 400 398 402 410 419 427 427 435 435 440 441 449 440 437 446 455 460 463 465 472 479 476 482 491 493 497 504 510 504 500 508 512 515 521 525 527 534 535 532 534 539 548 551 554 557 566 575 581 575 575 583 582 590 593 595 604 610 611 620 629 634 639 645 642 643 648 649 657 659
180 310 313 314 315 316 321 329 324 322 321 329 322 329 330 339 345 354 350 346 349 355 361 366 371 374 379 375 379 388 391 395 397 398 401 410 419 428 428 429 435 436 443 434 434 441 449 458 455 463 465 473 474 482 484 485 494 495 502 503 496 505 512 513 522 523 527 526 526 524 525 534 541 543 546 555 560 567 573 566 567 574 579 585 589 590 596 605 613 618 622 627 630 639 635 643 648 657 660 652
184 301 304 308 314 321 321 322 315 320 316 323 320 328 331 335 344 351 342 345 349 356 358 367 367 376 371 369 374 383 384 388 397 406 400 407 412 420 421 425 427 435 436 428 429 436 441 449 452 460 465 465 473 475 477 478 485 489 493 494 495 496 505 508 513 518 522 520 521 523 525 529 534 535 544 552 553 562 567 565 570 568 571 580 584 592 595 604 612 609 618 619 625 631 627 634 641 648 657 650
193 294 301 300 306 312 316 314 307 313 315 316 318 326 329 336 335 344 340 345 343 347 353 361 364 370 374 368 377 374 382 384 393 397 399 406 411 420 426 434 428 435 434 427 436 436 440 440 449 451 456 461 470 479 483 485 492 496 493 498 504 505 507 514 514 516 518 519 528 532 532 535 536 543 544 553 562 560 560 561 562 567 576 572 581 585 593 598 607 608 614 620 616 623 624 633 634 639 648 649
201 286 292 299 308 306 308 305 306 308 309 318 325 330 331 332 331 339 339 344 339 348 345 352 355 361 370 367 370 373 381 386 391 398 405 413 411 418 426 428 419 428 432 424 429 435 435 437 445 449 458 463 471 474 475 481 485 488 490 494 501 507 516 516 523 523 520 521 522 524 525 528 536 538 543 551 553 551 559 566 563 564 570 571 579 583 587 592 601 608 605 611 612 621 629 633 641 647 654 658
206 285 287 291 299 304 299 301 302 309 310 318 322 327 327 329 329 331 338 343 337 340 342 351 353 360 362 364 367 375 382 391 399 397 400 404 407 412 419 425 417 421 427 421 422 430 434 442 444 452 455 456 465 473 481 482 490 487 492 497 501 510 518 518 526 523 522 523 531 526 534 529 536 542 542 549 544 545 552 560 564 571 573 574 583 587 594 597 605 600 602 608 612 621 626 627 635 644 653 657
214 278 281 282 291 295 292 298 301 307 312 309 318 322 322 322 324 330 338 343 336 343 346 351 360 354 355 364 370 378 382 383 390 395 397 398 399 408 413 417 416 418 420 419 426 427 435 441 448 455 459 457 463 472 480 481 485 486 492 501 509 515 515 521 524 523 528 531 539 535 535 530 531 533 540 541 543 548 557 562 569 572 573 577 580 582 586 595 598 599 608 615 613 622 629 629 631 640 645 648
219 275 278 280 283 289 283 289 298 302 307 307 315 319 319 320 323 322 330 334 330 336 340 347 352 353 359 367 368 373 375 383 390 399 399 400 400 406 409 408 410 413 414 418 420 429 434 442 444 453 462 461 462 463 472 475 476 485 487 496 500 509 506 514 522 520 521 530 532 540 543 535 540 541 548 545 552 557 558 562 568 569 576 582 587 591 592 601 601 606 615 619 618 626 627 635 632 636 645 654
225 268 276 278 275 280 281 290 292 295 303 298 306 311 311 319 319 315 324 325 329 335 342 343 351 354 359 365 370 379 382 385 391 395 402 405 409 409 406 407 415 415 421 426 429 437 443 437 445 448 454 452 453 456 465 467 476 480 481 488 497 502 501 510 513 514 515 522 525 534 542 544 540 542 544 552 559 564 564 569 569 572 580 582 586 595 601 608 607 615 618 627 624 630 636 644 640 638 640 647
232 267 268 275 268 273 282 287 286 295 299 297 303 309 309 318 312 313 321 328 330 338 345 351 350 355 354 360 366 375 384 389 394 402 410 409 402 400 405 409 417 416 418 419 421 429 438 432 439 442 445 448 451 459 466 470 479 483 489 489 491 496 499 508 509 515 524 531 526 528 536 537 538 547 546 551 558 564 570 578 574 581 585 591 592 601 609 613 614 620 627 636 633 639 644 647 643 639 640 649
241 248 268 269 264 273 279 283 279 287 292 295 304 305 306 310 311 313 315 323 329 337 341 344 347 350 352 361 365 371 379 380 389 396 401 400 399 396 402 411 418 422 425 421 425 427 429 430 431 436 438 447 451 456 457 464 470 479 485 494 495 503 500 508 514 517 526 529 528 536 533 528 531 540 543 551 552 556 565 572 576 583 588 593 594 603 611 614 621 621 628 629 636 644 650 652 651 648 647 656
250 257 258 259 261 266 271 277 278 286 295 297 303 311 311 312 314 319 324 330 338 341 342 343 352 356 357 362 369 370 372 374 382 389 395 403 394 395 404 407 416 425 419 428 433 428 437 438 439 437 438 440 447 456 457 466 475 478 484 491 494 502 503 504 513 513 520 522 529 536 528 527 535 544 547 555 558 564 569 578 577 582 589 596 602 599 608 612 618 623 632 633 642 651 659 661 654 657 649 653
255 256 258 265 268 267 276 284 285 293 301 303 306 310 318 317 322 327 331 339 345 350 350 345 354 356 362 370 378 371 372 374 383 384 388 394 389 398 406 408 415 417 418 425 426 429 436 437 446 442 443 442 444 452 459 467 469 470 476 485 487 495 502 505 514 511 519 527 522 527 524 526 535 541 548 553 562 570 577 574 574 575 583 587 596 597 606 615 623 632 641 637 646 655 660 668 663 661 657 654
256 263 267 271 272 272 279 287 293 302 307 309 314 313 322 321 324 328 334 336 343 350 351 351 359 365 363 367 375 372 378 375 376 381 385 386 388 395 399 408 416 415 421 427 434 438 438 446 447 450 444 448 445 452 456 464 468 469 475 481 488 492 495 496 505 508 517 518 520 522 523 531 534 541 550 551 560 567 568 569 572 576 585 590 592 601 610 611 617 625 632 641 647 650 657 661 660 660 662 660
261 266 273 280 281 281 288 290 298 307 310 305 311 316 321 328 325 333 342 341 350 355 355 360 362 368 367 371 377 381 384 382 385 387 387 393 394 398 401 402 407 409 412 418 427 436 445 454 456 450 445 453 452 453 454 456 464 473 481 489 489 493 498 502 508 517 524 522 528 530 532 539 542 550 559 557 566 573 574 577 581 577 586 587 596 601 610 619 623 631 640 636 644 649 656 657 658 659 667 665
270 275 274 283 290 290 294 291 301 300 301 303 313 314 321 318 319 324 334 343 352 351 358 366 371 370 372 380 385 388 388 386 389 395 395 400 398 405 410 411 415 411 413 421 430 435 437 446 447 452 454 457 457 458 459 463 470 478 482 486 495 502 499 505 514 518 521 528 535 531 539 541 546 548 556 565 574 577 583 584 580 579 587 596 605 605 614 623 631 636 631 633 639 640 647 655 664 668 675 667
275 277 282 291 291 299 300 294 295 299 308 307 309 311 316 317 325 333 340 344 345 346 352 358 363 372 375 384 393 392 389 395 397 396 396 405 404 413 414 415 420 413 421 430 431 439 439 448 454 455 455 464 464 467 468 470 479 487 491 491 497 502 501 508 513 519 527 532 530 531 534 537 546 553 562 569 570 579 587 588 582 585 586 591 597 600 609 618 622 628 629 638 647 647 653 660 661 669 668 675
276 283 290 298 294 298 299 301 297 298 299 305 314 315 318 322 328 335 344 346 351 349 358 365 367 370 373 375 384 392 398 401 405 403 399 407 413 420 418 416 425 422 428 429 430 435 444 453 449 455 464 473 471 471 470 475 477 484 490 491 500 508 508 512 520 521 527 528 529 534 543 545 554 557 562 563 572 577 583 584 589 586 594 599 606 609 610 615 618 623 632 641 642 649 657 664 662 670 666 675
277 286 287 293 300 299 307 310 306 306 306 308 317 324 325 330 337 340 345 351 353 357 362 371 368 376 378 379 389 396 398 404 405 406 406 415 418 425 420 424 428 424 425 433 437 443 446 447 448 457 463 466 469 470 472 477 486 488 493 500 509 512 517 521 524 529 536 535 537 542 544 553 554 558 559 567 573 580 588 593 591 592 598 603 607 616 618 616 621 626 631 636 637 646 652 659 665 668 662 671
284 293 292 296 305 302 304 312 309 312 307 310 319 328 331 337 343 341 343 344 353 359 361 368 373 380 387 383 387 388 391 394 395 397 406 407 416 424 421 423 425 433 434 436 439 446 455 448 455 464 470 474 475 472 481 484 492 497 500 507 512 518 518 522 527 535 544 543 538 544 552 554 562 565 567 574 575 577 585 586 587 594 602 610 611 612 614 619 620 626 634 640 646 655 652 653 656 659 660 665
291 292 301 305 311 311 307 316 314 314 311 317 321 329 332 338 342 342 346 349 358 364 365 373 375 384 392 392 392 391 397 402 400 406 410 408 416 422 430 425 427 428 430 439 440 449 456 449 450 455 463 472 481 473 481 490 499 502 507 508 509 516 520 520 521 526 535 536 541 544 553 561 567 570 573 575 579 581 589 591 592 593 595 603 604 612 615 618 627 632 633 640 645 648 651 650 657 666 665 668
300 301 310 309 310 319 315 324 315 318 320 318 327 330 337 346 351 351 354 356 362 365 371 379 376 379 387 394 399 397 403 404 405 414 413 417 419 422 428 433 435 433 438 439 447 455 463 458 458 463 471 478 478 477 483 488 492 493 502 509 510 511 519 518 526 535 542 544 550 545 548 554 562 567 572 577 578 587 596 595 600 595 604 611 610 617 618 620 621 623 624 633 636 639 646 647 656 665 672 677
309 310 319 318 318 322 318 323 322 327 329 326 335 331 335 344 346 355 357 357 360 361 368 377 385 387 392 395 403 400 408 410 407 416 422 418 425 423 428 436 436 437 442 448 455 463 464 464 467 467 469 478 486 485 489 496 500 502 511 510 511 512 514 516 524 527 535 539 546 553 553 560 565 572 581 586 581 590 592 593 601 596 598 602 607 616 618 624 622 631 632 640 645 648 655 652 658 659 668 675
311 319 324 321 327 323 319 325 331 328 328 327 329 335 336 345 354 361 366 366 366 368 372 376 382 383 392 398 404 407 414 412 412 414 415 424 430 431 434 443 445 446 451 452 460 464 469 472 475 470 472 476 485 489 495 502 505 511 513 511 513 521 523 520 521 530 536 538 547 551 554 556 563 570 573 582 586 592 598 601 604 604 607 605 606 610 616 623 627 631 635 637 640 641 650 659 667 663 667 671
319 327 328 325 329 325 326 333 332 336 336 329 331 336 340 345 354 359 364 373 368 376 374 381 390 385 394 400 402 406 411 420 419 423 416 420 421 428 437 445 450 447 455 459 460 461 468 469 472 473 481 484 488 491 493 499 500 508 513 520 522 522 524 525 528 535 539 544 545 554 562 565 570 573 576 577 582 591 600 601 610 605 608 606 614 619 624 630 636 636 644 640 644 650 655 656 661 670 669 678
320 323 332 334 334 330 335 335 339 338 339 330 331 334 341 344 353 360 362 366 372 381 378 387 394 394 403 405 411 410 419 426 423 423 422 429 430 437 441 443 449 452 457 459 468 470 477 478 477 477 485 490 497 500 501 508 507 512 513 522 531 530 526 528 537 536 538 544 551 560 561 566 575 574 575 576 585 594 603 609 610 612 612 613 616 625 627 628 636 645 653 649 648 651 653 655 663 665 674 683
323 332 341 342 341 338 338 343 342 346 343 334 332 339 345 349 350 355 362 368 376 380 385 392 397 397 405 406 414 413 417 426 432 428 429 432 431 435 442 441 442 446 447 457 460 466 468 470 479 478 481 489 496 501 503 509 510 514 522 524 528 536 534 537 539 545 547 546 549 557 566 572 573 576 576 585 594 596 597 603 611 619 613 619 623 631 636 635 640 648 653 653 655 653 655 660 668 674 683 692
332 339 347 347 348 347 341 349 346 350 343 342 333 338 346 355 359 363 362 368 371 377 386 393 399 402 410 414 421 419 426 435 437 429 430 434 433 434 438 439 440 449 449 450 451 461 469 477 480 487 485 493 502 508 510 517 519 519 525 530 530 533 539 546 548 553 555 548 556 563 564 572 580 582 577 579 585 592 600 609 617 616 620 624 632 638 643 644 649 652 659 658 659 659 664 668 676 681 688 691
339 348 355 355 353 345 342 343 352 354 350 341 334 338 343 350 356 359 360 368 374 380 389 397 392 401 404 409 412 420 426 435 435 432 437 435 435 441 446 443 445 451 456 459 458 460 467 472 481 487 486 494 497 505 506 513 520 523 528 531 534 534 539 545 549 549 554 550 556 565 570 579 581 590 585 588 593 596 604 608 609 613 619 621 628 637 643 646 647 655 664 665 666 663 668 670 678 685 694 699
344 353 359 361 360 351 345 352 360 356 354 347 343 343 345 350 353 362 369 371 372 381 382 389 390 399 400 401 403 412 419 427 430 434 441 443 442 448 450 449 453 457 464 467 462 463 469 478 487 496 495 499 499 500 504 512 515 524 525 529 529 531 539 546 546 548 550 551 559 560 569 578 586 590 592 594 596 604 605 607 608 610 617 626 628 632 639 647 650 651 659 664 668 671 669 677 685 693 700 706
350 357 366 362 363 356 348 349 351 360 352 345 344 348 349 357 358 365 367 376 381 390 383 388 397 400 408 402 409 410 419 425 433 442 447 450 450 454 458 457 458 458 460 465 471 464 470 479 488 496 504 502 505 509 513 513 520 524 525 526 528 535 536 539 545 550 552 560 568 569 577 580 581 586 595 603 600 602 604 613 614 611 620 624 627 632 641 647 653 652 657 663 670 667 671 680 680 686 695 700
353 361 362 364 362 360 354 357 359 355 350 348 345 350 352 358 366 372 369 372 380 388 384 388 390 399 407 408 410 418 427 434 436 443 451 454 456 463 460 462 464 465 461 466 475 472 478 485 487 493 500 502 510 514 515 522 526 525 532 529 532 533 537 540 547 549 554 555 563 569 574 578 582 591 592 601 604 603 610 612 621 615 616 618 627 631 640 649 650 651 654 663 662 665 671 675 679 688 696 703
357 365 369 373 369 364 355 364 368 361 353 354 353 354 360 363 366 374 375 378 387 388 390 397 398 401 410 417 418 422 424 433 435 443 452 450 457 463 461 469 469 467 468 474 475 480 485 491 490 492 501 506 515 523 516 518 519 522 528 537 533 541 544 547 555 550 558 564 570 578 575 577 584 587 596 605 610 604 607 613 621 622 624 627 635 632 639 647 656 656 654 656 659 664 672 676 685 688 693 702
363 372 378 381 375 371 364 372 363 356 355 357 357 363 361 370 370 379 384 385 391 395 394 398 399 407 411 413 414 415 424 425 428 437 445 446 451 454 463 469 470 468 477 482 484 489 492 500 491 496 505 514 523 520 517 526 526 523 532 535 535 543 552 551 560 559 564 565 567 576 582 581 582 585 591 600 602 610 614 617 619 626 632 636 644 637 638 642 650 652 653 662 668 665 672 676 678 685 686 694
364 373 380 381 382 373 370 368 361 359 359 359 365 368 368 370 372 380 381 385 394 400 399 406 408 416 415 415 416 422 428 434 436 445 449 454 459 463 464 472 478 472 481 487 485 494 500 508 498 504 513 516 520 520 524 525 533 531 537 543 541 546 555 558 560 564 566 573 572 574 582 583 585 594 593 595 604 613 620 626 620 628 629 632 641 641 641 650 657 655 657 663 669 666 675 683 686 688 695 696
372 381 383 390 381 380 377 370 362 366 362 363 369 369 377 371 373 377 379 387 394 403 406 407 408 412 419 423 424 431 437 435 442 446 454 460 467 470 466 469 478 478 479 487 488 493 499 506 503 506 514 519 517 518 527 532 536 540 541 542 549 548 549 552 559 563 572 571 572 581 590 584 590 597 597 601 610 612 616 619 627 628 636 636 640 645 646 649 656 664 661 665 666 674 676 682 683 692 694 703
381 390 386 389 385 379 378 373 366 375 367 366 375 376 384 379 380 385 387 396 402 406 407 410 409 417 426 431 432 440 440 444 446 455 458 459 463 464 470 470 473 477 485 488 494 502 500 502 510 508 509 512 513 519 526 527 528 530 531 541 547 554 555 557 563 568 569 570 576 578 585 589 593 594 596 605 614 617 624 627 626 627 633 641 642 643 652 650 659 665 670 668 674 679 685 683 685 686 693 700
390 392 395 390 388 388 385 376 370 373 370 375 380 377 383 388 389 394 389 390 398 407 416 419 417 425 434 439 441 446 449 448 451 452 457 461 462 466 468 469 478 480 482 491 492 500 504 506 512 512 518 515 516 519 527 536 536 538 532 533 538 547 552 553 554 559 566 570 576 585 594 591 599 602 599 602 606 608 616 620 624 629 633 638 640 649 655 659 663 670 671 676 675 682 683 686 686 691 698 705
399 395 404 397 390 391 388 383 374 378 374 379 388 385 390 392 392 400 391 395 404 405 413 414 418 419 428 437 443 448 453 452 454 460 466 467 467 475 472 472 476 484 489 498 496 497 506 510 511 520 518 517 525 520 528 534 540 546 538 534 540 541 545 555 559 568 574 572 581 585 591 592 600 606 606 603 608 616 623 629 633 633 639 645 649 651 656 661 668 675 672 678 684 690 688 687 687 693 695 701
403 404 410 406 399 398 390 383 379 380 379 380 389 394 399 395 400 397 393 401 410 409 415 420 425 427 435 438 447 448 456 453 459 467 474 469 474 481 479 480 481 489 495 499 498 506 513 515 520 525 527 525 525 522 528 537 546 548 541 541 549 549 550 553 559 562 569 570 576 581 588 597 598 603 612 612 609 613 614 620 625 633 637 646 655 659 665 662 670 677 681 682 685 693 696 696 694 702 701 702
411 413 419 412 408 407 399 392 383 381 388 381 383 392 397 403 409 406 401 403 404 413 416 425 426 435 439 439 444 453 462 461 464 468 477 475 476 484 486 486 487 496 503 507 506 515 515 516 522 531 531 534 527 523 532 538 540 542 543 544 552 557 558 560 567 569 575 579 578 587 592 598 607 612 613 621 614 621 621 623 630 635 643 651 657 665 673 668 669 677 681 689 691 699 703 705 702 711 710 706
419 414 416 412 409 412 403 394 389 390 385 384 387 388 393 394 403 405 407 411 413 415 419 427 429 438 440 445 452 461 463 466 466 467 475 483 485 486 489 495 490 491 500 507 515 516 524 517 518 525 534 540 536 530 539 547 545 548 544 550 557 563 566 567 576 571 580 584 579 587 595 604 612 620 621 630 621 630 622 625 633 640 645 646 654 663 664 666 675 681 689 698 698 699 706 713 704 709 718 710
428 421 423 415 407 406 404 396 393 389 388 393 388 397 395 403 410 408 415 417 422 416 425 433 436 443 447 453 460 468 472 472 475 469 472 476 482 484 492 493 491 492 497 498 506 514 520 526 525 529 537 538 545 539 548 553 550 557 552 558 566 569 573 575 583 578 587 589 586 594 602 604 604 613 619 623 621 624 628 634 637 638 645 651 652 654 661 669 677 685 693 695 703 700 707 708 713 717 718 719
437 429 423 423 415 412 403 396 395 391 393 402 397 404 397 398 401 408 409 412 415 423 427 434 436 440 449 455 464 473 477 481 473 471 472 479 488 489 496 497 497 493 496 500 503 510 518 523 525 534 535 539 541 540 548 556 554 563 556 557 565 570 574 576 585 583 587 588 588 597 605 602 603 605 613 614 618 627 635 636 637 640 648 654 656 657 666 674 675 682 690 698 700 702 708 716 714 723 727 725
433 430 421 421 412 403 402 401 401 397 395 403 405 402 400 403 408 414 418 414 418 420 429 432 438 446 447 454 461 470 475 478 481 472 473 475 481 490 497 506 506 502 505 502 510 518 523 526 532 533 542 547 550 547 556 559 559 564 565 560 567 574 577 581 589 592 595 592 591 593 595 599 602 603 612 616 626 629 634 638 638 643 652 659 665 662 671 678 684 690 695 701 703 711 716 717 720 723 727 733
425 421 418 416 415 407 409 402 402 403 404 411 406 407 404 411 415 423 425 416 417 420 428 429 430 437 440 449 453 462 471 472 473 475 482 484 490 497 504 513 512 511 513 511 519 527 532 528 534 536 537 546 547 550 559 563 564 569 572 568 575 583 585 590 598 599 597 595 593 599 603 607 611 612 618 620 630 637 641 646 647 647 652 660 668 671 679 681 688 692 696 705 702 702 710 716 717 718 722 730
434 427 427 424 417 415 407 403 409 407 408 410 415 415 412 419 416 417 426 425 421 428 433 438 431 440 448 453 460 466 467 474 480 482 480 488 497 496 500 507 511 520 521 518 525 526 531 529 536 545 544 548 549 558 559 561 569 578 581 575 583 589 594 599 599 606 603 603 596 605 611 608 614 621 625 622 632 640 648 646 648 655 652 660 668 677 679 682 684 687 687 696 693 694 701 710 714 718 725 731
438 430 430 426 417 413 412 412 417 408 413 417 420 421 416 425 417 426 432 434 429 430 435 442 439 442 449 455 462 467 470 468 471 476 478 482 491 493 499 500 508 517 522 519 524 532 533 538 545 554 546 555 551 556 562 568 574 582 582 582 591 591 596 599 606 614 609 607 599 608 616 610 613 620 624 626 630 635 643 643 645 646 649 658 663 670 675 682 690 686 679 688 692 694 703 712 721 725 725 734
441 434 431 434 426 422 421 421 418 417 420 424 428 422 425 421 418 426 434 435 437 432 441 444 442 447 448 453 457 458 462 466 474 483 481 482 489 493 498 499 508 517 523 521 524 533 539 541 544 553 555 564 560 557 565 572 573 574 576 580 584 591 599 600 609 615 610 606 602 606 614 618 614 620 628 633 631 633 634 637 639 648 655 659 660 667 666 674 681 682 677 686 689 698 704 708 717 721 722 731
448 442 439 441 432 427 430 428 427 420 421 430 435 428 434 428 427 428 433 440 446 441 450 445 447 455 457 456 465 467 467 475 478 486 490 488 497 502 505 508 511 512 521 524 531 539 547 544 552 559 562 569 562 566 568 573 577 577 584 588 587 593 602 609 613 620 617 612 603 612 614 619 616 625 632 639 633 635 642 644 642 647 648 655 657 661 665 667 672 673 674 683 688 691 698 707 712 713 721 723
456 451 448 450 441 434 432 429 430 421 430 433 441 433 440 431 436 430 439 441 450 442 444 451 450 459 460 457 459 463 472 481 483 487 496 495 502 509 509 515 520 521 528 529 536 541 545 548 552 561 563 568 564 573 569 578 585 579 586 595 592 600 606 615 614 621 616 615 607 616 623 627 620 627 631 631 640 643 650 645 647 652 654 663 664 663 667 668 676 676 677 686 688 697 706 710 715 721 727 724
464 458 452 443 442 441 439 430 432 424 433 439 445 442 442 433 439 433 440 445 453 451 453 460 457 463 469 466 462 471 474 476 485 486 495 503 510 516 515 516 518 526 533 532 536 543 545 551 560 569 564 573 573 582 574 582 587 588 591 600 598 602 608 615 623 615 622 616 615 622 630 628 622 623 624 629 638 646 653 648 651 655 658 666 671 664 671 677 683 679 685 686 694 702 703 712 721 722 727 730
461 454 445 444 449 449 440 431 439 431 438 442 448 445 451 442 442 439 446 447 450 451 457 463 459 460 464 472 464 473 475 484 490 491 500 508 509 518 524 522 527 535 540 541 538 540 546 555 561 568 565 566 568 576 575 577 583 584 592 598 599 593 602 609 614 607 616 622 624 631 639 630 627 630 628 632 640 644 651 654 660 663 666 671 668 666 668 673 675 682 685 691 698 701 708 717 726 729 736 739
461 452 451 452 456 447 442 433 440 440 446 451 452 447 454 449 451 448 447 448 451 452 460 469 467 462 471 469 466 467 470 477 486 492 497 506 509 513 520 527 528 536 540 541 539 544 547 556 558 560 568 575 569 578 582 578 581 584 588 590 591 592 596 605 611 606 614 621 624 632 639 637 636 634 631 634 642 650 656 663 666 672 673 680 676 671 675 682 682 688 688 689 698 705 714 722 729 730 739 746
467 458 460 457 457 448 448 442 441 449 447 450 457 448 457 458 459 457 456 457 452 460 466 475 468 463 471 473 475 469 478 486 493 493 497 503 504 511 514 519 526 535 543 544 547 552 556 564 559 567 568 573 577 585 588 586 586 588 596 595 595 593 601 602 603 605 610 616 617 623 632 640 644 643 639 642 645 649 658 662 663 667 673 682 677 672 675 682 685 690 694 696 697 706 714 716 722 729 732 737
464 461 463 464 458 457 450 443 447 449 452 452 455 456 463 461 465 462 457 457 455 456 458 467 476 472 476 481 477 478 486 490 499 502 504 505 510 515 516 520 529 536 540 543 552 560 559 568 566 572 577 582 580 586 592 594 587 595 603 597 604 602 606 609 610 607 608 614 623 626 630 633 639 642 641 645 646 648 653 655 664 672 679 680 679 679 678 679 683 688 690 699 704 708 709 717 719 728 736 740
473 465 470 473 467 466 459 452 453 454 460 460 456 459 468 462 467 464 462 465 456 465 466 475 483 479 477 486 479 485 494 499 508 511 509 513 515 520 525 521 526 532 533 542 547 554 558 567 569 570 573 578 586 587 589 595 596 602 611 602 609 610 613 615 619 615 617 623 631 634 635 640 644 648 643 652 648 655 654 663 669 673 676 685 685 687 682 687 684 692 699 708 707 708 717 723 721 726 728 731
474 473 479 474 475 471 462 458 454 459 463 461 459 460 468 470 474 466 465 473 464 465 466 475 481 480 484 493 484 493 494 503 511 520 516 514 523 526 525 524 525 531 540 547 556 563 563 571 577 571 572 581 587 596 596 602 603 603 611 610 615 613 615 624 623 616 622 625 626 627 628 634 642 643 651 655 657 657 663 665 671 676 680 681 683 691 691 691 685 689 691 700 701 710 716 717 721 722 731 739
480 478 486 481 473 470 464 462 461 460 468 469 466 466 473 479 479 475 467 476 470 474 475 476 480 484 488 489 486 495 499 508 513 522 521 515 521 528 534 531 531 537 545 552 556 565 569 571 580 575 581 583 590 595 599 602 607 605 609 612 617 621 621 624 627 618 627 633 635 631 633 635 640 647 649 658 665 666 666 666 668 677 686 682 689 696 697 693 689 695 697 698 700 701 707 715 716 721 729 733
489 487 487 479 475 466 465 470 469 465 466 467 472 471 477 486 483 474 473 482 477 483 484 481 489 487 488 489 489 497 502 511 517 518 527 520 527 536 533 532 540 538 543 552 561 567 576 579 588 583 589 592 598 604 608 608 616 614 615 613 618 625 630 630 629 620 622 626 631 636 641 638 642 643 646 653 662 663 668 667 671 672 679 687 695 701 705 696 694 698 705 704 709 703 710 716 721 720 721 724
496 487 479 478 469 468 473 474 470 473 471 469 478 472 480 481 490 483 478 481 478 482 491 485 493 488 496 497 497 498 500 508 511 517 526 529 536 540 542 535 539 547 551 560 569 576 583 586 587 585 587 596 599 607 608 616 623 623 620 621 627 629 635 631 633 629 623 630 634 638 639 647 650 650 655 660 669 671 669 671 679 674 677 679 687 696 696 705 700 705 711 713 714 705 706 707 712 718 726 725
493 486 479 478 470 474 482 478 479 477 480 478 483 475 482 482 487 490 481 485 480 489 498 492 501 495 504 499 501 505 506 514 513 519 528 532 541 541 546 540 546 554 557 565 574 579 588 595 594 590 594 603 607 612 615 618 624 631 623 622 631 638 640 640 636 628 626 634 641 644 647 653 658 659 663 665 669 670 678 676 684 675 678 679 687 689 692 700 708 706 711 712 711 708 712 710 720 720 724 732
498 492 483 479 479 477 479 479 488 479 485 487 485 476 485 491 490 489 482 489 488 491 498 497 502 501 508 503 504 509 511 520 522 528 529 538 541 550 551 547 555 559 564 566 573 574 583 592 599 598 595 604 612 613 618 625 630 639 631 625 631 640 649 649 640 633 632 640 644 653 655 660 667 660 668 668 669 672 681 677 686 683 687 688 696 693 701 709 715 714 712 720 716 715 720 716 719 721 730 737
498 490 484 487 485 484 481 484 487 480 484 493 488 485 494 492 492 498 491 494 494 500 507 501 508 502 511 508 513 511 513 520 527 532 534 537 546 553 553 556 561 566 567 567 573 577 584 593 597 604 596 604 613 622 622 625 630 637 640 634 640 647 652 651 649 641 641 646 652 661 656 665 670 666 673 674 675 673 682 682 691 691 696 697 702 694 703 711 720 723 720 726 717 720 723 723 726 722 723 727
500 493 493 494 493 490 490 491 482 481 489 492 495 486 491 496 500 499 498 496 496 498 504 509 508 507 508 517 521 518 522 521 529 537 543 539 548 549 557 554 563 567 576 572 577 586 590 592 600 604 603 609 613 614 623 632 631 632 638 639 646 655 661 654 648 645 647 654 661 664 662 671 675 667 674 682 677 676 679 680 687 690 699 706 709 702 709 713 722 729 728 730 722 728 728 727 732 724 731 733
503 497 498 502 494 498 497 495 488 486 493 493 502 495 500 505 509 505 503 502 504 500 508 516 517 508 516 517 525 523 530 527 534 540 547 540 547 552 560 553 554 563 572 581 586 583 583 588 594 595 596 600 604 606 615 624 633 641 643 648 647 656 661 662 656 648 656 663 665 666 670 673 681 675 680 685 686 677 685 689 691 699 705 711 712 704 713 722 726 734 737 734 729 735 734 736 740 733 737 734
506 506 500 503 499 506 498 496 495 495 495 502 504 497 506 513 518 513 504 503 506 503 511 513 522 515 516 524 527 532 539 536 536 545 552 544 546 548 551 552 554 558 566 574 580 581 582 584 593 601 602 609 612 615 618 626 633 642 650 649 655 664 665 667 662 656 665 671 672 667 672 679 682 680 683 684 688 685 693 698 700 700 708 709 713 705 712 719 727 728 735 742 735 736 743 745 744 740 745 743
