  0 338 332 337 340 336 345 347 350 358 355 351 349 357 361 360 354 355 359 358 361 370 378 378 387 385 385 390 393 394 398 395 396 405 406 412 412 419 420 421 429 432 441 442 448 448 452 454 462 466 469 471 480 489 487 495 495 502 505 510 519 511 513 521 530 528 532 540 541 547 556 565 572 574 581 583 586 584 589 584 589 597 601 609 611 620 628 637 634 640 646 647 648 654 662 668 669 665 671 680
  8 331 330 331 331 335 336 343 348 349 350 342 347 348 352 359 353 356 354 355 358 364 369 377 385 383 381 383 389 397 389 391 395 402 403 412 411 417 423 430 430 431 437 441 449 444 447 449 454 458 460 466 474 481 481 488 491 494 496 504 513 505 513 522 526 525 532 535 543 551 559 558 563 566 573 578 578 575 584 581 583 592 601 605 613 622 627 635 632 639 637 643 650 650 659 659 660 661 670 677
 16 323 321 330 328 337 329 335 340 342 342 340 338 341 346 352 345 348 349 356 365 371 378 372 376 378 377 383 386 390 384 388 396 403 412 417 410 415 415 423 430 436 428 433 440 438 446 452 460 458 462 471 472 474 479 487 490 489 496 503 511 503 511 514 518 523 530 532 538 544 553 555 563 563 564 572 573 574 575 579 582 591 600 601 608 617 618 627 623 630 635 640 641 649 650 653 660 661 662 668
 17 327 320 322 323 328 326 327 331 339 339 334 336 337 339 345 343 348 350 359 364 364 369 364 370 371 376 378 379 381 383 392 400 405 414 408 408 409 414 415 421 427 425 427 436 435 443 448 451 457 462 462 466 473 479 482 483 487 495 494 502 502 503 509 518 522 529 531 539 548 548 557 559 559 568 568 577 574 580 583 591 595 593 594 600 609 611 620 619 621 626 634 637 640 644 648 656 665 666 674
 26 327 319 316 322 323 325 332 337 334 330 331 339 340 338 336 340 349 353 354 362 357 360 360 363 367 367 369 371 374 379 388 395 396 405 402 401 410 415 407 416 418 419 426 427 434 443 448 456 461 467 459 461 470 472 479 488 489 489 491 497 496 504 513 515 519 526 531 535 543 540 548 550 558 560 561 570 571 573 574 583 591 592 595 601 603 611 612 613 617 624 626 628 637 643 651 655 664 671 674
 28 321 312 310 313 314 323 332 331 325 323 325 334 331 329 335 343 343 348 348 356 353 359 358 362 368 366 371 370 371 376 379 386 395 396 403 398 403 409 404 409 412 418 426 427 433 436 442 448 453 460 456 464 465 474 478 480 484 485 488 492 495 499 504 513 515 519 523 532 534 539 540 549 555 563 561 570 579 579 582 583 592 599 596 605 604 612 617 622 626 626 632 629 634 640 643 652 661 663 665
 29 313 304 304 309 313 322 328 323 323 314 321 326 322 323 329 336 337 339 346 348 344 351 355 353 360 364 366 367 374 382 376 383 390 397 394 396 397 400 401 408 409 417 421 425 433 434 437 444 446 455 454 458 463 465 471 473 478 487 490 491 494 499 508 516 523 522 526 530 531 532 539 546 547 555 560 564 570 577 581 583 586 591 599 608 613 621 625 624 631 633 634 633 641 647 644 646 654 658 657
 33 306 300 303 312 315 319 322 315 321 313 318 324 321 329 329 335 330 339 342 345 342 350 357 352 351 356 357 365 370 374 375 379 386 389 393 402 405 407 404 413 417 425 430 426 429 431 435 441 450 452 453 461 470 467 471 474 476 482 485 487 489 491 500 508 517 524 523 526 532 541 547 555 548 557 557 558 563 572 574 575 583 588 594 603 609 617 626 630 638 634 639 642 646 650 646 654 651 651 654
 41 300 299 301 305 306 311 314 313 319 311 311 320 320 323 328 327 329 337 333 338 340 348 350 354 348 352 359 368 377 373 373 377 381 388 397 394 399 406 413 419 416 419 421 424 433 437 444 447 449 448 451 456 463 470 476 483 484 490 494 490 496 494 503 512 518 520 522 529 531 539 548 550 550 553 555 558 562 563 566 573 581 587 592 597 606 614 617 621 629 626 635 638 642 649 651 654 650 642 650
 42 292 296 293 298 301 310 308 307 316 307 308 313 319 325 334 326 322 331 332 340 336 345 352 345 347 351 360 367 371 364 372 377 380 386 394 387 393 401 410 412 412 420 422 426 428 437 446 444 446 445 454 456 463 471 479 483 485 489 490 490 499 500 505 505 513 517 523 523 531 532 539 544 552 558 555 556 565 572 570 579 580 589 593 598 602 608 616 618 620 620 628 637 633 641 643 645 648 641 647
 51 287 294 286 294 296 302 302 304 308 306 312 313 311 317 326 326 317 322 324 331 335 341 344 343 352 352 356 358 365 363 368 370 377 378 385 385 389 396 405 409 411 418 426 433 430 433 437 439 439 444 452 453 458 463 472 475 477 480 481 484 491 497 498 499 505 511 514 520 523 531 533 539 548 549 553 559 568 574 575 583 588 580 584 593 599 605 609 610 618 619 620 629 632 633 635 638 639 640 648
 56 282 291 285 293 301 294 301 302 301 299 303 304 307 308 317 320 315 324 325 334 330 337 345 341 350 355 358 367 362 361 367 366 375 383 387 383 386 393 397 400 402 410 417 425 424 424 428 430 438 446 454 454 463 464 472 474 481 482 488 493 498 502 503 502 509 515 510 513 518 522 531 537 546 544 552 561 565 566 575 579 579 578 581 589 594 602 601 601 610 611 619 620 624 633 634 642 648 648 651
 58 279 282 284 286 292 286 295 301 296 297 304 309 303 309 310 311 312 321 324 325 329 331 338 340 341 349 358 367 364 357 359 365 368 375 384 382 384 393 395 398 400 404 411 419 416 417 420 429 434 438 447 454 458 463 466 469 473 477 486 495 500 502 511 506 511 510 505 513 522 528 522 531 538 539 545 552 557 566 570 579 574 576 579 582 589 597 596 599 604 608 615 621 627 634 642 637 646 654 660
 66 275 277 282 280 283 281 289 292 295 303 301 301 294 303 310 315 321 325 326 334 332 337 338 347 350 356 350 359 355 356 364 373 376 371 375 381 387 390 394 403 407 412 412 413 415 424 429 428 434 443 449 450 451 460 460 461 466 473 481 487 495 500 508 499 503 502 504 505 514 519 520 529 537 546 550 551 558 563 562 571 572 578 585 591 587 589 593 594 595 602 609 612 621 625 634 636 645 648 655
 73 274 268 274 271 275 277 286 284 291 294 299 294 290 297 305 306 312 317 318 326 335 332 333 340 349 350 348 352 354 361 370 378 371 370 376 378 379 388 392 398 407 412 406 415 410 418 423 427 430 434 442 449 458 457 454 463 470 477 478 478 486 492 501 493 494 501 503 506 515 518 523 530 532 540 542 545 552 555 561 567 574 575 583 583 585 594 592 593 601 604 612 613 615 624 629 638 647 645 650
 74 266 267 265 268 270 274 280 283 282 285 293 290 286 288 297 301 309 312 317 325 329 331 332 333 342 341 347 352 355 362 371 374 373 369 376 370 376 384 383 392 401 403 403 412 403 412 419 421 426 433 441 450 450 449 450 459 464 469 470 477 486 484 492 492 493 494 501 506 514 521 528 530 531 532 533 541 547 548 557 565 565 569 574 575 582 588 591 593 599 601 603 611 620 624 628 630 639 640 641
 83 261 258 264 265 268 270 277 279 281 279 286 293 285 289 298 307 305 313 312 317 321 328 323 330 333 337 344 348 356 365 373 366 370 368 367 367 373 378 382 388 397 406 401 404 401 404 410 417 419 424 433 442 451 448 453 460 463 468 471 476 484 482 483 491 496 502 510 507 516 524 525 528 537 539 538 547 548 556 560 568 560 561 569 578 585 586 593 599 604 608 605 613 618 623 626 629 636 639 647
 89 259 251 260 265 259 268 273 281 281 273 278 286 282 289 292 298 302 304 306 312 314 319 320 323 328 331 335 343 351 357 366 357 363 359 360 364 368 373 379 386 392 399 398 396 398 404 413 421 425 426 435 433 442 443 447 453 458 466 472 476 479 476 485 486 495 503 509 515 516 524 529 534 538 540 539 548 554 552 558 561 559 567 574 579 588 587 595 596 602 606 609 618 627 630 626 627 635 636 645
 93 253 249 255 260 257 263 270 273 272 271 277 280 281 290 290 294 299 308 309 311 309 310 314 315 324 325 326 334 342 351 359 350 354 355 363 372 374 376 382 383 388 395 403 395 402 407 416 425 430 427 427 429 433 442 447 454 452 460 466 470 475 474 481 490 491 498 507 509 517 517 526 525 530 531 540 539 545 544 549 552 555 562 571 574 581 590 599 597 604 603 610 611 618 625 625 634 638 644 649
 94 253 246 253 253 252 259 266 269 263 264 273 282 281 286 286 293 299 299 308 310 305 308 317 320 325 333 329 335 342 350 353 349 351 359 357 364 371 380 377 385 381 389 394 393 396 405 414 416 423 428 423 430 431 438 447 448 449 457 459 466 468 472 480 482 491 495 498 507 515 515 524 524 532 534 532 530 537 540 545 554 563 567 571 579 588 590 599 596 600 602 608 615 615 616 617 625 630 635 640
100 250 245 246 249 250 259 260 265 261 255 264 273 278 284 282 284 292 291 300 301 304 313 319 319 324 332 337 342 346 348 350 343 344 351 352 355 364 372 376 378 375 380 387 390 399 405 406 407 416 419 421 430 433 434 440 447 448 455 461 461 470 476 482 487 491 499 505 512 512 512 518 522 530 526 523 529 531 536 545 553 560 567 569 574 583 590 597 590 591 598 600 607 614 619 620 622 629 638 646
109 241 238 244 242 251 256 251 258 260 254 256 264 271 275 278 281 284 286 293 302 305 311 316 318 323 326 332 335 337 339 341 342 350 349 354 348 357 363 368 369 372 373 382 383 392 398 405 409 415 412 420 426 432 438 447 443 452 453 454 459 468 470 477 483 485 494 496 503 503 504 509 513 522 528 520 529 538 544 547 551 557 566 575 570 579 581 588 589 594 597 605 598 606 611 612 617 623 629 638
118 232 231 238 238 244 249 250 250 251 253 258 266 267 272 281 282 289 295 301 302 305 309 318 321 321 324 325 326 328 336 336 343 341 343 346 346 348 357 364 372 374 377 381 384 390 398 399 408 408 411 416 424 433 433 439 438 443 444 445 452 461 461 470 476 478 487 493 494 501 502 510 518 526 524 518 523 529 536 538 547 553 557 566 569 573 578 579 581 590 596 596 597 600 609 608 613 620 622 630
122 223 228 231 232 239 243 251 246 253 259 264 266 275 275 277 281 282 286 293 295 304 308 311 318 320 318 324 333 331 331 333 334 334 337 342 344 352 361 369 371 375 378 387 381 387 394 396 405 403 405 408 417 424 429 430 436 440 447 454 454 455 460 467 476 485 486 485 494 495 495 504 511 520 518 515 524 530 532 540 541 550 557 559 560 569 575 579 581 590 591 595 603 600 604 605 614 622 626 631
127 220 224 230 228 233 235 242 244 251 252 260 263 272 273 273 279 273 278 286 295 304 313 305 309 314 317 315 324 323 330 327 332 329 338 342 351 357 356 360 362 368 369 378 379 381 385 393 402 401 406 407 411 420 429 435 436 445 448 454 463 463 461 469 478 479 480 484 491 492 493 495 504 512 513 514 515 523 531 533 538 547 548 557 561 567 576 571 575 583 590 598 603 596 605 599 607 613 622 623
132 215 218 227 220 225 234 243 248 249 255 259 267 270 274 267 272 270 276 285 291 299 306 297 304 308 308 313 320 320 321 321 329 328 330 339 347 353 350 354 361 367 372 376 380 385 386 387 395 397 405 412 416 424 431 440 442 449 456 450 454 463 469 470 479 482 485 493 500 496 495 504 512 514 519 521 522 526 532 533 539 548 557 559 561 559 568 568 571 579 581 590 594 595 596 597 606 609 618 622
133 214 212 219 217 225 234 237 246 244 250 251 258 261 269 266 265 268 272 281 289 293 297 295 298 299 306 306 311 317 314 319 326 321 330 336 342 344 345 346 355 358 365 368 373 380 388 388 389 397 406 415 418 421 430 433 442 450 455 447 450 458 460 464 473 475 478 486 494 495 502 509 518 522 527 520 529 528 533 541 548 551 554 550 552 555 561 562 571 579 588 595 594 597 600 606 607 611 613 618
141 216 209 215 211 220 229 230 237 242 251 253 258 262 261 270 264 272 275 279 280 285 291 287 289 295 297 305 306 308 310 311 319 320 326 335 344 353 354 353 362 366 366 375 382 381 390 391 391 400 407 411 414 422 427 435 441 447 446 445 453 456 464 471 467 466 475 481 489 496 497 506 514 518 518 512 520 529 534 539 542 547 554 547 551 553 562 571 573 575 584 592 591 593 601 604 613 614 622 621
142 215 207 206 206 215 222 223 230 234 243 250 250 257 259 263 263 263 272 275 281 276 284 285 283 292 298 307 315 315 319 318 327 329 332 341 346 355 355 356 365 371 373 377 383 388 392 393 400 407 415 419 415 416 422 427 433 440 445 441 450 452 461 462 463 464 471 478 480 487 496 499 508 510 510 511 518 526 530 531 535 539 546 544 553 559 560 567 568 570 578 586 587 591 598 605 614 615 624 624
151 214 208 199 201 209 216 214 223 232 240 241 242 247 255 256 258 259 262 267 271 273 274 280 281 290 296 300 309 312 321 319 324 325 333 342 351 357 357 357 366 374 378 384 390 397 398 400 409 410 419 426 422 418 419 426 431 432 436 437 446 455 457 466 465 467 469 478 479 486 487 496 501 504 505 512 519 520 522 523 529 530 537 543 550 559 563 564 565 573 579 582 584 592 599 607 616 624 626 626
155 205 205 189 190 199 202 208 215 223 231 239 247 252 254 263 265 261 270 268 276 280 282 282 283 284 294 303 306 313 322 322 328 334 339 344 347 354 361 359 365 369 375 383 391 400 402 409 418 419 414 423 425 419 426 435 432 440 445 446 449 457 466 474 467 470 477 483 488 494 491 493 502 508 511 517 524 528 528 529 536 535 544 546 550 555 557 566 564 572 580 583 592 600 608 613 615 615 621 617
162 196 201 188 194 203 211 214 222 225 234 242 243 252 245 254 258 259 268 277 281 278 281 287 291 289 297 303 309 312 314 315 321 330 339 339 348 354 361 365 371 377 380 387 393 394 402 409 409 412 413 420 421 421 430 439 437 444 453 454 456 463 467 472 476 477 485 488 496 498 491 498 504 505 507 516 524 525 532 532 530 537 543 538 544 546 553 558 560 565 571 577 586 594 603 610 613 611 616 613
171 178 185 187 194 195 204 213 221 229 230 233 242 243 244 252 261 262 271 280 274 277 278 287 296 291 298 299 306 310 316 316 323 331 333 338 340 348 355 362 365 369 374 379 384 392 393 401 407 416 415 424 429 430 438 444 442 444 449 458 460 460 466 470 479 484 486 486 487 489 490 495 496 505 506 512 521 530 531 531 528 536 534 537 542 546 547 556 564 571 577 579 584 588 595 602 604 608 613 611
176 182 191 196 200 203 211 220 225 228 236 242 246 252 246 251 259 260 269 271 273 280 285 294 300 294 299 303 309 315 316 324 324 329 338 347 349 349 357 363 368 373 382 385 385 394 402 406 412 414 421 428 425 431 440 444 446 453 457 455 451 459 463 466 472 476 478 485 486 483 485 490 499 502 505 508 517 526 532 526 526 534 533 541 544 546 555 561 562 571 580 585 590 596 593 594 599 600 608 610
180 189 198 202 201 202 207 215 224 226 231 239 241 248 247 256 262 269 277 272 275 281 287 292 297 297 305 309 314 323 323 330 326 327 330 340 349 358 360 361 367 368 377 382 382 389 397 406 404 412 414 422 423 431 435 436 445 446 453 454 447 456 463 464 473 474 478 477 477 475 476 485 492 494 497 506 511 518 524 517 518 525 530 536 540 541 547 556 564 569 573 578 581 590 586 594 599 608 611 603
184 191 194 202 209 211 212 220 228 233 232 239 241 249 250 254 263 272 273 275 281 290 292 301 300 306 307 308 313 322 324 328 335 336 331 339 344 352 353 357 359 367 375 376 377 384 389 398 401 410 416 416 424 426 428 429 436 440 444 445 446 447 456 459 464 469 473 471 472 474 476 480 485 486 495 503 504 513 518 516 521 519 522 531 535 543 546 555 563 560 569 570 576 582 578 585 592 599 608 601
193 199 203 203 209 215 220 229 229 235 238 239 241 249 252 259 263 272 271 276 280 284 292 301 305 311 313 309 318 319 327 329 338 338 333 341 346 355 359 366 368 374 381 378 386 385 390 391 400 402 407 412 421 430 434 436 443 447 444 449 455 456 458 465 465 467 469 470 479 483 483 486 487 494 495 504 513 511 511 512 513 518 527 523 532 536 544 549 558 559 565 571 567 574 575 584 585 590 599 600
201 200 206 211 218 217 226 230 233 235 236 245 248 253 256 259 261 269 270 275 277 286 286 293 296 302 311 312 315 318 326 331 336 343 340 350 350 357 365 374 370 379 383 375 380 386 386 388 396 400 409 414 422 425 426 432 436 439 441 445 452 458 467 467 474 474 471 472 473 475 476 479 487 489 494 502 504 502 510 517 514 515 521 522 530 534 538 543 552 559 556 562 563 572 580 584 592 598 605 609
206 207 212 220 226 226 233 233 234 241 237 246 250 255 260 266 266 268 275 281 278 281 283 292 294 301 308 310 313 321 328 337 345 345 343 350 356 361 368 376 368 372 378 372 373 381 385 393 395 403 406 407 416 424 432 433 441 438 443 448 452 461 469 469 477 474 473 474 482 477 485 480 487 493 493 500 495 496 503 511 515 522 524 525 534 538 545 548 556 551 553 559 563 572 577 578 586 595 604 608
214 210 213 215 224 230 239 242 237 243 242 244 253 257 260 262 264 272 280 289 284 288 289 294 303 302 303 312 318 326 332 333 340 345 345 346 347 357 362 368 367 369 371 370 377 378 386 392 399 406 410 408 414 423 431 432 436 437 443 452 460 466 466 472 475 474 479 482 490 486 486 481 482 484 491 492 494 499 508 513 520 523 524 528 531 533 537 546 549 550 559 566 564 573 580 580 582 591 596 599
219 217 216 217 225 234 236 242 246 250 247 253 262 265 268 263 267 274 282 291 285 291 293 300 305 303 309 317 318 323 325 333 340 349 347 348 348 354 357 358 360 363 365 369 371 380 385 393 395 404 413 412 413 414 423 426 427 436 438 447 451 460 457 465 473 471 472 481 483 491 494 486 491 492 499 496 503 508 509 513 519 520 527 533 538 542 543 552 552 557 566 570 569 577 578 586 583 587 596 605
224 218 224 220 227 234 235 244 250 253 255 254 262 267 269 271 274 276 285 286 289 295 300 301 309 306 311 317 322 331 332 335 341 345 352 353 357 363 358 359 367 365 372 377 380 388 394 388 396 399 405 403 404 407 416 418 427 431 432 439 448 453 452 461 464 465 466 473 476 485 493 495 491 493 495 503 510 515 515 520 520 523 531 533 537 546 552 559 558 566 569 578 575 581 587 595 591 589 591 598
226 219 220 227 231 236 244 249 256 262 262 256 262 268 271 280 275 276 284 291 291 299 306 309 312 311 313 319 325 334 341 344 346 353 361 362 360 363 363 363 371 366 368 369 372 380 389 383 390 393 396 399 402 410 417 421 430 434 440 440 442 447 450 459 460 466 475 482 477 479 487 488 489 498 497 502 509 515 521 529 525 532 536 542 543 552 560 564 565 571 578 587 584 590 595 598 594 590 591 600
235 226 229 236 233 242 250 254 250 258 263 259 268 269 270 274 275 277 279 287 293 301 305 308 311 314 315 324 328 334 342 343 352 359 364 363 362 359 365 372 378 372 375 371 375 377 379 380 381 386 389 398 402 407 408 415 421 430 436 445 446 454 451 459 465 468 477 480 479 487 484 479 482 491 494 502 503 507 516 523 527 534 539 544 545 554 562 565 572 572 579 580 587 595 601 603 602 599 598 607
244 235 230 231 233 238 242 248 249 257 266 261 267 275 275 276 278 283 288 294 302 305 306 307 316 320 320 325 332 333 335 337 345 352 358 366 357 358 367 370 379 381 376 380 383 378 387 388 389 387 388 390 398 407 408 417 426 429 435 442 445 453 454 455 464 464 471 473 480 487 479 478 486 495 498 506 509 515 520 529 528 533 540 547 553 550 559 563 569 574 583 584 593 602 610 612 605 608 600 604
238 233 232 238 240 239 247 255 256 264 272 267 270 274 282 281 286 291 295 303 309 314 314 309 318 320 326 333 341 334 335 337 346 347 351 357 352 361 369 371 378 379 377 384 382 381 388 389 398 392 393 392 394 403 410 418 420 421 427 436 438 446 453 456 465 462 470 478 473 478 475 477 486 492 499 504 513 521 528 525 525 526 534 538 547 548 557 566 574 583 592 588 597 606 611 619 614 612 608 605
239 240 241 244 244 244 251 259 264 273 278 273 278 277 286 285 288 292 298 300 307 314 315 315 323 329 327 331 339 335 341 338 339 344 348 349 351 358 362 371 379 378 384 390 390 390 390 398 399 400 394 398 395 403 407 415 419 420 426 432 439 443 446 447 456 459 468 469 471 473 474 482 485 492 501 502 511 518 519 520 523 527 536 541 543 552 561 562 568 576 583 592 598 601 608 612 611 611 613 611
244 245 248 253 253 253 260 262 269 278 281 274 280 282 287 294 293 300 307 305 314 319 319 324 326 332 331 335 341 344 347 345 348 350 350 356 357 361 364 365 370 372 375 381 390 399 399 407 408 400 395 403 402 403 405 407 415 424 432 440 440 444 449 453 459 468 475 473 479 481 483 490 493 501 510 508 517 524 525 528 532 528 537 538 547 552 561 570 574 582 591 587 595 600 607 608 609 610 618 616
253 254 249 258 262 262 266 263 272 272 273 275 284 284 291 290 291 296 305 314 323 322 326 332 335 334 336 344 349 351 351 349 352 358 358 363 361 368 373 374 378 374 376 384 393 398 400 409 406 405 404 407 407 408 410 414 421 429 433 437 446 453 450 456 465 469 472 479 486 482 490 492 497 499 507 516 525 528 534 535 531 530 538 547 556 556 565 574 582 587 582 584 590 591 598 606 615 619 626 618
258 256 257 266 263 271 272 266 267 271 280 279 281 283 288 289 297 305 312 316 317 318 324 330 335 342 339 348 357 355 352 358 360 359 359 368 367 376 377 378 383 376 384 393 394 402 402 411 413 408 405 414 414 417 419 421 430 438 442 442 448 453 452 459 464 470 478 483 481 482 485 488 497 504 513 520 521 530 538 539 533 536 537 542 548 551 560 569 573 579 580 589 598 598 604 611 612 620 619 626
259 263 265 273 266 270 271 273 269 270 271 277 286 287 290 294 300 307 316 318 323 321 330 337 339 342 342 344 352 360 361 364 368 366 362 370 376 383 381 379 388 385 391 392 393 398 407 416 412 414 414 423 421 421 421 426 428 435 441 442 451 459 459 463 471 472 478 479 480 485 494 496 505 508 513 514 523 528 534 535 540 537 545 550 557 560 561 566 569 574 583 592 593 600 608 615 613 621 617 626
260 269 266 272 273 271 279 282 278 278 278 280 289 296 297 302 309 312 317 323 325 329 334 343 340 348 347 348 357 364 366 372 373 374 369 378 381 388 383 387 391 387 388 396 400 406 409 410 411 420 420 423 424 422 423 428 437 439 444 451 460 463 468 472 475 480 487 486 488 493 495 504 505 509 510 518 524 531 539 544 542 543 549 554 558 567 569 567 572 577 582 587 588 597 603 610 616 619 613 622
267 276 271 275 282 274 276 284 281 284 279 282 291 300 303 309 315 313 315 316 325 331 333 340 345 352 356 352 356 357 360 363 364 365 374 375 384 392 384 386 388 396 397 399 402 409 418 411 418 427 427 431 430 424 432 435 443 448 451 458 463 469 469 473 478 486 495 494 489 495 503 505 513 516 518 525 526 528 536 537 538 545 553 561 562 563 565 570 571 577 585 591 597 606 603 604 607 610 611 616
274 275 280 284 288 283 279 288 286 286 283 289 293 301 304 310 314 314 318 321 330 336 337 345 347 356 364 361 361 360 366 371 369 374 378 376 384 390 393 388 390 391 393 402 403 412 419 412 413 418 426 435 435 425 434 443 452 455 458 459 460 467 471 471 472 477 486 487 492 495 504 512 518 521 524 526 530 532 540 542 543 544 546 554 555 563 566 569 578 583 584 591 596 599 602 601 608 617 616 619
283 284 289 288 289 292 287 296 287 290 292 290 299 302 309 318 323 323 326 328 334 337 343 351 348 351 359 366 368 366 372 373 374 382 381 385 387 390 396 396 398 396 401 402 410 418 426 421 421 426 434 438 431 429 436 441 445 446 455 462 461 462 470 469 477 486 493 495 501 496 499 505 513 518 523 528 529 538 547 546 551 546 555 562 561 568 569 571 572 574 575 584 587 590 597 598 607 616 623 628
292 293 298 297 297 294 290 295 294 299 301 298 307 303 307 316 318 327 329 329 332 333 340 349 357 359 364 367 375 369 377 379 376 384 390 386 393 391 396 404 399 400 405 411 418 426 427 427 430 430 432 441 439 437 442 449 453 455 464 463 462 463 465 467 475 478 486 490 497 504 504 511 516 523 532 537 532 541 543 544 552 547 549 553 558 567 569 575 573 582 583 591 596 599 606 603 609 610 619 626
294 302 303 300 304 295 291 297 303 300 300 299 301 307 308 317 326 333 338 338 338 340 344 348 354 355 364 370 376 376 383 381 381 383 384 392 398 399 402 411 408 409 414 415 423 427 432 435 438 433 435 439 448 441 448 455 458 464 466 464 464 472 474 471 472 481 487 489 498 502 505 507 514 521 524 533 537 543 549 552 555 555 558 556 557 561 567 574 578 582 586 588 591 592 601 610 618 614 618 622
302 310 307 304 301 297 298 305 304 308 308 301 303 308 312 317 326 331 336 345 340 348 346 353 362 357 366 372 374 378 383 390 388 392 385 389 390 396 405 413 413 410 418 422 423 424 431 432 435 436 444 447 449 444 446 452 453 462 467 473 473 473 475 476 479 486 490 495 496 505 513 516 521 524 527 528 533 542 551 552 561 556 559 557 565 570 575 581 587 587 595 591 595 601 606 607 612 621 620 629
303 306 315 313 306 302 307 307 311 310 311 302 303 306 313 316 325 332 334 338 344 353 350 359 366 366 375 377 383 382 391 397 392 392 391 398 399 405 409 411 417 415 424 424 432 433 440 441 440 440 448 453 458 453 454 461 460 466 467 476 482 481 477 479 488 487 489 495 502 511 512 517 526 525 526 527 536 545 554 560 561 563 563 564 567 576 578 579 587 596 604 600 599 602 604 606 614 616 625 634
306 315 324 321 313 310 310 315 314 318 315 306 304 311 317 321 322 327 334 340 348 352 357 364 369 369 377 378 386 385 389 398 401 397 398 401 400 403 410 409 411 415 416 425 428 434 436 438 447 441 444 452 459 458 456 462 463 467 476 478 482 489 485 488 490 496 498 497 500 508 517 523 524 527 527 536 545 547 548 554 562 570 564 570 574 582 587 586 591 599 604 604 606 604 606 611 619 625 634 643
315 322 330 325 320 319 313 321 318 322 315 314 305 310 318 327 331 335 334 340 343 349 358 365 371 374 382 386 393 391 398 407 406 398 399 403 402 403 407 408 409 418 418 419 420 429 437 445 448 450 448 456 465 465 463 470 472 472 479 484 484 487 491 497 499 504 506 499 507 514 515 523 531 533 528 530 536 543 551 560 568 567 571 575 583 589 594 595 600 603 610 609 610 610 615 619 627 632 639 642
322 331 338 333 325 317 314 315 324 326 322 313 306 310 315 322 328 331 332 340 346 352 361 369 364 373 376 381 384 392 398 407 406 401 406 404 404 410 415 412 414 420 425 428 427 429 435 440 449 455 449 457 460 468 465 472 479 476 481 485 489 490 495 501 503 504 506 501 507 516 521 530 532 541 536 539 544 547 555 559 560 564 570 572 579 588 594 597 598 606 615 616 617 614 619 621 629 636 645 650
327 336 342 338 332 323 317 324 332 328 326 319 315 315 317 322 325 334 341 343 344 353 354 361 362 371 372 373 375 384 391 399 402 405 412 412 411 417 419 418 422 426 433 436 431 432 437 446 455 464 458 462 462 463 467 475 478 485 482 487 488 490 498 505 504 506 504 502 510 511 520 529 537 541 543 545 547 555 556 558 559 561 568 577 579 583 590 598 601 602 610 615 619 622 620 628 636 644 651 657
333 340 345 336 335 328 320 321 323 332 324 317 316 320 321 329 330 337 339 348 353 362 355 360 369 372 380 374 381 382 391 397 405 414 418 419 419 423 427 426 427 427 429 434 440 433 439 447 456 464 467 465 468 472 476 476 483 487 483 484 486 494 495 498 504 509 506 511 519 520 528 531 532 537 546 554 551 553 555 564 565 562 571 575 578 583 592 598 604 603 608 614 621 618 622 631 631 637 646 651
336 344 337 336 334 332 326 329 331 327 322 320 317 322 324 330 338 344 341 344 352 360 356 360 362 371 379 380 382 390 399 406 408 415 423 423 425 432 429 431 433 434 430 435 444 441 447 454 456 461 468 467 475 477 478 485 489 488 490 487 490 492 496 499 506 508 511 512 520 526 531 535 536 545 546 555 555 554 561 563 572 566 567 569 578 582 591 600 601 602 605 614 613 616 622 626 630 639 647 654
340 348 344 345 341 336 327 336 340 333 325 326 325 326 332 335 338 346 347 350 359 360 362 369 370 373 382 389 390 394 396 405 407 415 424 422 429 435 430 438 438 436 437 443 444 449 454 460 459 460 469 472 481 486 479 481 482 485 491 496 491 500 503 506 514 509 517 521 527 535 532 534 541 544 553 562 563 555 558 564 572 573 575 578 586 583 590 598 607 607 605 607 610 615 623 627 636 639 644 653
346 355 353 353 347 343 336 344 335 328 327 329 329 335 333 342 342 351 356 357 363 367 366 370 371 379 383 385 386 387 396 397 400 409 417 418 423 426 435 441 439 437 446 451 453 458 461 469 460 464 473 481 490 483 480 489 489 486 495 497 493 502 511 510 519 518 523 522 524 533 539 538 539 542 548 557 559 563 565 568 570 577 583 587 595 588 589 593 601 603 604 613 619 616 623 627 629 636 637 645
347 356 360 354 354 345 342 340 333 331 331 331 337 340 340 342 344 352 353 357 366 372 371 378 380 388 387 387 388 394 400 406 408 417 421 426 431 435 436 444 447 441 450 456 454 463 469 476 467 472 481 484 488 485 487 488 496 494 500 505 499 504 514 517 519 523 525 530 529 531 539 540 542 551 550 552 561 570 572 577 571 579 580 583 592 592 592 601 608 606 608 614 620 617 626 634 637 639 646 647
355 364 363 362 353 352 349 342 334 338 334 335 341 341 349 343 345 349 351 359 366 375 378 379 380 384 391 395 396 403 409 407 414 418 426 432 439 442 438 441 450 447 448 456 457 462 468 475 472 475 482 487 485 486 495 495 502 503 509 506 507 506 507 510 518 522 531 531 530 539 548 541 547 554 554 558 567 569 573 576 579 580 588 587 591 596 597 600 607 615 612 616 617 625 627 633 634 643 645 654
364 373 364 361 357 351 350 345 338 347 339 338 347 348 356 351 352 357 359 368 374 378 379 382 381 389 398 403 404 412 412 416 418 427 430 431 435 436 442 442 445 449 456 459 463 471 469 471 479 477 478 481 482 488 495 496 497 499 500 509 515 513 513 515 525 531 533 532 536 538 545 546 550 551 553 562 571 574 581 584 581 581 587 595 593 594 603 601 610 616 621 619 625 630 636 634 636 637 644 651
373 373 371 362 360 360 357 348 342 345 342 347 352 349 355 360 361 366 361 362 370 379 388 391 389 397 406 411 413 418 421 420 423 424 429 433 434 438 440 441 450 452 454 463 464 472 473 475 481 481 487 484 485 488 496 505 505 507 501 502 506 515 519 516 517 522 529 533 540 547 554 548 556 559 556 559 563 565 573 577 581 586 590 595 595 603 609 610 614 621 622 627 626 633 634 637 637 642 649 656
382 376 378 369 362 363 360 355 346 350 346 351 360 357 362 364 364 372 363 367 376 377 385 386 390 391 400 409 415 420 425 424 426 432 438 439 439 447 444 444 448 456 461 470 468 469 478 479 480 489 487 486 494 489 497 503 509 515 507 503 509 510 514 523 522 531 537 535 545 549 555 549 557 563 563 560 565 573 580 586 590 590 596 602 604 605 610 615 621 628 623 629 635 641 639 638 638 644 646 652
386 385 384 378 371 370 362 355 351 352 351 352 361 366 371 367 372 369 365 373 382 381 387 392 397 399 407 410 419 420 428 425 431 439 446 441 446 453 451 452 453 461 467 471 470 478 485 484 489 494 496 494 494 491 497 506 515 517 510 510 518 518 519 522 528 531 538 536 542 547 554 558 558 563 572 569 566 570 571 577 582 590 594 603 612 613 619 616 624 631 632 633 636 644 647 647 645 653 652 653
394 394 393 384 380 379 371 364 355 353 360 353 355 364 369 375 381 378 373 375 376 385 388 397 398 407 411 411 416 425 434 433 436 440 449 447 448 456 458 458 459 468 475 479 478 487 487 485 491 500 500 503 496 492 501 507 509 511 512 513 521 526 527 529 536 538 544 545 544 553 558 564 567 572 573 578 571 578 578 580 587 592 600 608 614 621 628 622 623 631 635 641 642 650 654 656 653 662 661 657
397 389 388 384 381 384 375 366 361 362 357 356 359 360 365 366 375 377 379 383 385 387 391 399 401 410 412 417 424 433 435 438 438 439 447 455 457 458 461 467 462 463 472 479 487 488 495 486 487 494 503 509 505 499 508 516 514 517 513 519 526 532 535 536 545 540 549 550 545 553 561 570 575 580 581 587 578 587 579 582 590 597 602 603 611 620 621 623 632 637 643 650 649 650 657 664 655 660 669 661
405 396 395 387 379 378 376 368 365 361 360 365 360 369 367 375 382 380 387 389 394 388 397 405 408 415 419 425 432 440 444 444 447 441 444 448 454 456 464 465 463 464 469 470 478 486 492 495 494 498 506 507 514 508 517 522 519 526 521 527 535 538 542 544 552 547 556 555 552 560 568 570 570 579 585 589 581 584 585 591 594 595 602 608 609 611 618 626 634 642 650 652 657 651 658 659 664 668 669 670
412 403 395 395 387 384 375 368 367 363 365 374 369 376 369 370 373 380 381 384 387 395 399 406 408 412 421 427 436 445 449 453 445 443 444 451 460 461 468 469 469 465 468 472 475 482 490 495 496 505 506 510 511 509 517 525 523 532 525 526 534 539 543 545 554 552 556 556 554 563 571 568 569 571 579 580 584 593 593 593 594 597 605 611 613 614 623 631 632 639 647 655 655 653 659 667 665 674 678 676
405 402 393 393 384 375 374 373 373 369 367 375 377 374 372 375 380 386 390 386 390 392 401 404 410 418 419 426 433 442 447 450 453 444 445 447 453 462 469 478 478 474 477 474 482 490 495 498 503 504 513 518 520 516 525 528 528 533 534 529 536 543 546 550 558 561 564 560 557 559 561 565 568 569 578 582 592 595 598 597 595 600 609 616 622 619 628 635 641 647 652 658 658 662 667 668 671 676 681 684
397 393 390 388 387 379 381 374 374 375 376 383 378 379 376 383 387 395 397 388 389 392 400 401 402 409 412 421 425 434 443 444 445 447 454 456 462 469 476 485 484 483 485 483 491 499 504 500 506 507 508 517 518 519 528 532 533 538 541 537 544 552 554 559 567 568 564 562 559 565 569 573 577 578 584 586 596 603 605 605 604 604 609 617 625 628 636 638 645 650 659 667 667 668 676 674 674 675 679 687
406 399 399 396 389 387 379 375 381 379 380 382 387 387 384 391 388 389 398 397 393 400 405 410 403 412 420 425 432 438 439 446 452 454 452 460 469 468 472 479 483 492 493 490 497 498 503 501 508 516 515 519 520 528 529 531 539 547 550 544 552 558 563 568 568 575 570 570 562 571 577 574 580 587 591 588 598 606 613 608 607 613 612 620 628 637 640 641 643 646 653 662 659 660 667 676 678 679 686 692
410 402 402 398 389 385 384 384 389 380 385 389 392 393 388 397 389 398 404 406 401 402 407 414 411 414 421 427 434 439 442 440 443 448 450 454 463 465 471 472 480 489 494 491 496 504 505 510 517 525 517 526 522 527 533 538 544 552 553 551 560 560 565 568 575 583 576 573 565 574 582 576 579 586 590 592 596 601 609 609 611 612 615 624 629 636 641 648 652 652 645 654 658 660 669 678 687 686 689 698
413 406 403 406 398 394 393 393 390 389 392 396 400 394 397 393 390 398 406 407 409 404 413 416 414 419 420 425 429 430 434 438 446 455 453 454 461 465 470 471 480 489 495 493 496 505 511 513 516 525 526 535 531 528 536 543 544 545 547 551 555 562 570 569 578 582 576 572 568 572 580 584 580 586 594 599 597 599 600 603 605 614 621 625 626 633 632 640 647 648 643 652 655 664 670 674 683 687 688 697
420 414 411 413 404 399 402 400 399 392 393 402 407 400 406 400 399 400 405 412 418 413 422 417 419 427 429 428 437 439 439 447 450 458 462 460 469 474 477 480 483 484 493 496 503 511 519 516 524 531 533 540 533 537 539 544 548 548 555 559 558 564 573 578 582 589 583 578 569 578 580 585 582 591 598 605 599 601 608 610 608 613 614 621 623 627 631 633 638 639 640 649 654 657 664 673 678 679 687 689
428 423 420 422 413 406 404 401 402 393 402 405 413 405 412 403 408 402 411 413 422 414 416 423 422 431 432 429 431 435 444 453 455 459 468 467 474 481 481 487 492 493 500 501 508 513 517 520 524 533 535 540 535 544 540 549 556 550 557 566 563 571 577 586 583 589 582 581 573 582 589 593 586 593 597 597 606 609 616 611 613 618 620 629 630 629 633 634 642 642 643 652 654 663 672 676 681 687 693 690
436 430 424 415 414 413 411 402 404 396 405 411 417 414 414 405 411 405 412 417 425 423 425 432 429 435 441 438 434 443 446 448 457 458 467 475 482 488 487 488 490 498 505 504 508 515 517 523 532 541 536 545 544 553 545 553 558 559 562 571 569 573 579 586 592 586 589 582 581 588 596 594 588 589 590 595 604 612 619 614 617 621 624 632 637 630 637 643 649 645 651 652 660 668 669 678 687 688 693 696
433 426 417 416 421 421 412 403 411 403 410 414 420 417 423 414 414 411 418 419 422 423 429 435 431 432 436 444 436 445 447 456 462 463 472 480 481 490 496 494 499 507 512 513 510 512 518 527 533 540 537 538 540 548 546 548 554 555 563 569 570 564 573 580 585 578 587 588 590 597 605 596 593 596 594 598 606 610 617 620 626 629 632 637 634 632 634 639 641 648 651 657 664 667 674 683 692 695 702 705
433 424 423 424 428 419 414 405 412 412 418 423 424 419 426 421 423 420 419 420 423 424 432 441 439 434 443 441 438 439 442 449 458 464 469 478 481 485 492 499 500 508 512 513 511 516 519 528 530 532 540 547 541 550 553 549 552 555 559 561 562 563 567 576 582 577 585 592 595 603 610 603 602 600 597 600 608 616 622 629 632 638 639 646 642 637 641 648 648 654 654 655 664 671 680 688 695 696 705 712
439 430 432 429 429 420 420 414 413 421 419 422 429 420 429 430 431 429 428 429 424 432 438 447 440 435 443 445 447 441 450 458 465 465 469 475 476 483 486 491 498 507 515 516 519 524 528 536 531 539 540 545 549 557 559 557 557 559 567 566 566 564 572 573 574 576 581 587 588 594 603 611 610 609 605 608 611 615 624 628 629 633 639 648 643 638 641 648 651 656 660 662 663 672 680 682 688 695 698 703
436 433 435 436 430 429 422 415 419 421 424 424 427 428 435 433 437 434 429 429 427 428 430 439 448 444 448 453 449 450 458 462 471 474 476 477 482 487 488 492 501 508 512 515 524 532 531 540 538 544 549 554 552 558 564 565 558 566 574 568 575 573 577 580 581 578 579 585 594 597 601 604 610 610 607 611 612 614 619 621 630 638 645 646 645 645 644 645 649 654 656 665 670 674 675 683 685 694 702 706
445 437 442 445 439 438 431 424 425 426 432 432 428 431 440 434 439 436 434 437 428 437 438 447 455 451 449 458 451 457 466 471 480 483 481 485 487 492 497 493 498 504 505 514 519 526 530 539 541 542 545 550 558 559 561 567 567 573 582 573 580 581 584 586 590 586 588 594 602 605 606 611 615 615 609 618 614 621 620 629 635 639 642 651 651 653 648 653 650 658 665 674 673 674 683 689 687 692 694 697
446 445 451 446 447 443 434 430 426 431 435 433 431 432 440 442 446 438 437 445 436 437 438 447 453 452 456 465 456 465 466 475 483 492 488 486 495 498 497 496 497 503 512 519 528 535 535 543 549 543 544 553 559 568 568 574 574 574 582 581 586 584 586 595 594 587 593 596 597 598 599 605 613 614 617 621 623 623 629 631 637 642 646 647 649 657 657 657 651 655 657 666 667 676 682 683 687 688 697 705
452 450 458 453 445 442 436 434 433 432 440 441 438 438 445 451 451 447 439 448 442 446 447 448 452 456 460 461 458 467 471 480 485 494 493 487 493 500 506 503 503 509 517 524 528 537 541 543 552 547 553 555 562 567 571 574 579 576 580 583 588 592 592 595 598 589 598 604 606 602 604 606 611 618 620 629 631 632 632 632 634 643 652 648 655 662 663 659 655 661 663 664 666 667 673 681 682 687 695 699
461 459 459 451 447 438 437 442 441 437 438 439 444 443 449 458 455 446 445 454 449 455 456 453 461 459 460 461 461 469 474 483 489 490 499 492 499 508 505 504 512 510 515 524 533 539 548 551 560 555 561 564 570 576 580 580 588 585 586 584 589 596 601 601 600 591 593 597 602 607 612 609 613 614 617 624 633 633 637 633 637 638 645 653 661 667 671 662 660 664 671 670 675 669 676 682 687 686 687 690
468 459 451 450 441 440 445 446 442 445 443 441 450 444 452 453 462 455 450 453 450 454 463 457 465 460 468 469 469 470 472 480 483 489 498 501 508 512 514 507 511 519 523 532 541 548 555 558 559 557 559 568 571 579 580 588 595 594 591 592 598 600 606 602 604 600 594 601 605 609 610 618 621 621 626 631 640 641 638 637 645 640 643 645 653 662 662 671 666 671 677 679 680 671 672 673 678 684 692 691
465 458 451 450 442 446 454 450 451 449 452 450 455 447 454 454 459 462 453 457 452 461 470 464 473 467 476 471 473 477 478 486 485 491 500 504 513 513 518 512 518 526 529 537 546 551 560 567 566 562 566 575 579 584 587 590 596 602 594 593 602 609 611 611 607 599 597 605 612 615 618 624 629 630 634 636 640 641 647 642 650 641 644 645 653 655 658 666 674 672 677 678 677 674 678 676 686 686 690 698
470 464 455 451 451 449 451 451 460 451 457 459 457 448 457 463 462 461 454 461 460 463 470 469 474 473 480 475 476 481 483 492 494 500 501 510 513 522 523 519 527 531 536 538 545 546 555 564 571 570 567 576 584 585 590 597 602 611 602 596 602 611 620 620 611 604 603 611 615 624 626 631 638 631 639 639 640 643 652 643 652 649 653 654 662 659 667 675 681 680 678 686 682 681 686 682 685 687 696 703
470 462 456 459 457 456 453 456 459 452 456 465 460 457 466 464 464 470 463 466 466 472 479 473 480 474 483 480 485 483 485 492 499 504 506 509 518 525 525 528 533 538 539 539 545 549 556 565 569 576 568 576 585 594 594 597 602 609 611 605 611 618 623 622 620 612 612 617 623 632 627 636 641 637 644 645 646 644 653 648 657 657 662 663 668 660 669 677 686 689 686 692 683 686 689 689 692 688 689 693
472 465 465 466 465 462 462 463 454 453 461 464 467 458 463 468 472 471 470 468 468 470 476 481 480 479 480 489 493 490 494 493 501 509 515 511 520 521 529 526 535 539 548 544 549 558 562 564 572 576 575 581 585 586 595 604 603 604 610 610 617 626 632 625 619 616 618 625 632 635 633 642 646 638 645 653 648 647 650 649 656 659 668 672 675 668 675 679 688 695 694 696 688 694 694 693 698 690 697 699
475 469 470 474 466 470 469 467 460 458 465 465 474 467 472 477 481 477 475 474 476 472 480 488 489 480 488 489 497 495 502 499 506 512 519 512 519 524 532 525 526 535 544 553 558 555 555 560 566 567 568 572 576 578 587 596 605 613 615 619 618 627 632 633 627 619 627 634 636 637 641 644 652 646 651 656 657 648 656 658 660 668 674 678 678 670 679 688 692 700 703 700 695 701 700 702 706 699 703 700
478 478 472 475 471 478 470 468 467 467 467 474 476 469 478 485 490 485 476 475 478 475 483 485 494 487 488 496 499 504 511 508 508 517 524 516 518 520 523 524 526 530 538 546 552 553 554 556 565 573 574 581 584 587 590 598 605 614 622 620 626 635 636 638 633 627 636 642 643 638 643 650 653 651 654 655 659 656 664 667 669 669 677 678 679 671 678 685 693 694 701 708 701 702 709 711 710 706 711 709
