  0 250 244 249 252 248 257 259 262 270 269 265 263 271 275 275 269 270 274 273 276 285 293 293 302 301 301 306 309 310 314 311 312 321 322 328 328 335 336 337 345 348 357 358 364 364 368 370 378 382 385 387 396 405 405 413 413 421 424 429 438 430 432 440 449 447 451 459 460 466 475 484 491 493 500 502 505 503 508 503 508 516 520 528 530 539 547 556 553 559 565 566 567 573 581 587 588 584 590 599
  8 243 242 243 243 247 248 255 260 261 264 256 261 262 266 273 268 271 269 270 273 279 284 292 301 299 297 299 305 313 305 307 311 318 319 328 327 333 339 346 346 347 353 357 365 360 363 365 370 374 376 382 390 397 399 406 409 413 415 423 432 424 432 441 445 444 451 454 462 470 478 477 482 485 492 497 497 494 503 500 502 511 520 524 532 541 546 554 551 558 556 562 569 569 578 578 579 580 589 596
 16 235 233 242 240 249 241 247 252 254 256 254 252 255 260 267 260 263 264 271 280 286 293 288 292 294 293 299 302 306 300 304 312 319 328 333 326 331 331 339 346 352 344 349 356 354 362 368 376 374 378 387 391 393 398 406 409 408 415 422 430 422 430 433 437 442 449 451 457 463 472 474 482 482 483 491 492 493 494 498 501 510 519 520 527 536 537 546 542 549 554 559 560 568 569 572 579 580 581 587
 17 239 232 234 235 240 238 239 243 251 253 248 250 251 253 260 258 263 265 274 279 280 285 280 286 287 292 294 295 297 299 308 316 321 330 324 324 325 330 331 337 343 341 343 352 351 359 364 367 373 378 381 385 392 398 401 402 406 414 413 421 421 422 428 437 441 448 450 458 467 467 476 478 478 487 487 496 493 499 502 510 514 512 513 519 528 530 539 538 540 545 553 556 559 563 567 575 584 585 593
 26 239 231 228 234 235 237 244 249 248 244 245 253 255 253 251 255 264 269 270 278 273 276 276 279 283 283 285 287 290 295 304 311 312 321 318 317 326 331 323 332 334 335 342 343 350 359 364 372 378 385 378 380 389 391 398 407 408 408 410 416 415 423 432 434 438 445 450 454 462 459 467 469 477 479 480 489 490 492 493 502 510 511 514 520 522 530 531 532 536 543 545 547 556 562 570 574 583 591 600
 28 233 224 222 225 226 235 244 243 239 237 239 248 246 244 250 258 259 264 264 272 269 275 274 278 284 282 287 286 287 292 295 302 311 312 319 314 319 325 320 325 328 334 342 343 349 352 358 364 370 377 375 383 384 393 397 399 403 404 407 411 414 418 423 432 434 438 442 451 453 458 459 468 474 482 480 489 498 498 501 502 511 518 515 524 523 531 536 541 545 545 551 548 553 559 562 571 580 585 591
 29 225 216 216 221 225 234 240 235 237 228 235 240 237 238 244 251 253 255 262 264 260 267 271 269 276 280 282 283 290 298 292 299 306 313 310 312 313 316 317 324 325 333 337 341 349 351 354 361 363 372 373 377 382 384 390 392 397 406 409 410 413 418 427 435 442 441 445 449 450 451 458 465 466 474 479 483 489 496 500 502 505 510 518 527 532 540 544 543 550 552 553 552 560 566 563 565 573 580 583
 33 218 212 215 224 227 231 234 227 235 227 232 238 236 244 244 251 246 255 258 261 258 266 273 268 267 272 273 281 286 290 291 295 302 305 309 318 321 323 320 329 333 341 346 343 346 348 352 358 367 371 373 381 390 386 390 393 395 401 404 406 408 410 419 427 436 443 443 446 452 460 466 474 467 476 476 477 482 491 493 494 502 507 513 522 528 536 545 549 558 560 558 561 565 569 565 573 574 583 587
 41 212 211 213 217 218 223 226 225 233 225 225 234 235 238 243 243 245 253 249 254 256 264 266 270 264 268 275 284 293 289 289 293 297 304 313 312 317 324 329 336 335 338 340 343 352 354 361 364 367 370 373 378 385 392 396 402 403 409 413 409 415 413 422 431 437 440 442 449 451 459 468 474 469 472 474 477 481 482 485 492 500 506 511 516 525 533 536 540 549 555 564 564 573 577 573 582 582 582 590
 42 204 208 205 210 213 222 220 219 228 221 222 227 234 240 249 242 238 247 248 256 252 261 268 261 263 267 276 283 287 280 288 293 296 302 310 305 311 319 328 331 331 339 341 345 347 356 365 367 369 368 377 379 386 394 402 406 408 412 413 413 422 419 426 428 436 440 447 448 456 457 464 469 477 481 476 477 486 491 489 498 499 508 517 521 525 531 539 547 549 550 558 567 568 576 581 585 588 581 587
 51 199 206 198 206 208 214 214 216 222 220 226 227 226 232 241 242 233 238 240 247 251 257 260 259 268 268 272 274 281 279 284 286 293 294 301 303 307 314 323 328 330 337 345 352 353 356 360 362 362 367 375 376 381 386 395 398 400 403 404 407 414 420 421 422 428 434 438 445 450 459 461 467 476 481 480 483 492 499 494 502 508 510 514 523 529 535 543 550 557 558 559 568 572 573 575 578 579 580 588
 56 194 203 197 205 213 206 213 214 215 213 217 218 222 223 232 236 231 240 241 250 246 253 261 257 266 271 274 283 278 277 283 282 291 299 303 302 305 312 316 319 321 329 336 344 347 347 351 353 361 369 377 377 386 387 395 400 408 408 411 416 421 425 426 425 432 438 443 446 451 455 464 470 479 480 488 492 500 500 503 506 511 512 515 523 528 536 541 541 550 551 559 560 564 573 574 582 588 588 591
 58 191 194 196 198 204 198 207 214 210 211 218 225 219 225 226 227 228 237 240 241 245 247 254 256 257 265 274 283 280 273 275 281 284 291 300 301 303 312 314 317 319 323 330 338 339 340 343 352 357 361 370 377 384 389 395 401 405 409 418 425 426 427 435 432 440 446 441 449 458 464 458 467 474 475 481 488 493 502 506 515 510 512 515 518 525 533 536 539 544 548 555 561 567 574 582 577 586 594 600
 66 187 189 194 192 195 193 201 205 209 218 217 217 210 219 226 231 237 241 242 250 248 253 254 263 266 272 266 275 271 272 280 289 292 292 296 302 310 313 317 326 326 331 336 337 342 349 352 353 359 368 375 376 377 386 392 393 398 405 413 419 427 434 443 435 439 438 440 441 450 455 456 465 473 482 486 487 494 499 498 507 508 514 521 527 527 529 533 534 535 542 549 552 561 565 574 576 585 588 595
 73 186 180 186 183 187 189 198 197 206 210 215 210 206 213 221 222 228 233 234 242 251 248 249 256 265 266 264 268 270 277 286 294 293 293 299 301 302 311 315 321 330 335 331 340 339 347 352 356 359 363 371 378 386 389 386 395 402 409 410 410 418 426 435 429 430 437 439 442 451 454 459 466 468 476 478 481 488 491 497 503 512 518 527 527 529 538 534 535 543 545 554 554 556 565 570 579 588 589 594
 74 178 179 177 180 182 186 192 196 197 201 209 206 202 204 213 217 225 228 233 241 245 247 248 249 258 257 263 268 271 278 287 295 296 292 299 293 299 307 306 315 324 326 328 337 332 341 348 350 355 362 370 379 380 381 382 391 396 401 402 409 418 420 428 428 429 430 437 442 450 457 464 466 467 468 469 477 483 484 493 501 506 513 518 519 526 532 535 537 543 545 547 555 564 568 572 574 583 584 585
 83 173 170 176 177 183 185 192 194 196 195 202 209 201 205 214 223 221 229 228 233 237 244 239 246 249 253 260 264 272 281 289 289 293 291 290 290 296 301 305 311 320 329 327 333 330 333 339 346 348 353 362 371 380 381 386 393 397 402 405 410 418 418 419 427 432 438 446 443 452 460 461 464 473 475 474 483 484 492 496 504 504 505 513 522 529 530 537 543 548 552 549 557 562 567 570 573 580 583 591
 89 171 163 172 178 174 183 188 196 197 189 194 202 198 205 208 214 218 220 222 228 230 235 236 239 244 247 251 259 267 273 282 280 286 282 283 287 291 296 302 309 315 322 324 325 327 333 342 350 354 355 364 366 375 376 380 386 392 400 406 412 415 412 421 422 431 439 445 451 452 460 465 473 478 480 475 484 493 496 502 505 503 511 518 523 532 531 539 540 546 550 553 562 571 574 570 571 579 580 589
 93 165 161 167 174 172 178 185 188 188 187 193 196 197 206 206 210 215 224 225 227 225 226 230 231 240 241 242 250 258 267 276 273 277 278 286 295 297 299 305 306 313 320 329 327 334 338 347 356 361 356 360 362 366 375 380 387 388 396 402 406 411 410 417 426 427 434 443 445 453 455 464 465 470 471 480 483 489 488 493 496 499 506 515 518 525 534 543 541 548 547 554 555 562 569 569 578 582 588 593
 94 165 158 165 168 167 174 179 184 179 180 189 198 197 202 202 209 215 215 224 226 221 224 233 236 241 249 245 251 258 266 270 272 274 282 280 289 296 305 306 314 317 325 330 329 332 341 350 352 359 365 362 369 367 374 383 384 385 393 395 402 404 408 416 418 427 431 434 443 451 454 463 465 473 478 476 474 481 484 489 498 507 511 515 523 532 534 543 540 544 546 552 559 559 560 561 569 574 579 584
100 162 157 158 164 165 174 172 178 177 171 180 189 194 200 198 200 208 207 216 217 220 229 235 235 240 248 253 258 266 268 273 266 267 274 275 282 291 300 308 314 311 316 323 326 335 341 342 343 352 359 361 370 370 371 377 384 385 392 399 401 410 414 420 423 429 437 443 452 456 456 462 466 474 470 467 473 475 480 489 497 504 511 513 518 527 534 541 534 535 542 544 551 558 563 564 566 573 582 590
109 153 150 156 157 166 170 163 171 176 170 172 180 187 191 194 197 200 202 209 218 221 227 232 234 239 242 249 255 257 259 264 265 274 280 283 284 293 299 304 305 308 309 318 319 328 334 341 345 352 353 361 367 373 377 386 387 394 397 398 403 412 414 421 427 429 438 440 447 447 448 453 457 466 472 464 473 482 488 491 495 501 510 519 514 523 525 532 533 538 541 549 542 550 555 556 561 567 573 582
118 144 143 150 153 159 158 159 163 164 166 171 179 180 185 197 198 205 211 217 224 224 228 237 237 238 244 245 246 248 256 259 268 275 279 282 282 284 293 300 308 310 313 317 320 326 334 337 346 351 355 360 368 377 377 383 382 387 388 389 396 405 405 414 420 422 431 437 438 445 446 454 462 470 468 462 467 473 480 482 491 497 501 510 513 517 522 523 525 534 540 540 541 544 553 552 557 564 566 574
122 125 130 133 137 144 152 161 163 170 173 177 180 189 188 195 199 208 216 223 225 233 232 238 246 244 245 254 255 256 257 263 265 270 273 278 280 288 297 306 315 317 322 326 322 328 337 340 349 347 349 352 361 368 373 374 380 384 391 398 398 399 404 411 420 429 430 429 438 439 439 448 455 464 462 459 468 474 476 484 485 494 501 503 504 513 519 523 525 534 535 539 547 544 548 549 558 566 570 575
127 130 136 139 145 152 154 161 163 170 171 179 182 191 189 198 205 208 213 221 230 239 241 246 251 250 254 256 264 259 266 269 270 271 280 282 289 294 300 306 308 314 315 324 323 325 329 337 346 345 350 351 355 364 373 379 380 389 392 398 407 407 405 413 422 423 424 428 435 436 437 439 448 456 457 458 459 467 475 477 482 491 492 501 505 511 520 515 519 527 534 542 547 540 549 543 551 557 566 567
132 131 137 146 148 153 162 170 168 173 177 185 191 200 196 197 206 206 212 221 227 235 244 244 251 257 256 262 269 262 269 270 278 277 279 288 296 302 299 303 310 316 321 325 329 330 330 331 339 341 349 356 360 368 375 384 386 393 400 394 398 407 413 414 423 426 429 437 444 440 439 448 456 458 463 465 466 470 476 477 483 492 501 503 505 503 512 512 515 523 525 534 538 539 540 541 550 553 562 566
133 133 136 143 149 157 166 173 177 175 181 182 189 192 200 198 199 204 208 217 225 233 238 242 247 248 255 255 260 266 263 268 275 270 279 285 291 293 294 295 304 307 314 317 322 329 337 332 333 341 350 359 362 365 374 377 386 394 399 391 394 402 404 408 417 419 422 430 438 439 446 453 462 466 471 464 473 472 477 485 492 495 498 494 496 499 505 506 515 523 532 539 540 543 544 550 551 555 557 562
141 140 138 147 152 161 170 177 184 183 190 185 193 197 199 207 200 211 211 215 216 225 232 234 238 244 246 254 255 257 259 260 268 269 275 284 293 302 303 302 311 315 315 324 331 330 339 335 335 344 351 355 358 366 371 379 385 391 390 389 397 400 408 415 411 410 419 425 433 440 441 450 458 462 462 456 464 473 478 483 486 491 498 491 495 497 506 515 519 521 530 538 537 539 547 550 559 558 566 565
142 147 139 146 151 160 167 176 183 187 196 193 200 206 202 208 204 209 218 222 225 225 233 234 232 241 247 256 264 264 268 267 276 278 281 290 295 304 304 305 314 320 322 326 332 337 341 337 344 351 359 363 359 360 366 371 377 384 389 385 394 396 405 406 407 408 415 422 424 431 440 443 452 454 454 455 462 470 474 475 479 483 490 488 497 503 504 511 514 516 524 532 533 537 544 551 560 559 568 568
151 156 148 149 155 163 172 170 179 188 196 195 196 201 209 209 206 207 210 215 219 221 222 228 231 239 245 249 258 261 270 268 273 274 282 291 300 306 306 306 315 323 327 333 339 346 347 344 353 354 363 370 366 362 363 370 375 376 380 381 390 399 401 410 409 411 413 422 423 430 431 440 445 448 449 456 463 464 466 467 473 474 481 487 494 503 509 510 511 519 525 528 530 538 545 553 562 568 573 575
155 164 157 150 151 160 163 169 176 184 192 200 204 206 215 218 213 209 218 216 224 228 230 230 232 233 243 252 255 262 271 271 277 283 288 293 296 303 310 308 314 318 324 332 340 349 351 353 362 363 363 372 369 363 370 379 376 384 389 390 393 401 410 418 411 414 421 427 432 438 435 437 446 452 455 461 468 472 472 473 480 479 488 495 499 504 506 515 513 521 529 532 539 546 554 559 561 564 570 566
162 163 156 151 157 166 172 175 183 186 195 204 205 214 210 219 214 210 219 225 231 229 232 236 240 238 246 252 258 261 263 264 270 279 288 288 297 303 310 314 320 326 329 336 342 343 351 358 358 361 362 369 366 365 374 383 381 388 397 398 400 407 411 416 420 421 429 432 441 445 436 443 451 452 454 463 471 472 479 476 478 485 492 487 493 495 502 507 509 514 520 526 535 543 552 559 562 560 565 562
171 167 160 153 160 161 170 179 187 194 195 198 207 208 209 217 222 213 222 231 228 231 232 241 249 240 247 248 255 259 265 265 272 280 282 287 289 297 304 311 314 318 323 328 333 341 342 350 356 365 364 373 374 374 382 388 386 388 393 402 409 408 414 418 427 429 435 433 434 438 439 444 445 454 455 461 470 479 480 480 477 485 483 486 491 495 496 505 513 520 526 528 533 537 544 551 553 557 562 560
176 173 169 162 166 169 177 186 191 194 202 207 212 217 211 216 222 214 223 225 227 234 239 248 249 243 248 252 258 264 265 273 273 278 287 296 298 298 306 312 317 322 331 334 334 343 351 355 361 363 370 377 374 380 389 393 390 397 401 404 400 408 412 415 421 425 427 434 435 432 434 439 448 451 454 457 466 475 481 475 475 483 482 490 493 495 504 510 511 520 529 534 539 545 542 543 548 549 557 559
180 182 177 168 167 168 173 181 190 192 197 205 207 214 212 221 227 223 231 226 229 235 241 246 251 246 254 258 263 272 272 279 275 276 279 289 298 307 309 310 316 317 326 331 331 338 346 355 353 361 363 371 372 380 384 385 394 395 402 403 396 405 412 413 422 423 427 426 426 424 425 434 441 443 446 455 460 467 473 466 467 474 479 485 489 490 496 505 513 518 522 527 530 539 535 543 548 557 560 552
184 186 179 176 175 177 178 186 194 199 198 205 207 215 215 219 228 232 231 229 235 244 246 255 254 255 256 257 262 271 273 277 284 285 280 288 293 301 302 306 308 316 324 325 326 333 338 347 350 359 365 365 373 375 377 378 385 389 393 394 395 396 405 408 413 418 422 420 421 423 425 429 434 435 444 452 453 462 467 465 470 468 471 480 484 492 495 504 512 509 518 519 525 531 527 534 541 548 557 550
193 194 186 177 181 183 186 195 195 201 204 205 207 215 218 225 229 238 232 234 238 242 250 259 263 264 262 258 267 268 276 278 287 287 282 290 295 304 308 315 317 323 330 327 335 334 339 340 349 351 356 361 370 379 383 385 392 396 393 398 404 405 407 414 414 416 418 419 428 432 432 435 436 443 444 453 462 460 460 461 462 467 476 472 481 485 493 498 507 508 514 520 516 523 524 533 534 539 548 549
200 192 191 185 190 185 194 198 199 201 202 211 214 219 222 225 227 235 233 238 240 249 249 256 259 265 270 261 264 267 275 280 285 292 289 299 299 306 314 323 319 328 332 324 329 335 335 337 345 349 358 363 371 374 375 381 385 388 390 394 401 407 416 416 423 423 420 421 422 424 425 428 436 438 443 451 453 451 459 466 463 464 470 471 479 483 487 492 501 508 505 511 512 521 529 533 541 547 554 558
204 199 197 194 198 194 201 201 200 207 203 212 216 221 226 232 232 234 240 244 241 244 246 255 257 264 270 263 266 274 281 289 294 294 292 299 305 310 317 325 317 321 327 321 322 330 334 342 344 352 355 356 365 373 381 382 390 387 392 397 401 410 418 418 426 423 422 423 431 426 434 429 436 442 442 449 444 445 452 460 464 471 473 474 483 487 494 497 505 500 502 508 512 521 526 527 535 544 553 557
210 202 199 196 205 200 209 210 203 209 208 210 219 223 226 228 230 238 246 253 247 251 252 257 266 265 266 272 272 280 287 288 295 299 294 295 296 306 311 317 316 318 320 319 326 327 335 341 348 355 359 357 363 372 380 381 385 386 392 401 409 415 415 421 424 423 428 431 439 435 435 430 431 433 440 441 443 448 457 462 469 472 473 477 480 482 486 495 498 499 508 515 513 522 529 529 531 540 545 548
213 208 201 198 206 209 211 216 212 216 213 219 228 231 234 229 233 240 248 257 248 254 256 263 268 266 272 280 273 278 280 288 295 304 296 297 297 303 306 307 309 312 314 318 320 329 334 342 344 353 362 361 362 363 372 375 376 385 387 396 400 409 406 414 422 420 421 430 432 440 443 435 440 441 448 445 452 457 458 462 468 469 476 482 487 491 492 501 501 506 515 519 518 526 527 535 532 536 545 554
215 209 209 201 208 215 212 221 218 219 221 220 228 233 235 237 240 242 251 252 252 258 263 264 272 269 274 280 278 287 287 290 296 300 303 302 306 312 307 308 316 314 321 326 329 337 343 337 345 348 354 352 353 356 365 367 376 380 381 388 397 402 401 410 413 414 415 422 425 434 442 444 440 442 444 452 459 464 464 469 469 472 480 482 486 495 501 508 507 515 518 527 524 530 536 544 540 538 540 547
217 210 209 208 212 217 221 226 225 228 228 222 228 234 237 246 241 242 250 257 254 262 269 272 275 274 276 282 284 293 296 299 301 308 312 311 309 313 312 312 320 315 317 318 321 329 338 332 339 342 345 348 351 359 366 370 379 383 389 389 391 396 399 408 409 415 424 431 426 428 436 437 438 447 446 451 458 464 470 478 474 481 485 491 492 501 509 513 514 520 527 536 533 539 544 547 543 539 540 549
226 217 218 217 214 223 229 232 226 234 230 225 234 235 236 240 241 243 245 253 259 267 271 274 277 277 278 287 288 294 302 305 310 315 318 312 314 314 318 321 327 321 324 320 324 326 328 329 330 335 338 347 351 356 357 364 370 379 385 394 395 403 400 408 414 417 426 429 428 436 433 428 431 440 443 451 452 456 465 472 476 483 488 493 494 503 511 514 521 521 528 529 536 544 550 552 551 548 547 556
235 226 218 217 216 221 225 231 227 235 236 227 233 241 241 242 244 249 254 260 268 271 272 273 282 283 283 288 295 295 297 299 307 314 320 321 319 315 324 324 333 330 325 329 332 327 336 337 338 336 337 339 347 356 357 366 375 378 384 391 394 402 403 404 413 413 420 422 429 436 428 427 435 444 447 455 458 464 469 478 477 482 489 496 502 499 508 512 518 523 532 533 542 551 559 561 554 557 549 553
226 221 220 224 223 222 230 238 234 242 241 233 236 240 248 247 252 257 261 269 275 280 280 275 284 285 289 296 304 296 297 299 308 309 313 319 314 323 331 326 333 328 326 333 331 330 337 338 347 341 342 341 343 352 359 367 369 370 376 385 387 395 402 405 414 411 419 427 422 427 424 426 435 441 448 453 462 470 477 474 474 475 483 487 496 497 506 515 523 532 541 537 546 555 560 568 563 561 557 554
227 228 229 230 227 227 234 242 242 251 245 239 244 243 252 251 254 258 264 266 273 280 281 281 289 294 290 294 302 297 303 300 301 306 310 311 313 320 324 333 341 334 335 342 339 339 339 347 348 349 343 347 344 352 356 364 368 369 375 381 388 392 395 396 405 408 417 418 420 422 423 431 434 441 450 451 460 467 468 469 472 476 485 490 492 501 510 511 517 525 532 541 547 550 557 561 560 560 562 560
232 233 236 239 236 236 243 245 249 253 248 240 246 248 253 260 259 266 273 271 280 285 285 290 292 298 294 298 304 306 309 307 310 312 312 318 319 323 326 327 332 334 337 343 348 348 348 356 357 349 344 352 351 352 354 356 364 373 381 389 389 393 398 402 408 417 424 422 428 430 432 439 442 450 459 457 466 473 474 477 481 477 486 487 496 501 510 519 523 531 540 536 544 549 556 557 558 559 567 565
241 242 237 246 245 245 249 246 253 244 243 242 251 250 257 257 258 263 272 280 289 289 292 298 301 300 299 307 312 313 313 311 314 320 320 325 323 330 335 336 340 336 338 346 355 353 350 359 355 354 353 356 356 357 359 363 370 378 382 386 395 402 399 405 414 418 421 428 435 431 439 441 446 448 456 465 474 477 483 484 480 479 487 496 505 505 514 523 531 536 531 533 539 540 547 555 564 568 575 567
246 244 245 254 246 254 255 249 249 248 252 246 248 250 255 256 264 272 279 283 284 285 291 297 302 308 302 311 320 317 314 320 322 321 321 330 329 338 339 340 345 338 346 355 356 360 352 361 362 357 354 363 363 366 368 370 379 387 391 391 397 402 401 408 413 419 427 432 430 431 434 437 446 453 462 469 470 479 487 488 482 485 486 491 497 500 509 518 522 528 529 538 547 547 553 560 561 569 568 575
247 251 253 257 249 253 254 256 251 249 250 252 257 254 257 261 267 274 283 285 290 288 297 304 306 308 305 307 315 323 323 326 330 328 324 332 338 345 343 341 350 347 353 354 355 360 361 370 363 363 363 372 370 370 370 375 377 384 390 391 400 408 408 412 420 421 427 428 429 434 443 445 454 457 462 463 472 477 483 484 489 486 494 499 506 509 510 515 518 523 532 541 542 549 557 564 562 570 566 575
248 257 254 260 256 254 262 265 260 257 257 255 264 263 264 269 276 279 284 290 292 296 301 310 307 315 310 311 320 327 329 335 336 337 331 340 343 350 345 349 353 349 350 358 362 368 364 365 364 372 369 372 373 371 372 377 386 388 393 400 409 412 417 421 424 429 436 435 437 442 444 453 454 458 459 467 473 480 488 493 491 492 498 503 507 516 518 516 521 526 531 536 537 546 552 559 565 568 562 571
255 264 259 263 265 257 259 267 263 263 258 258 267 272 270 276 282 280 282 283 292 298 300 307 312 319 319 315 319 320 323 326 327 328 337 338 347 354 346 348 350 358 359 361 364 371 373 366 371 380 376 380 379 373 381 384 392 397 400 407 412 418 418 422 427 435 444 443 438 444 452 454 462 465 467 474 475 477 485 486 487 494 502 510 511 512 514 519 520 526 534 540 546 555 552 553 556 559 560 565
262 263 268 272 271 266 262 271 268 265 262 265 269 277 273 279 283 281 285 288 297 303 304 312 314 323 327 324 324 323 329 334 332 337 341 339 347 353 355 350 352 353 355 364 365 374 374 367 368 373 381 389 384 374 383 392 401 404 407 408 409 416 420 420 421 426 435 436 441 444 453 461 467 470 473 475 479 481 489 491 492 493 495 503 504 512 515 518 527 532 533 540 545 548 551 550 557 566 565 568
271 272 277 276 272 275 270 278 269 269 271 266 275 278 280 288 292 290 293 295 301 304 310 318 315 318 326 331 331 329 335 336 337 345 344 348 350 353 359 358 360 358 363 364 372 380 382 376 376 381 389 387 380 378 385 390 394 395 404 411 410 411 419 418 426 435 442 444 450 445 448 454 462 467 472 477 478 487 496 495 500 495 504 511 510 517 518 520 521 523 524 533 536 539 546 547 556 565 572 577
280 281 286 285 280 277 273 278 276 278 280 274 283 279 283 292 294 299 296 296 299 300 307 316 324 326 331 334 339 332 340 342 339 347 353 349 356 354 359 366 361 362 367 373 380 388 383 382 385 385 387 396 388 386 391 398 402 404 413 412 411 412 414 416 424 427 435 439 446 453 453 460 465 472 481 486 481 490 492 493 501 496 498 502 507 516 518 524 522 531 532 540 545 548 555 552 558 559 568 575
282 290 291 288 287 278 274 280 285 277 276 275 277 283 284 293 302 306 305 305 305 307 311 315 321 322 331 337 343 339 346 344 344 346 347 355 361 362 365 374 370 371 376 377 385 389 388 390 393 388 390 394 397 390 397 404 407 413 415 413 413 421 423 420 421 430 436 438 447 451 454 456 463 470 473 482 486 492 498 501 504 504 507 505 506 510 516 523 527 531 535 537 540 541 550 559 567 563 567 571
290 298 292 288 284 280 281 288 286 285 284 277 279 284 288 293 302 307 310 314 307 315 313 320 329 324 333 339 341 343 348 353 351 355 348 352 353 359 368 376 375 372 380 384 385 386 393 391 394 391 399 402 398 393 395 401 402 411 416 422 422 422 424 425 428 435 439 444 445 454 462 465 470 473 476 477 482 491 500 501 510 505 508 506 514 519 524 530 536 536 544 540 544 550 555 556 561 570 569 578
291 294 301 297 289 285 290 290 293 287 287 278 279 282 289 292 301 308 310 314 313 322 317 326 333 333 342 344 350 347 356 360 355 355 354 361 362 368 372 374 380 377 386 386 394 395 402 400 399 395 403 408 407 402 403 410 409 415 416 425 431 430 426 428 437 436 438 444 451 460 461 466 475 474 475 476 485 494 503 509 510 512 512 513 516 525 527 528 536 545 553 549 548 551 553 555 563 565 574 583
294 303 310 304 296 293 293 298 296 295 291 282 280 287 293 297 298 303 310 316 321 325 324 331 336 336 344 345 353 350 354 363 364 360 361 364 363 366 373 372 374 378 379 388 391 397 399 401 405 396 399 407 414 407 405 411 412 416 425 427 431 438 434 437 439 445 447 446 449 457 466 472 473 476 476 485 494 496 497 503 511 519 513 519 523 531 536 535 540 548 553 553 555 553 555 560 568 574 583 592
303 310 316 308 303 302 296 304 300 298 291 290 281 286 294 303 307 311 310 316 319 325 333 338 343 341 349 353 362 356 363 372 369 361 362 366 365 366 370 371 372 381 381 382 383 392 400 408 408 405 403 411 420 414 412 419 421 421 428 433 433 436 440 446 448 453 455 448 456 463 464 472 480 482 477 479 485 492 500 509 517 516 520 524 532 538 543 544 549 552 559 558 559 559 564 568 576 581 588 591
310 319 324 316 308 300 297 298 307 302 298 289 282 286 291 298 304 307 308 316 322 328 337 345 340 349 352 357 360 364 370 378 369 364 369 367 367 373 378 375 377 383 388 391 390 392 398 403 412 410 404 412 415 422 414 421 428 425 430 434 438 439 444 450 452 453 455 450 456 465 470 479 481 490 485 488 493 496 504 508 509 513 519 521 528 537 543 546 547 555 564 565 566 563 568 570 578 585 594 599
315 324 327 321 315 306 300 307 313 304 302 295 291 291 293 298 301 310 317 319 320 329 330 337 338 347 348 349 351 360 367 375 371 368 375 375 374 380 382 381 385 389 396 399 394 395 400 409 418 419 413 417 417 418 418 426 429 434 431 436 437 439 447 454 453 455 453 451 459 460 469 478 486 490 492 494 496 504 505 507 508 510 517 526 528 532 539 547 550 551 559 564 568 571 569 577 585 593 600 606
321 328 328 319 318 311 303 304 306 309 300 293 292 296 297 305 306 313 315 324 329 338 331 336 345 348 356 350 357 358 367 373 379 377 381 382 382 386 390 389 390 390 392 397 403 396 402 410 419 427 422 420 423 427 427 427 434 437 432 433 435 443 444 447 453 458 455 460 468 469 477 480 481 486 495 503 500 502 504 513 514 511 520 524 527 532 541 547 553 552 557 563 570 567 571 580 580 586 595 600
324 328 320 319 317 315 309 312 311 303 298 296 293 298 300 306 314 320 317 320 328 336 332 336 338 347 355 356 358 366 375 382 382 384 389 386 388 395 392 394 396 397 393 398 407 404 410 417 419 424 429 422 430 432 429 436 440 439 439 436 439 441 445 448 455 457 460 461 469 475 480 484 485 494 495 504 504 503 510 512 521 515 516 518 527 531 540 549 550 551 554 563 562 565 571 575 579 588 596 603
328 335 327 328 324 319 310 319 318 309 301 302 301 302 308 311 314 322 323 326 335 336 338 345 346 349 358 365 366 370 372 381 383 391 398 390 395 402 393 401 401 399 400 406 407 412 417 423 422 423 432 427 436 439 430 432 433 436 442 445 440 449 452 455 463 458 466 470 476 484 481 483 490 493 502 511 512 504 507 513 521 522 524 527 535 532 539 547 556 556 554 556 559 564 572 576 585 588 593 602
334 343 336 336 330 326 319 320 311 304 303 305 305 311 309 318 318 327 332 333 339 343 342 346 347 355 359 361 362 363 372 373 376 385 393 391 396 399 402 407 402 400 409 414 416 421 424 432 423 427 436 436 443 434 431 440 440 437 446 446 442 451 460 459 468 467 472 471 473 482 488 487 488 491 497 506 508 512 514 517 519 526 532 536 544 537 538 542 550 552 553 562 568 565 572 576 578 585 586 594
335 344 342 335 334 325 322 316 309 307 307 307 313 316 316 318 320 328 329 333 342 348 347 354 356 364 363 363 364 370 376 382 384 393 397 399 404 408 403 411 410 404 413 419 417 426 432 439 430 435 444 439 440 436 438 439 447 445 451 454 448 453 463 466 468 472 474 479 478 480 488 489 491 500 499 501 510 519 521 526 520 528 529 532 541 541 541 550 557 555 557 563 569 566 575 583 586 588 595 596
343 352 343 342 333 332 325 318 310 314 310 311 317 317 325 319 321 325 327 335 342 351 354 355 356 360 367 371 372 379 385 383 390 394 402 405 412 412 405 408 417 410 411 419 420 425 431 438 435 438 445 445 440 437 446 446 453 454 460 455 456 455 456 459 467 471 480 480 479 488 497 490 496 503 503 507 516 518 522 525 528 529 537 536 540 545 546 549 556 564 561 565 566 574 576 582 583 592 594 603
352 349 340 337 333 327 326 321 314 323 315 314 323 324 332 327 328 333 335 344 350 354 355 358 357 365 374 379 380 388 388 392 394 403 406 406 410 411 411 409 412 414 419 422 426 434 432 434 442 440 441 444 441 443 450 447 448 450 451 460 465 462 462 464 474 480 482 481 485 487 494 495 499 500 502 511 520 523 530 533 530 530 536 544 542 543 552 550 559 565 570 568 574 579 585 583 585 586 593 600
358 349 347 338 336 336 333 324 318 321 318 323 328 325 331 336 337 342 337 338 346 355 364 367 365 373 382 387 389 394 397 396 399 400 405 409 410 414 412 410 419 417 419 428 427 435 436 438 444 444 450 447 444 446 454 456 456 458 452 453 457 466 468 465 466 471 478 482 489 496 503 497 505 508 505 508 512 514 522 526 530 535 539 544 544 552 558 559 563 570 571 576 575 582 583 586 586 591 598 605
361 352 354 345 338 339 336 331 322 326 322 327 336 333 338 340 340 348 339 343 352 353 361 362 366 367 376 385 391 396 401 400 402 408 414 415 415 423 416 413 417 425 426 435 431 432 441 442 443 452 450 449 453 447 455 461 462 466 458 454 460 461 465 474 471 480 486 484 494 498 504 498 506 512 512 509 514 522 529 535 539 539 545 551 553 554 559 564 570 577 572 578 584 590 588 587 587 593 595 601
365 361 360 354 347 346 338 331 327 328 327 328 337 342 347 343 348 345 341 349 358 357 363 368 373 375 383 386 395 396 404 401 407 415 422 417 422 429 423 421 422 430 432 436 433 441 448 447 452 457 459 457 452 449 455 464 471 468 461 461 469 469 470 473 477 480 487 485 491 496 503 507 507 512 521 518 515 519 520 526 531 539 543 552 561 562 568 565 573 580 581 582 585 593 596 596 594 602 601 602
373 370 369 360 356 355 347 340 331 329 336 329 331 340 345 351 357 354 349 351 352 361 364 373 374 383 387 387 392 401 410 409 412 416 425 423 424 432 430 427 428 437 440 444 441 450 450 448 454 463 463 463 454 450 459 465 467 465 463 464 472 477 478 480 485 487 493 494 493 502 507 513 516 521 522 527 520 527 527 529 536 541 549 557 563 570 577 571 572 580 584 590 591 599 603 605 602 611 610 606
373 365 364 360 357 360 351 342 337 338 333 332 335 336 341 342 351 353 355 359 361 363 367 375 377 386 388 393 400 409 411 414 414 415 423 431 433 434 433 436 431 432 441 448 450 452 458 449 450 457 466 469 463 457 466 474 472 470 464 470 477 483 486 487 494 489 498 499 494 502 510 519 524 529 530 536 527 536 528 531 539 546 551 552 560 569 570 572 581 586 592 599 598 599 606 613 604 609 618 610
381 372 371 363 355 354 352 344 341 337 336 341 336 345 343 351 358 356 363 365 370 364 373 381 384 391 395 401 408 416 420 420 423 417 420 424 430 432 440 434 432 433 438 439 447 455 461 458 457 461 469 470 472 466 475 480 477 479 472 478 486 489 493 495 502 496 505 504 501 509 517 519 519 528 534 538 530 533 534 540 543 544 551 557 558 560 567 575 583 591 599 601 606 600 607 608 613 617 618 619
388 379 371 371 363 360 351 344 343 339 341 350 345 352 345 346 349 356 357 360 363 371 375 382 384 388 397 403 412 421 425 429 421 419 420 427 436 437 444 438 438 434 437 441 444 451 459 463 459 468 469 473 469 467 475 483 481 485 476 477 485 490 494 496 505 501 505 505 503 512 520 517 518 520 528 529 533 542 542 542 543 546 554 560 562 563 572 580 581 588 596 604 604 602 608 616 614 623 627 625
381 378 369 369 360 351 350 349 349 345 343 351 353 350 348 351 356 362 366 362 366 368 377 380 386 394 395 402 409 418 423 426 429 420 421 423 429 438 445 447 447 443 446 443 451 459 464 466 466 467 476 481 478 474 483 486 486 490 485 480 487 494 497 501 509 510 513 509 506 508 510 514 517 518 527 531 541 544 547 546 544 549 558 565 571 568 577 584 590 596 601 607 607 611 616 617 620 625 630 633
373 369 366 364 363 355 357 350 350 351 352 359 354 355 352 359 363 371 373 364 365 368 376 377 378 385 388 397 401 410 419 420 421 423 430 432 438 445 452 456 453 452 454 452 460 468 473 468 472 470 471 480 478 477 486 490 491 495 492 488 495 503 505 510 518 517 513 511 508 514 518 522 526 527 533 535 545 552 554 554 553 553 558 566 574 577 585 587 594 599 608 616 616 617 625 623 623 624 628 636
382 375 375 372 365 363 355 351 357 355 356 358 363 363 360 367 364 365 374 373 369 376 381 386 379 388 396 401 408 414 415 422 428 430 428 436 445 444 448 455 457 461 462 459 466 467 472 469 476 479 478 482 480 486 487 489 497 504 501 495 503 509 514 519 519 524 519 519 511 520 526 523 529 536 540 537 547 555 562 557 556 562 561 569 577 586 589 590 592 595 602 611 608 609 616 625 627 628 635 641
386 378 378 374 365 361 360 360 365 356 361 365 368 369 364 373 365 374 380 382 377 378 383 390 387 390 397 403 410 415 418 416 419 424 426 430 439 441 447 448 456 465 465 460 465 473 474 478 485 488 480 489 482 487 493 496 502 510 507 502 511 511 516 519 526 532 525 522 514 523 531 525 528 535 539 541 545 550 558 558 560 561 564 573 578 585 590 597 601 601 594 603 607 609 618 627 636 635 638 647
389 382 379 382 374 370 369 369 366 365 368 372 376 370 373 369 366 374 382 383 385 380 389 392 390 395 396 401 405 406 410 414 422 431 429 430 437 441 446 447 456 465 468 462 465 474 480 481 484 493 489 498 491 488 496 503 503 504 506 506 510 517 524 520 529 531 525 521 517 521 529 533 529 535 543 548 546 548 549 552 554 563 570 574 575 582 581 589 596 597 592 601 604 613 619 623 632 636 637 646
396 390 387 389 380 375 378 376 375 368 369 378 383 376 382 376 375 376 381 388 394 389 398 393 395 403 405 404 413 415 415 423 426 434 438 436 445 450 453 456 459 460 469 465 472 480 488 484 492 499 496 500 493 497 499 504 507 507 514 514 513 519 528 529 533 538 532 527 518 527 529 534 531 540 547 554 548 550 557 559 557 562 563 570 572 576 580 582 587 588 589 598 603 606 613 622 627 628 636 638
404 399 396 398 389 382 380 377 378 369 378 381 389 381 388 379 384 378 387 389 398 390 392 399 398 407 408 405 407 411 420 429 431 435 444 443 450 457 457 463 468 469 476 470 477 482 486 488 492 501 498 500 495 504 500 509 515 509 516 523 518 526 532 538 534 538 531 530 522 531 538 542 535 542 546 546 555 558 565 560 562 567 569 578 579 578 582 583 591 591 592 601 603 612 621 625 630 636 642 639
412 406 400 391 390 389 387 378 380 372 381 387 393 390 390 381 387 381 388 393 401 399 401 408 405 411 417 414 410 419 422 424 433 434 443 451 458 464 463 464 466 474 480 473 477 484 486 492 501 508 499 508 504 513 505 513 518 518 521 530 524 533 538 545 543 546 538 531 530 537 545 543 537 538 539 544 553 561 568 563 566 570 573 581 586 579 586 592 598 594 600 601 609 617 618 627 636 637 642 645
409 402 393 392 397 397 388 379 387 379 386 390 396 393 399 390 390 387 394 395 398 399 405 411 407 408 412 420 412 421 423 432 438 439 448 456 457 466 472 470 475 483 487 482 479 481 487 496 502 508 500 501 503 511 506 508 514 515 523 529 530 524 533 540 545 538 546 537 539 546 554 545 542 545 543 547 555 559 566 569 575 578 581 586 583 581 583 588 590 597 600 606 613 616 623 632 641 644 651 654
409 400 399 400 404 395 390 381 388 388 394 399 400 395 402 397 399 396 395 396 399 400 408 417 415 410 419 417 414 415 418 425 434 440 445 454 457 461 468 475 476 484 486 482 480 485 488 497 499 501 508 510 504 513 513 509 512 515 519 521 522 523 527 536 542 537 545 544 546 555 559 552 551 549 546 549 557 565 571 578 581 587 588 595 591 586 590 597 597 603 603 604 613 620 629 637 644 645 654 661
415 406 408 405 405 396 396 390 389 397 395 398 405 396 405 406 407 405 404 405 400 408 414 423 416 411 419 421 423 417 426 434 441 441 445 451 452 459 462 467 474 483 491 485 488 493 497 505 500 508 509 514 512 520 519 517 517 519 527 526 526 524 532 533 534 536 541 547 547 553 562 560 559 558 554 557 560 564 573 577 578 582 588 597 592 587 590 597 600 605 609 611 612 621 629 631 637 644 647 652
412 409 411 412 406 405 398 391 395 397 400 400 403 404 411 409 413 410 405 405 403 404 406 415 424 420 424 429 425 426 434 438 447 450 452 453 458 463 464 468 477 484 488 488 497 501 500 509 507 513 518 523 515 521 525 525 518 526 534 528 535 533 537 540 541 538 539 545 554 556 560 563 565 559 556 560 561 563 568 570 579 587 594 595 594 594 593 594 598 603 605 614 619 623 624 632 634 643 651 655
421 413 418 421 415 414 407 400 401 402 408 408 404 407 416 410 415 412 410 413 404 413 414 423 431 427 425 434 427 433 442 447 456 459 457 461 463 468 473 469 474 480 481 490 495 502 504 513 510 511 514 519 523 522 524 530 527 533 542 533 540 541 544 546 550 546 548 554 562 564 566 570 569 564 558 567 563 570 569 578 584 588 591 600 600 602 597 602 599 607 614 623 622 623 632 638 636 641 643 646
422 421 427 422 423 419 410 406 402 407 411 409 407 408 416 418 422 414 413 421 412 413 414 423 429 428 432 441 432 441 442 451 459 468 464 462 471 474 473 472 473 479 488 495 504 511 509 517 518 512 513 522 528 531 531 537 534 534 542 541 546 544 546 555 554 547 553 556 557 558 559 565 573 565 566 570 572 572 578 580 586 591 595 596 598 606 606 606 600 604 606 615 616 625 631 632 636 637 646 654
428 426 434 429 421 418 412 410 409 408 416 417 414 414 421 427 427 423 415 424 418 422 423 424 428 432 436 437 434 443 447 456 461 470 469 463 469 476 482 479 479 485 493 500 504 513 515 517 525 516 522 524 531 536 535 538 539 536 540 543 548 552 552 555 558 549 558 564 566 562 564 566 571 572 569 578 580 581 581 581 583 592 601 597 604 611 612 608 604 610 612 613 615 616 622 630 631 636 644 648
437 435 435 427 423 414 413 418 417 413 414 415 420 419 425 434 431 422 421 430 425 431 432 429 437 435 436 437 437 445 450 459 465 466 475 468 475 484 481 480 488 486 491 500 509 515 524 525 533 524 530 533 539 545 544 544 548 545 546 544 549 556 561 561 560 551 553 557 562 567 572 569 573 573 572 579 588 582 586 582 586 587 594 602 610 616 620 611 609 613 620 619 624 618 625 631 636 635 636 639
444 435 427 426 417 416 421 422 418 421 419 417 426 420 428 429 438 431 426 429 426 430 439 433 441 436 444 445 445 446 448 456 459 465 474 477 484 488 490 483 487 495 499 508 517 524 531 532 528 526 528 537 540 548 545 552 555 554 551 552 558 560 566 562 564 560 554 561 565 569 570 578 581 580 581 586 595 590 587 586 594 589 592 594 602 611 611 620 615 620 626 628 629 620 621 622 627 633 641 640
441 434 427 426 418 422 430 426 427 425 428 426 431 423 430 430 435 438 429 433 428 437 446 440 449 443 452 447 449 453 454 462 461 467 476 480 489 489 494 488 494 502 505 513 522 527 536 541 535 531 535 544 548 553 552 555 561 562 554 553 562 569 571 571 567 559 557 565 572 575 578 584 589 589 589 591 595 591 596 591 599 590 593 594 602 604 607 615 623 621 626 627 626 623 627 625 635 635 639 647
446 440 431 427 427 425 427 427 436 427 433 435 433 424 433 439 438 437 430 437 436 439 446 445 450 449 456 451 452 457 459 468 470 476 477 486 489 498 499 495 503 507 512 514 521 522 531 540 542 539 536 545 553 554 557 562 567 571 562 556 562 571 580 580 571 564 563 571 575 584 586 591 598 590 597 594 595 594 601 592 601 598 602 603 611 608 616 624 630 629 627 635 631 630 635 631 634 636 645 652
446 438 432 435 433 432 429 432 435 428 432 441 436 433 442 440 440 446 439 442 442 448 455 449 456 450 459 456 461 459 461 468 475 480 482 485 494 501 501 504 509 514 515 515 521 525 532 541 545 545 537 545 554 563 561 564 569 576 571 565 571 578 583 582 580 572 572 577 583 592 587 596 601 596 603 600 601 595 604 597 606 606 611 612 617 609 618 626 635 638 635 641 632 635 638 638 641 637 638 642
448 441 441 442 441 438 438 439 430 429 437 440 443 434 439 444 448 447 446 444 444 446 452 457 456 455 456 465 469 466 470 469 477 485 491 487 496 497 505 502 511 515 524 520 525 534 538 540 548 552 544 553 561 562 570 573 570 571 576 570 577 586 592 585 579 576 578 585 592 595 593 602 605 597 604 608 600 598 601 598 605 608 617 621 624 617 624 628 637 644 643 645 637 643 643 642 647 639 646 648
451 445 446 450 442 446 445 443 436 434 441 441 450 443 448 453 457 453 451 450 452 448 456 464 465 456 464 465 473 471 478 475 482 488 495 488 495 500 508 501 502 511 520 529 534 531 531 536 542 543 544 548 552 554 563 572 579 580 581 579 578 587 592 593 587 579 587 594 596 597 601 604 612 605 610 613 608 599 607 607 609 617 623 627 627 619 628 637 641 649 652 649 644 650 649 651 655 648 652 649
454 454 448 451 447 454 446 444 443 443 443 450 452 445 454 461 466 461 452 451 454 451 459 461 470 463 464 472 475 480 487 484 484 493 500 492 494 496 499 500 502 506 514 522 528 529 530 532 541 549 550 557 560 563 566 574 581 589 588 580 586 595 596 598 593 587 596 602 603 598 603 610 613 610 613 612 611 607 615 616 618 618 626 627 628 620 627 634 642 643 650 657 650 651 658 660 659 655 660 658
