  0 274 268 273 276 272 281 283 286 294 293 289 287 295 299 299 293 294 298 297 300 309 317 317 326 328 328 333 336 337 341 338 339 348 349 355 355 362 363 364 372 375 384 385 391 391 395 397 405 409 412 414 423 432 432 440 440 448 451 456 465 457 459 467 476 474 478 486 487 493 502 511 518 520 527 529 532 530 535 530 535 543 547 555 557 566 574 583 580 586 592 593 594 600 608 614 615 611 617 626
  8 267 266 267 267 271 272 279 284 285 288 280 285 286 290 297 292 295 293 294 297 303 308 316 325 326 324 326 332 340 332 334 338 345 346 355 354 360 366 373 373 374 380 384 392 387 390 392 397 401 403 409 417 424 426 433 436 440 442 450 459 451 459 468 472 471 478 481 489 497 505 504 509 512 519 524 524 521 530 527 529 538 547 551 559 568 573 581 578 585 583 589 596 596 605 605 606 607 616 623
 16 259 257 266 264 273 265 271 276 278 280 278 276 279 284 291 284 287 288 295 304 310 317 315 319 321 320 326 329 333 327 331 339 346 355 360 353 358 358 366 373 379 371 376 383 381 389 395 403 401 405 414 418 420 425 433 436 435 442 449 457 449 457 460 464 469 476 478 484 490 499 501 509 509 510 518 519 520 521 525 528 537 546 547 554 563 564 573 569 576 581 586 587 595 596 599 606 607 608 614
 17 263 256 258 259 264 262 263 267 275 277 272 274 275 277 284 282 287 289 298 303 307 312 307 313 314 319 321 322 324 326 335 343 348 357 351 351 352 357 358 364 370 368 370 379 378 386 391 394 400 405 408 412 419 425 428 429 433 441 440 448 448 449 455 464 468 475 477 485 494 494 503 505 505 514 514 523 520 526 529 537 541 539 540 546 555 557 566 565 567 572 580 583 586 590 594 602 611 612 620
 26 263 255 252 258 259 261 268 273 272 268 269 277 279 277 275 279 288 293 297 305 300 303 303 306 310 310 312 314 317 322 331 338 339 348 345 344 353 358 350 359 361 362 369 370 377 386 391 399 405 412 405 407 416 418 425 434 435 435 437 443 442 450 459 461 465 472 477 481 489 486 494 496 504 506 507 516 517 519 520 529 537 538 541 547 549 557 558 559 563 570 572 574 583 589 597 601 610 618 627
 28 257 248 246 249 250 259 268 267 263 261 263 272 270 268 274 282 286 291 291 299 296 302 301 305 311 309 314 313 314 319 322 329 338 339 346 341 346 352 347 352 355 361 369 370 376 379 385 391 397 404 402 410 411 420 424 426 430 431 434 438 441 445 450 459 461 465 469 478 480 485 486 495 501 509 507 516 525 525 528 529 538 545 542 551 550 558 563 568 572 572 578 575 580 586 589 598 607 612 618
 29 249 240 240 245 249 258 264 259 261 252 259 264 261 262 268 275 280 282 289 291 287 294 298 296 303 307 309 310 317 325 319 326 333 340 337 339 340 343 344 351 352 360 364 368 376 378 381 388 390 399 400 404 409 411 417 419 424 433 436 437 440 445 454 462 469 468 472 476 477 478 485 492 493 501 506 510 516 523 527 529 532 537 545 554 559 567 571 570 577 579 580 579 587 593 590 592 600 607 610
 33 242 236 239 248 251 255 258 251 259 251 256 262 260 268 268 276 273 282 285 288 285 293 300 295 294 299 300 308 313 317 318 322 329 332 336 345 348 350 347 356 360 368 373 370 373 375 379 385 394 398 400 408 417 413 417 420 422 428 431 433 435 437 446 454 463 470 470 473 479 487 493 501 494 503 503 504 509 518 520 521 529 534 540 549 555 563 572 576 585 587 585 588 592 596 592 600 601 610 614
 41 236 235 237 241 242 247 250 249 257 249 249 258 259 262 267 268 272 280 276 281 283 291 293 297 291 295 302 311 320 316 316 320 324 331 340 339 344 351 356 363 362 365 367 370 379 381 388 391 394 397 400 405 412 419 423 429 430 436 440 436 442 440 449 458 464 467 469 476 478 486 495 501 496 499 501 504 508 509 512 519 527 533 538 543 552 560 563 567 576 582 591 591 600 604 600 609 609 602 610
 42 228 232 229 234 237 246 244 243 252 245 246 251 258 264 273 269 265 274 275 283 279 288 295 288 290 294 303 310 314 307 315 320 323 329 337 332 338 346 355 358 358 366 368 372 374 383 392 394 396 395 404 406 413 421 429 433 435 439 440 440 449 446 453 455 463 467 474 475 483 484 491 496 504 508 503 504 513 518 516 525 526 535 544 548 552 558 566 574 576 577 585 594 593 601 603 605 608 601 607
 51 223 230 222 230 232 238 238 240 246 244 250 251 250 256 265 269 260 265 267 274 278 284 287 286 295 295 299 301 308 306 311 313 320 321 328 330 334 341 350 355 357 364 372 379 380 383 387 389 389 394 402 403 408 413 422 425 427 430 431 434 441 447 448 449 455 461 465 472 477 486 488 494 503 508 507 510 519 526 521 529 535 537 541 550 556 562 569 570 578 579 580 589 592 593 595 598 599 600 608
 56 218 227 221 229 237 230 237 238 239 237 241 242 246 247 256 263 258 267 268 277 273 280 288 284 293 298 301 310 305 304 310 309 318 326 330 329 332 339 343 346 348 356 363 371 374 374 378 380 388 396 404 404 413 414 422 427 435 435 438 443 448 452 453 452 459 465 470 473 478 482 491 497 506 504 512 519 525 526 530 533 538 538 541 549 554 562 561 561 570 571 579 580 584 593 594 602 608 608 611
 58 215 218 220 222 228 222 231 238 234 235 242 250 246 252 253 254 255 264 267 268 272 274 281 283 284 292 301 310 307 300 302 308 311 318 327 328 330 339 341 344 346 350 357 365 366 367 370 379 384 388 397 404 411 416 422 428 432 436 445 452 453 454 462 459 467 470 465 473 482 488 482 491 498 499 505 512 517 526 530 539 534 536 539 542 549 557 556 559 564 568 575 581 587 594 602 597 606 614 620
 66 211 213 218 216 219 217 225 229 233 242 243 244 237 246 253 258 264 268 269 277 275 280 281 290 293 299 293 302 298 299 307 316 319 319 323 329 337 340 344 353 353 358 363 364 369 376 379 380 386 395 402 403 404 413 419 420 425 432 440 446 454 460 468 459 463 462 464 465 474 479 480 489 497 506 510 511 518 523 522 531 532 538 545 551 547 549 553 554 555 562 569 572 581 585 594 596 605 608 615
 73 210 204 210 207 211 213 222 221 230 236 241 237 233 240 248 249 255 260 261 269 278 275 276 283 292 293 291 295 297 304 313 321 320 320 326 328 329 338 342 348 357 362 358 367 366 374 379 383 386 390 398 405 413 416 413 422 429 436 437 437 445 452 461 453 454 461 463 466 475 478 483 490 492 500 502 505 512 515 521 527 534 535 543 543 545 554 552 553 561 564 572 573 575 584 589 598 607 605 610
 74 202 203 201 204 206 210 216 220 221 227 235 233 229 231 240 244 252 255 260 268 272 274 275 276 285 284 290 295 298 305 314 322 323 319 326 320 326 334 333 342 351 353 355 364 359 368 375 377 382 389 397 406 407 408 409 418 423 428 429 436 445 444 452 452 453 454 461 466 474 481 488 490 491 492 493 501 507 508 517 525 525 529 534 535 542 548 551 553 559 561 563 571 580 584 588 590 599 600 601
 83 197 194 200 201 207 209 216 218 220 222 229 236 228 232 241 250 248 256 255 260 264 271 266 273 276 280 287 291 299 308 316 316 320 318 317 317 323 328 332 338 347 356 354 360 357 360 366 373 375 380 389 398 407 408 413 420 423 428 431 436 444 442 443 451 456 462 470 467 476 484 485 488 497 499 498 507 508 516 520 528 520 521 529 538 545 546 553 559 564 568 565 573 578 583 586 589 596 599 607
 89 195 187 196 202 198 207 212 220 224 216 221 229 225 232 235 241 245 247 249 255 257 262 263 266 271 274 278 286 294 300 309 307 313 309 310 314 318 323 329 336 342 349 351 352 354 360 369 377 381 382 391 393 402 403 407 413 418 426 432 436 439 436 445 446 455 463 469 475 476 484 489 494 498 500 499 508 514 512 518 521 519 527 534 539 548 547 555 556 562 566 569 578 587 590 586 587 595 596 605
 93 189 185 191 198 196 202 209 213 215 214 220 223 224 233 233 237 242 251 252 254 252 253 257 258 267 268 269 277 285 294 303 300 304 305 313 322 324 326 332 333 340 347 356 354 361 365 374 383 388 383 387 389 393 402 407 414 412 420 426 430 435 434 441 450 451 458 467 469 477 477 486 485 490 491 500 499 505 504 509 512 515 522 531 534 541 550 559 557 564 563 570 571 578 585 585 594 598 604 609
 94 189 182 189 192 191 198 205 211 206 207 216 225 224 229 229 236 242 242 251 253 248 251 260 263 268 276 272 278 285 293 297 299 301 309 307 316 323 332 333 341 341 349 354 353 356 365 374 376 383 388 383 390 391 398 407 408 409 417 419 426 428 432 440 442 451 455 458 467 475 475 484 484 492 494 492 490 497 500 505 514 523 527 531 539 548 550 559 556 560 562 568 575 575 576 577 585 590 595 600
100 186 181 182 188 189 198 200 206 204 198 207 216 221 227 225 227 235 234 243 244 247 256 262 262 267 275 280 285 293 295 300 293 294 301 302 309 318 327 335 338 335 340 347 350 359 365 366 367 376 379 381 390 393 394 400 407 408 415 421 421 430 436 442 447 451 459 465 472 472 472 478 482 490 486 483 489 491 496 505 513 520 527 529 534 543 550 557 550 551 558 560 567 574 579 580 582 589 598 606
109 177 174 180 181 190 196 191 199 203 197 199 207 214 218 221 224 227 229 236 245 248 254 259 261 266 269 276 282 284 286 291 292 301 307 310 308 317 323 328 329 332 333 342 343 352 358 365 369 375 372 380 386 392 398 407 403 412 413 414 419 428 430 437 443 445 454 456 463 463 464 469 473 482 488 480 489 498 504 507 511 517 526 535 530 539 541 548 549 554 557 565 558 566 571 572 577 583 589 598
118 168 167 174 177 183 189 190 193 194 196 201 209 210 215 224 225 232 238 244 251 251 255 264 264 265 271 272 273 275 283 286 295 301 303 306 306 308 317 324 332 334 337 341 344 350 358 359 368 368 371 376 384 393 393 399 398 403 404 405 412 421 421 430 436 438 447 453 454 461 462 470 478 486 484 478 483 489 496 498 507 513 517 526 529 533 538 539 541 550 556 556 557 560 569 568 573 580 582 590
122 159 164 167 171 178 186 194 189 196 202 207 209 218 218 222 226 235 243 250 252 260 259 265 273 271 272 281 282 283 284 290 292 294 297 302 304 312 321 329 331 335 338 347 341 347 354 356 365 363 365 368 377 384 389 390 396 400 407 414 414 415 420 427 436 445 446 445 454 455 455 464 471 480 478 475 484 490 492 500 501 510 517 519 520 529 535 539 541 550 551 555 563 560 564 565 574 582 586 591
127 156 159 165 171 176 178 185 187 194 195 203 206 215 216 222 229 230 235 243 252 261 268 265 269 274 277 275 284 283 290 287 292 289 298 302 311 317 316 320 322 328 329 338 339 341 345 353 362 361 366 367 371 380 389 395 396 405 408 414 423 423 421 429 438 439 440 444 451 452 453 455 464 472 473 474 475 483 491 493 498 507 508 517 521 527 536 531 535 543 550 558 563 556 565 559 567 573 582 583
132 151 153 162 163 168 177 186 191 196 201 209 215 221 223 222 229 227 233 242 248 256 265 257 264 268 268 273 280 280 281 281 289 288 290 299 307 313 310 314 321 327 332 336 340 345 346 347 355 357 365 372 376 384 391 400 402 409 416 410 414 423 429 430 439 442 445 453 460 456 455 464 472 474 479 481 482 486 492 493 499 508 517 519 521 519 528 528 531 539 541 550 554 555 556 557 566 569 578 582
133 135 138 154 160 168 177 184 193 195 201 202 209 212 220 221 222 225 229 238 246 253 257 255 258 259 266 266 271 277 274 279 286 281 290 296 302 304 305 306 315 318 325 328 333 340 348 348 349 357 366 375 378 381 390 393 402 410 415 407 410 418 420 424 433 435 438 446 454 455 462 469 478 482 487 480 489 488 493 501 508 511 514 510 512 515 521 522 531 539 548 555 553 556 560 566 567 571 573 578
141 142 140 153 158 167 176 183 190 198 207 205 213 217 219 228 223 232 232 236 237 245 251 247 249 255 257 265 266 268 270 271 279 280 286 295 304 313 314 313 322 326 326 335 342 341 350 351 351 360 367 371 374 382 387 395 401 407 406 405 413 416 424 431 427 426 435 441 449 456 457 466 474 478 478 472 480 489 494 499 502 507 514 507 511 513 522 531 532 534 543 551 550 552 560 563 572 574 582 581
142 150 141 148 157 166 173 182 189 193 202 210 210 217 219 223 223 223 232 235 241 236 244 245 243 252 258 267 275 275 279 278 287 289 292 301 306 315 315 316 325 331 333 337 343 348 352 353 360 367 375 379 375 376 382 387 393 400 405 401 410 412 421 422 423 424 431 438 440 447 456 459 468 470 470 471 478 486 490 491 495 499 506 504 513 519 520 527 527 529 537 545 546 550 557 564 573 574 583 584
151 159 150 151 159 167 176 172 181 190 198 200 201 206 214 215 217 218 221 226 230 232 233 239 240 250 256 260 269 272 281 279 284 285 293 302 311 317 317 317 326 334 338 344 350 357 358 360 369 370 379 386 382 378 379 386 391 392 396 397 406 415 417 426 425 427 429 438 439 446 447 456 461 464 465 472 479 480 482 483 489 490 497 503 510 519 522 523 524 532 538 541 543 551 558 566 575 583 585 585
155 164 159 152 153 162 165 171 178 186 194 202 209 211 220 224 224 220 229 227 235 239 241 241 242 243 253 262 265 272 281 281 287 294 299 303 306 313 320 319 325 329 335 343 351 360 362 369 377 379 373 382 385 379 386 395 392 400 405 406 409 417 426 434 427 430 437 443 448 454 451 453 462 468 471 477 484 488 488 489 496 495 504 505 509 514 516 525 523 531 539 542 551 559 567 572 574 574 580 576
162 165 158 153 159 168 174 177 185 188 197 206 207 216 212 221 225 221 230 236 242 240 243 247 250 248 256 262 268 271 273 274 280 289 298 298 307 313 320 325 330 336 339 346 352 353 361 368 368 371 372 379 380 381 390 399 397 404 413 414 416 423 427 432 436 437 445 448 455 457 450 457 463 464 466 475 483 484 491 492 489 496 502 497 503 505 512 517 519 524 530 536 545 553 562 569 572 570 575 572
171 169 162 155 162 163 172 181 189 196 197 200 209 210 211 219 228 224 233 242 239 242 243 252 259 250 257 258 265 269 275 275 282 290 292 297 299 307 314 321 324 328 333 338 343 351 352 360 366 375 374 383 388 390 398 404 402 404 409 418 419 419 425 429 438 443 445 445 446 448 449 454 455 464 465 471 480 489 490 490 487 495 493 496 501 505 506 515 523 530 536 538 543 547 554 561 563 567 572 570
176 175 171 164 168 171 179 188 193 196 204 209 214 219 213 218 226 225 234 236 238 245 250 259 259 253 258 262 268 274 275 283 283 288 297 306 308 308 316 322 327 332 341 344 344 353 361 365 371 373 380 387 384 390 399 403 406 413 417 414 410 418 422 425 431 435 437 444 445 442 444 449 458 461 464 467 476 485 491 485 485 493 492 500 503 505 514 520 521 530 539 544 549 555 552 553 558 559 567 569
180 184 179 170 169 170 175 183 192 194 199 207 209 216 214 223 229 234 242 237 240 246 252 257 261 256 264 268 273 282 282 289 285 286 289 299 308 317 319 320 326 327 336 341 341 348 356 365 363 371 373 381 382 390 394 395 404 405 412 413 406 415 422 423 432 433 437 436 436 434 435 444 451 453 456 465 470 477 483 476 477 484 489 495 499 500 506 515 523 528 532 537 540 549 545 553 558 567 570 562
184 188 181 178 177 179 180 188 196 201 200 207 209 217 217 221 230 239 241 240 246 255 257 266 264 265 266 267 272 281 283 287 294 295 290 298 303 311 312 316 318 326 334 335 336 343 348 357 360 369 375 375 383 385 387 388 395 399 403 404 405 406 415 418 423 428 432 430 431 433 435 439 444 445 454 462 463 472 477 475 480 478 481 490 494 502 505 514 522 519 528 529 535 541 537 544 551 558 567 560
193 196 188 179 183 185 188 197 197 203 206 207 209 217 220 227 231 240 239 244 248 252 260 269 273 274 272 268 277 278 286 288 297 297 292 300 305 314 318 325 327 333 340 337 345 344 349 350 359 361 366 371 380 389 393 395 402 406 403 408 414 415 417 424 424 426 428 429 438 442 442 445 446 453 454 463 472 470 470 471 472 477 486 482 491 495 503 508 517 518 524 530 526 533 534 543 544 549 558 559
201 194 193 187 192 187 196 200 201 203 204 213 216 221 224 227 229 237 238 243 245 254 254 261 264 270 279 271 274 277 285 290 295 302 299 309 309 316 324 333 329 338 342 334 339 345 345 347 355 359 368 373 381 384 385 391 395 398 400 404 411 417 426 426 433 433 430 431 432 434 435 438 446 448 453 461 463 461 469 476 473 474 480 481 489 493 497 502 511 518 515 521 522 531 539 543 551 557 564 568
206 201 199 196 200 196 203 203 202 209 205 214 218 223 228 234 234 236 243 249 246 249 251 260 262 269 276 273 276 284 291 299 304 304 302 309 315 320 327 335 327 331 337 331 332 340 344 352 354 362 365 366 375 383 391 392 400 397 402 407 411 420 428 428 436 433 432 433 441 436 444 439 446 452 452 459 454 455 462 470 474 481 483 484 493 497 504 507 515 510 512 518 522 531 536 537 545 554 563 567
212 204 201 198 207 202 211 212 205 211 210 212 221 225 228 230 232 240 248 257 252 256 257 262 271 270 271 280 282 290 297 298 305 309 304 305 306 316 321 327 326 328 330 329 336 337 345 351 358 365 369 367 373 382 390 391 395 396 402 411 419 425 425 431 434 433 438 441 449 445 445 440 441 443 450 451 453 458 467 472 479 482 483 487 490 492 496 505 508 509 518 525 523 532 539 539 541 550 555 558
215 210 203 200 208 211 213 218 214 218 215 221 230 233 236 231 235 242 250 259 253 259 261 268 273 271 277 285 283 288 290 298 305 314 306 307 307 313 316 317 319 322 324 328 330 339 344 352 354 363 372 371 372 373 382 385 386 395 397 406 410 419 416 424 432 430 431 440 442 450 453 445 450 451 458 455 462 467 468 472 478 479 486 492 497 501 502 511 511 516 525 529 528 536 537 545 542 546 555 564
217 211 211 203 210 217 214 223 220 221 223 222 230 235 237 239 242 244 253 254 257 263 268 269 277 274 279 285 288 297 297 300 306 310 313 312 316 322 317 318 326 324 331 336 339 347 353 347 355 358 364 362 363 366 375 377 386 390 391 398 407 412 411 420 423 424 425 432 435 444 452 454 450 452 454 462 469 474 474 479 479 482 490 492 496 505 511 518 517 525 528 537 534 540 546 554 550 548 550 557
219 212 211 210 214 219 223 228 227 230 230 224 230 236 239 248 243 244 252 259 259 267 274 277 280 279 281 287 293 302 306 309 311 318 322 321 319 323 322 322 330 325 327 328 331 339 348 342 349 352 355 358 361 369 376 380 389 393 399 399 401 406 409 418 419 425 434 441 436 438 446 447 448 457 456 461 468 474 480 488 484 491 495 501 502 511 519 523 524 530 537 546 543 549 554 557 553 549 550 559
228 219 220 219 216 225 231 234 228 236 232 227 236 237 238 242 243 245 247 255 261 269 273 276 279 282 283 292 296 302 310 311 320 325 328 322 324 324 328 331 337 331 334 330 334 336 338 339 340 345 348 357 361 366 367 374 380 389 395 404 405 413 410 418 424 427 436 439 438 446 443 438 441 450 453 461 462 466 475 482 486 493 498 503 504 513 521 524 531 531 538 539 546 554 560 562 561 558 557 566
237 228 220 219 218 223 227 233 229 237 238 229 235 243 243 244 246 251 256 262 270 273 274 275 284 288 288 293 300 301 303 305 313 320 326 331 325 325 334 334 343 340 335 339 342 337 346 347 348 346 347 349 357 366 367 376 385 388 394 401 404 412 413 414 423 423 430 432 439 446 438 437 445 454 457 465 468 474 479 488 487 492 499 506 512 509 518 522 528 533 542 543 552 561 569 571 564 567 559 563
228 223 222 226 225 224 232 240 236 244 243 235 238 242 250 249 254 259 263 271 277 282 282 277 286 288 294 301 309 302 303 305 314 315 319 325 320 329 337 336 343 338 336 343 341 340 347 348 357 351 352 351 353 362 369 377 379 380 386 395 397 405 412 415 424 421 429 437 432 437 434 436 445 451 458 463 472 480 487 484 484 485 493 497 506 507 516 525 533 542 551 547 556 565 570 578 573 571 567 564
229 230 231 232 229 229 236 244 244 253 247 241 246 245 254 253 256 260 266 268 275 282 283 283 291 297 295 299 307 303 309 306 307 312 316 317 319 326 330 339 347 344 345 352 349 349 349 357 358 359 353 357 354 362 366 374 378 379 385 391 398 402 405 406 415 418 427 428 430 432 433 441 444 451 460 461 470 477 478 479 482 486 495 500 502 511 520 521 527 535 542 551 557 560 567 571 570 570 572 570
234 235 238 241 238 238 245 247 251 255 250 242 248 250 255 262 261 268 275 273 282 287 287 292 294 300 299 303 309 312 315 313 316 318 318 324 325 329 332 333 338 340 343 349 358 358 358 366 367 359 354 362 361 362 364 366 374 383 391 399 399 403 408 412 418 427 434 432 438 440 442 449 452 460 469 467 476 483 484 487 491 487 496 497 506 511 520 529 533 541 550 546 554 559 566 567 568 569 577 575
243 244 239 248 247 247 251 248 255 246 245 244 253 252 259 259 260 265 274 282 291 291 294 300 303 302 304 312 317 319 319 317 320 326 326 331 329 336 341 342 346 342 344 352 361 363 360 369 365 364 363 366 366 367 369 373 380 388 392 396 405 412 409 415 424 428 431 438 445 441 449 451 456 458 466 475 484 487 493 494 490 489 497 506 515 515 524 533 541 546 541 543 549 550 557 565 574 578 585 577
248 246 247 256 248 256 257 251 251 250 254 248 250 252 257 258 266 274 281 285 286 287 293 299 304 310 307 316 325 323 320 326 328 327 327 336 335 344 345 346 351 344 352 361 362 370 362 371 372 367 364 373 373 376 378 380 389 397 401 401 407 412 411 418 423 429 437 442 440 441 444 447 456 463 472 479 480 489 497 498 492 495 496 501 507 510 519 528 532 538 539 548 557 557 563 570 571 579 578 585
249 253 255 259 251 255 256 258 253 251 252 254 259 256 259 263 269 276 285 287 292 290 299 306 308 311 310 312 320 328 329 332 336 334 330 338 344 351 349 347 356 353 359 360 361 366 371 380 373 373 373 382 380 380 380 385 387 394 400 401 410 418 418 422 430 431 437 438 439 444 453 455 464 467 472 473 482 487 493 494 499 496 504 509 516 519 520 525 528 533 542 551 552 559 567 574 572 580 576 585
250 259 256 262 258 256 264 267 262 259 259 257 266 265 266 271 278 281 286 292 294 298 303 312 309 317 315 316 325 332 334 340 341 342 337 346 349 356 351 355 359 355 356 364 368 374 374 375 374 382 379 382 383 381 382 387 396 398 403 410 419 422 427 431 434 439 446 445 447 452 454 463 464 468 469 477 483 490 498 503 501 502 508 513 517 526 528 526 531 536 541 546 547 556 562 569 575 578 572 581
257 266 261 265 267 259 261 269 265 265 260 260 269 274 272 278 284 282 284 285 294 300 302 309 314 321 324 320 324 325 328 331 332 333 342 343 352 360 352 354 356 364 365 367 370 377 383 376 381 390 386 390 389 383 391 394 402 407 410 417 422 428 428 432 437 445 454 453 448 454 462 464 472 475 477 484 485 487 495 496 497 504 512 520 521 522 524 529 530 536 544 550 556 565 562 563 566 569 570 575
264 265 270 274 273 268 264 273 270 267 264 267 271 279 275 281 285 283 287 290 299 305 306 314 316 325 332 329 329 328 334 339 337 342 346 344 352 358 361 356 358 359 361 370 371 380 384 377 378 383 391 399 394 384 393 402 411 414 417 418 419 426 430 430 431 436 445 446 451 454 463 471 477 480 483 485 489 491 499 501 502 503 505 513 514 522 525 528 537 542 543 550 555 558 561 560 567 576 575 578
273 274 279 278 274 277 272 280 271 271 273 268 277 280 282 290 294 292 295 297 303 306 312 320 317 320 328 335 336 334 340 341 342 350 349 353 355 358 364 364 366 364 369 370 378 386 392 386 386 391 399 397 390 388 395 400 404 405 414 421 420 421 429 428 436 445 452 454 460 455 458 464 472 477 482 487 488 497 506 505 510 505 514 521 520 527 528 530 531 533 534 543 546 549 556 557 566 575 582 587
282 283 288 287 282 279 275 280 278 280 282 276 285 281 285 294 296 301 298 298 301 302 309 318 326 328 333 336 344 337 345 347 344 352 358 354 361 359 364 372 367 368 373 379 386 394 393 392 395 395 397 406 398 396 401 408 412 414 423 422 421 422 424 426 434 437 445 449 456 463 463 470 475 482 491 496 491 500 502 503 511 506 508 512 517 526 528 534 532 541 542 550 555 558 565 562 568 569 578 585
284 292 293 290 289 280 276 282 287 279 278 277 279 285 286 295 304 308 307 307 307 309 313 317 323 324 333 339 345 344 351 349 349 351 352 360 366 367 370 379 376 377 382 383 391 395 398 400 403 398 400 404 407 400 407 414 417 423 425 423 423 431 433 430 431 440 446 448 457 461 464 466 473 480 483 492 496 502 508 511 514 514 517 515 516 520 526 533 537 541 545 547 550 551 560 569 577 573 577 581
292 300 294 290 286 282 283 290 288 287 286 279 281 286 290 295 304 309 312 316 309 317 315 322 331 326 335 341 343 347 352 358 356 360 353 357 358 364 373 381 381 378 386 390 391 392 399 400 403 401 409 412 408 403 405 411 412 421 426 432 432 432 434 435 438 445 449 454 455 464 472 475 480 483 486 487 492 501 510 511 520 515 518 516 524 529 534 540 546 546 554 550 554 560 565 566 571 580 579 588
293 296 303 299 291 287 292 292 295 289 289 280 281 284 291 294 303 310 312 316 315 324 319 328 335 335 344 346 352 351 360 365 360 360 359 366 367 373 377 379 385 383 392 392 400 401 408 409 408 405 413 418 417 412 413 420 419 425 426 435 441 440 436 438 447 446 448 454 461 470 471 476 485 484 485 486 495 504 513 519 520 522 522 523 526 535 537 538 546 555 563 559 558 561 563 565 573 575 584 593
296 305 312 306 298 295 295 300 298 297 293 284 282 289 295 299 300 305 312 318 323 327 326 333 338 338 346 347 355 354 358 367 369 365 366 369 368 371 378 377 379 383 384 393 396 402 404 406 415 406 409 417 424 417 415 421 422 426 435 437 441 448 444 447 449 455 457 456 459 467 476 482 483 486 486 495 504 506 507 513 521 529 523 529 533 541 546 545 550 558 563 563 565 563 565 570 578 584 593 602
305 312 318 310 305 304 298 306 302 300 293 292 283 288 296 305 309 313 312 318 321 327 335 340 345 343 351 355 364 360 367 376 374 366 367 371 370 371 375 376 377 386 386 387 388 397 405 413 416 415 413 421 430 424 422 429 431 431 438 443 443 446 450 456 458 463 465 458 466 473 474 482 490 492 487 489 495 502 510 519 527 526 530 534 542 548 553 554 559 562 569 568 569 569 574 578 586 591 598 601
312 321 326 318 310 302 299 300 309 304 300 291 284 288 293 300 306 309 310 318 324 330 339 347 342 351 354 359 362 368 374 383 374 369 374 372 372 378 383 380 382 388 393 396 395 397 403 408 417 420 414 422 425 432 424 431 438 435 440 444 448 449 454 460 462 463 465 460 466 475 480 489 491 500 495 498 503 506 514 518 519 523 529 531 538 547 553 556 557 565 574 575 576 573 578 580 588 595 604 609
317 326 329 323 317 308 302 309 315 306 304 297 293 293 295 300 303 312 319 321 322 331 332 339 340 349 350 351 353 362 369 377 376 373 380 380 379 385 387 386 390 394 401 404 399 400 405 414 423 429 423 427 427 428 428 436 439 444 441 446 447 449 457 464 463 465 463 461 469 470 479 488 496 500 502 504 506 514 515 517 518 520 527 536 538 542 549 557 560 561 569 574 578 581 579 587 595 603 610 616
323 330 330 321 320 313 305 306 308 311 302 295 294 298 299 307 308 315 317 326 331 340 333 338 347 350 358 352 359 360 369 375 383 382 386 387 387 391 395 394 395 395 397 402 408 401 407 415 424 432 432 430 433 437 437 437 444 447 442 443 445 453 454 457 463 468 465 470 478 479 487 490 491 496 505 513 510 512 514 523 524 521 530 534 537 542 551 557 563 562 567 573 580 577 581 590 590 596 605 610
326 330 322 321 319 317 311 314 313 305 300 298 295 300 302 308 316 322 319 322 330 338 334 338 340 349 357 358 360 368 377 384 386 389 394 391 393 400 397 399 401 402 398 403 412 409 415 422 424 429 436 432 440 442 439 446 450 449 449 446 449 451 455 458 465 467 470 471 479 485 490 494 495 504 505 514 514 513 520 522 531 525 526 528 537 541 550 559 560 561 564 573 572 575 581 585 589 598 606 613
330 337 329 330 326 321 312 321 320 311 303 304 303 304 310 313 316 324 325 328 337 338 340 347 348 351 360 367 368 372 374 383 385 393 402 395 400 407 398 406 406 404 405 411 412 417 422 428 427 428 437 437 446 449 440 442 443 446 452 455 450 459 462 465 473 468 476 480 486 494 491 493 500 503 512 521 522 514 517 523 531 532 534 537 545 542 549 557 566 566 564 566 569 574 582 586 595 598 603 612
336 345 338 338 332 328 321 322 313 306 305 307 307 313 311 320 320 329 334 335 341 345 344 348 349 357 361 363 364 365 374 375 378 387 395 396 401 404 407 412 407 405 414 419 421 426 429 437 428 432 441 446 453 444 441 450 450 447 456 456 452 461 470 469 478 477 482 481 483 492 498 497 498 501 507 516 518 522 524 527 529 536 542 546 554 547 548 552 560 562 563 572 578 575 582 586 588 595 596 604
337 346 344 337 336 327 324 318 311 309 309 309 315 318 318 320 322 330 331 335 344 350 349 356 358 366 365 365 366 372 378 384 386 395 399 404 409 413 408 416 415 409 418 424 422 431 437 444 435 440 449 449 450 446 448 449 457 455 461 464 458 463 473 476 478 482 484 489 488 490 498 499 501 510 509 511 520 529 531 536 530 538 539 542 551 551 551 560 567 565 567 573 579 576 585 593 596 598 605 606
345 354 345 344 335 334 327 320 312 316 312 313 319 319 327 321 323 327 329 337 344 353 356 357 358 362 369 373 374 381 387 385 392 396 404 410 417 417 410 413 422 415 416 424 425 430 436 443 440 443 450 455 450 447 456 456 463 464 470 465 466 465 466 469 477 481 490 490 489 498 507 500 506 513 513 517 526 528 532 535 538 539 547 546 550 555 556 559 566 574 571 575 576 584 586 592 593 602 604 613
354 351 342 339 335 329 328 323 316 325 317 316 325 326 334 329 330 335 337 346 352 356 357 360 359 367 376 381 382 390 390 394 396 405 408 409 413 414 416 414 417 419 424 427 431 439 437 439 447 445 446 449 450 453 460 457 458 460 461 470 475 472 472 474 484 490 492 491 495 497 504 505 509 510 512 521 530 533 540 543 540 540 546 554 552 553 562 560 569 575 580 578 584 589 595 593 595 596 603 610
360 351 349 340 338 338 335 326 320 323 320 325 330 327 333 338 339 344 339 340 348 357 366 369 367 375 384 389 391 396 399 398 401 402 407 411 412 416 417 415 424 422 424 433 432 440 441 443 449 449 455 452 453 456 464 466 466 468 462 463 467 476 478 475 476 481 488 492 499 506 513 507 515 518 515 518 522 524 532 536 540 545 549 554 554 562 568 569 573 580 581 586 585 592 593 596 596 601 608 615
363 354 356 347 340 341 338 333 324 328 324 329 338 335 340 342 342 350 341 345 354 355 363 364 368 369 378 387 393 398 403 402 404 410 416 417 417 425 421 418 422 430 431 440 436 437 446 447 448 457 455 454 462 457 465 471 472 476 468 464 470 471 475 484 481 490 496 494 504 508 514 508 516 522 522 519 524 532 539 545 549 549 555 561 563 564 569 574 580 587 582 588 594 600 598 597 597 603 605 611
367 363 362 356 349 348 340 333 329 330 329 330 339 344 349 345 350 347 343 351 360 359 365 370 375 377 385 388 397 398 406 403 409 417 424 419 424 431 428 426 427 435 437 441 438 446 453 452 457 462 464 462 462 459 465 474 481 478 471 471 479 479 480 483 487 490 497 495 501 506 513 517 517 522 531 528 525 529 530 536 541 549 553 562 571 572 578 575 583 590 591 592 595 603 606 606 604 612 611 612
375 372 371 362 358 357 349 342 333 331 338 331 333 342 347 353 359 356 351 353 354 363 366 375 376 385 389 389 394 403 412 411 414 418 427 425 426 434 435 432 433 442 445 449 446 455 455 453 459 468 468 471 464 460 469 475 477 475 473 474 482 487 488 490 495 497 503 504 503 512 517 523 526 531 532 537 530 537 537 539 546 551 559 567 573 580 587 581 582 590 594 600 601 609 613 615 612 621 620 616
375 367 366 362 359 362 353 344 339 340 335 334 337 338 343 344 353 355 357 361 363 365 369 377 379 388 390 395 402 411 413 416 416 417 425 433 435 436 438 441 436 437 446 453 455 457 463 454 455 462 471 477 473 467 476 484 482 480 474 480 487 493 496 497 504 499 508 509 504 512 520 529 534 539 540 546 537 546 538 541 549 556 561 562 570 579 580 582 591 596 602 609 608 609 616 623 614 619 628 620
383 374 373 365 357 356 354 346 343 339 338 343 338 347 345 353 360 358 365 367 372 366 375 383 386 393 397 403 410 418 422 422 425 419 422 426 432 434 442 439 437 438 443 444 452 460 466 463 462 466 474 475 482 476 485 490 487 489 482 488 496 499 503 505 512 506 515 514 511 519 527 529 529 538 544 548 540 543 544 550 553 554 561 567 568 570 577 585 593 601 609 611 616 610 617 618 623 627 628 629
390 381 373 373 365 362 353 346 345 341 343 352 347 354 347 348 351 358 359 362 365 373 377 384 386 390 399 405 414 423 427 431 423 421 422 429 438 439 446 443 443 439 442 446 449 456 464 468 464 473 474 478 479 477 485 493 491 495 486 487 495 500 504 506 515 511 515 515 513 522 530 527 528 530 538 539 543 552 552 552 553 556 564 570 572 573 582 590 591 598 606 614 614 612 618 626 624 633 637 635
383 380 371 371 362 353 352 351 351 347 345 353 355 352 350 353 358 364 368 364 368 370 379 382 388 396 397 404 411 420 425 428 431 422 423 425 431 440 447 452 452 448 451 448 456 464 469 471 471 472 481 486 488 484 493 496 496 500 495 490 497 504 507 511 519 520 523 519 516 518 520 524 527 528 537 541 551 554 557 556 554 559 568 575 581 578 587 594 600 606 611 617 617 621 626 627 630 635 640 643
375 371 368 366 365 357 359 352 352 353 354 361 356 357 354 361 365 373 375 366 367 370 378 379 380 387 390 399 403 412 421 422 423 425 432 434 440 447 454 461 458 457 459 457 465 473 478 473 477 475 476 485 486 487 496 500 501 505 502 498 505 513 515 520 528 527 523 521 518 524 528 532 536 537 543 545 555 562 564 564 563 563 568 576 584 587 595 597 604 609 618 626 626 627 635 633 633 634 638 646
384 377 377 374 367 365 357 353 359 357 358 360 365 365 362 369 366 367 376 375 371 378 383 388 381 390 398 403 410 416 417 424 430 432 430 438 447 446 450 457 461 466 467 464 471 472 477 474 481 484 483 487 488 496 497 499 507 514 511 505 513 519 524 529 529 534 529 529 521 530 536 533 539 546 550 547 557 565 572 567 566 572 571 579 587 596 599 600 602 605 612 621 618 619 626 635 637 638 645 651
388 380 380 376 367 363 362 362 367 358 363 367 370 371 366 375 367 376 382 384 379 380 385 392 389 392 399 405 412 417 420 418 421 426 428 432 441 443 449 450 458 467 470 465 470 478 479 483 490 493 485 494 490 495 501 506 512 520 517 512 521 521 526 529 536 542 535 532 524 533 541 535 538 545 549 551 555 560 568 568 570 571 574 583 588 595 600 607 611 611 604 613 617 619 628 637 646 645 648 657
391 384 381 384 376 372 371 371 368 367 370 374 378 372 375 371 368 376 384 385 387 382 391 394 392 397 398 403 407 408 412 416 424 433 431 432 439 443 448 449 458 467 473 467 470 479 485 486 489 498 494 503 499 496 504 511 512 513 515 516 520 527 534 530 539 541 535 531 527 531 539 543 539 545 553 558 556 558 559 562 564 573 580 584 585 592 591 599 606 607 602 611 614 623 629 633 642 646 647 656
398 392 389 391 382 377 380 378 377 370 371 380 385 378 384 378 377 378 383 390 396 391 400 395 397 405 407 406 415 417 417 425 428 436 440 438 447 452 455 458 461 462 471 470 477 485 493 489 497 504 501 508 501 505 507 512 516 516 523 524 523 529 538 539 543 548 542 537 528 537 539 544 541 550 557 564 558 560 567 569 567 572 573 580 582 586 590 592 597 598 599 608 613 616 623 632 637 638 646 648
406 401 398 400 391 384 382 379 380 371 380 383 391 383 390 381 386 380 389 391 400 392 394 401 400 409 410 407 409 413 422 431 433 437 446 445 452 459 459 465 470 471 478 475 482 487 491 493 497 506 503 508 503 512 508 517 524 518 525 533 528 536 542 548 544 548 541 540 532 541 548 552 545 552 556 556 565 568 575 570 572 577 579 588 589 588 592 593 601 601 602 611 613 622 631 635 640 646 652 649
414 408 402 393 392 391 389 380 382 374 383 389 395 392 392 383 389 383 390 395 403 401 403 410 407 413 419 416 412 421 424 426 435 436 445 453 460 466 465 466 468 476 483 478 482 489 491 497 506 513 504 513 512 521 513 521 526 527 530 539 534 541 547 554 553 554 548 541 540 547 555 553 547 548 549 554 563 571 578 573 576 580 583 591 596 589 596 602 608 604 610 611 619 627 628 637 646 647 652 655
411 404 395 394 399 399 390 381 389 381 388 392 398 395 401 392 392 389 396 397 400 401 407 413 409 410 414 422 414 423 425 434 440 441 450 458 459 468 474 472 477 485 490 487 484 486 492 501 507 513 505 506 508 516 514 516 522 523 531 537 538 532 541 548 553 546 555 547 549 556 564 555 552 555 553 557 565 569 576 579 585 588 591 596 593 591 593 598 600 607 610 616 623 626 633 642 651 654 661 664
411 402 401 402 406 397 392 383 390 390 396 401 402 397 404 399 401 398 397 398 401 402 410 419 417 412 421 419 416 417 420 427 436 442 447 456 459 463 470 477 478 486 490 487 485 490 493 502 504 506 513 515 509 518 521 517 520 523 527 529 530 531 535 544 550 545 553 554 556 565 569 562 561 559 556 559 567 575 581 588 591 597 598 605 601 596 600 607 607 613 613 614 623 630 639 647 654 655 664 671
417 408 410 407 407 398 398 392 391 399 397 400 407 398 407 408 409 407 406 407 402 410 416 425 418 413 421 423 425 419 428 436 443 443 447 453 454 461 464 469 476 485 493 490 493 498 502 510 505 513 514 519 517 525 527 525 525 527 535 534 534 532 540 541 542 544 549 555 556 562 571 570 569 568 564 567 570 574 583 587 588 592 598 607 602 597 600 607 610 615 619 621 622 631 639 641 647 654 657 662
414 411 413 414 408 407 400 393 397 399 402 402 405 406 413 411 415 412 407 407 405 406 408 417 426 422 426 431 427 428 436 440 449 452 454 455 460 465 466 470 479 486 490 493 502 506 505 514 512 518 523 528 520 526 532 533 526 534 542 536 543 541 545 548 549 546 547 553 562 565 569 572 575 569 566 570 571 573 578 580 589 597 604 605 604 604 603 604 608 613 615 624 629 633 634 642 644 653 661 665
423 415 420 423 417 416 409 402 403 404 410 410 406 409 418 412 417 414 412 415 406 415 416 425 433 429 427 436 429 435 444 449 458 461 459 463 465 470 475 471 476 482 483 492 497 504 508 517 515 516 519 524 528 527 529 535 535 541 550 541 548 549 552 554 558 554 556 562 570 573 574 579 579 574 568 577 573 580 579 588 594 598 601 610 610 612 607 612 609 617 624 633 632 633 642 648 646 651 653 656
424 423 429 424 425 421 412 408 404 409 413 411 409 410 418 420 424 416 415 423 414 415 416 425 431 430 434 443 434 443 444 453 461 470 466 464 473 476 475 474 475 481 490 497 506 513 513 521 523 517 518 527 533 536 536 542 542 542 550 549 554 552 554 563 562 555 561 564 565 566 567 573 581 575 576 580 582 582 588 590 596 601 605 606 608 616 616 616 610 614 616 625 626 635 641 642 646 647 656 664
430 428 436 431 423 420 414 412 411 410 418 419 416 416 423 429 429 425 417 426 420 424 425 426 430 434 438 439 436 445 449 458 463 472 471 465 471 478 484 481 481 487 495 502 506 515 519 521 530 521 527 529 536 541 540 543 547 544 548 551 556 560 560 563 566 557 566 572 574 570 572 574 579 582 579 588 590 591 591 591 593 602 611 607 614 621 622 618 614 620 622 623 625 626 632 640 641 646 654 658
439 437 437 429 425 416 415 420 419 415 416 417 422 421 427 436 433 424 423 432 427 433 434 431 439 437 438 439 439 447 452 461 467 468 477 470 477 486 483 482 490 488 493 502 511 517 526 529 538 529 535 538 544 550 549 549 556 553 554 552 557 564 569 569 568 559 561 565 570 575 580 577 581 582 582 589 598 592 596 592 596 597 604 612 620 626 630 621 619 623 630 629 634 628 635 641 646 645 646 649
446 437 429 428 419 418 423 424 420 423 421 419 428 422 430 431 440 433 428 431 428 432 441 435 443 438 446 447 447 448 450 458 461 467 476 479 486 490 492 485 489 497 501 510 519 526 533 536 533 531 533 542 545 553 550 557 563 562 559 560 566 568 574 570 572 568 562 569 573 577 578 586 589 589 591 596 605 600 597 596 604 599 602 604 612 621 621 630 625 630 636 638 639 630 631 632 637 643 651 650
443 436 429 428 420 424 432 428 429 427 430 428 433 425 432 432 437 440 431 435 430 439 448 442 451 445 454 449 451 455 456 464 463 469 478 482 491 491 496 490 496 504 507 515 524 529 538 545 540 536 540 549 553 558 557 560 566 570 562 561 570 577 579 579 575 567 565 573 580 583 586 592 597 598 599 601 605 601 606 601 609 600 603 604 612 614 617 625 633 631 636 637 636 633 637 635 645 645 649 657
448 442 433 429 429 427 429 429 438 429 435 437 435 426 435 441 440 439 432 439 438 441 448 447 452 451 458 453 454 459 461 470 472 478 479 488 491 500 501 497 505 509 514 516 523 524 533 542 547 544 541 550 558 559 562 567 572 579 570 564 570 579 588 588 579 572 571 579 583 592 594 599 606 599 607 604 605 604 611 602 611 608 612 613 621 618 626 634 640 639 637 645 641 640 645 641 644 646 655 662
448 440 434 437 435 434 431 434 437 430 434 443 438 435 444 442 442 448 441 444 444 450 457 451 458 452 461 458 463 461 463 470 477 482 484 487 496 503 503 506 511 516 517 517 523 527 534 543 547 550 542 550 559 568 566 569 574 581 579 573 579 586 591 590 588 580 580 585 591 600 595 604 609 605 612 610 611 605 614 607 616 616 621 622 627 619 628 636 645 648 645 651 642 645 648 648 651 647 648 652
450 443 443 444 443 440 440 441 432 431 439 442 445 436 441 446 450 449 448 446 446 448 454 459 458 457 458 467 471 468 472 471 479 487 493 489 498 499 507 504 513 517 526 522 527 536 540 542 550 554 549 558 563 564 573 578 575 576 582 578 585 594 600 593 587 584 586 593 600 603 601 610 614 606 613 618 610 608 611 608 615 618 627 631 634 627 634 638 647 654 653 655 647 653 653 652 657 649 656 658
453 447 448 452 444 448 447 445 438 436 443 443 452 445 450 455 459 455 453 452 454 450 458 466 467 458 466 467 475 473 480 477 484 490 497 490 497 502 510 503 504 513 522 531 536 533 533 538 544 545 546 550 554 556 565 574 583 585 587 587 586 595 600 601 595 587 595 602 604 605 609 612 620 614 619 623 618 609 617 617 619 627 633 637 637 629 638 647 651 659 662 659 654 660 659 661 665 658 662 659
456 456 450 453 449 456 448 446 445 445 445 452 454 447 456 463 468 463 454 453 456 453 461 463 472 465 466 474 477 482 489 486 486 495 502 494 496 498 501 502 504 508 516 524 530 531 532 534 543 551 552 559 562 565 568 576 583 592 595 588 594 603 604 606 601 595 604 610 611 606 611 618 621 619 622 622 621 617 625 626 628 628 636 637 638 630 637 644 652 653 660 667 660 661 668 670 669 665 670 668
