  0 342 336 341 344 340 349 351 354 362 361 357 355 363 367 366 360 361 365 364 367 376 384 384 393 391 391 396 399 400 404 401 402 411 412 418 418 425 426 427 435 438 447 448 454 454 458 460 468 472 475 477 486 495 493 501 501 508 511 516 525 517 519 527 536 534 538 546 547 553 562 571 578 580 587 589 592 590 595 590 595 603 607 615 617 626 634 643 640 646 652 653 654 660 668 674 675 671 677 686
  8 335 334 335 335 339 340 347 352 353 356 348 353 354 358 365 359 362 360 361 364 370 375 383 391 389 387 389 395 403 395 397 401 408 409 418 417 423 429 436 436 437 443 447 455 450 453 455 460 464 466 472 480 487 487 494 497 500 502 510 519 511 519 528 532 531 538 541 549 557 565 564 569 572 579 584 584 581 590 587 589 598 607 611 619 628 633 641 638 645 643 649 656 656 665 665 666 667 676 683
 16 327 325 334 332 341 333 339 344 346 348 346 344 347 352 358 351 354 355 362 371 377 384 378 382 384 383 389 392 396 390 394 402 409 418 423 416 421 421 429 436 442 434 439 446 444 452 458 466 464 468 477 478 480 485 493 496 495 502 509 517 509 517 520 524 529 536 538 544 550 559 561 569 569 570 578 579 580 581 585 588 597 606 607 614 623 624 633 629 636 641 646 647 655 656 659 666 667 668 674
 17 331 324 326 327 332 330 331 335 343 345 340 342 343 345 351 349 354 356 365 370 370 375 370 376 377 382 384 385 387 389 398 406 411 420 414 414 415 420 421 427 433 431 433 442 441 449 454 457 463 468 468 472 479 485 488 489 493 501 500 508 508 509 515 524 528 535 537 545 554 554 563 565 565 574 574 583 580 586 589 597 601 599 600 606 615 617 626 625 627 632 640 643 646 650 654 662 671 672 680
 26 331 323 320 326 327 329 336 341 340 336 337 345 346 344 342 346 355 359 360 368 363 366 366 369 373 373 375 377 380 385 394 401 402 411 408 407 416 421 413 422 424 425 432 433 440 449 454 462 467 473 465 467 476 478 485 494 495 495 497 503 502 510 519 521 525 532 537 541 549 546 554 556 564 566 567 576 577 579 580 589 597 598 601 607 609 617 618 619 623 630 632 634 643 649 657 661 670 677 680
 28 325 316 314 317 318 327 336 335 331 329 331 340 337 335 341 349 349 354 354 362 359 365 364 368 374 372 377 376 377 382 385 392 401 402 409 404 409 415 410 415 418 424 432 433 439 442 448 454 459 466 462 470 471 480 484 486 490 491 494 498 501 505 510 519 521 525 529 538 540 545 546 555 561 569 567 576 585 585 588 589 598 605 602 611 610 618 623 628 632 632 638 635 640 646 649 658 667 669 671
 29 317 308 308 313 317 326 332 327 329 320 327 332 328 329 335 342 343 345 352 354 350 357 361 359 366 370 372 373 380 388 382 389 396 403 400 402 403 406 407 414 415 423 427 431 439 440 443 450 452 461 460 464 469 471 477 479 484 493 496 497 500 505 514 522 529 528 532 536 537 538 545 552 553 561 566 570 576 583 587 589 592 597 605 614 619 627 631 630 637 639 640 639 647 653 650 652 660 664 663
 33 310 304 307 316 319 323 326 319 327 319 324 330 327 335 335 341 336 345 348 351 348 356 363 358 357 362 363 371 376 380 381 385 392 395 399 408 411 413 410 419 423 431 436 432 435 437 441 447 456 458 459 467 476 473 477 480 482 488 491 493 495 497 506 514 523 530 529 532 538 547 553 561 554 563 563 564 569 578 580 581 589 594 600 609 615 623 632 636 644 640 645 648 652 656 652 660 657 657 660
 41 304 303 305 309 310 315 318 317 325 317 317 326 326 329 334 333 335 343 339 344 346 354 356 360 354 358 365 374 383 379 379 383 387 394 403 400 405 412 419 425 422 425 427 430 439 443 450 453 455 454 457 462 469 476 482 489 490 496 500 496 502 500 509 518 524 526 528 535 537 545 554 556 556 559 561 564 568 569 572 579 587 593 598 603 612 620 623 627 635 632 641 644 648 655 657 660 656 648 656
 42 296 300 297 302 305 314 312 311 320 313 314 319 325 331 340 332 328 337 338 346 342 351 358 351 353 357 366 373 377 370 378 383 386 392 400 393 399 407 416 418 418 426 428 432 434 443 452 450 452 451 460 462 469 477 485 489 491 495 496 496 505 506 511 511 519 523 529 529 537 538 545 550 558 564 561 562 571 578 576 585 586 595 599 604 608 614 622 624 626 626 634 643 639 647 649 651 654 647 653
 51 291 298 290 298 300 306 306 308 314 312 318 319 317 323 332 332 323 328 330 337 341 347 350 349 358 358 362 364 371 369 374 376 383 384 391 391 395 402 411 415 417 424 432 439 436 439 443 445 445 450 458 459 464 469 478 481 483 486 487 490 497 503 504 505 511 517 520 526 529 537 539 545 554 555 559 565 574 580 581 589 594 586 590 599 605 611 615 616 624 625 626 635 638 639 641 644 645 646 654
 56 286 295 289 297 305 298 305 306 307 305 309 310 313 314 323 326 321 330 331 340 336 343 351 347 356 361 364 373 368 367 373 372 381 389 393 389 392 399 403 406 408 416 423 431 430 430 434 436 444 452 460 460 469 470 478 480 487 488 494 499 504 508 509 508 515 521 516 519 524 528 537 543 552 550 558 567 571 572 581 585 585 584 587 595 600 608 607 607 616 617 625 626 630 639 640 648 654 654 657
 58 283 286 288 290 296 290 299 306 302 303 310 315 309 315 316 317 318 327 330 331 335 337 344 346 347 355 364 373 370 363 365 371 374 381 390 388 390 399 401 404 406 410 417 425 422 423 426 435 440 444 453 460 464 469 472 475 479 483 492 501 506 508 517 512 517 516 511 519 528 534 528 537 544 545 551 558 563 572 576 585 580 582 585 588 595 603 602 605 610 614 621 627 633 640 648 643 652 660 666
 66 279 281 286 284 287 285 293 297 301 309 307 307 300 309 316 321 327 331 332 340 338 343 344 353 356 362 356 365 361 362 370 379 382 377 381 387 393 396 400 409 413 418 418 419 421 430 435 434 440 449 455 456 457 466 466 467 472 479 487 493 501 506 514 505 509 508 510 511 520 525 526 535 543 552 556 557 564 569 568 577 578 584 591 597 593 595 599 600 601 608 615 618 627 631 640 642 651 654 661
 73 278 272 278 275 279 281 290 289 297 300 305 300 296 303 311 312 318 323 324 332 341 338 339 346 355 356 354 358 360 367 376 384 377 376 382 384 385 394 398 404 413 418 412 421 416 424 429 433 436 440 448 455 464 463 460 469 476 483 484 484 492 498 507 499 500 507 509 512 521 524 529 536 538 546 548 551 558 561 567 573 580 581 589 589 591 600 598 599 607 610 618 619 621 630 635 644 653 651 656
 74 270 271 269 272 274 278 284 288 288 291 299 296 292 294 303 307 315 318 323 331 335 337 338 339 348 347 353 358 361 368 377 380 379 375 382 376 382 390 389 398 407 409 409 418 409 418 425 427 432 439 447 456 456 455 456 465 470 475 476 483 492 490 498 498 499 500 507 512 520 527 534 536 537 538 539 547 553 554 563 571 571 575 580 581 588 594 597 599 605 607 609 617 626 630 634 636 645 646 647
 83 265 262 268 269 274 276 283 285 287 285 292 299 291 295 304 313 311 319 318 323 327 334 329 336 339 343 350 354 362 371 379 372 376 374 373 373 379 384 388 394 403 412 407 410 407 410 416 423 425 430 439 448 457 454 459 466 469 474 477 482 490 488 489 497 502 508 516 513 522 530 531 534 543 545 544 553 554 562 566 574 566 567 575 584 591 592 599 605 610 614 611 619 624 629 632 635 642 645 653
 89 263 255 264 270 265 274 279 287 287 279 284 292 288 295 298 304 308 310 312 318 320 325 326 329 334 337 341 349 357 363 372 363 369 365 366 370 374 379 385 392 398 405 404 402 404 410 419 427 431 432 441 439 448 449 453 459 464 472 478 482 485 482 491 492 501 509 515 521 522 530 535 540 544 546 545 554 560 558 564 567 565 573 580 585 594 593 601 602 608 612 615 624 633 636 632 633 641 642 651
 93 257 253 259 266 263 269 276 279 278 277 283 286 287 296 296 300 305 314 315 317 315 316 320 321 330 331 332 340 348 357 365 356 360 361 369 378 380 382 388 389 394 401 409 401 408 413 422 431 436 433 433 435 439 448 453 460 458 466 472 476 481 480 487 496 497 504 513 515 523 523 532 531 536 537 546 545 551 550 555 558 561 568 577 580 587 596 605 603 610 609 616 617 624 631 631 640 644 650 655
 94 257 250 257 259 258 265 272 275 269 270 279 288 287 292 292 299 305 305 314 316 311 314 323 326 331 339 335 341 348 356 359 355 357 365 363 370 377 386 383 391 387 395 400 399 402 411 420 422 429 434 429 436 437 444 453 454 455 463 465 472 474 478 486 488 497 501 504 513 521 521 530 530 538 540 538 536 543 546 551 560 569 573 577 585 594 596 605 602 606 608 614 621 621 622 623 631 636 641 646
100 254 249 250 255 256 265 266 271 267 261 270 279 284 290 288 290 298 297 306 307 310 319 325 325 330 338 343 348 352 354 356 349 350 357 358 361 370 378 382 384 381 386 393 396 405 411 412 413 422 425 427 436 439 440 446 453 454 461 467 467 476 482 488 493 497 505 511 518 518 518 524 528 536 532 529 535 537 542 551 559 566 573 575 580 589 596 603 596 597 604 606 613 620 625 625 627 634 643 651
109 245 242 248 248 257 262 257 264 266 260 262 270 277 281 284 287 290 292 299 308 311 317 322 324 329 332 338 341 343 345 347 348 356 355 360 354 363 369 374 375 378 379 388 389 398 404 411 415 421 418 426 432 438 444 453 449 458 459 460 465 474 476 483 489 491 500 502 509 509 510 515 519 528 534 526 535 544 550 553 557 563 572 581 576 585 587 594 595 600 603 611 604 612 617 617 622 628 634 643
118 236 235 242 244 250 255 256 256 257 259 264 272 273 278 287 288 295 301 307 308 311 315 324 327 327 330 331 332 334 342 342 349 347 349 352 352 354 363 370 378 380 383 387 390 396 404 405 414 414 417 422 430 439 439 445 444 449 450 451 458 467 467 476 482 484 493 499 500 507 508 516 524 532 530 524 529 535 542 544 553 559 563 572 575 579 584 585 587 596 602 602 603 606 615 613 618 625 627 635
122 227 232 235 238 245 249 257 252 259 265 270 272 281 281 283 287 288 292 299 301 310 314 317 324 326 324 330 339 337 337 339 340 340 343 348 350 358 367 375 377 381 384 393 387 393 400 402 411 409 411 414 423 430 435 436 442 446 453 460 460 461 466 473 482 491 492 491 500 501 501 510 517 526 524 521 530 536 538 546 547 556 563 565 566 575 581 585 587 596 597 601 609 605 609 610 619 627 631 636
127 224 228 234 234 239 241 248 250 257 258 266 269 278 279 279 285 279 284 292 301 310 319 311 315 320 323 321 330 329 336 333 338 335 344 348 357 363 362 366 368 374 375 384 385 387 391 399 408 407 412 413 417 426 435 441 442 451 454 460 469 469 467 475 484 485 486 490 497 498 499 501 510 518 519 520 521 529 537 539 544 553 554 563 567 573 582 577 581 589 596 604 609 601 610 604 612 618 627 628
132 219 222 231 226 231 240 249 254 255 261 265 273 276 280 273 278 276 282 291 297 305 312 303 310 314 314 319 326 326 327 327 335 334 336 345 353 359 356 360 367 373 378 382 386 391 392 393 401 403 411 418 422 430 437 446 448 455 462 456 460 469 475 476 485 488 491 499 506 502 501 510 518 520 525 527 528 532 538 539 545 554 563 565 567 565 574 574 577 585 587 596 600 600 601 602 611 614 623 627
133 218 216 223 223 231 240 243 252 250 256 257 264 267 275 272 271 274 278 287 295 299 303 301 304 305 312 312 317 323 320 325 332 327 336 342 348 350 351 352 361 364 371 374 379 386 394 394 395 403 412 421 424 427 436 439 448 456 461 453 456 464 466 470 479 481 484 492 500 501 508 515 524 528 533 526 535 534 539 547 554 557 560 556 558 561 567 568 577 585 594 601 596 599 603 611 612 616 618 623
141 220 213 219 217 226 235 236 243 248 257 259 264 268 267 276 270 278 281 285 286 291 297 293 295 301 303 311 312 314 316 317 325 326 332 341 350 359 360 359 368 372 372 381 388 387 396 397 397 406 413 417 420 428 433 441 447 453 452 451 459 462 470 477 473 472 481 487 495 502 503 512 520 524 524 518 526 535 540 545 548 553 560 553 557 559 568 577 575 577 586 594 593 595 603 606 615 618 627 626
142 219 211 210 212 221 228 229 236 240 249 256 256 263 265 269 269 269 278 281 287 282 290 291 289 298 304 313 321 321 325 324 333 335 338 347 352 361 361 362 371 377 379 383 389 394 398 399 406 413 421 425 421 422 428 433 439 446 451 447 456 458 467 468 469 470 477 484 486 493 502 505 514 516 516 517 524 532 536 537 541 545 552 550 559 565 566 573 570 572 580 588 589 593 600 607 616 617 626 629
151 214 212 203 207 215 222 220 229 238 246 248 249 254 262 263 265 266 269 274 278 280 281 287 288 296 302 306 315 318 327 325 330 331 339 348 357 363 363 363 372 380 384 390 396 403 404 406 415 416 425 432 428 424 425 432 437 438 442 443 452 461 463 472 471 473 475 484 485 492 493 502 507 510 511 518 525 526 528 529 535 536 543 549 556 565 565 566 567 575 581 584 586 594 601 609 618 626 628 628
155 205 209 200 201 210 213 219 226 234 242 250 257 259 264 272 272 268 277 275 283 287 289 289 290 291 300 309 312 319 328 328 334 340 345 350 353 360 367 365 371 375 381 389 397 406 408 415 424 425 420 429 431 425 432 441 438 446 451 452 455 463 472 480 473 476 483 489 494 500 497 499 508 513 515 521 528 534 534 535 539 541 550 548 552 557 559 568 566 574 582 585 594 602 610 615 617 617 623 619
162 196 201 199 205 214 222 225 233 236 245 252 253 262 255 264 268 269 278 284 288 285 288 294 298 296 304 310 316 319 321 322 327 336 345 345 354 360 367 371 377 383 386 393 399 400 408 415 415 418 419 426 427 427 436 445 443 450 459 460 462 469 472 477 482 483 491 493 498 500 493 500 506 507 509 518 526 527 534 535 532 539 545 540 546 548 555 560 562 567 573 579 588 596 605 612 615 613 618 615
171 178 185 187 194 206 215 224 232 239 240 243 252 253 254 262 271 270 279 287 281 284 285 294 303 298 305 306 313 317 323 323 330 337 339 344 346 354 361 368 371 375 380 385 390 398 399 407 413 422 421 430 435 436 444 450 448 450 455 464 462 462 468 472 481 486 488 488 489 491 492 497 498 507 508 514 523 532 533 533 530 538 536 539 544 548 549 558 566 573 579 581 586 590 597 604 606 610 615 613
176 182 191 196 200 210 217 226 231 231 239 248 248 257 253 258 266 267 276 278 280 287 292 301 307 301 306 310 316 322 323 331 331 335 344 353 355 355 363 369 374 379 388 391 390 399 408 412 416 418 425 432 429 435 444 446 450 457 463 457 453 461 465 468 474 478 480 487 488 485 487 492 501 504 507 510 519 528 534 528 528 536 535 543 546 548 557 563 564 573 582 587 592 598 595 596 601 602 610 612
180 189 198 202 201 202 207 215 224 226 231 241 243 250 251 260 266 275 282 278 281 287 293 298 303 304 312 316 321 330 330 337 333 334 337 346 355 364 366 367 373 374 383 387 387 394 402 411 408 416 418 426 427 435 437 438 447 448 455 456 449 458 465 466 475 476 480 479 479 477 478 487 494 496 499 508 513 520 526 519 520 527 532 538 542 543 549 558 566 571 575 580 583 592 588 596 601 610 613 605
184 191 194 202 209 211 212 220 228 233 232 241 243 251 254 258 267 276 274 277 283 292 297 306 306 313 314 315 320 329 331 335 342 343 338 345 350 358 359 363 365 373 381 381 382 389 394 402 405 413 418 418 426 428 430 431 438 442 446 447 448 449 458 461 466 471 475 473 474 476 478 482 487 488 497 505 506 515 520 518 523 521 524 533 537 545 548 557 565 562 571 572 578 584 580 587 594 601 610 603
193 199 203 203 209 215 220 229 229 235 238 239 241 249 252 261 265 274 272 277 281 285 293 302 306 312 318 315 324 321 329 331 340 344 340 347 352 361 365 372 374 380 387 380 389 389 393 393 402 404 409 414 423 432 436 438 445 449 446 451 457 458 460 467 467 469 471 472 481 485 485 488 489 496 497 506 515 513 513 514 515 520 529 525 534 538 546 551 560 561 567 573 569 576 577 586 587 592 601 602
201 200 206 211 218 217 226 230 233 235 236 245 248 253 256 259 261 269 270 275 277 287 287 294 297 303 312 314 317 320 328 333 338 345 347 356 356 363 371 380 372 381 385 377 382 388 388 390 398 402 411 416 424 427 428 434 438 441 443 447 454 460 469 469 476 476 473 474 475 477 478 481 489 491 496 504 506 504 512 519 516 517 523 524 532 536 540 545 554 561 558 564 565 574 582 586 594 600 607 611
206 207 212 220 226 226 233 233 234 241 237 246 250 255 260 266 266 268 275 281 278 281 283 292 294 301 309 311 314 322 329 338 347 347 350 355 358 363 370 378 370 374 380 374 375 383 387 395 397 405 408 409 418 426 434 435 443 440 445 450 454 463 471 471 479 476 475 476 484 479 487 482 489 495 495 502 497 498 505 513 517 524 526 527 536 540 547 550 558 553 555 561 565 574 579 580 588 597 606 610
214 210 213 215 224 230 239 242 237 243 242 244 253 257 260 262 264 272 280 289 284 288 289 294 303 302 304 313 319 327 332 333 340 345 347 348 349 359 364 370 369 371 373 372 379 380 388 394 401 408 412 410 416 425 433 434 438 439 445 454 462 468 468 474 477 476 481 484 492 488 488 483 484 486 493 494 496 501 510 515 522 525 526 530 533 535 539 548 551 552 561 568 566 575 582 582 584 593 598 601
219 217 216 217 225 234 236 242 246 250 247 253 262 265 268 263 267 274 282 291 285 291 293 300 305 303 309 317 318 323 325 333 340 349 349 350 350 356 359 360 362 365 367 371 373 382 387 395 397 406 415 414 415 416 425 428 429 438 440 449 453 462 459 467 475 473 474 483 485 493 496 488 493 494 501 498 505 510 511 515 521 522 529 535 540 544 545 554 554 559 568 572 571 579 580 588 585 589 598 607
224 218 224 220 227 234 235 244 250 253 255 254 262 267 269 271 274 276 285 286 289 295 300 301 309 306 311 317 322 331 332 335 341 345 352 355 359 365 360 361 369 367 374 379 382 390 396 390 398 401 407 405 406 409 418 420 429 433 434 441 450 455 454 463 466 467 468 475 478 487 495 497 493 495 497 505 512 517 517 522 522 525 533 535 539 548 554 561 560 568 571 580 577 583 589 597 593 591 593 600
226 219 220 227 231 236 244 249 256 262 262 256 262 268 271 280 275 276 284 291 291 299 306 309 312 311 313 319 325 334 341 344 346 353 361 364 362 363 365 365 373 368 370 371 374 382 391 385 392 395 398 401 404 412 419 423 432 436 442 442 444 449 452 461 462 468 477 484 479 481 489 490 491 500 499 504 511 517 523 531 527 534 538 544 545 554 562 566 567 573 580 589 586 592 597 600 596 592 593 602
235 226 229 236 233 242 250 254 250 258 263 259 268 269 270 274 275 277 279 287 293 301 305 308 311 314 315 324 328 334 342 343 352 359 364 363 362 359 365 374 380 374 377 373 377 379 381 382 383 388 391 400 404 409 410 417 423 432 438 447 448 456 453 461 467 470 479 482 481 489 486 481 484 493 496 504 505 509 518 525 529 536 541 546 547 556 564 567 574 574 581 582 589 597 603 605 604 601 600 609
244 235 230 231 233 238 242 248 249 257 266 261 267 275 275 276 278 283 288 294 302 305 306 307 316 320 320 325 332 333 335 337 345 352 358 366 357 358 367 370 379 383 378 382 385 380 389 390 391 389 390 392 400 409 410 419 428 431 437 444 447 455 456 457 466 466 473 475 482 489 481 480 488 497 500 508 511 517 522 531 530 535 542 549 555 552 561 565 571 576 585 586 595 604 612 614 607 610 602 606
238 233 232 238 240 239 247 255 256 264 272 267 270 274 282 281 286 291 295 303 309 314 314 309 318 320 326 333 341 334 335 337 346 347 351 357 352 361 369 371 378 380 379 386 384 383 390 391 400 394 395 394 396 405 412 420 422 423 429 438 440 448 455 458 467 464 472 480 475 480 477 479 488 494 501 506 515 523 530 527 527 528 536 540 549 550 559 568 576 585 594 590 599 608 613 621 616 614 610 607
239 240 241 244 244 244 251 259 264 273 278 273 278 277 286 285 288 292 298 300 307 314 315 315 323 329 327 331 339 335 341 338 339 344 348 349 351 358 362 371 379 378 384 390 392 392 392 400 401 402 396 400 397 405 409 417 421 422 428 434 441 445 448 449 458 461 470 471 473 475 476 484 487 494 503 504 513 520 521 522 525 529 538 543 545 554 563 564 570 578 585 594 600 603 610 614 613 613 615 613
244 245 248 253 253 253 260 262 269 278 281 274 280 282 287 294 293 300 307 305 314 319 319 324 326 332 331 335 341 344 347 345 348 350 350 356 357 361 364 365 370 372 375 381 390 399 401 409 410 402 397 405 404 405 407 409 417 426 434 442 442 446 451 455 461 470 477 475 481 483 485 492 495 503 512 510 519 526 527 530 534 530 539 540 549 554 563 572 576 584 593 589 597 602 609 610 611 612 620 618
253 254 249 258 262 262 266 263 272 272 273 275 284 284 291 290 291 296 305 314 323 322 326 332 335 334 336 344 349 351 351 349 352 358 358 363 361 368 373 374 378 374 376 384 393 398 400 409 408 407 406 409 409 410 412 416 423 431 435 439 448 455 452 458 467 471 474 481 488 484 492 494 499 501 509 518 527 530 536 537 533 532 540 549 558 558 567 576 584 589 584 586 592 593 600 608 617 621 628 620
258 256 257 266 263 271 272 266 267 271 280 279 281 283 288 289 297 305 312 316 317 318 324 330 335 342 339 348 357 355 352 358 360 359 359 368 367 376 377 378 383 376 384 393 394 402 402 411 415 410 407 416 416 419 421 423 432 440 444 444 450 455 454 461 466 472 480 485 483 484 487 490 499 506 515 522 523 532 540 541 535 538 539 544 550 553 562 571 575 581 582 591 600 600 606 613 614 622 621 628
259 263 265 273 266 270 271 273 269 270 271 277 286 287 290 294 300 307 316 318 323 321 330 337 339 342 342 344 352 360 361 364 368 366 362 370 376 383 381 379 388 385 391 392 393 398 407 416 412 416 416 425 423 423 423 428 430 437 443 444 453 461 461 465 473 474 480 481 482 487 496 498 507 510 515 516 525 530 536 537 542 539 547 552 559 562 563 568 571 576 585 594 595 602 610 617 615 623 619 628
260 269 266 272 273 271 279 282 278 278 278 280 289 296 297 302 309 312 317 323 325 329 334 343 340 348 347 348 357 364 366 372 373 374 369 378 381 388 383 387 391 387 388 396 400 406 409 410 411 420 422 425 426 424 425 430 439 441 446 453 462 465 470 474 477 482 489 488 490 495 497 506 507 511 512 520 526 533 541 546 544 545 551 556 560 569 571 569 574 579 584 589 590 599 605 612 618 621 615 624
267 276 271 275 282 274 276 284 281 284 279 282 291 300 303 309 315 313 315 316 325 331 333 340 345 352 356 352 356 357 360 363 364 365 374 375 384 392 384 386 388 396 397 399 402 409 418 411 418 427 429 433 432 426 434 437 445 450 453 460 465 471 471 475 480 488 497 496 491 497 505 507 515 518 520 527 528 530 538 539 540 547 555 563 564 565 567 572 573 579 587 593 599 608 605 606 609 612 613 618
274 275 280 284 288 283 279 288 286 286 283 289 293 301 304 310 314 314 318 321 330 336 337 345 347 356 364 361 361 360 366 371 369 374 378 376 384 390 393 388 390 391 393 402 403 412 419 412 413 418 426 435 437 427 436 445 454 457 460 461 462 469 473 473 474 479 488 489 494 497 506 514 520 523 526 528 532 534 542 544 545 546 548 556 557 565 568 571 580 585 586 593 598 601 604 603 610 619 618 621
283 284 289 288 289 292 287 296 287 290 292 290 299 302 309 318 323 323 326 328 334 337 343 351 348 351 359 366 368 366 372 373 374 382 381 385 387 390 396 396 398 396 401 402 410 418 426 421 421 426 434 440 433 431 438 443 447 448 457 464 463 464 472 471 479 488 495 497 503 498 501 507 515 520 525 530 531 540 549 548 553 548 557 564 563 570 571 573 574 576 577 586 589 592 599 600 609 618 625 630
292 293 298 297 297 294 290 295 294 299 301 298 307 303 307 316 318 327 329 329 332 333 340 349 357 359 364 367 375 369 377 379 376 384 390 386 393 391 396 404 399 400 405 411 418 426 427 427 430 430 432 441 441 439 444 451 455 457 466 465 464 465 467 469 477 480 488 492 499 506 506 513 518 525 534 539 534 543 545 546 554 549 551 555 560 569 571 577 575 584 585 593 598 601 608 605 611 612 621 628
294 302 303 300 304 295 291 297 303 300 300 299 301 307 308 317 326 333 338 338 338 340 344 348 354 355 364 370 376 376 383 381 381 383 384 392 398 399 402 411 408 409 414 415 423 427 432 435 438 433 435 439 448 443 450 457 460 466 468 466 466 474 476 473 474 483 489 491 500 504 507 509 516 523 526 535 539 545 551 554 557 557 560 558 559 563 569 576 580 584 588 590 593 594 603 612 620 616 620 624
302 310 307 304 301 297 298 305 304 308 308 301 303 308 312 317 326 331 336 345 340 348 346 353 362 357 366 372 374 378 383 390 388 392 385 389 390 396 405 413 413 410 418 422 423 424 431 432 435 436 444 447 451 446 448 454 455 464 469 475 475 475 477 478 481 488 492 497 498 507 515 518 523 526 529 530 535 544 553 554 563 558 561 559 567 572 577 583 589 589 597 593 597 603 608 609 614 623 622 631
303 306 315 313 306 302 307 307 311 310 311 302 303 306 313 316 325 332 334 338 344 353 350 359 366 366 375 377 383 382 391 397 392 392 391 398 399 405 409 411 417 415 424 424 432 433 440 441 440 440 448 453 460 455 456 463 462 468 469 478 484 483 479 481 490 489 491 497 504 513 514 519 528 527 528 529 538 547 556 562 563 565 565 566 569 578 580 581 589 598 606 602 601 604 606 608 616 618 627 636
306 315 324 321 313 310 310 315 314 318 315 306 304 311 317 321 322 327 334 340 348 352 357 364 369 369 377 378 386 385 389 398 401 397 398 401 400 403 410 409 411 415 416 425 428 434 436 438 447 441 444 452 459 460 458 464 465 469 478 480 484 491 487 490 492 498 500 499 502 510 519 525 526 529 529 538 547 549 550 556 564 572 566 572 576 584 589 588 593 601 606 606 608 606 608 613 621 627 636 645
315 322 330 325 320 319 313 321 318 322 315 314 305 310 318 327 331 335 334 340 343 349 358 365 371 374 382 386 393 391 398 407 406 398 399 403 402 403 407 408 409 418 418 419 420 429 437 445 448 450 448 456 465 467 465 472 474 474 481 486 486 489 493 499 501 506 508 501 509 516 517 525 533 535 530 532 538 545 553 562 570 569 573 577 585 591 596 597 602 605 612 611 612 612 617 621 629 634 641 644
322 331 338 333 325 317 314 315 324 326 322 313 306 310 315 322 328 331 332 340 346 352 361 369 364 373 376 381 384 392 398 407 406 401 406 404 404 410 415 412 414 420 425 428 427 429 435 440 449 455 449 457 460 468 467 474 481 478 483 487 491 492 497 503 505 506 508 503 509 518 523 532 534 543 538 541 546 549 557 561 562 566 572 574 581 590 596 599 600 608 617 618 619 616 621 623 631 638 647 652
327 336 342 338 332 323 317 324 332 328 326 319 315 315 317 322 325 334 341 343 344 353 354 361 362 371 372 373 375 384 391 399 402 405 412 412 411 417 419 418 422 426 433 436 431 432 437 446 455 464 458 462 462 463 467 475 478 487 484 489 490 492 500 507 506 508 506 504 512 513 522 531 539 543 545 547 549 557 558 560 561 563 570 579 581 585 592 600 603 604 612 617 621 624 622 630 638 646 653 659
333 340 345 336 335 328 320 321 323 332 324 317 316 320 321 329 330 337 339 348 353 362 355 360 369 372 380 374 381 382 391 397 405 414 418 419 419 423 427 426 427 427 429 434 440 433 439 447 456 464 467 465 468 472 476 476 483 487 485 486 488 496 497 500 506 511 508 513 521 522 530 533 534 539 548 556 553 555 557 566 567 564 573 577 580 585 594 600 606 605 610 616 623 620 624 633 633 639 648 653
336 344 337 336 334 332 326 329 331 327 322 320 317 322 324 330 338 344 341 344 352 360 356 360 362 371 379 380 382 390 399 406 408 415 423 423 425 432 429 431 433 434 430 435 444 441 447 454 456 461 468 467 475 477 478 485 489 488 492 489 492 494 498 501 508 510 513 514 522 528 533 537 538 547 548 557 557 556 563 565 574 568 569 571 580 584 593 602 603 604 607 616 615 618 624 628 632 641 649 656
340 348 344 345 341 336 327 336 340 333 325 326 325 326 332 335 338 346 347 350 359 360 362 369 370 373 382 389 390 394 396 405 407 415 424 422 429 435 430 438 438 436 437 443 444 449 454 460 459 460 469 472 481 486 479 481 482 485 491 498 493 502 505 508 516 511 519 523 529 537 534 536 543 546 555 564 565 557 560 566 574 575 577 580 588 585 592 600 609 609 607 609 612 617 625 629 638 641 646 655
346 355 353 353 347 343 336 344 335 328 327 329 329 335 333 342 342 351 356 357 363 367 366 370 371 379 383 385 386 387 396 397 400 409 417 418 423 426 435 441 439 437 446 451 453 458 461 469 460 464 473 481 490 483 480 489 489 486 495 498 495 504 513 512 521 520 525 524 526 535 541 540 541 544 550 559 561 565 567 570 572 579 585 589 597 590 591 595 603 605 606 615 621 618 625 629 631 638 639 647
347 356 360 354 354 345 342 340 333 331 331 331 337 340 340 342 344 352 353 357 366 372 371 378 380 388 387 387 388 394 400 406 408 417 421 426 431 435 436 444 447 441 450 456 454 463 469 476 467 472 481 484 488 485 487 488 496 494 500 506 501 506 516 519 521 525 527 532 531 533 541 542 544 553 552 554 563 572 574 579 573 581 582 585 594 594 594 603 610 608 610 616 622 619 628 636 639 641 648 649
355 364 363 362 353 352 349 342 334 338 334 335 341 341 349 343 345 349 351 359 366 375 378 379 380 384 391 395 396 403 409 407 414 418 426 432 439 442 438 441 450 447 448 456 457 462 468 475 472 475 482 487 485 486 495 495 502 503 509 507 509 508 509 512 520 524 533 533 532 541 550 543 549 556 556 560 569 571 575 578 581 582 590 589 593 598 599 602 609 617 614 618 619 627 629 635 636 645 647 656
364 373 364 361 357 351 350 345 338 347 339 338 347 348 356 351 352 357 359 368 374 378 379 382 381 389 398 403 404 412 412 416 418 427 430 431 435 436 442 442 445 449 456 459 463 471 469 471 479 477 478 481 482 488 495 496 497 499 500 509 515 515 515 517 527 533 535 534 538 540 547 548 552 553 555 564 573 576 583 586 583 583 589 597 595 596 605 603 612 618 623 621 627 632 638 636 638 639 646 653
373 373 371 362 360 360 357 348 342 345 342 347 352 349 355 360 361 366 361 362 370 379 388 391 389 397 406 411 413 418 421 420 423 424 429 433 434 438 440 441 450 452 454 463 464 472 473 475 481 481 487 484 485 488 496 505 505 507 501 502 506 515 520 518 519 524 531 535 542 549 556 550 558 561 558 561 565 567 575 579 583 588 592 597 597 605 611 612 616 623 624 629 628 635 636 639 639 644 651 658
382 376 378 369 362 363 360 355 346 350 346 351 360 357 362 364 364 372 363 367 376 377 385 386 390 391 400 409 415 420 425 424 426 432 438 439 439 447 444 444 448 456 461 470 468 469 478 479 480 489 487 486 494 489 497 503 509 515 507 503 509 510 514 523 524 533 539 537 547 551 557 551 559 565 565 562 567 575 582 588 592 592 598 604 606 607 612 617 623 630 625 631 637 643 641 640 640 646 648 654
386 385 384 378 371 370 362 355 351 352 351 352 361 366 371 367 372 369 365 373 382 381 387 392 397 399 407 410 419 420 428 425 431 439 446 441 446 453 451 452 453 461 467 471 470 478 485 484 489 494 496 494 494 491 497 506 515 517 510 510 518 518 519 522 528 531 538 538 544 549 556 560 560 565 574 571 568 572 573 579 584 592 596 605 614 615 621 618 626 633 634 635 638 646 649 649 647 655 654 655
394 394 393 384 380 379 371 364 355 353 360 353 355 364 369 375 381 378 373 375 376 385 388 397 398 407 411 411 416 425 434 433 436 440 449 447 448 456 458 458 459 468 475 479 478 487 487 485 491 500 500 503 496 492 501 507 509 511 512 513 521 526 527 529 536 538 544 547 546 555 560 566 569 574 575 580 573 580 580 582 589 594 602 610 616 623 630 624 625 633 637 643 644 652 656 658 655 664 663 659
397 389 388 384 381 384 375 366 361 362 357 356 359 360 365 366 375 377 379 383 385 387 391 399 401 410 412 417 424 433 435 438 438 439 447 455 457 458 461 467 462 463 472 479 487 488 495 486 487 494 503 509 505 499 508 516 514 517 513 519 526 532 535 536 545 540 549 552 547 555 563 572 577 582 583 589 580 589 581 584 592 599 604 605 613 622 623 625 634 639 645 652 651 652 659 666 657 662 671 663
405 396 395 387 379 378 376 368 365 361 360 365 360 369 367 375 382 380 387 389 394 388 397 405 408 415 419 425 432 440 444 444 447 441 444 448 454 456 464 465 463 464 469 470 478 486 492 495 494 498 506 507 514 508 517 522 519 526 521 527 535 538 542 544 552 547 556 557 554 562 570 572 572 581 587 591 583 586 587 593 596 597 604 610 611 613 620 628 636 644 652 654 659 653 660 661 666 670 671 672
412 403 395 395 387 384 375 368 367 363 365 374 369 376 369 370 373 380 381 384 387 395 399 406 408 412 421 427 436 445 449 453 445 443 444 451 460 461 468 469 469 465 468 472 475 482 490 495 496 505 506 510 511 509 517 525 523 532 525 526 534 539 543 545 554 552 556 557 556 565 573 570 571 573 581 582 586 595 595 595 596 599 607 613 615 616 625 633 634 641 649 657 657 655 661 669 667 676 680 678
405 402 393 393 384 375 374 373 373 369 367 375 377 374 372 375 380 386 390 386 390 392 401 404 410 418 419 426 433 442 447 450 453 444 445 447 453 462 469 478 478 474 477 474 482 490 495 498 503 504 513 518 520 516 525 528 528 533 534 529 536 543 546 550 558 561 564 561 559 561 563 567 570 571 580 584 594 597 600 599 597 602 611 618 624 621 630 637 643 649 654 660 660 664 669 670 673 678 683 686
397 393 390 388 387 379 381 374 374 375 376 383 378 379 376 383 387 395 397 388 389 392 400 401 402 409 412 421 425 434 443 444 445 447 454 456 462 469 476 485 484 483 485 483 491 499 504 500 506 507 508 517 518 519 528 532 533 538 541 537 544 552 554 559 567 568 566 564 561 567 571 575 579 580 586 588 598 605 607 607 606 606 611 619 627 630 638 640 647 652 661 669 669 670 678 676 676 677 681 689
406 399 399 396 389 387 379 375 381 379 380 382 387 387 384 391 388 389 398 397 393 400 405 410 403 412 420 425 432 438 439 446 452 454 452 460 469 468 472 479 483 492 493 490 497 498 503 501 508 516 515 519 520 528 529 531 539 547 550 544 552 558 563 568 568 575 572 572 564 573 579 576 582 589 593 590 600 608 615 610 609 615 614 622 630 639 642 643 645 648 655 664 661 662 669 678 680 681 688 694
410 402 402 398 389 385 384 384 389 380 385 389 392 393 388 397 389 398 404 406 401 402 407 414 411 414 421 427 434 439 442 440 443 448 450 454 463 465 471 472 480 489 494 491 496 504 505 510 517 525 517 526 522 527 533 538 544 552 553 551 560 560 565 568 575 583 578 575 567 576 584 578 581 588 592 594 598 603 611 611 613 614 617 626 631 638 643 650 654 654 647 656 660 662 671 680 689 688 691 700
413 406 403 406 398 394 393 393 390 389 392 396 400 394 397 393 390 398 406 407 409 404 413 416 414 419 420 425 429 430 434 438 446 455 453 454 461 465 470 471 480 489 495 493 496 505 511 513 516 525 526 535 531 528 536 543 544 545 547 551 555 562 570 569 578 584 578 574 570 574 582 586 582 588 596 601 599 601 602 605 607 616 623 627 628 635 634 642 649 650 645 654 657 666 672 676 685 689 690 699
420 414 411 413 404 399 402 400 399 392 393 402 407 400 406 400 399 400 405 412 418 413 422 417 419 427 429 428 437 439 439 447 450 458 462 460 469 474 477 480 483 484 493 496 503 511 519 516 524 531 533 540 533 537 539 544 548 548 555 559 558 564 573 578 582 589 585 580 571 580 582 587 584 593 600 607 601 603 610 612 610 615 616 623 625 629 633 635 640 641 642 651 656 659 666 675 680 681 689 691
428 423 420 422 413 406 404 401 402 393 402 405 413 405 412 403 408 402 411 413 422 414 416 423 422 431 432 429 431 435 444 453 455 459 468 467 474 481 481 487 492 493 500 501 508 513 517 520 524 533 535 540 535 544 540 549 556 550 557 566 563 571 577 586 583 590 584 583 575 584 591 595 588 595 599 599 608 611 618 613 615 620 622 631 632 631 635 636 644 644 645 654 656 665 674 678 683 689 695 692
436 430 424 415 414 413 411 402 404 396 405 411 417 414 414 405 411 405 412 417 425 423 425 432 429 435 441 438 434 443 446 448 457 458 467 475 482 488 487 488 490 498 505 504 508 515 517 523 532 541 536 545 544 553 545 553 558 559 562 571 569 573 579 586 592 586 591 584 583 590 598 596 590 591 592 597 606 614 621 616 619 623 626 634 639 632 639 645 651 647 653 654 662 670 671 680 689 690 695 698
433 426 417 416 421 421 412 403 411 403 410 414 420 417 423 414 414 411 418 419 422 423 429 435 431 432 436 444 436 445 447 456 462 463 472 480 481 490 496 494 499 507 512 513 510 512 518 527 533 540 537 538 540 548 546 548 554 555 563 569 570 564 573 580 585 578 587 590 592 599 607 598 595 598 596 600 608 612 619 622 628 631 634 639 636 634 636 641 643 650 653 659 666 669 676 685 694 697 704 707
433 424 423 424 428 419 414 405 412 412 418 423 424 419 426 421 423 420 419 420 423 424 432 441 439 434 443 441 438 439 442 449 458 464 469 478 481 485 492 499 500 508 512 513 511 516 519 528 530 532 540 547 541 550 553 549 552 555 559 561 562 563 567 576 582 577 585 592 595 603 610 605 604 602 599 602 610 618 624 631 634 640 641 648 644 639 643 650 650 656 656 657 666 673 682 690 697 698 707 714
439 430 432 429 429 420 420 414 413 421 419 422 429 420 429 430 431 429 428 429 424 432 438 447 440 435 443 445 447 441 450 458 465 465 469 475 476 483 486 491 498 507 515 516 519 524 528 536 531 539 540 545 549 557 559 557 557 559 567 566 566 564 572 573 574 576 581 587 588 594 603 611 612 611 607 610 613 617 626 630 631 635 641 650 645 640 643 650 653 658 662 664 665 674 682 684 690 697 700 705
436 433 435 436 430 429 422 415 419 421 424 424 427 428 435 433 437 434 429 429 427 428 430 439 448 444 448 453 449 450 458 462 471 474 476 477 482 487 488 492 501 508 512 515 524 532 531 540 538 544 549 554 552 558 564 565 558 566 574 568 575 573 577 580 581 578 579 585 594 597 601 604 610 612 609 613 614 616 621 623 632 640 647 648 647 647 646 647 651 656 658 667 672 676 677 685 687 696 704 708
445 437 442 445 439 438 431 424 425 426 432 432 428 431 440 434 439 436 434 437 428 437 438 447 455 451 449 458 451 457 466 471 480 483 481 485 487 492 497 493 498 504 505 514 519 526 530 539 541 542 545 550 558 559 561 567 567 573 582 573 580 581 584 586 590 586 588 594 602 605 606 611 615 617 611 620 616 623 622 631 637 641 644 653 653 655 650 655 652 660 667 676 675 676 685 691 689 694 696 699
446 445 451 446 447 443 434 430 426 431 435 433 431 432 440 442 446 438 437 445 436 437 438 447 453 452 456 465 456 465 466 475 483 492 488 486 495 498 497 496 497 503 512 519 528 535 535 543 549 543 544 553 559 568 568 574 574 574 582 581 586 584 586 595 594 587 593 596 597 598 599 605 613 614 619 623 625 625 631 633 639 644 648 649 651 659 659 659 653 657 659 668 669 678 684 685 689 690 699 707
452 450 458 453 445 442 436 434 433 432 440 441 438 438 445 451 451 447 439 448 442 446 447 448 452 456 460 461 458 467 471 480 485 494 493 487 493 500 506 503 503 509 517 524 528 537 541 543 552 547 553 555 562 567 571 574 579 576 580 583 588 592 592 595 598 589 598 604 606 602 604 606 611 618 620 629 633 634 634 634 636 645 654 650 657 664 665 661 657 663 665 666 668 669 675 683 684 689 697 701
461 459 459 451 447 438 437 442 441 437 438 439 444 443 449 458 455 446 445 454 449 455 456 453 461 459 460 461 461 469 474 483 489 490 499 492 499 508 505 504 512 510 515 524 533 539 548 551 560 555 561 564 570 576 580 580 588 585 586 584 589 596 601 601 600 591 593 597 602 607 612 609 613 614 617 624 633 634 639 635 639 640 647 655 663 669 673 664 662 666 673 672 677 671 678 684 689 688 689 692
468 459 451 450 441 440 445 446 442 445 443 441 450 444 452 453 462 455 450 453 450 454 463 457 465 460 468 469 469 470 472 480 483 489 498 501 508 512 514 507 511 519 523 532 541 548 555 558 559 557 559 568 571 579 580 588 595 594 591 592 598 600 606 602 604 600 594 601 605 609 610 618 621 621 626 631 640 642 640 639 647 642 645 647 655 664 664 673 668 673 679 681 682 673 674 675 680 686 694 693
465 458 451 450 442 446 454 450 451 449 452 450 455 447 454 454 459 462 453 457 452 461 470 464 473 467 476 471 473 477 478 486 485 491 500 504 513 513 518 512 518 526 529 537 546 551 560 567 566 562 566 575 579 584 587 590 596 602 594 593 602 609 611 611 607 599 597 605 612 615 618 624 629 630 634 636 640 641 649 644 652 643 646 647 655 657 660 668 676 674 679 680 679 676 680 678 688 688 692 700
470 464 455 451 451 449 451 451 460 451 457 459 457 448 457 463 462 461 454 461 460 463 470 469 474 473 480 475 476 481 483 492 494 500 501 510 513 522 523 519 527 531 536 538 545 546 555 564 571 570 567 576 584 585 590 597 602 611 602 596 602 611 620 620 611 604 603 611 615 624 626 631 638 631 639 639 640 643 652 645 654 651 655 656 664 661 669 677 683 682 680 688 684 683 688 684 687 689 698 705
470 462 456 459 457 456 453 456 459 452 456 465 460 457 466 464 464 470 463 466 466 472 479 473 480 474 483 480 485 483 485 492 499 504 506 509 518 525 525 528 533 538 539 539 545 549 556 565 569 576 568 576 585 594 594 597 602 609 611 605 611 618 623 622 620 612 612 617 623 632 627 636 641 637 644 645 646 644 653 650 659 659 664 665 670 662 671 679 688 691 688 694 685 688 691 691 694 690 691 695
472 465 465 466 465 462 462 463 454 453 461 464 467 458 463 468 472 471 470 468 468 470 476 481 480 479 480 489 493 490 494 493 501 509 515 511 520 521 529 526 535 539 548 544 549 558 562 564 572 576 575 581 585 586 595 604 603 604 610 610 617 626 632 625 619 616 618 625 632 635 633 642 646 638 645 653 648 647 650 651 658 661 670 674 677 670 677 681 690 697 696 698 690 696 696 695 700 692 699 701
475 469 470 474 466 470 469 467 460 458 465 465 474 467 472 477 481 477 475 474 476 472 480 488 489 480 488 489 497 495 502 499 506 512 519 512 519 524 532 525 526 535 544 553 558 555 555 560 566 567 568 572 576 578 587 596 605 613 615 619 618 627 632 633 627 619 627 634 636 637 641 644 652 646 651 656 657 648 656 660 662 670 676 680 680 672 681 690 694 702 705 702 697 703 702 704 708 701 705 702
478 478 472 475 471 478 470 468 467 467 467 474 476 469 478 485 490 485 476 475 478 475 483 485 494 487 488 496 499 504 511 508 508 517 524 516 518 520 523 524 526 530 538 546 552 553 554 556 565 573 574 581 584 587 590 598 605 614 622 620 626 635 636 638 633 627 636 642 643 638 643 650 653 651 654 655 659 656 664 669 671 671 679 680 681 673 680 687 695 696 703 710 703 704 711 713 712 708 713 711
