  0 451 445 450 453 449 458 460 463 471 470 466 461 466 467 465 459 460 464 463 466 475 483 479 488 483 481 486 489 490 494 491 492 501 502 505 499 506 507 508 516 519 528 529 535 532 536 538 546 550 553 555 564 568 565 573 573 580 583 588 597 589 591 599 608 606 610 618 619 625 634 643 650 652 659 661 664 662 667 662 667 675 679 687 689 698 706 715 712 718 724 725 726 732 740 9223372036854775808 9223372036854775808 9223372036854775808 9223372036854775808 9223372036854775808
  8 444 443 444 444 448 449 456 461 462 465 457 459 457 458 464 458 461 459 460 463 469 474 478 483 481 477 479 485 493 485 487 491 498 499 507 498 504 510 517 517 518 524 528 536 528 531 533 538 542 544 550 558 559 559 566 569 572 574 582 591 583 591 600 604 603 610 613 621 629 637 636 641 644 651 656 656 653 662 659 661 670 679 683 691 700 705 713 710 717 715 721 728 728 737 737 9223372036854775808 9223372036854775808 9223372036854775808 9223372036854775808
 16 436 434 443 441 450 442 448 453 455 457 455 450 450 452 457 450 453 454 461 470 469 476 470 474 476 473 479 482 486 480 484 492 499 508 504 497 502 502 510 517 523 515 520 527 522 530 536 544 542 546 549 550 552 557 565 568 567 574 581 589 581 589 592 596 601 608 610 616 622 631 633 641 641 642 650 651 652 653 657 660 669 678 679 686 695 696 705 701 708 713 718 719 727 728 731 738 9223372036854775808 9223372036854775808 9223372036854775808
 17 440 433 435 436 441 439 440 444 452 454 449 448 446 445 450 448 453 455 464 467 462 467 462 468 469 472 474 475 477 479 486 492 494 503 495 495 496 501 502 508 514 512 514 520 519 527 532 535 541 545 540 544 551 557 560 561 565 573 572 580 580 581 587 596 600 607 609 617 626 626 635 637 637 646 646 655 652 658 661 669 673 671 672 678 687 689 698 697 699 704 712 715 718 722 726 734 743 736 9223372036854775808
 26 440 432 429 435 436 438 445 450 449 445 446 449 445 443 441 445 454 458 458 462 455 458 458 461 465 463 465 467 470 475 477 484 485 494 489 488 497 502 494 503 505 506 513 511 518 524 527 535 539 545 537 539 548 550 557 566 567 567 569 575 574 582 591 593 597 604 609 613 621 618 626 628 636 638 639 648 649 651 652 661 669 670 673 679 681 689 690 691 695 702 704 706 715 721 726 730 738 732 735
 28 434 425 423 426 427 436 445 444 440 438 440 441 436 434 440 448 448 453 452 454 451 457 456 458 464 462 467 466 467 472 468 475 484 485 492 485 490 496 491 496 499 505 513 510 516 515 521 527 531 538 534 542 543 552 556 558 562 563 566 570 573 577 582 591 593 597 601 610 612 617 618 627 633 641 639 648 657 657 660 661 670 676 674 683 682 690 695 700 704 704 708 707 712 718 718 726 729 724 726
 29 426 417 417 422 426 435 441 436 438 429 436 432 427 428 434 441 442 444 450 446 442 449 453 449 456 460 462 463 470 473 465 472 479 486 483 483 484 487 488 495 496 504 508 508 515 512 515 522 524 533 532 536 541 543 549 551 556 565 568 569 572 577 586 594 601 600 604 608 609 610 617 624 625 633 638 642 648 655 658 660 663 668 676 685 690 697 698 694 701 702 702 706 714 719 715 717 720 719 718
 33 419 413 416 425 428 432 435 428 436 428 433 432 426 434 434 440 435 444 443 446 440 448 455 448 447 452 453 461 466 466 464 468 475 478 482 481 485 491 491 500 502 505 508 504 507 509 513 519 528 530 531 539 548 545 549 552 554 560 563 565 567 569 578 586 595 602 601 604 610 619 625 633 626 635 635 636 641 649 651 652 660 664 668 676 681 688 690 692 699 695 700 708 708 712 714 720 712 712 715
 41 413 412 414 418 419 424 427 426 434 426 426 434 425 428 433 432 434 442 434 439 438 446 448 450 444 448 455 464 469 462 462 466 470 477 481 472 477 484 493 497 494 497 499 502 511 515 522 525 527 526 529 534 541 548 554 561 562 568 572 568 574 572 581 590 596 598 600 606 608 616 624 626 628 631 633 635 639 640 643 650 658 659 662 667 675 680 681 683 690 687 696 699 703 710 712 715 711 703 711
 42 405 409 406 411 414 423 421 420 429 422 423 427 424 430 439 431 427 436 433 441 434 443 449 441 443 447 456 463 460 453 461 466 469 473 474 465 471 479 488 490 490 498 500 504 506 515 524 522 524 523 532 534 541 549 557 561 563 567 568 568 577 578 583 583 591 595 599 599 607 608 615 620 628 634 631 632 641 649 647 656 653 653 657 662 666 672 678 679 681 681 689 698 694 702 704 706 709 702 708
 51 400 407 399 407 409 415 415 417 423 421 426 422 416 422 431 431 422 427 425 432 433 439 442 439 448 448 452 454 458 452 457 459 466 465 470 463 467 474 483 487 489 496 504 511 508 511 515 517 517 522 530 531 536 541 550 553 555 558 559 562 569 575 576 577 583 589 590 596 599 607 609 615 624 625 629 635 644 647 651 655 652 644 648 657 663 669 670 671 679 680 681 690 693 694 696 699 700 701 709
 56 395 404 398 406 414 407 414 415 416 414 417 413 412 413 422 425 420 429 423 432 428 435 442 437 446 451 451 460 451 450 456 455 464 464 465 461 464 471 475 478 480 488 495 503 502 502 506 508 516 524 532 532 541 542 550 552 559 560 566 571 576 580 581 580 587 592 586 589 594 598 607 613 622 620 628 634 638 639 646 647 643 642 645 653 658 666 662 662 671 672 680 681 685 694 695 699 708 709 712
 58 392 395 397 399 405 399 408 415 411 412 414 414 408 414 415 416 417 426 422 423 427 429 434 436 437 445 448 457 453 446 448 454 457 456 462 460 462 471 473 476 478 482 489 497 494 495 498 507 512 516 525 532 536 541 544 547 551 555 564 573 578 578 587 582 587 586 581 589 598 604 598 607 614 615 621 625 630 639 637 646 638 640 643 646 653 658 657 660 665 669 676 682 688 695 699 691 700 703 711
 66 388 390 395 393 396 394 402 406 410 416 407 406 399 408 415 419 421 422 419 428 430 427 427 436 445 446 439 448 444 445 453 462 457 449 453 459 465 468 472 481 485 490 490 491 493 502 507 506 512 521 527 528 529 538 538 539 544 551 559 565 573 576 584 575 579 578 580 581 590 595 596 605 608 616 617 618 625 630 629 638 636 642 649 653 648 650 654 655 656 663 670 673 682 686 694 690 699 695 702
 73 387 381 387 384 388 390 399 398 406 409 405 399 395 402 410 410 412 414 411 419 427 421 422 429 438 439 437 441 443 450 459 457 449 448 454 456 457 466 470 476 485 490 484 493 488 496 501 505 508 512 520 527 536 535 532 541 548 555 556 556 564 568 577 569 570 577 579 582 591 594 599 604 600 607 609 612 619 622 628 634 635 636 644 644 646 655 653 654 662 665 673 674 676 685 685 688 697 692 697
 74 379 380 378 381 383 387 393 397 397 400 403 395 391 393 402 405 406 409 410 418 418 420 421 422 431 430 436 441 444 451 460 452 451 447 454 448 454 462 461 470 479 481 481 490 481 490 497 499 504 511 519 528 528 527 528 537 542 547 548 555 564 560 568 568 569 570 577 582 590 597 599 597 598 599 600 608 614 615 624 632 626 630 635 636 643 649 652 654 660 662 664 672 681 684 680 679 688 687 688
 83 374 371 377 378 383 385 392 394 396 394 401 398 390 394 397 401 398 406 405 410 410 417 412 419 422 426 433 437 445 454 452 444 448 446 445 445 451 456 460 466 475 484 479 482 479 482 488 495 497 502 511 520 529 526 531 538 541 546 549 554 562 558 559 567 572 578 586 583 592 594 592 595 604 606 605 614 615 621 623 629 621 622 630 639 646 647 654 654 659 664 663 671 676 681 676 677 684 686 694
 89 372 364 373 379 374 383 388 396 396 388 393 395 387 394 388 392 395 397 399 405 403 408 409 412 417 420 424 432 440 446 444 435 441 437 438 442 446 451 457 464 470 477 476 474 476 482 491 499 503 504 513 511 520 521 525 531 536 544 550 554 556 552 561 562 571 579 584 588 587 586 591 595 599 601 602 609 615 613 619 622 620 628 635 640 649 648 656 648 654 657 661 670 677 680 673 674 682 683 692
 93 366 362 368 375 372 378 385 388 387 386 392 389 386 394 385 386 391 397 400 400 398 399 403 404 413 414 415 423 431 440 437 428 432 433 441 450 452 454 460 461 466 473 481 473 480 485 494 503 508 505 505 507 511 520 525 532 530 538 544 548 553 550 557 566 567 574 578 580 586 578 587 586 591 592 601 600 606 605 610 613 616 623 632 635 642 651 656 647 654 653 660 661 668 673 672 681 685 691 696
 94 366 359 366 368 367 374 381 384 378 379 388 394 385 385 381 382 388 388 397 399 394 397 406 408 413 421 418 424 431 434 431 427 429 437 435 442 449 458 455 463 459 467 472 471 474 483 492 494 501 506 501 508 509 516 525 526 527 535 537 544 546 548 556 557 566 570 569 578 581 576 585 585 593 595 593 591 598 601 606 615 624 628 632 638 647 647 655 646 650 652 658 664 663 664 664 672 677 682 687
100 363 358 359 364 365 374 375 380 376 370 379 388 382 380 377 373 381 380 389 390 393 402 408 403 408 413 418 420 424 426 428 421 422 429 430 433 442 450 454 456 453 458 465 468 477 483 484 485 494 497 499 508 511 512 518 525 526 533 539 538 547 544 550 555 559 567 566 573 573 573 579 583 591 587 584 590 592 597 606 614 621 628 630 630 639 645 647 640 641 648 650 656 662 667 663 665 672 681 689
109 354 351 357 357 366 371 366 373 375 369 371 379 375 371 373 370 373 375 382 391 393 399 404 402 404 405 410 413 415 417 419 420 428 427 432 426 435 441 446 447 450 451 460 461 470 476 483 487 493 490 498 504 510 516 525 521 530 531 532 536 541 538 545 551 553 562 557 564 564 565 570 574 583 589 581 590 599 605 608 612 618 627 634 625 634 636 638 639 644 647 654 647 654 659 655 660 666 672 681
118 345 344 351 353 359 364 365 365 366 368 373 376 368 367 371 367 374 380 386 387 390 394 400 400 399 402 403 404 406 414 414 421 419 421 424 424 426 435 442 450 452 455 459 462 468 476 477 486 486 489 494 502 511 511 517 516 521 522 523 529 532 529 538 544 546 555 554 555 562 563 571 579 587 585 579 584 590 597 599 608 614 618 626 624 628 633 629 631 640 646 645 646 646 655 651 656 663 665 673
122 336 341 344 347 354 358 366 361 368 371 373 373 371 362 362 366 367 371 378 380 389 393 391 397 398 396 402 411 409 409 411 412 412 415 420 422 430 439 447 449 453 456 465 459 465 472 474 483 481 483 486 495 502 507 508 514 518 523 522 522 523 528 535 544 549 547 546 555 556 556 565 572 581 579 576 585 591 593 601 601 610 617 617 615 624 630 628 630 639 640 644 651 643 647 648 657 665 669 674
127 333 337 343 343 348 350 357 359 366 364 367 370 368 359 358 364 358 363 371 380 389 394 385 388 392 395 393 402 401 408 405 410 407 416 420 429 435 434 438 440 446 447 456 457 459 463 471 480 479 484 485 489 498 507 513 514 523 516 513 520 528 527 535 544 540 541 545 552 553 554 556 565 573 574 575 576 584 592 593 598 607 608 617 614 616 625 620 624 632 639 647 647 639 648 642 650 656 665 666
132 328 331 340 335 340 349 358 363 363 363 359 367 364 359 352 357 355 361 370 376 382 386 377 383 386 386 391 398 398 399 399 407 406 408 417 425 431 428 432 439 445 450 454 458 463 464 465 473 475 483 490 489 495 502 507 513 519 515 507 511 520 526 527 536 539 542 551 560 556 555 564 572 574 580 576 583 584 590 591 597 606 612 608 610 608 617 617 620 628 630 639 638 638 639 640 649 652 661 665
133 327 325 332 332 340 349 352 361 358 357 351 358 355 355 351 350 353 357 366 371 374 378 375 376 377 384 384 389 395 392 397 404 399 408 414 420 422 423 424 433 436 443 446 451 458 466 466 467 475 484 493 484 487 496 498 507 512 512 504 507 515 517 521 530 532 535 543 551 552 553 560 569 575 576 569 578 580 585 593 600 600 603 599 601 604 610 611 620 623 632 639 634 637 641 649 650 654 656 661
141 329 322 328 326 335 344 345 352 356 359 350 352 352 347 356 349 354 357 361 362 366 372 367 367 373 375 383 384 386 388 389 397 398 404 413 422 431 432 431 440 444 444 453 460 459 468 469 469 478 485 484 480 484 487 495 501 504 503 502 510 513 521 528 524 523 532 538 546 553 546 555 563 567 567 561 569 578 583 588 591 596 603 596 600 602 611 620 613 615 624 632 631 633 641 644 653 656 665 664
142 328 320 319 321 330 337 338 345 348 355 347 344 351 345 349 348 345 354 357 363 357 365 365 361 370 376 385 393 393 397 396 405 407 410 419 424 433 432 434 443 449 451 455 461 466 465 467 476 480 480 485 477 476 482 487 493 497 502 498 507 509 518 519 520 521 528 535 537 544 545 548 557 559 559 560 567 575 579 580 584 588 595 593 602 608 604 611 608 610 618 626 627 631 638 645 654 655 664 667
151 330 321 312 316 324 331 329 338 344 346 339 337 342 342 343 344 342 345 350 354 355 356 362 360 368 374 378 387 390 399 395 400 401 409 418 425 429 431 432 441 449 453 459 457 461 461 468 476 473 472 479 482 475 476 483 488 489 493 494 503 512 514 523 522 524 526 535 536 543 536 545 550 553 554 561 568 569 571 572 578 579 586 592 597 604 603 604 605 613 619 622 624 632 639 647 656 664 666 666
155 321 318 309 310 319 322 328 335 335 338 341 336 339 334 343 345 341 350 351 357 353 357 357 359 360 369 378 381 388 396 394 400 409 415 413 416 423 430 432 438 442 448 452 450 452 455 464 467 470 463 472 476 473 480 489 489 497 502 503 506 514 519 523 524 527 534 537 545 543 535 537 546 551 553 559 566 573 577 578 577 582 591 586 590 595 597 606 604 612 620 623 632 640 648 653 655 655 661 657
162 312 313 308 314 316 325 331 335 327 330 333 328 334 325 334 338 339 348 357 349 346 349 355 363 365 373 377 383 385 387 388 393 402 411 408 417 423 430 436 440 444 447 444 442 443 451 458 458 461 462 469 470 472 481 490 494 501 509 511 507 507 510 515 524 531 534 531 536 538 531 538 544 545 547 556 564 565 572 573 570 577 583 578 584 586 593 598 600 605 611 617 626 634 643 650 653 651 656 653
171 305 311 307 310 307 316 325 328 324 321 324 327 325 324 332 341 340 349 348 342 345 346 355 364 366 373 371 378 382 388 389 396 400 402 407 409 417 424 431 434 436 441 436 433 441 442 450 456 465 464 473 475 481 489 490 493 495 500 504 500 500 506 510 519 524 526 526 527 529 530 535 536 545 546 552 561 570 571 571 568 576 574 577 582 586 587 596 604 611 617 619 624 628 635 642 644 648 653 651
176 298 304 305 303 306 311 320 320 316 320 327 318 327 323 328 336 337 346 339 341 348 353 362 368 368 373 370 376 382 383 391 389 393 401 410 418 418 426 426 431 432 440 431 428 437 446 451 454 456 463 470 467 473 482 484 488 495 501 495 491 499 503 506 512 516 518 525 526 523 525 530 539 542 545 548 557 566 572 566 566 574 573 581 584 586 595 601 602 611 620 625 630 636 633 634 639 640 648 650
180 292 295 296 297 298 303 311 315 313 312 320 313 320 321 330 336 345 341 337 340 346 352 357 362 365 370 366 370 379 382 386 388 389 392 401 410 419 419 420 426 427 434 425 425 432 440 449 446 454 456 464 465 473 475 476 485 486 493 494 487 496 503 504 513 514 518 517 517 515 516 525 532 534 537 546 551 558 564 557 558 565 570 576 580 581 587 596 604 609 613 618 621 630 626 634 639 648 651 643
184 283 286 290 296 303 307 313 306 311 307 314 311 319 322 326 335 342 333 336 340 347 349 358 358 367 362 360 365 374 375 379 388 397 391 398 403 411 412 416 418 426 427 419 420 427 432 440 443 451 456 456 464 466 468 469 476 480 484 485 486 487 496 499 504 509 513 511 512 514 516 520 525 526 535 543 544 553 558 556 561 559 562 571 575 583 586 595 603 600 609 610 616 622 618 625 632 639 648 641
193 276 283 282 288 294 302 305 298 304 306 307 309 317 320 327 326 335 331 336 334 338 344 352 355 361 365 359 368 365 373 375 384 388 390 397 402 411 417 425 419 426 425 418 427 427 431 431 440 442 447 452 461 470 474 476 483 487 484 489 495 496 498 505 505 507 509 510 519 523 523 526 527 534 535 544 553 551 551 552 553 558 567 563 572 576 584 589 598 599 605 611 607 614 615 624 625 630 639 640
201 268 274 281 290 290 299 296 297 299 300 309 316 321 322 323 322 330 330 335 330 339 336 343 346 352 361 358 361 364 372 377 382 389 396 404 402 409 417 419 410 419 423 415 420 426 426 428 436 440 449 454 462 465 466 472 476 479 481 485 492 498 507 507 514 514 511 512 513 515 516 519 527 529 534 542 544 542 550 557 554 555 561 562 570 574 578 583 592 599 596 602 603 612 620 624 632 638 645 649
206 267 269 273 281 288 290 292 293 300 301 309 313 318 318 320 320 322 329 334 328 331 333 342 344 351 353 355 358 366 373 382 390 388 391 395 398 403 410 416 408 412 418 412 413 421 425 433 435 443 446 447 456 464 472 473 481 478 483 488 492 501 509 509 517 514 513 514 522 517 525 520 527 533 533 540 535 536 543 551 555 562 564 565 574 578 585 588 596 591 593 599 603 612 617 618 626 635 644 648
214 260 263 264 273 279 283 289 292 298 303 300 309 313 313 313 315 321 329 334 327 334 337 342 351 345 346 355 361 369 373 374 381 386 388 389 390 399 404 408 407 409 411 410 417 418 426 432 439 446 450 448 454 463 471 472 476 477 483 492 500 506 506 512 515 514 519 522 530 526 526 521 522 524 531 532 534 539 548 553 560 563 564 568 571 573 577 586 589 590 599 606 604 613 620 620 622 631 636 639
219 257 260 262 270 279 274 280 289 293 298 298 306 310 310 311 314 313 321 325 321 327 331 338 343 344 350 358 359 364 366 374 381 390 390 391 391 397 400 399 401 404 405 409 411 420 425 433 435 444 453 452 453 454 463 466 467 476 478 487 491 500 497 505 513 511 512 521 523 531 534 526 531 532 539 536 543 548 549 553 559 560 567 573 578 582 583 592 592 597 606 610 609 617 618 626 623 627 636 645
225 250 258 260 266 271 272 281 283 286 294 289 297 302 302 310 310 306 315 316 320 326 333 334 342 345 350 356 361 370 373 376 382 386 393 396 400 400 397 398 406 406 412 417 420 428 434 428 436 439 445 443 444 447 456 458 467 471 472 479 488 493 492 501 504 505 506 513 516 525 533 535 531 533 535 543 550 555 555 560 560 563 571 573 577 586 592 599 598 606 609 618 615 621 627 635 631 629 631 638
232 233 234 257 259 264 273 278 277 286 290 288 294 300 300 309 303 304 312 319 321 329 336 342 341 346 345 351 357 366 375 380 385 393 401 400 393 391 396 400 408 407 409 410 412 420 429 423 430 433 436 439 442 450 457 461 470 474 480 480 482 487 490 499 500 506 515 522 517 519 527 528 529 538 537 542 549 555 561 569 565 572 576 582 583 592 600 604 605 611 618 627 624 630 635 638 634 630 631 640
241 240 243 258 255 264 270 274 270 278 283 286 295 296 297 301 302 304 306 314 320 328 332 335 338 341 343 352 356 362 370 371 380 387 392 391 390 387 393 402 409 413 416 412 416 418 420 421 422 427 429 438 442 447 448 455 461 470 476 485 486 494 491 499 505 508 517 520 519 527 524 519 522 531 534 542 543 547 556 563 567 574 579 584 585 594 602 605 612 612 619 620 627 635 641 643 642 639 638 647
250 249 244 245 247 252 262 268 269 277 286 288 294 302 302 303 305 310 315 321 329 332 333 334 343 347 348 353 360 361 363 365 373 380 386 394 385 386 395 398 407 416 410 419 424 419 428 429 430 428 429 431 438 447 448 457 466 469 475 482 485 493 494 495 504 504 511 513 520 527 519 518 526 535 538 546 549 555 560 569 568 573 580 587 593 590 599 603 609 614 623 624 633 642 650 652 645 648 640 644
252 247 246 252 254 253 263 271 276 284 292 294 297 301 309 308 313 318 322 330 336 341 341 336 345 347 353 361 369 362 363 365 374 375 379 385 380 389 397 399 406 408 409 416 417 420 427 428 437 433 434 433 435 443 450 458 460 461 467 476 478 486 493 496 505 502 510 518 513 518 515 517 526 532 539 544 553 561 568 565 565 566 574 578 587 588 597 606 614 623 632 628 637 646 651 659 654 652 648 645
253 254 255 258 258 258 265 273 283 292 298 297 305 304 313 312 314 318 324 326 333 340 341 342 350 356 354 358 366 363 369 366 367 372 376 377 379 386 390 399 407 406 412 418 425 429 429 437 438 441 435 439 436 443 447 455 459 460 466 472 479 483 486 487 496 499 508 509 511 513 514 522 525 532 541 542 551 558 559 560 563 567 576 581 583 592 601 602 608 616 623 632 638 641 648 652 651 651 653 651
258 259 262 267 267 267 274 276 284 293 296 291 297 302 307 314 311 319 328 331 340 342 345 351 353 359 358 362 368 372 375 373 376 378 378 384 385 389 392 393 398 400 403 409 418 427 436 445 447 441 436 444 443 444 445 447 455 464 472 480 480 484 489 493 499 508 515 513 519 521 523 530 533 541 550 548 557 564 565 568 572 568 577 578 587 592 601 610 614 622 631 627 635 640 647 648 649 650 658 656
267 268 263 272 276 276 280 277 287 286 287 289 299 300 307 304 305 310 320 329 338 337 344 352 359 360 363 371 376 379 379 377 380 386 386 391 389 396 401 402 406 402 404 412 421 426 428 437 438 443 445 448 448 449 450 454 461 469 473 477 486 493 490 496 505 509 512 519 526 522 530 532 537 539 547 556 565 568 574 575 571 570 578 587 596 596 605 614 622 627 622 624 630 631 638 646 655 659 666 658
272 270 271 280 277 285 286 280 281 285 294 293 295 297 302 303 311 319 326 330 331 332 338 344 349 358 361 370 379 382 380 386 388 387 387 396 395 404 405 406 411 404 412 421 422 430 430 439 445 446 446 455 455 458 459 461 470 478 482 482 488 493 492 499 504 510 518 523 521 522 525 528 537 544 553 560 561 570 578 579 573 576 577 582 588 591 600 609 613 619 620 629 638 638 644 651 652 660 659 666
273 277 279 287 280 284 285 287 283 284 285 291 300 301 304 308 314 321 330 332 337 335 344 351 353 356 359 361 370 378 387 392 396 394 390 398 404 411 409 407 416 413 419 420 421 426 435 444 440 446 455 464 462 462 461 466 468 475 481 482 491 499 499 503 511 512 518 519 520 525 534 536 545 548 553 554 563 568 574 575 580 577 585 590 597 600 601 606 609 614 623 632 633 640 648 655 653 661 657 666
274 283 280 286 287 285 293 296 292 292 292 294 303 310 311 316 323 326 331 337 339 343 348 357 354 362 364 365 375 382 384 390 391 392 397 402 407 414 411 415 419 415 416 424 428 434 437 438 439 448 454 457 460 461 463 468 477 479 484 491 500 503 508 512 515 520 527 526 528 533 535 544 545 549 550 558 564 571 579 584 582 583 589 594 598 607 609 607 612 617 622 627 628 637 643 650 656 659 653 662
281 290 285 289 296 288 290 298 295 298 293 296 305 314 317 323 329 327 329 330 339 345 347 354 359 366 373 369 373 374 377 380 381 383 392 393 402 410 411 413 415 424 425 427 430 437 446 439 446 455 461 465 466 463 472 475 483 488 491 498 503 509 509 513 518 526 535 534 529 535 543 545 553 556 558 565 566 568 576 577 578 585 593 601 602 603 605 610 611 617 625 631 637 646 643 644 647 650 651 656
288 289 294 298 302 297 293 302 300 300 297 303 307 315 318 324 328 328 332 335 344 350 351 359 361 370 378 378 378 377 383 388 386 392 396 394 402 408 417 415 417 418 420 429 430 439 446 440 441 446 454 463 472 464 472 481 490 493 498 499 500 507 511 511 512 517 526 527 532 535 544 552 558 561 564 566 570 572 580 582 583 584 586 594 595 603 606 609 618 623 624 631 636 639 642 641 648 657 656 659
297 298 303 302 303 306 301 310 301 304 306 304 313 316 323 332 337 337 340 342 348 351 357 365 362 365 373 380 385 383 389 390 391 400 399 403 405 408 414 422 425 423 428 429 437 445 453 449 449 454 462 469 469 468 474 479 483 484 493 500 501 502 510 509 517 526 533 535 541 536 539 545 553 558 563 568 569 578 587 586 591 586 595 602 601 608 609 611 612 614 615 624 627 630 637 638 647 656 663 668
306 307 312 311 311 308 304 309 308 313 315 312 321 317 321 330 332 341 343 343 346 347 354 363 371 373 378 381 389 386 394 396 393 402 408 404 411 409 414 422 423 427 432 438 445 453 454 455 458 458 460 469 477 476 480 487 491 493 502 501 502 503 505 507 515 518 526 530 537 544 544 551 556 563 572 577 572 581 583 584 592 587 589 593 598 607 609 615 613 622 623 631 636 639 646 643 649 650 659 666
308 316 317 314 318 309 305 311 317 314 314 313 315 321 322 331 340 347 352 352 352 354 358 362 368 369 378 384 390 393 400 398 398 400 401 410 416 417 420 429 432 436 441 442 450 454 459 463 466 461 463 467 476 480 486 493 496 502 504 502 504 512 514 511 512 521 527 529 538 542 545 547 554 561 564 573 577 583 589 592 595 595 598 596 597 601 607 614 618 622 626 628 631 632 641 650 658 654 658 662
316 324 321 318 315 311 312 319 318 322 322 315 317 322 326 331 340 345 350 359 354 362 360 367 376 371 380 386 388 392 397 406 405 409 402 406 407 414 423 431 436 437 445 449 450 451 458 459 462 464 472 475 479 482 484 490 491 499 504 511 513 513 515 516 519 526 530 535 536 545 553 556 561 564 567 568 573 582 591 592 601 596 599 597 605 610 615 621 627 627 635 631 635 641 646 647 652 661 660 669
317 320 329 327 320 316 321 321 325 324 325 316 317 320 327 330 339 346 348 352 358 367 364 373 380 380 389 391 397 396 405 412 409 409 408 415 416 423 427 429 435 438 443 445 454 460 463 465 467 468 476 481 488 491 492 499 498 503 504 513 522 521 517 519 528 527 529 535 542 551 552 557 566 565 566 567 576 585 594 600 601 603 603 604 607 616 618 619 627 636 644 640 639 642 644 646 654 656 665 674
320 329 338 335 327 324 324 329 328 332 329 320 318 325 331 335 336 341 348 354 362 366 371 378 383 383 391 392 400 399 403 412 418 414 415 418 417 421 428 427 428 432 433 443 446 452 454 456 465 466 469 477 484 489 491 497 500 504 513 515 519 527 525 528 530 536 538 537 540 548 557 563 564 567 567 576 585 587 588 594 602 610 604 610 614 622 627 626 631 639 644 644 646 644 646 651 659 665 674 683
329 336 344 339 334 333 327 335 332 336 329 328 319 324 332 341 345 349 348 354 357 363 372 379 385 388 396 400 407 405 412 421 423 415 416 420 419 420 424 425 426 435 435 436 437 447 455 463 466 475 473 481 490 496 498 505 509 509 515 521 521 524 530 537 539 544 546 539 547 554 555 563 571 573 568 570 576 583 591 600 608 607 611 615 623 629 634 635 640 643 650 649 650 650 655 659 667 672 679 682
336 345 352 347 339 331 328 329 338 340 336 327 320 324 329 336 342 345 346 354 360 366 375 383 378 387 390 395 398 406 412 421 421 418 423 421 421 427 432 429 431 437 442 445 444 446 453 458 467 473 474 482 485 493 494 501 508 512 517 520 522 522 527 533 537 537 542 541 547 556 561 570 572 581 576 579 584 587 595 599 600 604 610 612 619 628 634 637 638 646 655 656 657 654 659 661 669 676 685 690
341 350 356 352 346 337 331 338 346 342 340 333 329 329 331 336 339 348 355 357 358 367 368 375 376 385 386 387 389 398 405 413 416 420 427 429 428 434 436 435 439 443 450 453 448 449 455 464 473 482 483 487 487 488 492 500 503 512 513 517 517 519 527 534 534 536 538 539 547 548 557 566 574 578 583 585 587 595 596 598 599 601 608 617 619 623 630 638 641 642 650 655 659 662 660 668 676 684 691 697
347 354 359 350 349 342 334 335 337 346 338 331 330 334 335 343 344 351 353 362 367 376 369 374 383 386 394 388 395 396 405 411 419 428 433 436 436 440 444 443 444 444 446 451 457 450 456 465 474 482 491 490 493 497 501 501 508 512 513 514 516 523 524 527 533 538 540 548 556 557 565 568 569 574 583 592 591 593 595 604 605 602 611 615 618 623 632 638 644 643 648 654 661 658 662 671 671 677 686 691
350 358 351 350 348 346 340 343 345 341 336 334 331 336 338 344 352 358 355 358 366 374 370 374 376 385 393 394 396 404 413 420 422 429 437 440 442 449 446 448 450 451 447 452 461 458 464 471 473 479 486 488 496 501 503 510 514 513 520 517 520 521 525 528 535 537 542 543 551 557 562 566 570 579 580 589 593 594 601 603 612 606 607 609 618 622 631 640 641 642 645 654 653 656 662 666 670 679 687 694
354 362 358 359 355 350 341 350 354 347 339 340 339 340 346 349 352 360 361 364 373 374 376 383 384 387 396 403 404 408 410 419 421 429 438 436 443 449 447 455 455 453 454 460 461 466 471 477 476 478 487 492 501 510 504 506 507 510 516 525 521 529 532 535 543 538 546 552 558 566 563 565 572 575 584 593 598 595 598 604 612 613 615 618 626 623 630 638 647 647 645 647 650 655 663 667 676 679 684 693
360 369 367 367 361 357 350 358 349 342 341 343 343 349 347 356 356 365 370 371 377 381 380 384 385 393 397 399 400 401 410 411 414 423 431 432 437 440 449 455 456 454 463 468 470 475 478 486 477 482 491 500 509 508 505 514 514 511 520 523 523 531 540 539 548 547 552 553 555 564 570 569 570 573 579 588 590 598 605 608 610 617 623 627 635 628 629 633 641 643 644 653 659 656 663 667 669 676 677 685
361 370 374 368 368 359 356 354 347 345 345 345 351 354 354 356 358 366 367 371 380 386 385 392 394 402 401 401 402 408 414 420 422 431 435 440 445 449 450 458 464 458 467 473 471 480 486 494 484 490 499 502 506 506 512 513 521 519 525 531 529 534 543 546 548 552 554 561 560 562 570 571 573 582 581 583 592 601 608 616 611 619 620 623 632 632 632 641 648 646 648 654 660 657 666 674 677 679 686 687
369 378 377 376 367 366 363 356 348 352 348 349 355 355 363 357 359 363 365 373 380 389 392 393 394 398 405 409 410 417 423 421 428 432 440 446 453 456 452 455 464 464 465 473 474 479 485 492 489 492 500 505 503 504 513 520 522 526 527 528 536 536 537 540 547 551 560 557 558 567 576 572 578 585 585 589 598 600 604 607 615 615 623 627 631 635 637 640 647 655 652 656 657 665 667 673 674 683 685 694
378 387 378 375 371 365 364 359 352 361 353 352 361 362 370 365 366 371 373 382 388 392 393 396 395 403 412 417 418 426 426 430 432 441 444 445 449 450 456 456 459 463 471 474 480 488 486 488 496 494 495 498 499 505 512 513 514 516 517 527 533 540 543 544 549 554 555 556 562 564 571 576 580 581 583 592 601 604 611 615 613 614 620 628 629 630 639 640 649 655 661 659 665 670 676 674 676 677 684 691
387 387 385 376 374 374 371 362 356 359 356 361 366 363 369 374 375 380 375 376 384 393 402 405 403 411 420 425 427 432 435 434 437 438 443 447 448 452 454 455 464 466 468 477 478 486 490 492 498 498 504 501 502 505 513 522 522 524 518 519 524 533 538 539 540 545 552 556 562 571 580 578 586 589 586 589 593 595 603 607 611 616 620 625 627 636 642 649 653 660 661 667 666 673 674 677 677 682 689 696
396 390 392 383 376 377 374 369 360 364 360 365 374 371 376 378 378 386 377 381 390 391 399 400 404 405 414 423 429 434 439 438 440 446 452 453 453 461 458 458 462 470 475 484 482 483 492 496 497 506 504 503 511 506 514 520 526 532 524 520 526 527 531 541 545 554 560 558 567 571 577 578 586 592 593 590 595 603 610 616 620 620 626 632 636 638 643 648 655 662 662 668 675 681 679 678 678 684 686 692
400 399 398 392 385 384 376 369 365 366 365 366 375 380 385 381 386 383 379 387 396 395 401 406 411 413 421 424 433 434 442 439 445 453 460 455 460 467 465 466 467 475 481 485 484 492 499 501 506 511 513 511 511 508 514 523 532 534 527 527 535 535 536 539 545 548 555 556 562 567 574 583 584 589 598 599 596 600 601 607 612 620 624 633 642 646 652 649 657 664 671 672 675 683 687 687 685 693 692 693
408 408 407 398 394 393 385 378 369 367 374 367 369 378 383 389 395 392 387 389 390 399 402 411 412 421 425 425 430 439 448 447 450 454 463 461 462 470 472 472 473 482 489 493 492 501 501 502 508 517 517 520 513 509 518 524 526 528 529 530 538 543 544 546 553 555 561 565 564 573 578 584 593 598 599 608 601 608 608 610 617 622 630 638 644 652 660 655 656 664 668 676 681 689 694 696 693 702 701 697
411 403 402 398 395 398 389 380 375 376 371 370 373 374 379 380 389 391 393 397 399 401 405 413 415 424 426 431 438 447 449 452 452 453 461 469 471 472 475 481 476 477 486 493 501 502 510 503 504 511 520 526 522 516 525 533 531 534 530 536 543 549 552 553 562 557 566 570 565 573 581 590 598 606 607 616 608 617 609 612 620 627 632 633 641 650 651 653 662 668 676 685 688 689 696 704 695 700 709 701
419 410 409 401 393 392 390 382 379 375 374 379 374 383 381 389 396 394 401 403 408 402 411 419 422 429 433 439 446 454 458 458 461 455 458 462 468 470 478 479 477 478 483 484 492 500 506 512 511 515 523 524 531 525 534 539 536 543 538 544 552 555 559 561 569 564 573 575 572 580 588 590 590 599 605 609 607 610 615 621 624 625 632 638 639 641 648 656 664 672 680 682 690 690 697 698 704 708 709 710
426 417 409 409 401 398 389 382 381 377 379 388 383 390 383 384 387 394 395 398 401 409 413 420 422 426 435 441 450 459 463 467 459 457 458 465 474 475 482 483 483 479 482 486 489 496 504 509 511 520 521 525 527 526 534 542 540 549 542 543 551 556 560 562 571 569 573 574 574 583 591 588 589 591 599 600 604 613 621 623 624 627 635 641 643 644 653 661 662 669 677 685 687 689 695 703 704 713 718 716
419 416 407 407 398 389 388 387 387 383 381 389 391 388 386 389 394 400 404 400 404 406 415 418 424 432 433 440 447 456 461 464 467 458 459 461 467 476 483 492 492 488 491 488 496 504 509 512 518 519 528 533 536 533 542 545 545 550 551 546 553 560 563 567 575 578 581 578 577 579 581 585 588 589 598 602 612 615 620 624 625 630 639 646 652 649 658 665 671 677 682 688 690 697 703 703 709 709 713 721
411 407 404 402 401 393 395 388 388 389 390 397 392 393 390 397 401 409 411 402 403 406 414 415 416 423 426 435 439 448 457 458 459 461 468 470 476 483 490 499 498 497 499 497 505 513 518 514 520 522 523 532 533 536 545 549 550 555 558 554 561 569 571 576 584 585 583 581 579 585 589 593 597 598 604 606 616 623 627 632 634 634 639 647 655 658 666 668 675 678 682 691 688 688 696 702 703 704 708 716
420 413 413 410 403 401 393 389 395 393 394 396 401 401 398 405 402 403 412 411 407 414 419 424 417 426 434 439 446 452 453 460 466 468 466 474 483 482 486 493 497 506 507 504 511 512 517 515 522 531 530 534 535 544 545 547 555 564 567 561 569 575 580 585 585 592 589 589 582 591 597 594 600 607 611 608 618 626 634 632 634 641 638 646 654 663 665 668 670 673 673 682 679 680 687 696 700 704 711 717
424 416 416 412 403 399 398 398 403 394 399 403 406 407 402 411 403 412 418 420 415 416 421 428 425 428 435 441 448 453 456 454 457 462 464 468 477 479 485 486 494 503 508 505 510 518 519 524 531 540 532 541 537 542 548 554 560 568 568 568 577 577 582 585 592 600 595 593 585 594 602 596 599 606 610 612 616 621 629 629 631 632 635 644 649 656 661 668 676 672 665 674 678 680 689 698 707 711 711 720
427 420 417 420 412 408 407 407 404 403 406 410 414 408 411 407 404 412 420 421 423 418 427 430 428 433 434 439 443 444 448 452 460 469 467 468 475 479 484 485 494 503 509 507 510 519 525 527 530 539 541 550 546 543 551 558 559 560 562 566 570 577 585 586 595 601 596 592 588 592 600 604 600 606 614 619 617 619 620 623 625 634 641 645 646 653 652 660 667 668 663 672 675 684 690 694 703 707 708 717
434 428 425 427 418 413 416 414 413 406 407 416 421 414 420 414 413 414 419 426 432 427 436 431 433 441 443 442 451 453 453 461 464 472 476 474 483 488 491 494 497 498 507 510 517 525 533 530 538 545 548 555 548 552 554 559 563 563 570 574 573 579 588 595 599 606 603 598 589 598 600 605 602 611 618 625 619 621 628 630 628 633 634 641 643 647 651 653 658 659 660 669 674 677 684 693 698 699 707 709
442 437 434 436 427 420 418 415 416 407 416 419 427 419 426 417 422 416 425 427 436 428 430 437 436 445 446 443 445 449 458 467 469 473 482 481 488 495 495 501 506 507 514 515 522 527 531 534 538 547 549 554 550 559 555 564 571 565 572 581 578 586 592 601 600 607 602 601 593 602 609 613 606 613 617 617 626 629 636 631 633 638 640 649 650 649 653 654 662 662 663 672 674 683 692 696 701 707 713 710
450 444 438 429 428 427 425 416 418 410 419 425 431 428 428 419 425 419 426 431 439 437 439 446 443 449 455 452 448 457 460 462 471 472 481 489 496 502 501 502 504 512 519 518 522 529 531 537 546 555 550 559 559 568 560 568 573 574 577 586 584 588 594 601 609 601 608 602 601 608 616 614 608 609 610 615 624 632 639 634 637 641 644 652 657 650 657 663 669 665 671 672 680 688 689 698 707 708 713 716
447 440 431 430 435 435 426 417 425 417 424 428 434 431 437 428 428 425 432 433 436 437 443 449 445 446 450 458 450 459 461 470 476 477 486 494 495 504 510 508 513 521 526 527 524 526 532 541 547 554 551 552 554 562 561 563 569 570 578 584 585 579 588 595 600 593 602 608 610 617 625 616 613 616 614 618 626 630 637 640 646 649 652 657 654 652 654 659 661 668 671 677 684 687 694 703 712 715 722 725
447 438 437 438 442 433 428 419 426 426 432 437 438 433 440 435 437 434 433 434 437 438 446 455 453 448 457 455 452 453 456 463 472 478 483 492 495 499 506 513 514 522 526 527 525 530 533 542 544 546 554 561 555 564 568 564 567 570 574 576 577 578 582 591 597 592 600 607 610 618 625 623 622 620 617 620 628 636 642 649 652 658 659 666 662 657 661 668 668 674 674 675 684 691 700 708 715 716 725 732
453 444 446 443 443 434 434 428 427 435 433 436 443 434 443 444 445 443 442 443 438 446 452 461 454 449 457 459 461 455 464 472 479 479 483 489 490 497 500 505 512 521 529 530 533 538 542 550 545 553 554 559 563 571 574 572 572 574 582 581 581 579 587 588 589 591 596 602 603 609 618 626 630 629 625 628 631 635 644 648 649 653 659 668 663 658 661 668 671 676 680 682 683 692 700 702 708 715 718 723
450 447 449 450 444 443 436 429 433 435 438 438 441 442 449 447 451 448 443 443 441 442 444 453 462 458 462 467 463 464 472 476 485 488 490 491 496 501 502 506 515 522 526 529 538 546 545 554 552 558 563 568 566 572 578 580 573 581 589 583 590 588 592 595 596 593 594 600 609 612 616 619 625 628 627 631 632 634 639 641 650 658 665 666 665 665 664 665 669 674 676 685 690 694 695 703 705 714 722 726
459 451 456 459 453 452 445 438 439 440 446 446 442 445 454 448 453 450 448 451 442 451 452 461 469 465 463 472 465 471 480 485 494 497 495 499 501 506 511 507 512 518 519 528 533 540 544 553 555 556 559 564 572 573 575 581 582 588 597 588 595 596 599 601 605 601 603 609 617 620 621 626 630 634 629 638 634 641 640 649 655 659 662 671 671 673 668 673 670 678 685 694 693 694 703 709 707 712 714 717
460 459 465 460 461 457 448 444 440 445 449 447 445 446 454 456 460 452 451 459 450 451 452 461 467 466 470 479 470 479 480 489 497 506 502 500 509 512 511 510 511 517 526 533 542 549 549 557 563 557 558 567 573 582 582 588 589 589 597 596 601 599 601 610 609 602 608 611 612 613 614 620 628 629 637 641 643 643 649 651 657 662 666 667 669 677 677 677 671 675 677 686 687 696 702 703 707 708 717 725
466 464 472 467 459 456 450 448 447 446 454 455 452 452 459 465 465 461 453 462 456 460 461 462 466 470 474 475 472 481 485 494 499 508 507 501 507 514 520 517 517 523 531 538 542 551 555 557 566 561 567 569 576 581 585 588 593 591 595 598 603 607 607 610 613 604 613 619 621 617 619 621 626 633 635 644 651 652 652 652 654 663 672 668 675 682 683 679 675 681 683 684 686 687 693 701 702 707 715 719
475 473 473 465 461 452 451 456 455 451 452 453 458 457 463 472 469 460 459 468 463 469 470 467 475 473 474 475 475 483 488 497 503 504 513 506 513 522 519 518 526 524 529 538 547 553 562 565 574 569 575 578 584 590 594 594 602 600 601 599 604 611 616 616 615 606 608 612 617 622 627 624 628 629 632 639 648 649 654 653 657 658 665 673 681 687 691 682 680 684 691 690 695 689 696 702 707 706 707 710
482 473 465 464 455 454 459 460 456 459 457 455 464 458 466 467 476 469 464 467 464 468 477 471 479 474 482 483 483 484 486 494 497 503 512 515 522 526 528 521 525 533 537 546 555 562 569 572 573 571 573 582 585 593 594 602 609 609 606 607 613 615 621 617 619 615 609 616 620 624 625 633 636 636 641 646 655 657 655 657 665 660 663 665 673 682 682 691 686 691 697 699 700 691 692 693 698 704 712 711
479 472 465 464 456 460 468 464 465 463 466 464 469 461 468 468 473 476 467 471 466 475 484 478 487 481 490 485 487 491 492 500 499 505 514 518 527 527 532 526 532 540 543 551 560 565 574 581 580 576 580 589 593 598 601 604 610 617 609 608 617 624 626 626 622 614 612 620 627 630 633 639 644 645 649 651 655 656 664 662 670 661 664 665 673 675 678 686 694 692 697 698 697 694 698 696 706 706 710 718
484 478 469 465 465 463 465 465 474 465 471 473 471 462 471 477 476 475 468 475 474 477 484 483 488 487 494 489 490 495 497 506 508 514 515 524 527 536 537 533 541 545 550 552 559 560 569 578 585 584 581 590 598 599 604 611 616 625 617 611 617 626 635 635 626 619 618 626 630 639 641 646 653 646 654 654 655 658 667 663 672 669 673 674 682 679 687 695 701 700 698 706 702 701 706 702 705 707 716 723
484 476 470 473 471 470 467 470 473 466 470 479 474 471 480 478 478 484 477 480 480 486 493 487 494 488 497 494 499 497 499 506 513 518 520 523 532 539 539 542 547 552 553 553 559 563 570 579 583 590 582 590 599 608 608 611 616 623 626 620 626 633 638 637 635 627 627 632 638 647 642 651 656 652 659 660 661 659 668 668 677 677 682 683 688 680 689 697 706 709 706 712 703 706 709 709 712 708 709 713
486 479 479 480 479 476 476 477 468 467 475 478 481 472 477 482 486 485 484 482 482 484 490 495 494 493 494 503 507 504 508 507 515 523 529 525 534 535 543 540 549 553 562 558 563 572 576 578 586 590 589 595 599 600 609 618 617 618 624 625 632 641 647 640 634 631 633 640 647 650 648 657 661 653 660 668 663 662 665 666 673 676 685 692 695 688 695 699 708 715 714 716 708 714 714 713 718 710 717 719
489 483 484 488 480 484 483 481 474 472 479 479 488 481 486 491 495 491 489 488 490 486 494 502 503 494 502 503 511 509 516 513 520 526 533 526 533 538 546 539 540 549 558 567 572 569 569 574 580 581 582 586 590 592 601 610 619 627 629 634 633 642 647 648 642 634 642 649 651 652 656 659 667 661 666 671 672 663 671 675 677 685 691 697 698 690 699 708 712 720 723 720 715 721 720 722 726 719 723 720
492 492 486 489 485 492 484 482 481 481 481 488 490 483 492 499 504 499 490 489 492 489 497 499 508 501 502 510 513 518 525 522 522 531 538 530 532 534 537 538 540 544 552 560 566 567 568 570 579 587 588 595 598 601 604 612 619 628 636 635 641 650 651 653 648 642 651 657 658 653 658 665 668 666 669 670 674 671 679 684 686 686 694 695 699 691 698 705 713 714 721 728 721 722 729 731 730 726 731 729
