  0 505 499 504 507 503 512 514 517 523 516 512 506 511 512 510 504 505 509 508 511 520 528 524 533 528 526 531 534 535 539 536 537 546 547 550 544 551 552 553 561 564 573 574 580 577 581 583 591 595 598 600 609 613 610 618 618 625 628 633 642 634 636 644 653 651 655 663 664 670 679 688 695 697 704 706 709 707 712 707 712 720 724 732 734 743 751 760 757 763 9223372036854775808 9223372036854775808 9223372036854775808 9223372036854775808 9223372036854775808 9223372036854775808 9223372036854775808 9223372036854775808 9223372036854775808 9223372036854775808
  8 498 497 498 498 502 503 510 515 514 511 503 504 502 503 509 503 506 504 505 508 514 519 523 528 526 522 524 530 538 530 532 536 543 544 552 543 549 555 562 562 563 569 573 581 573 576 578 583 587 589 595 603 604 604 611 614 617 619 627 636 628 636 645 649 648 655 658 666 674 682 681 686 689 696 701 701 698 707 704 706 715 724 728 736 745 750 758 755 762 760 9223372036854775808 9223372036854775808 9223372036854775808 9223372036854775808 9223372036854775808 9223372036854775808 9223372036854775808 9223372036854775808 9223372036854775808
 16 490 488 497 495 504 496 502 507 507 504 501 495 495 497 502 495 498 499 506 515 514 521 515 519 521 518 524 527 531 525 529 537 544 553 549 542 547 547 555 562 568 560 565 572 567 575 581 589 587 591 594 595 597 602 610 613 612 619 626 634 626 634 637 641 646 653 655 661 667 676 678 686 686 687 695 696 697 698 702 705 714 723 724 731 740 741 750 746 753 758 763 9223372036854775808 9223372036854775808 9223372036854775808 9223372036854775808 9223372036854775808 9223372036854775808 9223372036854775808 9223372036854775808
 17 494 487 489 490 495 493 494 498 505 502 496 493 491 490 495 493 498 500 509 512 507 512 507 513 514 517 519 520 522 524 531 537 539 548 540 540 541 546 547 553 559 557 559 565 564 572 577 580 586 590 585 589 596 602 605 606 610 618 617 625 625 626 632 641 645 652 654 662 671 671 680 682 682 691 691 700 697 703 706 714 718 716 717 723 732 734 743 742 744 749 757 760 9223372036854775808 9223372036854775808 9223372036854775808 9223372036854775808 9223372036854775808 9223372036854775808 9223372036854775808
 26 494 486 483 489 490 492 499 502 497 493 494 494 490 488 486 490 499 503 503 507 500 503 503 506 510 508 510 512 515 520 522 529 530 539 534 533 542 547 539 548 550 551 558 556 563 569 572 580 584 590 582 584 593 595 602 611 612 612 614 620 619 627 636 638 642 649 654 658 666 663 671 673 681 683 684 693 694 696 697 706 714 715 718 724 726 734 735 736 740 747 749 751 760 9223372036854775808 9223372036854775808 9223372036854775808 9223372036854775808 9223372036854775808 9223372036854775808
 28 488 479 477 480 481 490 499 496 488 486 488 486 481 479 485 493 493 498 497 499 496 502 501 503 509 507 512 511 512 517 513 520 529 530 537 530 535 541 536 541 544 550 558 555 561 560 566 572 576 583 579 587 588 597 601 603 607 608 611 615 618 622 627 636 638 642 646 655 657 662 663 672 678 686 684 693 702 702 705 706 715 721 719 728 727 735 740 745 749 749 753 752 757 763 9223372036854775808 9223372036854775808 9223372036854775808 9223372036854775808 9223372036854775808
 29 480 471 471 476 480 489 494 488 486 477 484 477 472 473 479 486 487 489 495 491 487 494 498 494 501 505 507 508 515 518 510 517 524 531 528 528 529 532 533 540 541 549 553 553 560 557 560 567 569 578 577 581 586 588 594 596 601 610 613 614 617 622 631 639 646 645 649 653 654 655 662 669 670 678 683 687 693 700 703 705 708 713 721 730 735 742 743 739 746 747 747 751 759 764 760 9223372036854775808 765 764 9223372036854775808
 33 473 467 470 479 482 486 488 480 484 476 481 477 471 479 479 485 480 489 488 491 485 493 500 493 492 497 498 506 511 511 509 513 520 523 527 526 530 536 536 545 547 550 553 549 552 554 558 564 573 575 576 584 593 590 594 597 599 605 608 610 612 614 623 631 640 647 646 649 655 664 670 678 671 680 680 681 686 694 696 697 705 709 713 721 726 733 735 737 744 740 745 753 753 757 759 765 757 757 760
 41 467 466 468 472 473 478 481 478 482 474 474 479 470 473 478 477 479 487 479 484 483 491 493 495 489 493 500 509 514 507 507 511 515 522 526 517 522 529 538 542 539 542 544 547 556 560 567 570 572 571 574 579 586 593 599 606 607 613 617 613 619 617 626 635 641 643 645 651 653 661 669 671 673 676 678 680 684 685 688 695 703 704 707 712 720 725 726 728 735 732 741 744 748 755 757 760 756 748 756
 42 459 463 460 465 468 477 475 472 479 470 471 472 469 475 484 476 472 481 478 486 479 488 494 486 488 492 501 508 505 498 506 511 514 518 519 510 516 524 533 535 535 543 545 549 551 560 569 567 569 568 577 579 586 594 602 606 608 612 613 613 622 623 628 628 636 640 644 644 652 653 660 665 673 679 676 677 686 694 692 701 698 698 702 707 711 717 723 724 726 726 734 743 739 747 749 751 754 747 753
 51 454 461 453 461 463 469 469 469 473 469 471 467 461 467 476 476 467 472 470 477 478 484 487 484 493 493 497 499 503 497 502 504 511 510 515 508 512 519 528 532 534 541 549 556 553 556 560 562 562 567 575 576 581 586 595 598 600 603 604 607 614 620 621 622 628 634 635 641 644 652 654 660 669 670 674 680 689 692 696 700 697 689 693 702 708 714 715 716 724 725 726 735 738 739 741 744 745 746 754
 56 449 458 452 460 468 461 468 467 466 462 462 458 457 458 467 470 465 474 468 477 473 480 487 482 491 496 496 505 496 495 501 500 509 509 510 506 509 516 520 523 525 533 540 548 547 547 551 553 561 569 577 577 586 587 595 597 604 605 611 616 621 625 626 625 632 637 631 634 639 643 652 658 667 665 673 679 683 684 691 692 688 687 690 698 703 711 707 707 716 717 725 726 730 739 740 744 753 754 757
 58 446 449 451 453 459 453 462 469 461 460 459 459 453 459 460 461 462 471 467 468 472 474 479 481 482 490 493 502 498 491 493 499 502 501 507 505 507 516 518 521 523 527 534 542 539 540 543 552 557 561 570 577 581 586 589 592 596 600 609 618 623 623 632 627 632 631 626 634 643 649 643 652 659 660 666 670 675 684 682 691 683 685 688 691 698 703 702 705 710 714 721 727 733 740 744 736 745 748 756
 66 442 444 449 447 450 448 456 460 460 461 452 451 444 453 460 464 466 467 464 473 475 472 472 481 490 491 484 493 489 490 498 507 502 494 498 504 510 513 517 526 530 535 535 536 538 547 552 551 557 566 572 573 574 583 583 584 589 596 604 610 618 621 629 620 624 623 625 626 635 640 641 650 653 661 662 663 670 675 674 683 681 687 694 698 693 695 699 700 701 708 715 718 727 731 739 735 744 740 747
 73 441 435 441 438 442 444 453 452 456 459 450 444 440 447 455 455 457 459 456 464 472 466 467 474 483 484 482 486 488 495 504 502 494 493 499 501 502 511 515 521 530 535 529 538 533 541 546 550 553 557 565 572 581 580 577 586 593 600 601 601 609 613 622 614 615 622 624 627 636 639 644 649 645 652 654 657 664 667 673 679 680 681 689 689 691 700 698 699 707 710 718 719 721 730 730 733 742 737 742
 74 433 434 432 435 437 441 447 451 447 450 448 440 436 438 447 450 451 454 455 463 463 465 466 467 476 475 481 486 489 496 505 497 496 492 499 493 499 507 506 515 524 526 526 535 526 535 542 544 549 556 564 573 573 572 573 582 587 592 593 600 609 605 613 613 614 615 622 627 635 642 644 642 643 644 645 653 659 660 669 677 671 675 680 681 688 694 697 699 705 707 709 717 726 729 725 724 733 732 733
 83 428 425 431 432 437 439 446 448 446 444 451 443 435 439 442 446 443 451 450 455 455 462 457 464 467 471 478 482 490 499 497 489 493 491 490 490 496 501 505 511 520 529 524 527 524 527 533 540 542 547 556 565 574 571 576 583 586 591 594 599 607 603 604 612 617 623 631 628 637 639 637 640 649 651 650 659 660 666 668 674 666 667 675 684 691 692 699 699 704 709 708 716 721 726 721 722 729 731 739
 89 426 418 427 433 428 437 442 446 446 438 443 440 432 439 433 437 440 442 444 450 448 453 454 457 462 465 469 477 485 491 489 480 486 482 483 487 491 496 502 509 515 522 521 519 521 527 536 544 548 549 558 556 565 566 570 576 581 589 595 599 601 597 606 607 616 624 629 633 632 631 636 640 644 646 647 654 660 658 664 667 665 673 680 685 694 693 701 693 699 702 706 715 722 725 718 719 727 728 737
 93 420 416 422 429 426 432 439 438 437 436 440 434 431 439 430 431 436 442 445 445 443 444 448 449 458 459 460 468 476 485 482 473 477 478 486 495 497 499 505 506 511 518 526 518 525 530 539 548 553 550 550 552 556 565 570 577 575 583 589 593 598 595 602 611 612 619 623 625 631 623 632 631 636 637 646 645 651 650 655 658 661 668 677 680 687 696 701 692 699 698 705 706 713 718 717 726 730 736 741
 94 420 413 420 422 421 428 435 434 428 429 438 439 430 430 426 427 433 433 442 444 439 442 451 453 458 466 463 469 476 479 476 472 474 482 480 487 494 503 500 508 504 512 517 516 519 528 537 539 546 551 546 553 554 561 570 571 572 580 582 589 591 593 601 602 611 615 614 623 626 621 630 630 638 640 638 636 643 646 651 660 669 673 677 683 692 692 700 691 695 697 703 709 708 709 709 717 722 727 732
100 417 412 413 418 419 428 429 433 426 420 429 436 427 425 422 418 426 425 434 435 438 447 453 448 453 458 463 465 469 471 473 466 467 474 475 478 487 495 499 501 498 503 510 513 522 528 529 530 539 542 544 553 556 557 563 570 571 578 584 583 592 589 595 600 604 612 611 618 618 618 624 628 636 632 629 635 637 642 651 659 666 673 675 675 684 690 692 685 686 693 695 701 707 712 708 710 717 726 734
109 408 405 411 411 420 425 420 427 428 419 421 428 420 416 418 415 418 420 427 436 438 444 449 447 449 450 455 458 460 462 464 465 473 472 477 471 480 486 491 492 495 496 505 506 515 521 528 532 538 535 543 549 555 561 570 566 575 576 577 581 586 583 590 596 598 607 602 609 609 610 615 619 628 634 626 635 644 650 653 657 663 672 679 670 679 681 683 684 689 692 699 692 699 704 700 705 711 717 726
118 399 398 405 407 413 418 419 419 419 418 423 421 413 412 416 412 419 425 431 432 435 439 445 445 444 447 448 449 451 459 459 466 464 466 469 469 471 480 487 495 497 500 504 507 513 521 522 531 531 534 539 547 556 556 562 561 566 567 568 574 577 574 583 589 591 600 599 600 607 608 616 624 632 630 624 629 635 642 644 653 659 663 671 669 673 678 674 676 685 691 690 691 691 700 696 701 708 710 718
122 390 395 398 401 408 412 420 415 422 416 418 418 416 407 407 411 412 416 423 425 434 438 436 442 443 441 447 456 454 454 456 457 457 460 465 467 475 484 492 494 498 501 510 504 510 517 519 528 526 528 531 540 547 552 553 559 563 568 567 567 568 573 580 589 594 592 591 600 601 601 610 617 626 624 621 630 636 638 646 646 655 662 662 660 669 675 673 675 684 685 689 696 688 692 693 702 710 714 719
127 387 391 397 397 402 404 411 413 415 409 412 415 413 404 403 409 403 408 416 425 434 439 430 433 437 440 438 447 446 453 450 455 452 461 465 474 480 479 483 485 491 492 501 502 504 508 516 525 524 529 530 534 543 552 558 559 568 561 558 565 573 572 580 589 585 586 590 597 598 599 601 610 618 619 620 621 629 637 638 643 652 653 662 659 661 670 665 669 677 684 692 692 684 693 687 695 701 710 711
132 382 385 394 389 394 403 412 413 408 408 404 412 409 404 397 402 400 406 415 421 427 431 422 428 431 431 436 443 443 444 444 452 451 453 462 470 476 473 477 484 490 495 499 503 508 509 510 518 520 528 535 534 540 547 552 558 564 560 552 556 565 571 572 581 584 587 596 605 601 600 609 617 619 625 621 628 629 635 636 642 651 657 653 655 653 662 662 665 673 675 684 683 683 684 685 694 697 706 710
133 381 379 386 386 394 403 406 412 403 402 396 403 400 400 396 395 398 402 411 416 419 423 420 421 422 429 429 434 440 437 442 449 444 453 459 465 467 468 469 478 481 488 491 496 503 511 511 512 520 529 538 529 532 541 543 552 557 557 549 552 560 562 566 575 577 580 588 596 597 598 605 614 620 621 614 623 625 630 638 645 645 648 644 646 649 655 656 665 668 677 684 679 682 686 694 695 699 701 706
141 383 376 382 380 389 398 399 406 401 404 395 397 397 392 401 394 399 402 406 407 411 417 412 412 418 420 428 429 431 433 434 442 443 449 458 467 476 477 476 485 489 489 498 505 504 513 514 514 523 530 529 525 529 532 540 546 549 548 547 555 558 566 573 569 568 577 583 591 598 591 600 608 612 612 606 614 623 628 633 636 641 648 641 645 647 656 665 658 660 669 677 676 678 686 689 698 701 710 709
142 382 374 373 375 384 391 392 399 393 400 392 389 396 390 394 393 390 399 402 408 402 410 410 406 415 421 430 438 438 442 441 450 452 455 464 469 478 477 479 488 494 496 500 506 511 510 512 521 525 525 530 522 521 527 532 538 542 547 543 552 554 563 564 565 566 573 580 582 589 590 593 602 604 604 605 612 620 624 625 629 633 640 638 647 653 649 656 653 655 663 671 672 676 683 690 699 700 709 712
151 384 375 366 370 378 385 383 392 389 391 384 382 387 387 388 389 387 390 395 399 400 401 407 405 413 419 423 432 435 444 440 445 446 454 463 470 474 476 477 486 494 498 504 502 506 506 513 521 518 517 524 527 520 521 528 533 534 538 539 548 557 559 568 567 569 571 580 581 588 581 590 595 598 599 606 613 614 616 617 623 624 631 637 642 649 648 649 650 658 664 667 669 677 684 692 701 709 711 711
155 378 372 363 364 373 376 382 387 380 383 386 381 384 379 388 390 386 395 396 402 398 402 402 404 405 414 423 426 433 441 439 445 454 460 458 461 468 475 477 483 487 493 497 495 497 500 509 512 515 508 517 521 518 525 534 534 542 547 548 551 559 564 568 569 572 579 582 590 588 580 582 591 596 598 604 611 618 622 623 622 627 636 631 635 640 642 651 649 657 665 668 677 685 693 698 700 700 706 702
162 369 367 362 368 370 379 385 380 372 375 378 373 379 370 379 383 384 393 402 394 391 394 400 408 410 418 422 428 430 432 433 438 447 456 453 462 468 475 481 485 489 492 489 487 488 496 503 503 506 507 514 515 517 526 535 539 546 554 556 552 552 555 560 569 576 579 576 581 583 576 583 589 590 592 601 609 610 617 618 615 622 628 623 629 631 638 643 645 650 656 662 671 679 688 695 698 696 701 698
171 362 368 361 364 361 370 379 373 369 366 369 372 370 369 377 386 385 394 393 387 390 391 400 409 411 418 416 423 427 433 434 441 445 447 452 454 462 469 476 479 481 486 481 478 486 487 495 501 510 509 518 520 526 534 535 538 540 545 549 545 545 551 555 564 569 571 571 572 574 575 580 581 590 591 597 606 615 616 616 613 621 619 622 627 631 632 641 649 656 662 664 669 673 680 687 689 693 698 696
176 355 361 359 357 360 365 374 365 361 365 372 363 372 368 373 381 382 391 384 386 393 398 407 413 413 418 415 421 427 428 436 434 438 446 455 463 463 471 471 476 477 485 476 473 482 491 496 499 501 508 515 512 518 527 529 533 540 546 540 536 544 548 551 557 561 563 570 571 568 570 575 584 587 590 593 602 611 617 611 611 619 618 626 629 631 640 646 647 656 665 670 675 681 678 679 684 685 693 695
180 349 352 350 351 352 357 365 360 358 357 365 358 365 366 375 381 390 386 382 385 391 397 402 407 410 415 411 415 424 427 431 433 434 437 446 455 464 464 465 471 472 479 470 470 477 485 494 491 499 501 509 510 518 520 521 530 531 538 539 532 541 548 549 558 559 563 562 562 560 561 570 577 579 582 591 596 603 609 602 603 610 615 621 625 626 632 641 649 654 658 663 666 675 671 679 684 693 696 688
184 340 343 344 350 357 357 358 351 356 352 359 356 364 367 371 380 387 378 381 385 392 394 403 403 412 407 405 410 419 420 424 433 442 436 443 448 456 457 461 463 471 472 464 465 472 477 485 488 496 501 501 509 511 513 514 521 525 529 530 531 532 541 544 549 554 558 556 557 559 561 565 570 571 580 588 589 598 603 601 606 604 607 616 620 628 631 640 648 645 654 655 661 667 663 670 677 684 693 686
193 333 340 336 342 348 352 350 343 349 351 352 354 362 365 372 371 380 376 381 379 383 389 397 400 406 410 404 413 410 418 420 429 433 435 442 447 456 462 470 464 471 470 463 472 472 476 476 485 487 492 497 506 515 519 521 528 532 529 534 540 541 543 550 550 552 554 555 564 568 568 571 572 579 580 589 598 596 596 597 598 603 612 608 617 621 629 634 643 644 650 656 652 659 660 669 670 675 684 685
201 325 331 335 344 342 344 341 342 344 345 354 361 366 367 368 367 375 375 380 375 384 381 388 391 397 406 403 406 409 417 422 427 434 441 449 447 454 462 464 455 464 468 460 465 471 471 473 481 485 494 499 507 510 511 517 521 524 526 530 537 543 552 552 559 559 556 557 558 560 561 564 572 574 579 587 589 587 595 602 599 600 606 607 615 619 623 628 637 644 641 647 648 657 665 669 677 683 690 694
206 324 325 327 335 340 335 337 338 345 346 354 358 363 363 365 365 367 374 379 373 376 378 387 389 396 398 400 403 411 418 427 435 433 436 440 443 448 455 461 453 457 463 457 458 466 470 478 480 488 491 492 501 509 517 518 526 523 528 533 537 546 554 554 562 559 558 559 567 562 570 565 572 578 578 585 580 581 588 596 600 607 609 610 619 623 630 633 641 636 638 644 648 657 662 663 671 680 689 693
214 317 319 318 327 331 328 334 337 343 348 345 354 358 358 358 360 366 374 379 372 379 382 387 396 390 391 400 406 414 418 419 426 431 433 434 435 444 449 453 452 454 456 455 462 463 471 477 484 491 495 493 499 508 516 517 521 522 528 537 545 551 551 557 560 559 564 567 575 571 571 566 567 569 576 577 579 584 593 598 605 608 609 613 616 618 622 631 634 635 644 651 649 658 665 665 667 676 681 684
219 314 316 316 319 325 319 325 334 338 343 343 351 355 355 356 359 358 366 370 366 372 376 383 388 389 395 403 404 409 411 419 426 435 435 436 436 442 445 444 446 449 450 454 456 465 470 478 480 489 498 497 498 499 508 511 512 521 523 532 536 545 542 550 558 556 557 566 568 576 579 571 576 577 584 581 588 593 594 598 604 605 612 618 623 627 628 637 637 642 651 655 654 662 663 671 668 672 681 690
225 307 313 314 311 316 317 326 328 331 339 334 342 347 347 355 355 351 360 361 365 371 378 379 387 390 395 401 406 415 418 421 427 431 438 441 445 445 442 443 451 451 457 462 465 473 479 473 481 484 490 488 489 492 501 503 512 516 517 524 533 538 537 546 549 550 551 558 561 570 578 580 576 578 580 588 595 600 600 605 605 608 616 618 622 631 637 644 643 651 654 663 660 666 672 680 676 674 676 683
232 306 305 311 304 309 318 323 322 331 335 333 339 345 345 354 348 349 357 364 366 374 381 387 386 391 390 396 402 411 420 425 430 438 446 445 438 436 441 445 453 452 454 455 457 465 474 468 475 478 481 484 487 495 502 506 515 519 525 525 527 532 535 544 545 551 560 567 562 564 572 573 574 583 582 587 594 600 606 614 610 617 621 627 628 637 645 649 650 656 663 672 669 675 680 683 679 675 676 685
241 308 304 305 300 309 315 319 315 323 328 331 340 341 342 346 347 349 351 359 365 373 377 380 383 386 388 397 401 407 415 416 425 432 437 436 435 432 438 447 454 458 461 457 461 463 465 466 467 472 474 483 487 492 493 500 506 515 521 530 531 539 536 544 550 553 562 565 564 572 569 564 567 576 579 587 588 592 601 608 612 619 624 629 630 639 647 650 657 657 664 665 672 680 686 688 687 684 683 692
250 301 295 296 298 303 307 313 314 322 331 333 339 347 347 348 350 355 360 366 374 377 378 379 388 392 393 398 405 406 408 410 418 425 431 439 430 431 440 443 452 461 455 464 469 464 473 474 475 473 474 476 483 492 493 502 511 514 520 527 530 538 539 540 549 549 556 558 565 572 564 563 571 580 583 591 594 600 605 614 613 618 625 632 638 635 644 648 654 659 668 669 678 687 695 697 690 693 685 689
255 292 294 301 305 304 312 320 321 329 337 333 336 339 347 352 351 355 360 364 369 378 378 378 387 389 395 403 412 407 408 410 419 420 424 430 425 434 442 444 451 453 454 461 462 465 472 473 482 478 479 478 480 488 495 503 505 506 512 521 523 531 538 541 550 547 555 563 558 563 560 562 571 577 584 589 598 606 613 610 610 611 619 623 632 633 642 651 659 668 677 673 682 691 696 704 699 697 693 690
256 291 292 298 302 307 314 321 328 335 332 327 335 335 344 347 343 347 353 355 362 369 370 376 384 393 394 398 406 407 413 411 412 417 421 422 424 431 435 444 452 451 457 463 470 474 474 482 483 486 480 484 481 488 492 500 504 505 511 517 524 528 531 532 541 544 553 554 556 558 559 567 570 577 586 587 596 603 604 605 608 612 621 626 628 637 646 647 653 661 668 677 683 686 693 697 696 696 698 696
261 266 273 292 301 310 318 313 320 326 326 321 327 332 337 343 340 348 357 360 369 371 374 383 386 392 396 400 406 415 419 418 421 423 423 429 430 434 437 438 443 445 448 454 463 472 481 490 492 486 481 489 488 489 490 492 500 509 517 525 525 529 534 538 544 553 560 558 564 566 568 575 578 586 595 593 602 609 610 613 617 613 622 623 632 637 646 655 659 667 676 672 680 685 692 693 694 695 703 701
270 275 274 285 294 303 309 310 319 317 318 320 329 329 336 334 335 340 349 358 367 366 373 381 388 389 394 403 411 418 416 420 424 431 431 436 434 441 446 447 451 447 449 457 466 471 473 482 483 488 490 493 493 494 495 499 506 514 518 522 531 538 535 541 550 554 557 564 571 567 575 577 582 584 592 601 610 613 619 620 616 615 623 632 641 641 650 659 667 672 667 669 675 676 683 691 700 704 711 703
275 277 282 291 292 303 308 311 312 316 322 321 323 325 330 331 339 348 355 359 360 361 367 373 378 387 390 399 408 411 412 421 429 429 430 439 440 449 450 451 456 449 457 466 461 469 471 480 486 488 489 498 500 503 504 506 515 523 527 527 533 538 537 544 549 555 563 568 566 567 570 573 582 589 598 605 606 615 623 624 618 621 622 627 633 636 645 654 658 664 665 674 683 683 689 696 697 705 704 711
276 283 290 298 295 299 300 307 309 310 311 317 326 329 332 336 342 349 358 360 366 364 373 380 382 385 388 390 399 407 416 422 428 428 431 439 445 450 446 447 456 458 458 459 460 465 474 483 479 485 494 503 506 504 504 509 511 518 524 525 534 542 544 548 556 557 563 564 565 570 579 581 590 593 598 599 608 613 619 620 625 622 630 635 642 645 646 651 654 659 668 677 678 685 693 700 698 706 702 711
277 286 287 293 300 300 308 316 318 318 318 320 329 338 339 344 351 354 359 365 367 372 377 386 383 391 393 394 404 411 413 419 420 421 428 431 436 443 442 450 448 450 451 459 466 473 476 477 478 487 493 496 499 500 502 507 516 520 525 534 543 546 553 557 560 565 572 571 573 578 580 589 590 594 595 603 609 616 624 629 627 628 634 639 643 652 654 652 657 662 667 672 673 682 688 695 701 704 698 707
284 293 292 296 305 303 305 313 316 322 319 322 331 340 345 351 357 355 357 358 367 373 375 382 387 394 402 398 402 403 406 409 410 412 421 422 431 439 440 442 444 453 458 461 462 469 478 477 484 491 497 504 505 502 511 514 522 529 532 539 544 550 551 554 557 565 574 574 572 578 586 588 596 601 603 610 611 613 621 622 623 630 638 646 647 648 650 655 656 662 670 676 682 691 688 689 692 695 696 701
291 292 301 305 311 312 308 317 321 324 323 329 333 341 344 350 354 355 359 363 372 378 379 387 389 398 406 407 407 406 412 417 415 421 425 423 431 437 446 444 446 447 449 458 459 468 475 476 477 482 490 499 508 503 511 520 529 532 539 540 541 548 552 550 551 556 565 566 571 574 583 591 597 602 608 609 612 616 624 627 628 629 631 639 640 648 651 654 663 668 669 676 681 684 687 686 693 702 701 704
300 301 310 309 310 319 316 325 322 326 332 330 339 342 349 358 363 364 367 370 376 379 385 393 390 393 401 408 414 412 418 419 420 429 428 432 434 437 443 451 454 452 457 458 466 474 482 485 485 490 498 505 506 507 513 518 522 523 532 539 540 541 549 548 556 565 572 574 580 575 578 584 592 597 602 607 608 617 626 627 635 631 640 647 646 653 654 656 657 659 660 669 672 675 682 683 692 701 708 713
309 310 319 318 318 322 319 324 329 335 341 338 347 343 347 356 358 367 370 371 374 375 382 391 399 401 406 409 417 415 423 425 422 431 437 433 440 438 443 451 452 456 461 467 474 482 483 489 494 494 496 505 513 515 519 526 530 532 541 540 541 542 544 546 554 557 565 569 576 583 583 590 595 602 611 616 611 620 622 623 631 632 634 638 643 652 654 660 658 667 668 676 681 684 691 688 694 695 704 711
311 319 324 321 327 324 320 326 335 336 337 338 340 346 347 356 365 372 379 380 380 382 386 390 396 397 406 412 418 422 429 427 427 429 430 439 445 446 449 458 461 465 470 471 479 483 488 496 499 497 499 503 512 516 522 529 532 541 542 541 543 551 553 550 551 560 566 568 577 581 584 586 593 600 603 612 616 622 628 631 634 640 643 641 642 646 652 659 663 667 671 673 676 677 686 695 703 699 703 707
319 327 328 325 329 326 327 334 335 343 345 340 342 347 351 356 365 370 375 384 382 390 388 395 404 399 408 414 416 420 425 434 434 438 431 435 436 443 452 460 465 466 474 478 479 480 487 488 491 494 503 511 515 518 520 526 527 535 540 549 552 552 554 555 558 565 569 574 575 584 592 595 600 603 606 607 612 621 630 631 640 641 644 642 650 655 660 666 672 672 680 676 680 686 691 692 697 706 705 714
320 323 332 334 334 331 336 336 342 344 350 341 342 345 352 355 364 371 373 377 383 392 392 401 408 408 417 419 425 424 433 440 438 438 437 444 445 452 456 458 464 467 472 474 483 489 492 494 496 498 506 512 521 527 528 535 534 538 539 548 557 560 556 558 567 566 568 574 581 590 591 596 605 604 605 606 615 624 633 639 640 647 648 649 652 661 663 664 672 681 689 685 684 687 689 691 699 701 710 719
323 332 341 342 341 339 339 344 345 352 354 345 343 350 356 360 361 366 373 379 387 391 398 405 410 411 419 420 428 427 431 440 447 443 444 447 446 450 457 456 457 461 462 472 475 481 483 485 494 495 498 506 513 518 520 526 529 533 542 544 548 556 564 567 569 575 577 574 577 585 594 600 601 604 605 614 623 625 626 632 640 647 647 653 659 667 672 671 676 684 689 689 691 689 691 696 704 710 719 728
332 339 347 347 348 348 342 350 349 356 354 353 344 349 357 366 370 374 373 379 382 388 397 404 410 415 423 428 432 433 440 449 452 444 445 449 448 449 453 454 455 464 464 465 466 476 484 492 495 504 502 510 519 525 527 534 538 538 544 550 550 553 559 568 575 574 579 572 580 587 588 596 604 610 606 608 614 621 629 638 640 639 646 649 658 665 672 678 679 682 689 694 695 695 700 704 712 717 724 727
339 348 355 355 354 346 343 344 353 357 361 352 345 349 354 361 367 370 371 379 385 391 400 408 403 412 415 420 423 431 437 446 446 447 452 450 450 456 461 458 460 466 471 474 473 475 482 487 496 502 503 511 514 522 523 530 537 541 546 549 551 551 556 562 566 566 571 570 576 585 591 600 602 611 614 617 622 625 633 634 632 636 642 644 651 660 666 669 670 678 687 694 698 699 700 702 710 717 726 734
344 353 359 361 361 352 346 353 361 359 365 358 354 354 356 361 364 373 380 382 383 392 393 400 401 410 411 412 414 423 430 438 441 445 452 458 457 463 465 464 468 472 479 482 477 478 484 493 502 511 512 516 516 517 521 529 532 541 542 546 546 548 556 563 563 565 567 568 576 577 586 595 603 607 614 620 623 631 628 630 631 633 640 649 651 655 662 670 673 674 682 687 691 698 695 703 711 717 724 730
350 357 366 362 364 357 349 350 352 361 363 356 355 359 360 368 369 376 378 387 392 401 394 399 408 411 419 413 420 421 430 436 444 453 458 465 465 469 473 472 473 473 475 480 486 479 485 494 503 511 520 519 522 526 530 530 537 541 542 543 545 552 553 556 562 567 569 577 585 586 594 597 598 603 612 621 625 625 627 636 637 634 643 647 650 655 664 670 676 675 680 686 693 690 694 703 703 709 718 723
353 361 362 364 363 361 355 358 360 365 361 359 356 361 363 369 377 383 380 383 391 399 395 399 401 410 418 419 421 429 438 445 447 454 462 465 471 478 475 477 479 480 476 481 490 487 493 500 502 508 515 517 525 530 532 539 543 542 549 546 549 550 554 557 564 566 571 572 580 586 591 595 599 608 609 618 622 623 630 632 641 638 639 641 650 654 663 672 673 674 677 686 685 688 694 698 702 711 719 726
357 365 369 373 370 365 356 365 369 372 364 365 364 365 371 374 377 385 386 389 398 399 401 408 409 412 421 428 429 433 435 444 446 454 463 461 468 474 475 483 484 482 483 489 490 495 500 506 505 507 516 521 530 539 533 535 536 539 545 554 550 558 561 564 572 567 575 581 587 595 592 594 601 604 613 622 627 624 627 633 641 645 647 650 658 655 662 670 679 679 677 679 682 687 695 699 708 711 716 725
363 372 378 381 376 372 365 374 374 367 366 368 368 374 372 381 381 390 395 396 402 406 405 409 410 418 422 424 425 426 435 436 439 448 456 457 462 465 474 480 482 483 492 497 499 504 507 515 506 511 520 529 538 537 534 543 543 540 549 552 552 560 569 568 577 576 581 582 584 593 599 598 599 602 608 617 619 627 634 637 639 646 654 659 667 660 661 665 673 675 676 685 691 688 695 699 701 708 709 717
364 373 380 381 383 374 371 378 372 370 370 370 376 379 379 381 383 391 392 396 405 411 410 417 419 427 426 426 427 433 439 445 447 456 460 465 470 474 475 483 490 487 496 502 500 509 515 523 513 519 528 531 535 535 541 542 550 548 554 560 558 563 572 575 577 581 583 590 589 591 599 600 602 611 610 612 621 630 637 645 640 648 649 652 661 664 664 673 680 678 680 686 692 689 698 706 709 711 718 719
372 381 383 390 382 381 378 381 373 377 373 374 380 380 388 382 384 388 390 398 405 414 417 418 419 423 430 434 435 442 448 446 453 457 465 471 478 481 477 480 489 493 494 502 503 508 514 521 518 521 529 534 532 533 542 549 551 555 556 557 565 565 566 569 576 580 589 586 587 596 605 601 607 614 614 618 627 629 633 636 644 644 652 656 660 664 669 672 679 687 684 688 689 697 699 705 706 715 717 726
381 390 386 390 388 382 383 384 377 386 378 377 386 387 395 390 391 396 398 407 413 417 418 421 420 428 437 442 443 451 451 455 457 466 469 470 474 475 481 481 484 488 496 499 505 514 515 517 525 523 524 527 528 534 541 542 543 545 546 556 562 569 572 573 578 583 584 585 591 593 600 605 609 610 612 621 630 633 640 644 642 643 649 657 658 659 668 669 678 684 693 691 697 702 708 706 708 709 716 723
390 392 395 392 391 391 392 387 381 384 381 386 391 388 394 399 400 405 400 401 409 418 427 430 428 436 445 450 452 457 460 459 462 463 468 472 473 477 479 480 489 491 493 502 503 511 515 519 525 527 533 530 531 534 542 551 551 553 547 548 553 562 567 568 569 574 581 585 591 600 609 607 615 618 615 618 622 624 632 636 640 645 649 654 656 665 671 678 682 689 690 698 698 705 706 709 709 714 721 728
399 395 404 399 393 394 397 394 385 389 385 390 399 396 401 403 403 411 402 406 415 416 424 425 429 430 439 448 454 459 464 463 465 471 477 478 478 486 483 483 487 495 500 509 507 508 517 521 522 531 532 532 540 535 543 549 555 561 553 549 555 556 560 570 574 583 589 587 596 600 606 607 615 621 622 619 624 632 639 645 649 649 655 661 665 667 672 677 684 691 691 697 706 713 711 710 710 716 718 724
403 404 410 408 402 402 401 394 390 391 390 391 400 405 410 406 411 408 404 412 421 420 426 431 436 438 446 449 458 459 467 464 470 478 485 480 485 492 490 491 492 500 506 510 509 517 524 526 531 536 541 540 540 537 543 552 561 563 556 556 564 564 565 568 574 577 584 585 591 596 603 612 613 618 627 628 625 629 630 636 641 649 653 662 671 675 681 678 686 693 700 701 704 712 719 719 717 725 724 725
411 413 419 414 411 411 410 403 394 392 399 392 394 403 408 414 420 417 412 414 415 424 427 436 437 446 450 450 455 464 473 472 475 479 488 486 487 495 497 497 498 507 514 518 517 526 526 527 533 542 545 549 542 538 547 553 555 557 558 559 567 572 573 575 582 584 590 594 593 602 607 613 622 627 628 637 630 637 637 639 646 651 659 667 673 681 689 684 685 693 697 705 710 718 725 728 725 734 733 729
419 414 418 416 413 420 414 405 400 401 396 395 398 399 404 405 414 416 418 422 424 426 430 438 440 449 451 456 463 472 474 477 477 478 486 494 496 497 500 506 501 502 511 518 526 527 535 528 529 536 545 551 551 545 554 562 560 563 559 565 572 578 581 582 591 586 595 599 594 602 610 619 627 635 636 645 637 646 638 641 649 656 661 662 670 679 680 682 691 697 705 714 717 718 725 734 727 732 741 733
428 421 426 422 414 416 415 407 404 400 399 404 399 408 406 414 421 419 426 428 433 427 436 444 447 454 458 464 471 479 483 483 486 480 483 487 493 495 503 504 502 503 508 509 517 525 531 537 536 540 548 549 558 554 563 568 565 572 567 573 581 584 588 590 598 593 602 604 601 609 617 619 619 628 634 638 636 639 644 650 653 654 661 667 668 670 677 685 693 701 709 711 719 719 726 727 736 740 741 742
437 429 428 430 422 423 414 407 406 402 404 413 408 415 408 409 412 419 420 423 426 434 438 445 447 451 460 466 475 484 488 492 484 482 483 490 499 500 507 508 508 504 507 511 514 521 529 534 536 545 546 550 552 553 561 569 569 578 571 572 580 585 589 591 600 598 602 603 603 612 620 617 618 620 628 629 633 642 650 652 653 656 664 670 672 673 682 690 691 698 706 714 716 718 724 732 733 742 750 748
444 438 431 432 423 414 413 412 412 408 406 414 416 413 411 414 419 425 429 425 429 431 440 443 449 457 458 465 472 481 486 489 492 483 484 486 492 501 508 517 517 513 516 513 521 529 534 537 543 544 553 558 561 560 569 572 574 579 580 575 582 589 592 596 604 607 610 607 606 608 610 614 617 618 627 631 641 644 649 653 654 659 668 675 681 678 687 694 700 706 711 717 719 726 732 732 738 738 742 750
436 432 429 427 426 418 420 413 413 414 415 422 417 418 415 422 426 434 436 427 428 431 439 440 441 448 451 460 464 473 482 483 484 486 493 495 501 508 515 524 523 522 524 522 530 538 543 539 545 547 548 557 558 561 570 574 579 584 587 583 590 598 600 605 613 614 612 610 608 614 618 622 626 627 633 635 645 652 656 661 663 663 668 676 684 687 695 697 704 707 711 720 717 717 725 731 732 733 737 745
445 438 438 435 428 426 418 414 420 418 419 421 426 426 423 430 427 428 437 436 432 439 444 449 442 451 459 464 471 477 478 485 491 493 491 499 508 507 511 518 522 531 532 529 536 537 542 540 547 556 555 559 560 569 570 572 580 589 596 590 598 604 609 614 614 621 618 618 611 620 626 623 629 636 640 637 647 655 663 661 663 670 667 675 683 692 694 697 699 702 702 711 708 709 716 725 729 733 740 746
449 441 441 437 428 424 423 423 428 419 424 428 431 432 427 436 428 437 443 445 440 441 446 453 450 453 460 466 473 478 481 479 482 487 489 493 502 504 510 511 519 528 533 530 535 543 544 549 556 565 557 566 562 567 573 579 585 593 593 597 604 604 609 612 619 627 624 622 614 623 631 625 628 635 639 641 645 650 658 658 660 661 664 673 678 685 690 697 705 701 694 703 707 709 718 727 736 740 740 749
452 445 442 445 437 433 432 432 429 428 431 435 439 433 436 432 429 437 445 446 448 443 452 455 453 458 459 464 468 469 473 477 485 494 492 493 500 504 509 510 519 528 534 532 535 544 550 552 555 564 566 575 571 568 576 583 584 585 587 591 595 602 610 611 620 626 625 621 617 621 629 633 629 635 643 648 646 648 649 652 654 663 670 674 675 682 681 689 696 697 692 701 704 713 719 723 732 736 737 746
459 453 450 452 443 438 441 439 438 431 432 441 446 439 445 439 438 439 444 451 457 452 461 456 458 466 468 467 476 478 478 486 489 497 501 499 508 513 516 519 522 523 532 535 542 550 558 555 563 570 573 580 573 577 579 584 588 588 595 599 598 604 613 620 624 631 632 627 618 627 629 634 631 640 647 654 648 650 657 659 657 662 663 670 672 676 680 682 687 688 689 698 703 706 713 722 727 728 736 738
467 462 459 461 452 445 443 440 441 432 441 444 452 444 451 442 447 441 450 452 461 453 455 462 461 470 471 468 470 474 483 492 494 498 507 506 513 520 520 526 531 532 539 540 547 552 556 559 563 572 574 579 575 584 580 589 596 590 597 606 603 611 617 626 625 632 631 630 622 631 638 642 635 642 646 646 655 658 665 660 662 667 669 678 679 678 682 683 691 691 692 701 703 712 721 725 730 736 742 739
475 469 463 454 453 452 450 441 443 435 444 450 456 453 453 444 450 444 451 456 464 462 464 471 468 474 480 477 473 482 485 487 496 497 506 514 521 527 526 527 529 537 544 543 547 554 556 562 571 580 575 584 584 593 585 593 598 599 602 611 609 613 619 626 634 626 633 631 630 637 645 643 637 638 639 644 653 661 668 663 666 670 673 681 686 679 686 692 698 694 700 701 709 717 718 727 736 737 742 745
472 465 456 455 460 460 451 442 450 442 449 453 459 456 462 453 453 450 457 458 461 462 468 474 470 471 475 483 475 484 486 495 501 502 511 519 520 529 535 533 538 546 551 552 549 551 557 566 572 579 576 577 579 587 586 588 594 595 603 609 610 604 613 620 625 618 627 633 639 646 654 645 642 645 643 647 655 659 666 669 675 678 681 686 683 681 683 688 690 697 700 706 713 716 723 732 741 744 751 754
472 463 462 463 467 458 453 444 451 451 457 462 463 458 465 460 462 459 458 459 462 463 471 480 478 473 482 480 477 478 481 488 497 503 508 517 520 524 531 538 539 547 551 552 550 555 558 567 569 571 579 586 580 589 593 589 592 595 599 601 602 603 607 616 622 617 625 632 635 643 650 652 651 649 646 649 657 665 671 678 681 687 688 695 691 686 690 697 697 703 703 704 713 720 729 737 744 745 754 761
478 469 471 468 468 459 459 453 452 460 458 461 468 459 468 469 470 468 467 468 463 471 477 486 479 474 482 484 486 480 489 497 504 504 508 514 515 522 525 530 537 546 554 555 558 563 567 575 570 578 579 584 588 596 599 597 597 599 607 606 606 604 612 613 614 616 621 627 628 634 643 651 658 658 654 657 660 664 673 676 677 681 687 696 692 687 690 697 700 705 709 711 712 721 729 731 737 744 747 752
475 472 474 475 469 468 461 454 458 460 463 463 466 467 474 472 476 473 468 468 466 467 469 478 487 483 487 492 488 489 497 501 510 513 515 516 521 526 527 531 540 547 551 554 563 571 570 579 577 583 588 593 591 597 603 605 598 606 614 608 615 613 617 620 621 618 619 625 634 637 641 644 650 653 655 659 660 662 667 669 678 686 693 694 694 694 693 694 698 703 705 714 719 723 724 732 734 743 751 755
484 476 481 484 478 477 470 463 464 465 471 471 467 470 479 473 478 475 473 476 467 476 477 486 494 490 488 497 490 496 505 510 519 522 520 524 526 531 536 532 537 543 544 553 558 565 569 578 580 581 584 589 597 598 600 606 607 613 622 613 620 621 624 626 630 626 628 634 642 645 646 651 655 659 657 666 662 669 668 677 683 687 690 699 700 702 697 702 699 707 714 723 722 723 732 738 736 741 743 746
485 484 490 485 486 482 473 469 465 470 474 472 470 471 479 481 485 477 476 484 475 476 477 486 492 491 495 504 495 504 505 514 522 531 527 525 534 537 536 535 536 542 551 558 567 574 574 582 588 582 583 592 598 607 607 613 614 614 622 621 626 624 626 635 634 627 633 636 637 638 639 645 653 654 662 666 671 671 677 679 685 690 694 695 697 705 706 706 700 704 706 715 716 725 731 732 736 737 746 754
491 489 497 492 484 481 475 473 472 471 479 480 477 477 484 490 490 486 478 487 481 485 486 487 491 495 499 500 497 506 510 519 524 533 532 526 532 539 545 542 542 548 556 563 567 576 580 582 591 586 592 594 601 606 610 613 618 616 620 623 628 632 632 635 638 629 638 644 646 642 644 646 651 658 660 669 677 680 680 680 682 691 700 696 703 710 712 708 704 710 712 713 715 716 722 730 731 736 744 748
500 498 498 490 486 477 476 481 480 476 477 478 483 482 488 497 494 485 484 493 488 494 495 492 500 498 499 500 500 508 513 522 528 529 538 531 538 547 544 543 551 549 554 563 572 578 587 590 599 594 600 603 609 615 619 619 627 625 626 624 629 636 641 641 640 631 633 637 642 647 652 649 653 654 657 664 673 674 679 680 684 685 692 700 708 714 718 711 709 713 720 719 724 718 725 731 736 735 736 739
507 498 490 489 480 479 484 485 481 484 482 480 489 483 491 492 501 494 489 492 489 493 502 496 504 499 507 508 508 509 511 519 522 528 537 540 547 551 553 546 550 558 562 571 580 587 594 597 598 596 598 607 610 618 619 627 634 634 631 632 638 640 646 642 644 640 634 641 645 649 650 658 661 661 666 671 680 682 680 684 692 687 690 692 700 709 709 718 715 720 726 728 729 720 721 722 727 733 741 740
504 497 490 489 481 485 493 489 490 488 491 489 494 486 493 493 498 501 492 496 491 500 509 503 512 506 515 510 512 516 517 525 524 530 539 543 552 552 557 551 557 565 568 576 585 590 599 606 605 601 605 614 618 623 626 629 635 642 634 633 642 649 651 651 647 639 637 645 652 655 658 664 669 670 674 676 680 681 689 689 697 688 691 692 700 702 705 713 721 721 726 727 726 723 727 725 735 735 739 747
509 503 494 490 490 488 490 490 499 490 496 498 496 487 496 502 501 500 493 500 499 502 509 508 513 512 519 514 515 520 522 531 533 539 540 549 552 561 562 558 566 570 575 577 584 585 594 603 610 609 606 615 623 624 629 636 641 650 642 636 642 651 660 660 651 644 643 651 655 664 666 671 678 671 679 679 680 683 692 690 699 696 700 701 709 706 714 722 728 729 727 735 731 730 735 731 734 736 745 752
509 501 495 498 496 495 492 495 498 491 495 504 499 496 505 503 503 509 502 505 505 511 518 512 519 513 522 519 524 522 524 531 538 543 545 548 557 564 564 567 572 577 578 578 584 588 595 604 608 615 607 615 624 633 633 636 641 648 651 645 651 658 663 662 660 652 652 657 663 672 667 676 681 677 684 685 686 684 693 695 704 704 709 710 715 707 716 724 733 738 735 741 732 735 738 738 741 737 738 742
511 504 504 505 504 501 501 502 493 492 500 503 506 497 502 507 511 510 509 507 507 509 515 520 519 518 519 528 532 529 533 532 540 548 554 550 559 560 568 565 574 578 587 583 588 597 601 603 611 615 614 620 624 625 634 643 642 643 649 650 657 666 672 665 659 656 658 665 672 675 673 682 686 678 685 693 688 687 690 691 698 701 710 719 722 715 722 726 735 742 743 745 737 743 743 742 747 739 746 748
514 508 509 513 505 509 508 506 499 497 504 504 513 506 511 516 520 516 514 513 515 511 519 527 528 519 527 528 536 534 541 538 545 551 558 551 558 563 571 564 565 574 583 592 597 594 594 599 605 606 607 611 615 617 626 635 644 652 654 659 658 667 672 673 667 659 667 674 676 677 681 684 692 686 691 696 697 688 696 700 702 710 716 722 725 717 726 735 739 747 752 749 744 750 749 751 755 748 752 749
517 517 511 514 510 517 509 507 506 506 506 513 515 508 517 524 529 524 515 514 517 514 522 524 533 526 527 535 538 543 550 547 547 556 563 555 557 559 562 563 565 569 577 585 591 592 593 595 604 612 613 620 623 626 629 637 644 653 661 660 666 675 676 678 673 667 676 682 683 678 683 690 693 691 694 695 699 696 704 709 711 711 719 720 726 718 725 732 740 741 748 756 750 751 758 760 759 755 760 758
