  0 329 323 328 331 327 336 338 341 349 348 344 342 350 354 353 347 348 352 351 354 363 371 371 380 378 378 383 386 387 391 388 389 398 399 405 405 412 413 414 422 425 434 435 441 441 445 447 455 459 462 464 473 482 480 488 488 495 498 503 512 504 506 514 523 521 525 533 534 540 549 558 565 567 574 576 579 577 582 577 582 590 594 602 604 613 621 630 627 633 639 640 641 647 655 661 662 658 664 673
  8 322 321 322 322 326 327 334 339 340 343 335 340 341 345 352 346 349 347 348 351 357 362 370 378 376 374 376 382 390 382 384 388 395 396 405 404 410 416 423 423 424 430 434 442 437 440 442 447 451 453 459 467 474 474 481 484 487 489 497 506 498 506 515 519 518 525 528 536 544 552 551 556 559 566 571 571 568 577 574 576 585 594 598 606 615 620 628 625 632 630 636 643 643 652 652 653 654 663 670
 16 314 312 321 319 328 320 326 331 333 335 333 331 334 339 345 338 341 342 349 358 364 371 365 369 371 370 376 379 383 377 381 389 396 405 410 403 408 408 416 423 429 421 426 433 431 439 445 453 451 455 464 465 467 472 480 483 482 489 496 504 496 504 507 511 516 523 525 531 537 546 548 556 556 557 565 566 567 568 572 575 584 593 594 601 610 611 620 616 623 628 633 634 642 643 646 653 654 655 661
 17 318 311 313 314 319 317 318 322 330 332 327 329 330 332 338 336 341 343 352 357 357 362 357 363 364 369 371 372 374 376 385 393 398 407 401 401 402 407 408 414 420 418 420 429 428 436 441 444 450 455 455 459 466 472 475 476 480 488 487 495 495 496 502 511 515 522 524 532 541 541 550 552 552 561 561 570 567 573 576 584 588 586 587 593 602 604 613 612 614 619 627 630 633 637 641 649 658 659 667
 26 318 310 307 313 314 316 323 328 327 323 324 332 333 331 329 333 342 346 347 355 350 353 353 356 360 360 362 364 367 372 381 388 389 398 395 394 403 408 400 409 411 412 419 420 427 436 441 449 454 460 452 454 463 465 472 481 482 482 484 490 489 497 506 508 512 519 524 528 536 533 541 543 551 553 554 563 564 566 567 576 584 585 588 594 596 604 605 606 610 617 619 621 630 636 644 648 657 664 667
 28 312 303 301 304 305 314 323 322 318 316 318 327 324 322 328 336 336 341 341 349 346 352 351 355 361 359 364 363 364 369 372 379 388 389 396 391 396 402 397 402 405 411 419 420 426 429 435 441 446 453 449 457 458 467 471 473 477 478 481 485 488 492 497 506 508 512 516 525 527 532 533 542 548 556 554 563 572 572 575 576 585 592 589 598 597 605 610 615 619 619 625 622 627 633 636 645 654 656 658
 29 304 295 295 300 304 313 319 314 316 307 314 319 315 316 322 329 330 332 339 341 337 344 348 346 353 357 359 360 367 375 369 376 383 390 387 389 390 393 394 401 402 410 414 418 426 427 430 437 439 448 447 451 456 458 464 466 471 480 483 484 487 492 501 509 516 515 519 523 524 525 532 539 540 548 553 557 563 570 574 576 579 584 592 601 606 614 618 617 624 626 627 626 634 640 637 639 647 651 650
 33 297 291 294 303 306 310 313 306 314 306 311 317 314 322 322 328 323 332 335 338 335 343 350 345 344 349 350 358 363 367 368 372 379 382 386 395 398 400 397 406 410 418 423 419 422 424 428 434 443 445 446 454 463 460 464 467 469 475 478 480 482 484 493 501 510 517 516 519 525 534 540 548 541 550 550 551 556 565 567 568 576 581 587 596 602 610 619 623 631 627 632 635 639 643 639 647 644 644 647
 41 291 290 292 296 297 302 305 304 312 304 304 313 313 316 321 320 322 330 326 331 333 341 343 347 341 345 352 361 370 366 366 370 374 381 390 387 392 399 406 412 409 412 414 417 426 430 437 440 442 441 444 449 456 463 469 476 477 483 487 483 489 487 496 505 511 513 515 522 524 532 541 543 543 546 548 551 555 556 559 566 574 580 585 590 599 607 610 614 622 619 628 631 635 642 644 647 643 635 643
 42 283 287 284 289 292 301 299 298 307 300 301 306 312 318 327 319 315 324 325 333 329 338 345 338 340 344 353 360 364 357 365 370 373 379 387 380 386 394 403 405 405 413 415 419 421 430 439 437 439 438 447 449 456 464 472 476 478 482 483 483 492 493 498 498 506 510 516 516 524 525 532 537 545 551 548 549 558 565 563 572 573 582 586 591 595 601 609 611 613 613 621 630 626 634 636 638 641 634 640
 51 278 285 277 285 287 293 293 295 301 299 305 306 304 310 319 319 310 315 317 324 328 334 337 336 345 345 349 351 358 356 361 363 370 371 378 378 382 389 398 402 404 411 419 426 423 426 430 432 432 437 445 446 451 456 465 468 470 473 474 477 484 490 491 492 498 504 507 513 516 524 526 532 541 542 546 552 561 567 568 576 581 573 577 586 592 598 602 603 611 612 613 622 625 626 628 631 632 633 641
 56 273 282 276 284 292 285 292 293 294 292 296 297 300 301 310 313 308 317 318 327 323 330 338 334 343 348 351 360 355 354 360 359 368 376 380 376 379 386 390 393 395 403 410 418 417 417 421 423 431 439 447 447 456 457 465 467 474 475 481 486 491 495 496 495 502 508 503 506 511 515 524 530 539 537 545 554 558 559 568 572 572 571 574 582 587 595 594 594 603 604 612 613 617 626 627 635 641 641 644
 58 270 273 275 277 283 277 286 293 289 290 297 302 296 302 303 304 305 314 317 318 322 324 331 333 334 342 351 360 357 350 352 358 361 368 377 375 377 386 388 391 393 397 404 412 409 410 413 422 427 431 440 447 451 456 459 462 466 470 479 488 493 495 504 499 504 503 498 506 515 521 515 524 531 532 538 545 550 559 563 572 567 569 572 575 582 590 589 592 597 601 608 614 620 627 635 630 639 647 653
 66 266 268 273 271 274 272 280 284 288 296 294 294 287 296 303 308 314 318 319 327 325 330 331 340 343 349 343 352 348 349 357 366 369 364 368 374 380 383 387 396 400 405 405 406 408 417 422 421 427 436 442 443 444 453 453 454 459 466 474 480 488 493 501 492 496 495 497 498 507 512 513 522 530 539 543 544 551 556 555 564 565 571 578 584 580 582 586 587 588 595 602 605 614 618 627 629 638 641 648
 73 265 259 265 262 266 268 277 276 284 287 292 287 283 290 298 299 305 310 311 319 328 325 326 333 342 343 341 345 347 354 363 371 364 363 369 371 372 381 385 391 400 405 399 408 403 411 416 420 423 427 435 442 451 450 447 456 463 470 471 471 479 485 494 486 487 494 496 499 508 511 516 523 525 533 535 538 545 548 554 560 567 568 576 576 578 587 585 586 594 597 605 606 608 617 622 631 640 638 643
 74 257 258 256 259 261 265 271 275 275 278 286 283 279 281 290 294 302 305 310 318 322 324 325 326 335 334 340 345 348 355 364 367 366 362 369 363 369 377 376 385 394 396 396 405 396 405 412 414 419 426 434 443 443 442 443 452 457 462 463 470 479 477 485 485 486 487 494 499 507 514 521 523 524 525 526 534 540 541 550 558 558 562 567 568 575 581 584 586 592 594 596 604 613 617 621 623 632 633 634
 83 252 249 255 256 261 263 270 272 274 272 279 286 278 282 291 300 298 306 305 310 314 321 316 323 326 330 337 341 349 358 366 359 363 361 360 360 366 371 375 381 390 399 394 397 394 397 403 410 412 417 426 435 444 441 446 453 456 461 464 469 477 475 476 484 489 495 503 500 509 517 518 521 530 532 531 540 541 549 553 561 553 554 562 571 578 579 586 592 597 601 598 606 611 616 619 622 629 632 640
 89 250 242 251 257 252 261 266 274 274 266 271 279 275 282 285 291 295 297 299 305 307 312 313 316 321 324 328 336 344 350 359 350 356 352 353 357 361 366 372 379 385 392 391 389 391 397 406 414 418 419 428 426 435 436 440 446 451 459 465 469 472 469 478 479 488 496 502 508 509 517 522 527 531 533 532 541 547 545 551 554 552 560 567 572 581 580 588 589 595 599 602 611 620 623 619 620 628 629 638
 93 244 240 246 253 250 256 263 266 265 264 270 273 274 283 283 287 292 301 302 304 302 303 307 308 317 318 319 327 335 344 352 343 347 348 356 365 367 369 375 376 381 388 396 388 395 400 409 418 423 420 420 422 426 435 440 447 445 453 459 463 468 467 474 483 484 491 500 502 510 510 519 518 523 524 533 532 538 537 542 545 548 555 564 567 574 583 592 590 597 596 603 604 611 618 618 627 631 637 642
 94 244 237 244 246 245 252 259 262 256 257 266 275 274 279 279 286 292 292 301 303 298 301 310 313 318 326 322 328 335 343 346 342 344 352 350 357 364 373 370 378 374 382 387 386 389 398 407 409 416 421 416 423 424 431 440 441 442 450 452 459 461 465 473 475 484 488 491 500 508 508 517 517 525 527 525 523 530 533 538 547 556 560 564 572 581 583 592 589 593 595 601 608 608 609 610 618 623 628 633
100 241 236 237 242 243 252 253 258 254 248 257 266 271 277 275 277 285 284 293 294 297 306 312 312 317 325 330 335 339 341 343 336 337 344 345 348 357 365 369 371 368 373 380 383 392 398 399 400 409 412 414 423 426 427 433 440 441 448 454 454 463 469 475 480 484 492 498 505 505 505 511 515 523 519 516 522 524 529 538 546 553 560 562 567 576 583 590 583 584 591 593 600 607 612 613 615 622 631 639
109 232 229 235 235 244 249 244 251 253 247 249 257 264 268 271 274 277 279 286 295 298 304 309 311 316 319 325 328 330 332 334 335 343 342 347 341 350 356 361 362 365 366 375 376 385 391 398 402 408 405 413 419 425 431 440 436 445 446 447 452 461 463 470 476 478 487 489 496 496 497 502 506 515 521 513 522 531 537 540 544 550 559 568 563 572 574 581 582 587 590 598 591 599 604 605 610 616 622 631
118 223 222 229 231 237 242 243 243 244 246 251 259 260 265 274 275 282 288 294 295 298 302 311 314 314 317 318 319 321 329 329 336 334 336 339 339 341 350 357 365 367 370 374 377 383 391 392 401 401 404 409 417 426 426 432 431 436 437 438 445 454 454 463 469 471 480 486 487 494 495 503 511 519 517 511 516 522 529 531 540 546 550 559 562 566 571 572 574 583 589 589 590 593 602 601 606 613 615 623
122 214 219 222 225 232 236 244 239 246 252 257 259 268 268 270 274 275 279 286 288 297 301 304 311 313 311 317 326 324 324 326 327 327 330 335 337 345 354 362 364 368 371 380 374 380 387 389 398 396 398 401 410 417 422 423 429 433 440 447 447 448 453 460 469 478 479 478 487 488 488 497 504 513 511 508 517 523 525 533 534 543 550 552 553 562 568 572 574 583 584 588 596 593 597 598 607 615 619 624
127 211 215 221 221 226 228 235 237 244 245 253 256 265 266 266 272 266 271 279 288 297 306 298 302 307 310 308 317 316 323 320 325 322 331 335 344 350 349 353 355 361 362 371 372 374 378 386 395 394 399 400 404 413 422 428 429 438 441 447 456 456 454 462 471 472 473 477 484 485 486 488 497 505 506 507 508 516 524 526 531 540 541 550 554 560 569 564 568 576 583 591 596 589 598 592 600 606 615 616
132 206 209 218 213 218 227 236 241 242 248 252 260 263 267 260 265 263 269 278 284 292 299 290 297 301 301 306 313 313 314 314 322 321 323 332 340 346 343 347 354 360 365 369 373 378 379 380 388 390 398 405 409 417 424 433 435 442 449 443 447 456 462 463 472 475 478 486 493 489 488 497 505 507 512 514 515 519 525 526 532 541 550 552 554 552 561 561 564 572 574 583 587 588 589 590 599 602 611 615
133 205 203 210 210 218 227 230 239 237 243 244 251 254 262 259 258 261 265 274 282 286 290 288 291 292 299 299 304 310 307 312 319 314 323 329 335 337 338 339 348 351 358 361 366 373 381 381 382 390 399 408 411 414 423 426 435 443 448 440 443 451 453 457 466 468 471 479 487 488 495 502 511 515 520 513 522 521 526 534 541 544 547 543 545 548 554 555 564 572 581 588 586 589 593 599 600 604 606 611
141 207 200 206 204 213 222 223 230 235 244 246 251 255 254 263 257 265 268 272 273 278 284 280 282 288 290 298 299 301 303 304 312 313 319 328 337 346 347 346 355 359 359 368 375 374 383 384 384 393 400 404 407 415 420 428 434 440 439 438 446 449 457 464 460 459 468 474 482 489 490 499 507 511 511 505 513 522 527 532 535 540 547 540 544 546 555 564 565 567 576 584 583 585 593 596 605 607 615 614
142 206 198 197 199 208 215 216 223 227 236 243 243 250 252 256 256 256 265 268 274 269 277 278 276 285 291 300 308 308 312 311 320 322 325 334 339 348 348 349 358 364 366 370 376 381 385 386 393 400 408 412 408 409 415 420 426 433 438 434 443 445 454 455 456 457 464 471 473 480 489 492 501 503 503 504 511 519 523 524 528 532 539 537 546 552 553 560 560 562 570 578 579 583 590 597 606 607 616 617
151 203 199 190 194 202 209 205 214 223 231 233 234 239 247 248 250 251 254 259 263 265 266 272 273 283 289 293 302 305 314 312 317 318 326 335 344 350 350 350 359 367 371 377 383 390 391 393 402 403 412 419 415 411 412 419 424 425 429 430 439 448 450 459 458 460 462 471 472 479 480 489 494 497 498 505 512 513 515 516 522 523 530 536 543 552 555 556 557 565 571 574 576 584 591 599 608 616 618 618
155 194 196 185 186 195 198 204 211 219 227 235 242 244 250 257 257 253 262 260 268 272 274 274 275 276 286 295 298 305 314 314 320 327 332 336 339 346 353 352 358 362 368 376 384 393 395 402 410 412 406 415 418 412 419 428 425 433 438 439 442 450 459 467 460 463 470 476 481 487 484 486 495 501 504 510 517 521 521 522 529 528 537 538 542 547 549 558 556 564 572 575 584 592 600 605 607 607 613 609
162 169 174 184 190 199 207 210 218 221 230 238 239 248 241 250 254 254 263 269 275 273 276 280 283 281 289 295 301 304 306 307 313 322 331 331 340 346 353 358 363 369 372 379 385 386 394 401 401 404 405 412 413 414 423 432 430 437 446 447 449 456 460 465 469 470 478 481 488 490 483 490 496 497 499 508 516 517 524 525 522 529 535 530 536 538 545 550 552 557 563 569 578 586 595 602 605 603 608 605
171 176 181 183 190 191 200 209 217 225 226 229 238 239 240 248 257 257 266 275 270 273 274 283 292 283 290 291 298 302 308 308 315 323 325 330 332 340 347 354 357 361 366 371 376 384 385 393 399 408 407 416 421 423 431 437 435 437 442 451 452 452 458 462 471 476 478 478 479 481 482 487 488 497 498 504 513 522 523 523 520 528 526 529 534 538 539 548 556 563 569 571 576 580 587 594 596 600 605 603
176 182 190 192 196 199 207 216 221 224 232 238 242 248 242 247 255 256 265 267 269 276 281 290 292 286 291 295 301 307 308 316 316 321 330 339 341 341 349 355 360 365 374 377 377 386 394 398 404 406 413 420 417 423 432 436 439 446 450 447 443 451 455 458 464 468 470 477 478 475 477 482 491 494 497 500 509 518 524 518 518 526 525 533 536 538 547 553 554 563 572 577 582 588 585 586 591 592 600 602
180 189 198 198 197 198 203 211 220 222 227 235 237 244 243 252 258 265 273 268 271 277 283 288 293 289 297 301 306 315 315 322 318 319 322 332 341 350 352 353 359 360 369 374 374 381 389 398 396 404 406 414 415 423 427 428 437 438 445 446 439 448 455 456 465 466 470 469 469 467 468 477 484 486 489 498 503 510 516 509 510 517 522 528 532 533 539 548 556 561 565 570 573 582 578 586 591 600 603 595
184 191 194 202 205 207 208 216 224 229 228 235 237 245 246 250 259 268 269 271 277 286 288 297 296 298 299 300 305 314 316 320 327 328 323 331 336 344 345 349 351 359 367 368 369 376 381 390 393 402 408 408 416 418 420 421 428 432 436 437 438 439 448 451 456 461 465 463 464 466 468 472 477 478 487 495 496 505 510 508 513 511 514 523 527 535 538 547 555 552 561 562 568 574 570 577 584 591 600 593
193 199 203 203 209 213 216 225 225 231 234 235 237 245 248 255 259 268 267 272 276 280 288 297 301 307 305 301 310 311 319 321 330 330 325 333 338 347 351 358 360 366 373 370 378 377 382 383 392 394 399 404 413 422 426 428 435 439 436 441 447 448 450 457 457 459 461 462 471 475 475 478 479 486 487 496 505 503 503 504 505 510 519 515 524 528 536 541 550 551 557 563 559 566 567 576 577 582 591 592
201 200 206 211 218 215 224 228 229 231 232 241 244 249 252 255 257 265 266 271 273 282 282 289 292 298 307 304 307 310 318 323 328 335 332 342 342 349 357 366 362 371 375 367 372 378 378 380 388 392 401 406 414 417 418 424 428 431 433 437 444 450 459 459 466 466 463 464 465 467 468 471 479 481 486 494 496 494 502 509 506 507 513 514 522 526 530 535 544 551 548 554 555 564 572 576 584 590 597 601
206 207 212 220 226 224 231 231 230 237 233 242 246 251 256 262 262 264 271 277 274 277 279 288 290 297 304 306 309 317 324 332 337 337 335 342 348 353 360 368 360 364 370 364 365 373 377 385 387 395 398 399 408 416 424 425 433 430 435 440 444 453 461 461 469 466 465 466 474 469 477 472 479 485 485 492 487 488 495 503 507 514 516 517 526 530 537 540 548 543 545 551 555 564 569 570 578 587 596 600
214 210 213 215 224 230 239 240 233 239 238 240 249 253 256 258 260 268 276 285 280 284 285 290 299 298 299 308 314 322 328 329 336 341 337 338 339 349 354 360 359 361 363 362 369 370 378 384 391 398 402 400 406 415 423 424 428 429 435 444 452 458 458 464 467 466 471 474 482 478 478 473 474 476 483 484 486 491 500 505 512 515 516 520 523 525 529 538 541 542 551 558 556 565 572 572 574 583 588 591
219 217 216 217 225 234 236 242 242 246 243 249 258 261 264 259 263 270 278 287 281 287 289 296 301 299 305 313 314 319 321 329 336 345 339 340 340 346 349 350 352 355 357 361 363 372 377 385 387 396 405 404 405 406 415 418 419 428 430 439 443 452 449 457 465 463 464 473 475 483 486 478 483 484 491 488 495 500 501 505 511 512 519 525 530 534 535 544 544 549 558 562 561 569 570 578 575 579 588 597
224 218 224 220 227 234 235 244 248 249 251 250 258 263 265 267 270 272 281 282 285 291 296 297 305 302 307 313 318 327 328 331 337 341 346 345 349 355 350 351 359 357 364 369 372 380 386 380 388 391 397 395 396 399 408 410 419 423 424 431 440 445 444 453 456 457 458 465 468 477 485 487 483 485 487 495 502 507 507 512 512 515 523 525 529 538 544 551 550 558 561 570 567 573 579 587 583 581 583 590
226 219 220 227 231 236 244 249 255 258 258 252 258 264 267 276 271 272 280 287 287 295 302 305 308 307 309 315 321 330 337 340 342 349 355 354 352 356 355 355 363 358 360 361 364 372 381 375 382 385 388 391 394 402 409 413 422 426 432 432 434 439 442 451 452 458 467 474 469 471 479 480 481 490 489 494 501 507 513 521 517 524 528 534 535 544 552 556 557 563 570 579 576 582 587 590 586 582 583 592
235 226 229 236 233 242 250 254 250 258 260 255 264 265 266 270 271 273 275 283 289 297 301 304 307 310 311 320 324 330 338 339 348 355 360 355 357 355 361 364 370 364 367 363 367 369 371 372 373 378 381 390 394 399 400 407 413 422 428 437 438 446 443 451 457 460 469 472 471 479 476 471 474 483 486 494 495 499 508 515 519 526 531 536 537 546 554 557 564 564 571 572 579 587 593 595 594 591 590 599
244 235 230 231 233 238 242 248 249 257 266 257 263 271 271 272 274 279 284 290 298 301 302 303 312 316 316 321 328 329 331 333 341 348 354 362 353 354 363 366 375 373 368 372 375 370 379 380 381 379 380 382 390 399 400 409 418 421 427 434 437 445 446 447 456 456 463 465 472 479 471 470 478 487 490 498 501 507 512 521 520 525 532 539 545 542 551 555 561 566 575 576 585 594 602 604 597 600 592 596
238 233 232 238 240 239 247 255 256 264 271 263 266 270 278 277 282 287 291 299 305 310 310 305 314 316 322 329 337 330 331 333 342 343 347 353 348 357 365 367 374 371 369 376 374 373 380 381 390 384 385 384 386 395 402 410 412 413 419 428 430 438 445 448 457 454 462 470 465 470 467 469 478 484 491 496 505 513 520 517 517 518 526 530 539 540 549 558 566 575 584 580 589 598 603 611 606 604 600 597
239 240 241 244 244 244 251 259 264 273 275 269 274 273 282 281 284 288 294 296 303 310 311 311 319 325 323 327 335 331 337 334 335 340 344 345 347 354 358 367 375 374 378 385 382 382 382 390 391 392 386 390 387 395 399 407 411 412 418 424 431 435 438 439 448 451 460 461 463 465 466 474 477 484 493 494 503 510 511 512 515 519 528 533 535 544 553 554 560 568 575 584 590 593 600 604 603 603 605 603
244 245 248 253 253 253 260 262 269 278 278 270 276 278 283 290 289 296 303 301 310 315 315 320 322 328 327 331 337 340 343 341 344 346 346 352 353 357 360 361 366 368 371 377 386 391 391 399 400 392 387 395 394 395 397 399 407 416 424 432 432 436 441 445 451 460 467 465 471 473 475 482 485 493 502 500 509 516 517 520 524 520 529 530 539 544 553 562 566 574 583 579 587 592 599 600 601 602 610 608
253 254 249 258 262 262 266 263 272 272 273 272 281 280 287 287 288 293 302 310 319 319 322 328 331 330 332 340 345 347 347 345 348 354 354 359 357 364 369 370 374 370 372 380 389 394 393 402 398 397 396 399 399 400 402 406 413 421 425 429 438 445 442 448 457 461 464 471 478 474 482 484 489 491 499 508 517 520 526 527 523 522 530 539 548 548 557 566 574 579 574 576 582 583 590 598 607 611 618 610
258 256 257 266 263 271 272 266 267 271 280 276 278 280 285 286 294 302 309 313 314 315 321 327 332 338 335 344 353 351 348 354 356 355 355 364 363 372 373 374 379 372 380 389 390 398 395 404 405 400 397 406 406 409 411 413 422 430 434 434 440 445 444 451 456 462 470 475 473 474 477 480 489 496 505 512 513 522 530 531 525 528 529 534 540 543 552 561 565 571 572 581 590 590 596 603 604 612 611 618
259 263 265 273 266 270 271 273 269 270 271 277 286 284 287 291 297 304 313 315 320 318 327 334 336 339 338 340 348 356 357 360 364 362 358 366 372 379 377 375 384 381 387 388 389 394 403 412 406 406 406 415 413 413 413 418 420 427 433 434 443 451 451 455 463 464 470 471 472 477 486 488 497 500 505 506 515 520 526 527 532 529 537 542 549 552 553 558 561 566 575 584 585 592 600 607 605 613 609 618
260 269 266 272 273 271 279 282 278 278 278 280 289 293 294 299 306 309 314 320 322 326 331 340 337 345 343 344 353 360 362 368 369 370 365 374 377 384 379 383 387 383 384 392 396 402 405 406 407 415 412 415 416 414 415 420 429 431 436 443 452 455 460 464 467 472 479 478 480 485 487 496 497 501 502 510 516 523 531 536 534 535 541 546 550 559 561 559 564 569 574 579 580 589 595 602 608 611 605 614
267 276 271 275 282 274 276 284 281 284 279 282 291 300 300 306 312 310 312 313 322 328 330 337 342 349 352 348 352 353 356 359 360 361 370 371 380 388 380 382 384 392 393 395 398 405 414 407 414 423 419 423 422 416 424 427 435 440 443 450 455 461 461 465 470 478 487 486 481 487 495 497 505 508 510 517 518 520 528 529 530 537 545 553 554 555 557 562 563 569 577 583 589 598 595 596 599 602 603 608
274 275 280 284 288 283 279 288 286 286 283 289 293 301 303 309 313 311 315 318 327 333 334 342 344 353 360 357 357 356 362 367 365 370 374 372 380 386 389 384 386 387 389 398 399 408 415 408 409 414 422 431 427 417 426 435 444 447 450 451 452 459 463 463 464 469 478 479 484 487 496 504 510 513 516 518 522 524 532 534 535 536 538 546 547 555 558 561 570 575 576 583 588 591 594 593 600 609 608 611
283 284 289 288 289 292 287 296 287 290 292 290 299 302 309 318 322 320 323 325 331 334 340 348 345 348 356 363 364 362 368 369 370 378 377 381 383 386 392 392 394 392 397 398 406 414 422 417 417 422 430 430 423 421 428 433 437 438 447 454 453 454 462 461 469 478 485 487 493 488 491 497 505 510 515 520 521 530 539 538 543 538 547 554 553 560 561 563 564 566 567 576 579 582 589 590 599 608 615 620
292 293 298 297 297 294 290 295 294 299 301 298 307 303 307 316 318 327 326 326 329 330 337 346 354 356 361 364 372 365 373 375 372 380 386 382 389 387 392 400 395 396 401 407 414 422 423 423 426 426 428 437 431 429 434 441 445 447 456 455 454 455 457 459 467 470 478 482 489 496 496 503 508 515 524 529 524 533 535 536 544 539 541 545 550 559 561 567 565 574 575 583 588 591 598 595 601 602 611 618
294 302 303 300 304 295 291 297 303 300 300 299 301 307 308 317 326 333 335 335 335 337 341 345 351 352 361 367 373 372 379 377 377 379 380 388 394 395 398 407 404 405 410 411 419 423 428 431 434 429 431 435 440 433 440 447 450 456 458 456 456 464 466 463 464 473 479 481 490 494 497 499 506 513 516 525 529 535 541 544 547 547 550 548 549 553 559 566 570 574 578 580 583 584 593 602 610 606 610 614
302 310 307 304 301 297 298 305 304 308 308 301 303 308 312 317 326 331 336 344 337 345 343 350 359 354 363 369 371 375 380 386 384 388 381 385 386 392 401 409 409 406 414 418 419 420 427 428 431 432 440 443 441 436 438 444 445 454 459 465 465 465 467 468 471 478 482 487 488 497 505 508 513 516 519 520 525 534 543 544 553 548 551 549 557 562 567 573 579 579 587 583 587 593 598 599 604 613 612 621
303 306 315 313 306 302 307 307 311 310 311 302 303 306 313 316 325 332 334 338 343 352 347 356 363 363 372 374 380 379 388 393 388 388 387 394 395 401 405 407 413 411 420 420 428 429 436 437 436 436 444 449 450 445 446 453 452 458 459 468 474 473 469 471 480 479 481 487 494 503 504 509 518 517 518 519 528 537 546 552 553 555 555 556 559 568 570 571 579 588 596 592 591 594 596 598 606 608 617 626
306 315 324 321 313 310 310 315 314 318 315 306 304 311 317 321 322 327 334 340 348 352 354 361 366 366 374 375 383 382 386 395 397 393 394 397 396 399 406 405 407 411 412 421 424 430 432 434 443 437 440 448 455 450 448 454 455 459 468 470 474 481 477 480 482 488 490 489 492 500 509 515 516 519 519 528 537 539 540 546 554 562 556 562 566 574 579 578 583 591 596 596 598 596 598 603 611 617 626 635
315 322 330 325 320 319 313 321 318 322 315 314 305 310 318 327 331 335 334 340 343 349 358 365 371 371 379 383 392 388 395 404 402 394 395 399 398 399 403 404 405 414 414 415 416 425 433 441 444 446 444 452 461 457 455 462 464 464 471 476 476 479 483 489 491 496 498 491 499 506 507 515 523 525 520 522 528 535 543 552 560 559 563 567 575 581 586 587 592 595 602 601 602 602 607 611 619 624 631 634
322 331 338 333 325 317 314 315 324 326 322 313 306 310 315 322 328 331 332 340 346 352 361 369 364 373 376 381 384 392 398 407 402 397 402 400 400 406 411 408 410 416 421 424 423 425 431 436 445 451 445 453 456 464 457 464 471 468 473 477 481 482 487 493 495 496 498 493 499 508 513 522 524 533 528 531 536 539 547 551 552 556 562 564 571 580 586 589 590 598 607 608 609 606 611 613 621 628 637 642
327 336 342 338 332 323 317 324 332 328 326 319 315 315 317 322 325 334 341 343 344 353 354 361 362 371 372 373 375 384 391 399 402 401 408 408 407 413 415 414 418 422 429 432 427 428 433 442 451 460 454 458 458 459 461 469 472 477 474 479 480 482 490 497 496 498 496 494 502 503 512 521 529 533 535 537 539 547 548 550 551 553 560 569 571 575 582 590 593 594 602 607 611 614 612 620 628 636 643 649
333 340 345 336 335 328 320 321 323 332 324 317 316 320 321 329 330 337 339 348 353 362 355 360 369 372 380 374 381 382 391 397 405 410 414 415 415 419 423 422 423 423 425 430 436 429 435 443 452 460 463 461 464 468 470 470 477 480 475 476 478 486 487 490 496 501 498 503 511 512 520 523 524 529 538 546 543 545 547 556 557 554 563 567 570 575 584 590 596 595 600 606 613 610 614 623 623 629 638 643
336 344 337 336 334 332 326 329 331 327 322 320 317 322 324 330 338 344 341 344 352 360 356 360 362 371 379 380 382 390 399 406 408 415 422 419 421 428 425 427 429 430 426 431 440 437 443 450 452 457 464 463 471 473 472 479 483 482 482 479 482 484 488 491 498 500 503 504 512 518 523 527 528 537 538 547 547 546 553 555 564 558 559 561 570 574 583 592 593 594 597 606 605 608 614 618 622 631 639 646
340 348 344 345 341 336 327 336 340 333 325 326 325 326 332 335 338 346 347 350 359 360 362 369 370 373 382 389 390 394 396 405 407 415 424 422 428 435 426 434 434 432 433 439 440 445 450 456 455 456 465 468 477 482 473 475 476 479 485 488 483 492 495 498 506 501 509 513 519 527 524 526 533 536 545 554 555 547 550 556 564 565 567 570 578 575 582 590 599 599 597 599 602 607 615 619 628 631 636 645
346 355 353 353 347 343 336 344 335 328 327 329 329 335 333 342 342 351 356 357 363 367 366 370 371 379 383 385 386 387 396 397 400 409 417 418 423 426 435 440 435 433 442 447 449 454 457 465 456 460 469 477 486 477 474 483 483 480 489 489 485 494 503 502 511 510 515 514 516 525 531 530 531 534 540 549 551 555 557 560 562 569 575 579 587 580 581 585 593 595 596 605 611 608 615 619 621 628 629 637
347 356 360 354 354 345 342 340 333 331 331 331 337 340 340 342 344 352 353 357 366 372 371 378 380 388 387 387 388 394 400 406 408 417 421 426 431 435 436 444 443 437 446 452 450 459 465 472 463 468 477 480 483 479 481 482 490 488 494 497 491 496 506 509 511 515 517 522 521 523 531 532 534 543 542 544 553 562 564 569 563 571 572 575 584 584 584 593 600 598 600 606 612 609 618 626 629 631 638 639
355 364 363 362 353 352 349 342 334 338 334 335 341 341 349 343 345 349 351 359 366 375 378 379 380 384 391 395 396 403 409 407 414 418 426 432 439 442 438 441 450 443 444 452 453 458 464 471 468 471 478 483 481 480 489 489 496 497 503 498 499 498 499 502 510 514 523 523 522 531 540 533 539 546 546 550 559 561 565 568 571 572 580 579 583 588 589 592 599 607 604 608 609 617 619 625 626 635 637 646
364 373 364 361 357 351 350 345 338 347 339 338 347 348 356 351 352 357 359 368 374 378 379 382 381 389 398 403 404 412 412 416 418 427 430 431 435 436 442 442 445 447 452 455 459 467 465 467 475 473 474 477 478 484 491 490 491 493 494 503 508 505 505 507 517 523 525 524 528 530 537 538 542 543 545 554 563 566 573 576 573 573 579 587 585 586 595 593 602 608 613 611 617 622 628 626 628 629 636 643
373 373 371 362 360 360 357 348 342 345 342 347 352 349 355 360 361 366 361 362 370 379 388 391 389 397 406 411 413 418 421 420 423 424 429 433 434 438 440 441 450 450 452 461 460 468 469 471 477 477 483 480 481 484 492 499 499 501 495 496 500 509 511 508 509 514 521 525 532 539 546 540 548 551 548 551 555 557 565 569 573 578 582 587 587 595 601 602 606 613 614 619 618 625 626 629 629 634 641 648
382 376 378 369 362 363 360 355 346 350 346 351 360 357 362 364 364 372 363 367 376 377 385 386 390 391 400 409 415 420 425 424 426 432 438 439 439 447 444 444 448 456 459 468 464 465 474 475 476 485 483 482 490 485 493 499 505 509 501 497 503 504 508 517 514 523 529 527 537 541 547 541 549 555 555 552 557 565 572 578 582 582 588 594 596 597 602 607 613 620 615 621 627 633 631 630 630 636 638 644
386 385 384 378 371 370 362 355 351 352 351 352 361 366 371 367 372 369 365 373 382 381 387 392 397 399 407 410 419 420 428 425 431 439 446 441 446 453 451 452 453 461 465 469 466 474 481 480 485 490 492 490 490 487 493 502 511 511 504 504 512 512 513 516 520 523 530 528 534 539 546 550 550 555 564 561 558 562 563 569 574 582 586 595 604 605 611 608 616 623 624 625 628 636 639 639 637 645 644 645
394 394 393 384 380 379 371 364 355 353 360 353 355 364 369 375 381 378 373 375 376 385 388 397 398 407 411 411 416 425 434 433 436 440 449 447 448 456 458 458 459 468 473 477 474 483 483 481 487 496 496 499 492 488 497 503 505 507 506 507 515 520 521 523 528 530 536 537 536 545 550 556 559 564 565 570 563 570 570 572 579 584 592 600 606 613 620 614 615 623 627 633 634 642 646 648 645 654 653 649
397 389 388 384 381 384 375 366 361 362 357 356 359 360 365 366 375 377 379 383 385 387 391 399 401 410 412 417 424 433 435 438 438 439 447 455 457 458 461 467 462 463 472 479 483 485 491 482 483 490 499 505 501 495 504 512 510 513 507 513 520 526 529 530 537 532 541 542 537 545 553 562 567 572 573 579 570 579 571 574 582 589 594 595 603 612 613 615 624 629 635 642 641 642 649 656 647 652 661 653
405 396 395 387 379 378 376 368 365 361 360 365 360 369 367 375 382 380 387 389 394 388 397 405 408 415 419 425 432 440 444 444 447 441 444 448 454 456 464 465 463 464 469 470 478 486 492 491 490 494 502 503 510 504 513 518 515 522 515 521 529 532 536 538 545 539 548 547 544 552 560 562 562 571 577 581 573 576 577 583 586 587 594 600 601 603 610 618 626 634 642 644 649 643 650 651 656 660 661 662
412 403 395 395 387 384 375 368 367 363 365 374 369 376 369 370 373 380 381 384 387 395 399 406 408 412 421 427 436 445 449 453 445 443 444 451 460 461 468 469 469 465 468 472 475 482 490 495 492 501 502 506 507 505 513 521 519 528 519 520 528 533 537 539 548 544 548 548 546 555 563 560 561 563 571 572 576 585 585 585 586 589 597 603 605 606 615 623 624 631 639 647 647 645 651 659 657 666 670 668
405 402 393 393 384 375 374 373 373 369 367 375 377 374 372 375 380 386 390 386 390 392 401 404 410 418 419 426 433 442 447 450 453 444 445 447 453 462 469 478 478 474 477 474 482 490 495 498 499 500 509 514 516 512 521 524 524 529 528 523 530 537 540 544 552 553 556 552 549 551 553 557 560 561 570 574 584 587 590 589 587 592 601 608 614 611 620 627 633 639 644 650 650 654 659 660 663 668 673 676
397 393 390 388 387 379 381 374 374 375 376 383 378 379 376 383 387 395 397 388 389 392 400 401 402 409 412 421 425 434 443 444 445 447 454 456 462 469 476 485 484 483 485 483 491 499 504 500 505 503 504 513 514 515 524 528 529 534 535 531 538 546 548 553 561 560 556 554 551 557 561 565 569 570 576 578 588 595 597 597 596 596 601 609 617 620 628 630 637 642 651 659 659 660 668 666 666 667 671 679
406 399 399 396 389 387 379 375 381 379 380 382 387 387 384 391 388 389 398 397 393 400 405 410 403 412 420 425 432 438 439 446 452 454 452 460 469 468 472 479 483 492 493 490 497 498 503 501 508 512 511 515 516 524 525 527 535 543 544 538 546 552 557 562 562 567 562 562 554 563 569 566 572 579 583 580 590 598 605 600 599 605 604 612 620 629 632 633 635 638 645 654 651 652 659 668 670 671 678 684
410 402 402 398 389 385 384 384 389 380 385 389 392 393 388 397 389 398 404 406 401 402 407 414 411 414 421 427 434 439 442 440 443 448 450 454 463 465 471 472 480 489 494 491 496 504 505 510 517 521 513 522 518 523 529 534 540 548 549 545 554 554 559 562 569 575 568 565 557 566 574 568 571 578 582 584 588 593 601 601 603 604 607 616 621 628 633 640 644 644 637 646 650 652 661 670 679 678 681 690
413 406 403 406 398 394 393 393 390 389 392 396 400 394 397 393 390 398 406 407 409 404 413 416 414 419 420 425 429 430 434 438 446 455 453 454 461 465 470 471 480 489 495 493 496 505 511 513 516 525 522 531 527 524 532 539 540 541 543 547 551 558 566 563 572 574 568 564 560 564 572 576 572 578 586 591 589 591 592 595 597 606 613 617 618 625 624 632 639 640 635 644 647 656 662 666 675 679 680 689
420 414 411 413 404 399 402 400 399 392 393 402 407 400 406 400 399 400 405 412 418 413 422 417 419 427 429 428 437 439 439 447 450 458 462 460 469 474 477 480 483 484 493 496 503 511 519 516 524 531 529 536 529 533 535 540 544 544 551 555 554 560 569 572 576 581 575 570 561 570 572 577 574 583 590 597 591 593 600 602 600 605 606 613 615 619 623 625 630 631 632 641 646 649 656 665 670 671 679 681
428 423 420 422 413 406 404 401 402 393 402 405 413 405 412 403 408 402 411 413 422 414 416 423 422 431 432 429 431 435 444 453 455 459 468 467 474 481 481 487 492 493 500 501 508 513 517 520 524 533 531 536 531 540 536 545 552 546 553 562 559 567 573 581 577 581 574 573 565 574 581 585 578 585 589 589 598 601 608 603 605 610 612 621 622 621 625 626 634 634 635 644 646 655 664 668 673 679 685 682
436 430 424 415 414 413 411 402 404 396 405 411 417 414 414 405 411 405 412 417 425 423 425 432 429 435 441 438 434 443 446 448 457 458 467 475 482 488 487 488 490 498 505 504 508 515 517 523 532 541 532 541 540 549 541 549 554 555 558 567 565 569 575 582 586 582 581 574 573 580 588 586 580 581 582 587 596 604 611 606 609 613 616 624 629 622 629 635 641 637 643 644 652 660 661 670 679 680 685 688
433 426 417 416 421 421 412 403 411 403 410 414 420 417 423 414 414 411 418 419 422 423 429 435 431 432 436 444 436 445 447 456 462 463 472 480 481 490 496 494 499 507 512 513 510 512 518 527 533 540 533 534 536 544 542 544 550 551 559 565 566 560 569 576 581 574 583 580 582 589 597 588 585 588 586 590 598 602 609 612 618 621 624 629 626 624 626 631 633 640 643 649 656 659 666 675 684 687 694 697
433 424 423 424 428 419 414 405 412 412 418 423 424 419 426 421 423 420 419 420 423 424 432 441 439 434 443 441 438 439 442 449 458 464 469 478 481 485 492 499 500 508 512 513 511 516 519 528 530 532 540 543 537 546 549 545 548 551 555 557 558 559 563 572 578 573 581 587 589 598 602 595 594 592 589 592 600 608 614 621 624 630 631 638 634 629 633 640 640 646 646 647 656 663 672 680 687 688 697 704
439 430 432 429 429 420 420 414 413 421 419 422 429 420 429 430 431 429 428 429 424 432 438 447 440 435 443 445 447 441 450 458 465 465 469 475 476 483 486 491 498 507 515 516 519 524 528 536 531 539 540 545 545 553 555 553 553 555 563 562 562 560 568 569 570 572 577 583 584 590 599 603 602 601 597 600 603 607 616 620 621 625 631 640 635 630 633 640 643 648 652 654 655 664 672 674 680 687 690 695
436 433 435 436 430 429 422 415 419 421 424 424 427 428 435 433 437 434 429 429 427 428 430 439 448 444 448 453 449 450 458 462 471 474 476 477 482 487 488 492 501 508 512 515 524 532 531 540 538 544 549 554 548 554 560 561 554 562 570 564 571 569 573 576 577 574 575 581 590 593 597 600 606 602 599 603 604 606 611 613 622 630 637 638 637 637 636 637 641 646 648 657 662 666 667 675 677 686 694 698
445 437 442 445 439 438 431 424 425 426 432 432 428 431 440 434 439 436 434 437 428 437 438 447 455 451 449 458 451 457 466 471 480 483 481 485 487 492 497 493 498 504 505 514 519 526 530 539 541 542 545 550 556 555 557 563 563 569 578 569 576 577 580 582 586 582 584 590 598 601 602 607 611 607 601 610 606 613 612 621 627 631 634 643 643 645 640 645 642 650 657 666 665 666 675 681 679 684 686 689
446 445 451 446 447 443 434 430 426 431 435 433 431 432 440 442 446 438 437 445 436 437 438 447 453 452 456 465 456 465 466 475 483 492 488 486 495 498 497 496 497 503 512 519 528 535 535 543 549 543 544 553 559 564 564 570 570 570 578 577 582 580 582 591 590 583 589 592 593 594 595 601 609 608 609 613 615 615 621 623 629 634 638 639 641 649 649 649 643 647 649 658 659 668 674 675 679 680 689 697
452 450 458 453 445 442 436 434 433 432 440 441 438 438 445 451 451 447 439 448 442 446 447 448 452 456 460 461 458 467 471 480 485 494 493 487 493 500 506 503 503 509 517 524 528 537 541 543 552 547 553 555 562 567 568 571 575 572 576 579 584 588 588 591 594 585 594 600 602 598 600 602 607 614 612 621 623 624 624 624 626 635 644 640 647 654 655 651 647 653 655 656 658 659 665 673 674 679 687 691
461 459 459 451 447 438 437 442 441 437 438 439 444 443 449 458 455 446 445 454 449 455 456 453 461 459 460 461 461 469 474 483 489 490 499 492 499 508 505 504 512 510 515 524 533 539 548 551 560 555 561 564 570 576 577 577 584 581 582 580 585 592 597 597 596 587 589 593 598 603 608 605 609 610 613 620 629 625 629 625 629 630 637 645 653 659 663 654 652 656 663 662 667 661 668 674 679 678 679 682
468 459 451 450 441 440 445 446 442 445 443 441 450 444 452 453 462 455 450 453 450 454 463 457 465 460 468 469 469 470 472 480 483 489 498 501 508 512 514 507 511 519 523 532 541 548 555 558 559 557 559 568 571 579 578 585 591 590 587 588 594 596 602 598 600 596 590 597 601 605 606 614 617 617 622 627 636 633 630 629 637 632 635 637 645 654 654 663 658 663 669 671 672 663 664 665 670 676 684 683
465 458 451 450 442 446 454 450 451 449 452 450 455 447 454 454 459 462 453 457 452 461 470 464 473 467 476 471 473 477 478 486 485 491 500 504 513 513 518 512 518 526 529 537 546 551 560 567 566 562 566 575 579 584 585 588 594 598 590 589 598 605 607 607 603 595 593 601 608 611 614 620 625 626 630 632 636 634 639 634 642 633 636 637 645 647 650 658 666 664 669 670 669 666 670 668 678 678 682 690
470 464 455 451 451 449 451 451 460 451 457 459 457 448 457 463 462 461 454 461 460 463 470 469 474 473 480 475 476 481 483 492 494 500 501 510 513 522 523 519 527 531 536 538 545 546 555 564 571 570 567 576 584 585 590 595 600 607 598 592 598 607 616 616 607 600 599 607 611 620 622 627 634 627 635 635 636 637 644 635 644 641 645 646 654 651 659 667 673 672 670 678 674 673 678 674 677 679 688 695
470 462 456 459 457 456 453 456 459 452 456 465 460 457 466 464 464 470 463 466 466 472 479 473 480 474 483 480 485 483 485 492 499 504 506 509 518 525 525 528 533 538 539 539 545 549 556 565 569 576 568 576 585 594 594 597 602 609 607 601 607 614 619 618 616 608 608 613 619 628 623 632 637 633 640 641 642 638 647 640 649 649 654 655 660 652 661 669 678 681 678 684 675 678 681 681 684 680 681 685
472 465 465 466 465 462 462 463 454 453 461 464 467 458 463 468 472 471 470 468 468 470 476 481 480 479 480 489 493 490 494 493 501 509 515 511 520 521 529 526 535 539 548 544 549 558 562 564 572 576 575 581 585 586 595 604 603 604 610 606 613 622 628 621 615 612 614 621 628 631 629 638 642 634 641 649 643 641 644 641 648 651 660 664 667 660 667 671 680 687 686 688 680 686 686 685 690 682 689 691
475 469 470 474 466 470 469 467 460 458 465 465 474 467 472 477 481 477 475 474 476 472 480 488 489 480 488 489 497 495 502 499 506 512 519 512 519 524 532 525 526 535 544 553 558 555 555 560 566 567 568 572 576 578 587 596 605 613 615 615 614 623 628 629 623 615 623 630 632 633 637 640 648 642 647 652 651 642 650 650 652 660 666 670 670 662 671 680 684 692 695 692 687 693 692 694 698 691 695 692
478 478 472 475 471 478 470 468 467 467 467 474 476 469 478 485 490 485 476 475 478 475 483 485 494 487 488 496 499 504 511 508 508 517 524 516 518 520 523 524 526 530 538 546 552 553 554 556 565 573 574 581 584 587 590 598 605 614 622 616 622 631 632 634 629 623 632 638 639 634 639 646 649 647 650 651 654 650 658 659 661 661 669 670 671 663 670 677 685 686 693 700 693 694 701 703 702 698 703 701
