  0 300 294 299 302 298 307 309 312 320 319 315 313 321 325 325 319 320 324 323 326 335 343 343 352 354 355 360 363 364 368 365 366 375 376 382 382 389 390 391 399 402 411 412 418 418 422 424 432 436 439 441 450 459 459 467 467 475 478 483 492 484 486 494 503 501 505 513 514 520 529 538 545 547 554 556 559 557 562 557 562 570 574 582 584 593 601 610 607 613 619 620 621 627 635 641 642 638 644 653
  8 293 292 293 293 297 298 305 310 311 314 306 311 312 316 323 318 321 319 320 323 329 334 342 351 353 351 353 359 367 359 361 365 372 373 382 381 387 393 400 400 401 407 411 419 414 417 419 424 428 430 436 444 451 453 460 463 467 469 477 486 478 486 495 499 498 505 508 516 524 532 531 536 539 546 551 551 548 557 554 556 565 574 578 586 595 600 608 605 612 610 616 623 623 632 632 633 634 643 650
 16 285 283 292 290 299 291 297 302 304 306 304 302 305 310 317 310 313 314 321 330 336 343 342 346 348 347 353 356 360 354 358 366 373 382 387 380 385 385 393 400 406 398 403 410 408 416 422 430 428 432 441 445 447 452 460 463 462 469 476 484 476 484 487 491 496 503 505 511 517 526 528 536 536 537 545 546 547 548 552 555 564 573 574 581 590 591 600 596 603 608 613 614 622 623 626 633 634 635 641
 17 289 282 284 285 290 288 289 293 301 303 298 300 301 303 310 308 313 315 324 329 334 339 334 340 341 346 348 349 351 353 362 370 375 384 378 378 379 384 385 391 397 395 397 406 405 413 418 421 427 432 435 439 446 452 455 456 460 468 467 475 475 476 482 491 495 502 504 512 521 521 530 532 532 541 541 550 547 553 556 564 568 566 567 573 582 584 593 592 594 599 607 610 613 617 621 629 638 639 647
 26 289 281 278 284 285 287 294 299 298 294 295 303 305 303 301 305 314 319 324 332 327 330 330 333 337 337 339 341 344 349 358 365 366 375 372 371 380 385 377 386 388 389 396 397 404 413 418 426 432 439 432 434 443 445 452 461 462 462 464 470 469 477 486 488 492 499 504 508 516 513 521 523 531 533 534 543 544 546 547 556 564 565 568 574 576 584 585 586 590 597 599 601 610 616 624 628 637 645 648
 28 283 274 272 275 276 285 294 293 289 287 289 298 296 294 300 308 313 318 318 326 323 329 328 332 338 336 341 340 341 346 349 356 365 366 373 368 373 379 374 379 382 388 396 397 403 406 412 418 424 431 429 437 438 447 451 453 457 458 461 465 468 472 477 486 488 492 496 505 507 512 513 522 528 536 534 543 552 552 555 556 565 572 569 578 577 585 590 595 599 599 605 602 607 613 616 625 634 637 639
 29 275 266 266 271 275 284 290 285 287 278 285 290 287 288 294 301 307 309 316 318 314 321 325 323 330 334 336 337 344 352 346 353 360 367 364 366 367 370 371 378 379 387 391 395 403 405 408 415 417 426 427 431 436 438 444 446 451 460 463 464 467 472 481 489 496 495 499 503 504 505 512 519 520 528 533 537 543 550 554 556 559 564 572 581 586 594 598 597 604 606 607 606 614 620 617 619 627 632 631
 33 268 262 265 274 277 281 284 277 285 277 282 288 286 294 294 302 300 309 312 315 312 320 327 322 321 326 327 335 340 344 345 349 356 359 363 372 375 377 374 383 387 395 400 397 400 402 406 412 421 425 427 435 444 440 444 447 449 455 458 460 462 464 473 481 490 497 497 500 506 514 520 528 521 530 530 531 536 545 547 548 556 561 567 576 582 590 599 603 612 608 612 615 619 623 619 627 625 625 628
 41 262 261 263 267 268 273 276 275 283 275 275 284 285 288 293 294 299 307 303 308 310 318 320 324 318 322 329 338 347 343 343 347 351 358 367 366 371 378 383 390 389 392 394 397 406 408 415 418 421 422 425 430 437 444 450 456 457 463 467 463 469 467 476 485 491 494 496 503 505 513 522 524 523 526 528 531 535 536 539 546 554 560 565 570 579 587 590 594 603 600 609 612 616 623 625 628 624 616 624
 42 254 258 255 260 263 272 270 269 278 271 272 277 284 290 299 296 292 301 302 310 306 315 322 315 317 321 330 337 341 334 342 347 350 356 364 359 365 373 382 385 385 393 395 399 401 410 419 418 420 419 428 430 437 445 453 457 459 463 464 464 473 473 479 479 487 491 497 497 505 506 513 518 526 532 529 530 539 545 543 552 553 562 567 572 576 582 590 592 594 594 602 611 607 615 617 619 622 615 621
 51 249 256 248 256 258 264 264 266 272 270 276 277 276 282 291 296 287 292 294 301 305 311 314 313 322 322 326 328 335 333 338 340 347 348 355 357 361 368 377 382 384 391 399 406 404 407 411 413 413 418 426 427 432 437 446 449 451 454 455 458 465 471 472 473 479 485 488 494 497 505 507 513 522 523 527 533 542 548 548 556 562 554 558 567 573 579 583 584 592 593 594 603 606 607 609 612 613 614 622
 56 244 253 247 255 263 256 263 264 265 263 267 268 272 273 282 290 285 294 295 304 300 307 315 311 320 325 328 337 332 331 337 336 345 353 357 356 359 366 370 373 375 383 390 398 398 398 402 404 412 420 428 428 437 438 446 448 455 456 462 467 472 476 477 476 483 489 484 487 492 496 505 511 520 518 526 535 539 540 549 553 553 552 555 563 568 576 575 575 584 585 593 594 598 607 608 616 622 622 625
 58 241 244 246 248 254 248 257 264 260 261 268 276 273 279 280 281 282 291 294 295 299 301 308 310 311 319 328 337 334 327 329 335 338 345 354 355 357 366 368 371 373 377 384 392 390 391 394 403 408 412 421 428 432 437 440 443 447 451 460 469 474 476 485 480 485 484 479 487 496 502 496 505 512 513 519 526 531 540 544 553 548 550 553 556 563 571 570 573 578 582 589 595 601 608 616 611 620 628 634
 66 237 239 244 242 245 243 251 255 259 268 269 271 264 273 280 285 291 295 296 304 302 307 308 317 320 326 320 329 325 326 334 343 346 345 349 355 361 364 368 377 380 385 386 387 389 398 403 402 408 417 423 424 425 434 434 435 440 447 455 461 469 474 482 473 477 476 478 479 488 493 494 503 511 520 524 525 532 537 536 545 546 552 559 565 561 563 567 568 569 576 583 586 595 599 608 610 619 622 629
 73 236 230 236 233 237 239 248 247 256 262 267 264 260 267 275 276 282 287 288 296 305 302 303 310 319 320 318 322 324 331 340 348 345 344 350 352 353 362 366 372 381 386 380 389 384 392 397 401 404 408 416 423 432 431 428 437 444 451 452 452 460 466 475 467 468 475 477 480 489 492 497 504 506 514 516 519 526 529 535 541 548 549 557 557 559 568 566 567 575 578 586 587 589 598 603 612 621 619 624
 74 228 229 227 230 232 236 242 246 247 253 261 260 256 258 267 271 279 282 287 295 299 301 302 303 312 311 317 322 325 332 341 348 347 343 350 344 350 358 357 366 375 377 377 386 377 386 393 395 400 407 415 424 424 423 424 433 438 443 444 451 460 458 466 466 467 468 475 480 488 495 502 504 505 506 507 515 521 522 531 539 539 543 548 549 556 562 565 567 573 575 577 585 594 598 602 604 613 614 615
 83 223 220 226 227 233 235 242 244 246 249 256 263 255 259 268 277 275 283 282 287 291 298 293 300 303 307 314 318 326 335 343 340 344 342 341 341 347 352 356 362 371 380 375 378 375 378 384 391 393 398 407 416 425 422 427 434 437 442 445 450 458 456 457 465 470 476 484 481 490 498 499 502 511 513 512 521 522 530 534 542 534 535 543 552 559 560 567 573 578 582 579 587 592 597 600 603 610 613 621
 89 221 213 222 228 224 233 238 246 251 243 248 256 252 259 262 268 272 274 276 282 284 289 290 293 298 301 305 313 321 327 336 331 337 333 334 338 342 347 353 360 366 373 372 370 372 378 387 395 399 400 409 407 416 417 421 427 432 440 446 450 453 450 459 460 469 477 483 489 490 498 503 508 512 514 513 522 528 526 532 535 533 541 548 553 562 561 569 570 576 580 583 592 601 604 600 601 609 610 619
 93 215 211 217 224 222 228 235 239 242 241 247 250 251 260 260 264 269 278 279 281 279 280 284 285 294 295 296 304 312 321 330 324 328 329 337 346 348 350 356 357 362 369 377 369 376 381 390 399 404 401 401 403 407 416 421 428 426 434 440 444 449 448 455 464 465 472 481 483 491 491 500 499 504 505 514 513 519 518 523 526 529 536 545 548 555 564 573 571 578 577 584 585 592 599 599 608 612 618 623
 94 215 208 215 218 217 224 231 237 233 234 243 252 251 256 256 263 269 269 278 280 275 278 287 290 295 303 299 305 312 320 324 323 325 333 331 338 345 354 351 359 355 363 368 367 370 379 388 390 397 402 397 404 405 412 421 422 423 431 433 440 442 446 454 456 465 469 472 481 489 489 498 498 506 508 506 504 511 514 519 528 537 541 545 553 562 564 573 570 574 576 582 589 589 590 591 599 604 609 614
100 212 207 208 214 215 224 226 232 231 225 234 243 248 254 252 254 262 261 270 271 274 283 289 289 294 302 307 312 320 322 324 317 318 325 326 329 338 346 350 352 349 354 361 364 373 379 380 381 390 393 395 404 407 408 414 421 422 429 435 435 444 450 456 461 465 473 479 486 486 486 492 496 504 500 497 503 505 510 519 527 534 541 543 548 557 564 571 564 565 572 574 581 588 593 594 596 603 612 620
109 203 200 206 207 216 222 217 225 230 224 226 234 241 245 248 251 254 256 263 272 275 281 286 288 293 296 303 309 311 313 315 316 324 323 328 322 331 337 342 343 346 347 356 357 366 372 379 383 389 386 394 400 406 412 421 417 426 427 428 433 442 444 451 457 459 468 470 477 477 478 483 487 496 502 494 503 512 518 521 525 531 540 549 544 553 555 562 563 568 571 579 572 580 585 586 591 597 603 612
118 194 193 200 203 209 215 216 220 221 223 228 236 237 242 251 252 259 265 271 276 278 282 291 291 292 298 299 300 302 310 310 317 315 317 320 320 322 331 338 346 348 351 355 358 364 372 373 382 382 385 390 398 407 407 413 412 417 418 419 426 435 435 444 450 452 461 467 468 475 476 484 492 500 498 492 497 503 510 512 521 527 531 540 543 547 552 553 555 564 570 570 571 574 583 582 587 594 596 604
122 185 190 193 197 204 212 221 216 223 229 234 236 245 245 249 253 256 260 267 269 278 282 285 292 294 292 298 307 305 305 307 308 308 311 316 318 326 335 343 345 349 352 361 355 361 368 370 379 377 379 382 391 398 403 404 410 414 421 428 428 429 434 441 450 459 460 459 468 469 469 478 485 494 492 489 498 504 506 514 515 524 531 533 534 543 549 553 555 564 565 569 577 574 578 579 588 596 600 605
127 182 186 192 198 203 205 212 214 221 222 230 233 242 243 247 253 247 252 260 269 278 287 279 283 288 291 289 298 297 304 301 306 303 312 316 325 331 330 334 336 342 343 352 353 355 359 367 376 375 380 381 385 394 403 409 410 419 422 428 437 437 435 443 452 453 454 458 465 466 467 469 478 486 487 488 489 497 505 507 512 521 522 531 535 541 550 545 549 557 564 572 577 570 579 573 581 587 596 597
132 177 180 189 190 195 204 213 218 223 228 235 242 246 248 241 246 244 250 259 265 273 280 271 278 282 282 287 294 294 295 295 303 302 304 313 321 327 324 328 335 341 346 350 354 359 360 361 369 371 379 386 390 398 405 414 416 423 430 424 428 437 443 444 453 456 459 467 474 470 469 478 486 488 493 495 496 500 506 507 513 522 531 533 535 533 542 542 545 553 555 564 568 569 570 571 580 583 592 596
133 176 174 181 187 195 204 211 220 220 226 227 234 237 243 240 239 242 246 255 263 267 271 269 272 273 280 280 285 291 288 293 300 295 304 310 316 318 319 320 329 332 339 342 347 354 362 362 363 371 380 389 392 395 404 407 416 424 429 421 424 432 434 438 447 449 452 460 468 469 476 483 492 496 501 494 503 502 507 515 522 525 528 524 526 529 535 536 545 553 562 569 568 571 574 580 581 585 587 592
141 175 171 180 185 194 203 206 213 218 227 227 232 236 235 244 238 246 249 253 254 259 265 261 263 269 271 279 280 282 284 285 293 294 300 309 318 327 328 327 336 340 340 349 356 355 364 365 365 374 381 385 388 396 401 409 415 421 420 419 427 430 438 445 441 440 449 455 463 470 471 480 488 492 492 486 494 503 508 513 516 521 528 521 525 527 536 545 547 549 558 566 565 567 575 578 587 588 596 595
142 150 151 176 181 190 197 199 206 210 219 224 224 231 233 237 237 237 246 249 255 250 258 259 257 266 272 281 289 289 293 292 301 303 306 315 320 329 329 330 339 345 347 351 357 362 366 367 374 381 389 393 389 390 396 401 407 414 419 415 424 426 435 436 437 438 445 452 454 461 470 473 482 484 484 485 492 500 504 505 509 513 520 518 527 533 534 541 542 544 552 560 561 565 572 579 588 589 598 598
151 159 160 163 177 185 192 184 193 202 210 212 213 218 226 227 229 230 233 238 242 244 245 255 256 264 270 274 283 286 295 293 298 299 307 316 325 331 331 331 340 348 352 358 364 371 372 374 383 384 393 400 396 392 393 400 405 406 410 411 420 429 431 440 439 441 443 452 453 460 461 470 475 478 479 486 493 494 496 497 503 504 511 517 524 533 537 538 539 547 553 556 558 566 573 581 590 598 600 600
155 164 169 164 165 174 177 183 190 198 206 214 221 223 232 236 236 232 241 239 247 251 253 255 257 258 268 277 280 287 296 296 302 308 313 318 321 328 335 333 339 343 349 357 365 374 376 383 392 393 388 397 399 393 400 409 406 414 419 420 423 431 440 448 441 444 451 457 462 468 465 467 476 482 485 491 498 502 502 503 510 509 518 520 524 529 531 540 538 546 554 557 566 574 582 587 589 589 595 591
162 169 170 165 171 180 186 189 197 200 209 218 219 228 224 233 237 233 242 248 254 252 255 261 265 263 271 277 283 286 288 289 295 304 313 313 322 328 335 339 345 351 354 361 367 368 376 383 383 386 387 394 395 395 404 413 411 418 427 428 430 437 441 446 450 451 459 462 470 472 465 472 478 479 481 490 498 499 506 506 504 511 517 512 518 520 527 532 534 539 545 551 560 568 577 584 587 585 590 587
171 176 174 167 174 175 184 193 201 208 209 212 221 222 223 231 240 236 245 254 251 254 255 264 273 265 272 273 280 284 290 290 297 305 307 312 314 322 329 336 339 343 348 353 358 366 367 375 381 390 389 398 403 404 412 418 416 418 423 432 434 434 440 444 453 458 460 460 461 463 464 469 470 479 480 486 495 504 505 505 502 510 508 511 516 520 521 530 538 545 551 553 558 562 569 576 578 582 587 585
176 182 183 176 180 183 191 200 205 208 216 221 226 231 225 230 238 237 246 248 250 257 262 271 274 268 273 277 283 289 290 298 298 303 312 321 323 323 331 337 342 347 356 359 359 368 376 380 386 388 395 402 399 405 414 418 420 427 431 429 425 433 437 440 446 450 452 459 460 457 459 464 473 476 479 482 491 500 506 500 500 508 507 515 518 520 529 535 536 545 554 559 564 570 567 568 573 574 582 584
180 189 191 182 181 182 187 195 204 206 211 219 221 228 226 235 241 246 254 249 252 258 264 269 274 271 279 283 288 297 297 304 300 301 304 314 323 332 334 335 341 342 351 356 356 363 371 380 378 386 388 396 397 405 409 410 419 420 427 428 421 430 437 438 447 448 452 451 451 449 450 459 466 468 471 480 485 492 498 491 492 499 504 510 514 515 521 530 538 543 547 552 555 564 560 568 573 582 585 577
184 191 193 190 189 191 192 200 208 213 212 219 221 229 229 233 242 251 253 252 258 267 269 278 277 280 281 282 287 296 298 302 309 310 305 313 318 326 327 331 333 341 349 350 351 358 363 372 375 384 390 390 398 400 402 403 410 414 418 419 420 421 430 433 438 443 447 445 446 448 450 454 459 460 469 477 478 487 492 490 495 493 496 505 509 517 520 529 537 534 543 544 550 556 552 559 566 573 582 575
193 199 200 191 195 197 200 209 209 215 218 219 221 229 232 239 243 252 251 256 260 264 272 281 285 289 287 283 292 293 301 303 312 312 307 315 320 329 333 340 342 348 355 352 360 359 364 365 374 376 381 386 395 404 408 410 417 421 418 423 429 430 432 439 439 441 443 444 453 457 457 460 461 468 469 478 487 485 485 486 487 492 501 497 506 510 518 523 532 533 539 545 541 548 549 558 559 564 573 574
201 200 205 199 204 199 208 212 213 215 216 225 228 233 236 239 241 249 250 255 257 266 266 273 276 282 291 286 289 292 300 305 310 317 314 324 324 331 339 348 344 353 357 349 354 360 360 362 370 374 383 388 396 399 400 406 410 413 415 419 426 432 441 441 448 448 445 446 447 449 450 453 461 463 468 476 478 476 484 491 488 489 495 496 504 508 512 517 526 533 530 536 537 546 554 558 566 572 579 583
206 207 211 208 212 208 215 215 214 221 217 226 230 235 240 246 246 248 255 261 258 261 263 272 274 281 288 288 291 299 306 314 319 319 317 324 330 335 342 350 342 346 352 346 347 355 359 367 369 377 380 381 390 398 406 407 415 412 417 422 426 435 443 443 451 448 447 448 456 451 459 454 461 467 467 474 469 470 477 485 489 496 498 499 508 512 519 522 530 525 527 533 537 546 551 552 560 569 578 582
214 210 213 210 219 214 223 224 217 223 222 224 233 237 240 242 244 252 260 269 264 268 269 274 283 282 283 292 297 305 312 313 320 324 319 320 321 331 336 342 341 343 345 344 351 352 360 366 373 380 384 382 388 397 405 406 410 411 417 426 434 440 440 446 449 448 453 456 464 460 460 455 456 458 465 466 468 473 482 487 494 497 498 502 505 507 511 520 523 524 533 540 538 547 554 554 556 565 570 573
219 217 215 212 220 223 225 230 226 230 227 233 242 245 248 243 247 254 262 271 265 271 273 280 285 283 289 297 298 303 305 313 320 329 321 322 322 328 331 332 334 337 339 343 345 354 359 367 369 378 387 386 387 388 397 400 401 410 412 421 425 434 431 439 447 445 446 455 457 465 468 460 465 466 473 470 477 482 483 487 493 494 501 507 512 516 517 526 526 531 540 544 543 551 552 560 557 561 570 579
224 218 223 215 222 229 226 235 232 233 235 234 242 247 249 251 254 256 265 266 269 275 280 281 289 286 291 297 302 311 312 315 321 325 328 327 331 337 332 333 341 339 346 351 354 362 368 362 370 373 379 377 378 381 390 392 401 405 406 413 422 427 426 435 438 439 440 447 450 459 467 469 465 467 469 477 484 489 489 494 494 497 505 507 511 520 526 533 532 540 543 552 549 555 561 569 565 563 565 572
226 219 220 222 226 231 235 240 239 242 242 236 242 248 251 260 255 256 264 271 271 279 286 289 292 291 293 299 305 314 321 324 326 333 337 336 334 338 337 337 345 340 342 343 346 354 363 357 364 367 370 373 376 384 391 395 404 408 414 414 416 421 424 433 434 440 449 456 451 453 461 462 463 472 471 476 483 489 495 503 499 506 510 516 517 526 534 538 539 545 552 561 558 564 569 572 568 564 565 574
235 226 229 231 228 237 243 246 240 248 244 239 248 249 250 254 255 257 259 267 273 281 285 288 291 294 295 304 308 314 322 323 332 339 343 337 339 339 343 346 352 346 349 345 349 351 353 354 355 360 363 372 376 381 382 389 395 404 410 419 420 428 425 433 439 442 451 454 453 461 458 453 456 465 468 476 477 481 490 497 501 508 513 518 519 528 536 539 546 546 553 554 561 569 575 577 576 573 572 581
244 235 230 231 230 235 239 245 241 249 250 241 247 255 255 256 258 263 268 274 282 285 286 287 296 300 300 305 312 313 315 317 325 332 338 346 337 338 347 349 358 355 350 354 357 352 361 362 363 361 362 364 372 381 382 391 400 403 409 416 419 427 428 429 438 438 445 447 454 461 453 452 460 469 472 480 483 489 494 503 502 507 514 521 527 524 533 537 543 548 557 558 567 576 584 586 579 582 574 578
238 233 232 238 237 236 244 252 248 256 255 247 250 254 262 261 266 271 275 283 289 294 294 289 298 300 306 313 321 314 315 317 326 327 331 337 332 341 349 351 358 353 351 358 356 355 362 363 372 366 367 366 368 377 384 392 394 395 401 410 412 420 427 430 439 436 444 452 447 452 449 451 460 466 473 478 487 495 502 499 499 500 508 512 521 522 531 540 548 557 566 562 571 580 585 593 588 586 582 579
239 240 241 244 241 241 248 256 256 265 259 253 258 257 266 265 268 272 278 280 287 294 295 295 303 309 307 311 319 315 321 318 319 324 328 329 331 338 342 351 359 358 360 367 364 364 364 372 373 374 368 372 369 377 381 389 393 394 400 406 413 417 420 421 430 433 442 443 445 447 448 456 459 466 475 476 485 492 493 494 497 501 510 515 517 526 535 536 542 550 557 566 572 575 582 586 585 585 587 585
244 245 248 253 250 250 257 259 263 267 262 254 260 262 267 274 273 280 287 285 294 299 299 304 306 312 311 315 321 324 327 325 328 330 330 336 337 341 344 345 350 352 355 361 370 373 373 381 382 374 369 377 376 377 379 381 389 398 406 414 414 418 423 427 433 442 449 447 453 455 457 464 467 475 484 482 491 498 499 502 506 502 511 512 521 526 535 544 548 556 565 561 569 574 581 582 583 584 592 590
253 254 249 258 259 259 263 260 267 258 257 256 265 264 271 271 272 277 286 294 303 303 306 312 315 314 316 324 329 331 331 329 332 338 338 343 341 348 353 354 358 354 356 364 373 378 375 384 380 379 378 381 381 382 384 388 395 403 407 411 420 427 424 430 439 443 446 453 460 456 464 466 471 473 481 490 499 502 508 509 505 504 512 521 530 530 539 548 556 561 556 558 564 565 572 580 589 593 600 592
258 256 257 266 260 268 269 263 263 262 266 260 262 264 269 270 278 286 293 297 298 299 305 311 316 322 319 328 337 335 332 338 340 339 339 348 347 356 357 358 363 356 364 373 374 382 377 386 387 382 379 388 388 391 393 395 404 412 416 416 422 427 426 433 438 444 452 457 455 456 459 462 471 478 487 494 495 504 512 513 507 510 511 516 522 525 534 543 547 553 554 563 572 572 578 585 586 594 593 600
259 263 265 271 263 267 268 270 265 263 264 266 271 268 271 275 281 288 297 299 304 302 311 318 320 323 322 324 332 340 341 344 348 346 342 350 356 363 361 359 368 365 371 372 373 378 386 395 388 388 388 397 395 395 395 400 402 409 415 416 425 433 433 437 445 446 452 453 454 459 468 470 479 482 487 488 497 502 508 509 514 511 519 524 531 534 535 540 543 548 557 566 567 574 582 589 587 595 591 600
260 269 266 272 270 268 276 279 274 271 271 269 278 277 278 283 290 293 298 304 306 310 315 324 321 329 327 328 337 344 346 352 353 354 349 358 361 368 363 367 371 367 368 376 380 386 389 390 389 397 394 397 398 396 397 402 411 413 418 425 434 437 442 446 449 454 461 460 462 467 469 478 479 483 484 492 498 505 513 518 516 517 523 528 532 541 543 541 546 551 556 561 562 571 577 584 590 593 587 596
267 276 271 275 279 271 273 281 277 277 272 272 281 286 284 290 296 294 296 297 306 312 314 321 326 333 336 332 336 337 340 343 344 345 354 355 364 372 364 366 368 376 377 379 382 389 398 391 396 405 401 405 404 398 406 409 417 422 425 432 437 443 443 447 452 460 469 468 463 469 477 479 487 490 492 499 500 502 510 511 512 519 527 535 536 537 539 544 545 551 559 565 571 580 577 578 581 584 585 590
274 275 280 284 285 280 276 285 282 279 276 279 283 291 287 293 297 295 299 302 311 317 318 326 328 337 344 341 341 340 346 351 349 354 358 356 364 370 373 368 370 371 373 382 383 392 399 392 393 398 406 414 409 399 408 417 426 429 432 433 434 441 445 445 446 451 460 461 466 469 478 486 492 495 498 500 504 506 514 516 517 518 520 528 529 537 540 543 552 557 558 565 570 573 576 575 582 591 590 593
283 284 289 288 286 289 284 292 283 283 285 280 289 292 294 302 306 304 307 309 315 318 324 332 329 332 340 347 348 346 352 353 354 362 361 365 367 370 376 376 378 376 381 382 390 398 406 401 401 406 414 412 405 403 410 415 419 420 429 436 435 436 444 443 451 460 467 469 475 470 473 479 487 492 497 502 503 512 521 520 525 520 529 536 535 542 543 545 546 548 549 558 561 564 571 572 581 590 597 602
292 293 298 297 294 291 287 292 290 292 294 288 297 293 297 306 308 313 310 310 313 314 321 330 338 340 345 348 356 349 357 359 356 364 370 366 373 371 376 384 379 380 385 391 398 406 407 407 410 410 412 421 413 411 416 423 427 429 438 437 436 437 439 441 449 452 460 464 471 478 478 485 490 497 506 511 506 515 517 518 526 521 523 527 532 541 543 549 547 556 557 565 570 573 580 577 583 584 593 600
294 302 303 300 301 292 288 294 299 291 290 289 291 297 298 307 316 320 319 319 319 321 325 329 335 336 345 351 357 356 363 361 361 363 364 372 378 379 382 391 388 389 394 395 403 407 412 415 418 413 415 419 422 415 422 429 432 438 440 438 438 446 448 445 446 455 461 463 472 476 479 481 488 495 498 507 511 517 523 526 529 529 532 530 531 535 541 548 552 556 560 562 565 566 575 584 592 588 592 596
302 310 306 302 298 294 295 302 300 299 298 291 293 298 302 307 316 321 324 328 321 329 327 334 343 338 347 353 355 359 364 370 368 372 365 369 370 376 385 393 393 390 398 402 403 404 411 412 415 416 424 427 423 418 420 426 427 436 441 447 447 447 449 450 453 460 464 469 470 479 487 490 495 498 501 502 507 516 525 526 535 530 533 531 539 544 549 555 561 561 569 565 569 575 580 581 586 595 594 603
303 306 315 311 303 299 304 304 307 301 301 292 293 296 303 306 315 322 324 328 327 336 331 340 347 347 356 358 364 363 372 377 372 372 371 378 379 385 389 391 397 395 404 404 412 413 420 421 420 420 428 433 432 427 428 435 434 440 441 450 456 455 451 453 462 461 463 469 476 485 486 491 500 499 500 501 510 519 528 534 535 537 537 538 541 550 552 553 561 570 578 574 573 576 578 580 588 590 599 608
306 315 324 318 310 307 307 312 310 309 305 296 294 301 307 311 312 317 324 330 335 339 338 345 350 350 358 359 367 366 370 379 381 377 378 381 380 383 390 389 391 395 396 405 408 414 416 418 427 421 424 432 439 432 430 436 437 441 450 452 456 463 459 462 464 470 472 471 474 482 491 497 498 501 501 510 519 521 522 528 536 544 538 544 548 556 561 560 565 573 578 578 580 578 580 585 593 599 608 617
315 322 330 322 317 316 310 318 314 312 305 304 295 300 308 317 321 325 324 330 333 339 347 352 357 355 363 367 376 372 379 388 386 378 379 383 382 383 387 388 389 398 398 399 400 409 417 425 428 430 428 436 445 439 437 444 446 446 453 458 458 461 465 471 473 478 480 473 481 488 489 497 505 507 502 504 510 517 525 534 542 541 545 549 557 563 568 569 574 577 584 583 584 584 589 593 601 606 613 616
322 331 338 330 322 314 311 312 321 316 312 303 296 300 305 312 318 321 322 330 336 342 351 359 354 363 366 371 374 380 386 395 386 381 386 384 384 390 395 392 394 400 405 408 407 409 415 420 429 435 429 437 440 447 439 446 453 450 455 459 463 464 469 475 477 478 480 475 481 490 495 504 506 515 510 513 518 521 529 533 534 538 544 546 553 562 568 571 572 580 589 590 591 588 593 595 603 610 619 624
327 336 341 335 329 320 314 321 327 318 316 309 305 305 307 312 315 324 331 333 334 343 344 351 352 361 362 363 365 374 381 389 388 385 392 392 391 397 399 398 402 406 413 416 411 412 417 426 435 444 438 442 442 443 443 451 454 459 456 461 462 464 472 479 478 480 478 476 484 485 494 503 511 515 517 519 521 529 530 532 533 535 542 551 553 557 564 572 575 576 584 589 593 596 594 602 610 618 625 631
333 340 342 333 332 325 317 318 320 323 314 307 306 310 311 319 320 327 329 338 343 352 345 350 359 362 370 364 371 372 381 387 395 394 398 399 399 403 407 406 407 407 409 414 420 413 419 427 436 444 447 445 448 452 452 452 459 462 457 458 460 468 469 472 478 483 480 485 493 494 502 505 506 511 520 528 525 527 529 538 539 536 545 549 552 557 566 572 578 577 582 588 595 592 596 605 605 611 620 625
336 342 334 333 331 329 323 326 325 317 312 310 307 312 314 320 328 334 331 334 342 350 346 350 352 361 369 370 372 380 389 396 398 401 406 403 405 412 409 411 413 414 410 415 424 421 427 434 436 441 448 447 455 457 454 461 465 464 464 461 464 466 470 473 480 482 485 486 494 500 505 509 510 519 520 529 529 528 535 537 546 540 541 543 552 556 565 574 575 576 579 588 587 590 596 600 604 613 621 628
340 348 341 342 338 333 324 333 332 323 315 316 315 316 322 325 328 336 337 340 349 350 352 359 360 363 372 379 380 384 386 395 397 405 414 407 412 419 410 418 418 416 417 423 424 429 434 440 439 440 449 452 461 464 455 457 458 461 467 470 465 474 477 480 488 483 491 495 501 509 506 508 515 518 527 536 537 529 532 538 546 547 549 552 560 557 564 572 581 581 579 581 584 589 597 601 610 613 618 627
346 355 350 350 344 340 333 334 325 318 317 319 319 325 323 332 332 341 346 347 353 357 356 360 361 369 373 375 376 377 386 387 390 399 407 408 413 416 419 424 419 417 426 431 433 438 441 449 440 444 453 461 468 459 456 465 465 462 471 471 467 476 485 484 493 492 497 496 498 507 513 512 513 516 522 531 533 537 539 542 544 551 557 561 569 562 563 567 575 577 578 587 593 590 597 601 603 610 611 619
347 356 356 349 348 339 336 330 323 321 321 321 327 330 330 332 334 342 343 347 356 362 361 368 370 378 377 377 378 384 390 396 398 407 411 416 421 425 420 428 427 421 430 436 434 443 449 456 447 452 461 464 465 461 463 464 472 470 476 479 473 478 488 491 493 497 499 504 503 505 513 514 516 525 524 526 535 544 546 551 545 553 554 557 566 566 566 575 582 580 582 588 594 591 600 608 611 613 620 621
355 364 357 356 347 346 339 332 324 328 324 325 331 331 339 333 335 339 341 349 356 365 368 369 370 374 381 385 386 393 399 397 404 408 416 422 429 429 422 425 434 427 428 436 437 442 448 455 452 455 462 467 465 462 471 471 478 479 485 480 481 480 481 484 492 496 505 505 504 513 522 515 521 528 528 532 541 543 547 550 553 554 562 561 565 570 571 574 581 589 586 590 591 599 601 607 608 617 619 628
364 363 354 351 347 341 340 335 328 337 329 328 337 338 346 341 342 347 349 358 364 368 369 372 371 379 388 393 394 402 402 406 408 417 420 421 425 426 428 426 429 431 436 439 443 451 449 451 459 457 458 461 462 468 475 472 473 475 476 485 490 487 487 489 499 505 507 506 510 512 519 520 524 525 527 536 545 548 555 558 555 555 561 569 567 568 577 575 584 590 595 593 599 604 610 608 610 611 618 625
372 363 361 352 350 350 347 338 332 335 332 337 342 339 345 350 351 356 351 352 360 369 378 381 379 387 396 401 403 408 411 410 413 414 419 423 424 428 429 427 436 434 436 445 444 452 453 455 461 461 467 464 465 468 476 481 481 483 477 478 482 491 493 490 491 496 503 507 514 521 528 522 530 533 530 533 537 539 547 551 555 560 564 569 569 577 583 584 588 595 596 601 600 607 608 611 611 616 623 630
375 366 368 359 352 353 350 345 336 340 336 341 350 347 352 354 354 362 353 357 366 367 375 376 380 381 390 399 405 410 415 414 416 422 428 429 429 437 433 430 434 442 443 452 448 449 458 459 460 469 467 466 474 469 477 483 487 491 483 479 485 486 490 499 496 505 511 509 519 523 529 523 531 537 537 534 539 547 554 560 564 564 570 576 578 579 584 589 595 602 597 603 609 615 613 612 612 618 620 626
379 375 374 368 361 360 352 345 341 342 341 342 351 356 361 357 362 359 355 363 372 371 377 382 387 389 397 400 409 410 418 415 421 429 436 431 436 443 440 438 439 447 449 453 450 458 465 464 469 474 476 474 474 471 477 486 495 493 486 486 494 494 495 498 502 505 512 510 516 521 528 532 532 537 546 543 540 544 545 551 556 564 568 577 586 587 593 590 598 605 606 607 610 618 621 621 619 627 626 627
387 384 383 374 370 369 361 354 345 343 350 343 345 354 359 365 371 368 363 365 366 375 378 387 388 397 401 401 406 415 424 423 426 430 439 437 438 446 447 444 445 454 457 461 458 467 467 465 471 480 480 483 476 472 481 487 489 490 488 489 497 502 503 505 510 512 518 519 518 527 532 538 541 546 547 552 545 552 552 554 561 566 574 582 588 595 602 596 597 605 609 615 616 624 628 630 627 636 635 631
387 379 378 374 371 374 365 356 351 352 347 346 349 350 355 356 365 367 369 373 375 377 381 389 391 400 402 407 414 423 425 428 428 429 437 445 447 448 450 453 448 449 458 465 467 469 475 466 467 474 483 489 485 479 488 496 494 495 489 495 502 508 511 512 519 514 523 524 519 527 535 544 549 554 555 561 552 561 553 556 564 571 576 577 585 594 595 597 606 611 617 624 623 624 631 638 629 634 643 635
395 386 385 377 369 368 366 358 355 351 350 355 350 359 357 365 372 370 377 379 384 378 387 395 398 405 409 415 422 430 434 434 437 431 434 438 444 446 454 451 449 450 455 456 464 472 478 475 474 478 486 487 494 488 497 502 499 504 497 503 511 514 518 520 527 521 530 529 526 534 542 544 544 553 559 563 555 558 559 565 568 569 576 582 583 585 592 600 608 616 624 626 631 625 632 633 638 642 643 644
402 393 385 385 377 374 365 358 357 353 355 364 359 366 359 360 363 370 371 374 377 385 389 396 398 402 411 417 426 435 439 443 435 433 434 441 450 451 458 455 455 451 454 458 461 468 476 480 476 485 486 490 491 489 497 505 503 510 501 502 510 515 519 521 530 526 530 530 528 537 545 542 543 545 553 554 558 567 567 567 568 571 579 585 587 588 597 605 606 613 621 629 629 627 633 641 639 648 652 650
395 392 383 383 374 365 364 363 363 359 357 365 367 364 362 365 370 376 380 376 380 382 391 394 400 408 409 416 423 432 437 440 443 434 435 437 443 452 459 464 464 460 463 460 468 476 481 483 483 484 493 498 500 496 505 508 508 513 510 505 512 519 522 526 534 535 538 534 531 533 535 539 542 543 552 556 566 569 572 571 569 574 583 590 596 593 602 609 615 621 626 632 632 636 641 642 645 650 655 658
387 383 380 378 377 369 371 364 364 365 366 373 368 369 366 373 377 385 387 378 379 382 390 391 392 399 402 411 415 424 433 434 435 437 444 446 452 459 466 473 470 469 471 469 477 485 490 485 489 487 488 497 498 499 508 512 513 518 517 513 520 528 530 535 543 542 538 536 533 539 543 547 551 552 558 560 570 577 579 579 578 578 583 591 599 602 610 612 619 624 633 641 641 642 650 648 648 649 653 661
396 389 389 386 379 377 369 365 371 369 370 372 377 377 374 381 378 379 388 387 383 390 395 400 393 402 410 415 422 428 429 436 442 444 442 450 459 458 462 469 473 478 479 476 483 484 489 486 493 496 495 499 500 508 509 511 519 527 526 520 528 534 539 544 544 549 544 544 536 545 551 548 554 561 565 562 572 580 587 582 581 587 586 594 602 611 614 615 617 620 627 636 633 634 641 650 652 653 660 666
400 392 392 388 379 375 374 374 379 370 375 379 382 383 378 387 379 388 394 396 391 392 397 404 401 404 411 417 424 429 432 430 433 438 440 444 453 455 461 462 470 479 482 477 482 490 491 495 502 505 497 506 502 507 513 518 524 532 532 527 536 536 541 544 551 557 550 547 539 548 556 550 553 560 564 566 570 575 583 583 585 586 589 598 603 610 615 622 626 626 619 628 632 634 643 652 661 660 663 672
403 396 393 396 388 384 383 383 380 379 382 386 390 384 387 383 380 388 396 397 399 394 403 406 404 409 410 415 419 420 424 428 436 445 443 444 451 455 460 461 470 479 485 479 482 491 497 498 501 510 506 515 511 508 516 523 524 525 527 531 535 542 549 545 554 556 550 546 542 546 554 558 554 560 568 573 571 573 574 577 579 588 595 599 600 607 606 614 621 622 617 626 629 638 644 648 657 661 662 671
410 404 401 403 394 389 392 390 389 382 383 392 397 390 396 390 389 390 395 402 408 403 412 407 409 417 419 418 427 429 429 437 440 448 452 450 459 464 467 470 473 474 483 482 489 497 505 501 509 516 513 520 513 517 519 524 528 528 535 539 538 544 553 554 558 563 557 552 543 552 554 559 556 565 572 579 573 575 582 584 582 587 588 595 597 601 605 607 612 613 614 623 628 631 638 647 652 653 661 663
418 413 410 412 403 396 394 391 392 383 392 395 403 395 402 393 398 392 401 403 412 404 406 413 412 421 422 419 421 425 434 443 445 449 458 457 464 471 471 477 482 483 490 487 494 499 503 505 509 518 515 520 515 524 520 529 536 530 537 546 543 551 557 563 559 563 556 555 547 556 563 567 560 567 571 571 580 583 590 585 587 592 594 603 604 603 607 608 616 616 617 626 628 637 646 650 655 661 667 664
426 420 414 405 404 403 401 392 394 386 395 401 407 404 404 395 401 395 402 407 415 413 415 422 419 425 431 428 424 433 436 438 447 448 457 465 472 478 477 478 480 488 495 490 494 501 503 509 518 525 516 525 524 533 525 533 538 539 542 551 549 553 559 566 568 566 563 556 555 562 570 568 562 563 564 569 578 586 593 588 591 595 598 606 611 604 611 617 623 619 625 626 634 642 643 652 661 662 667 670
423 416 407 406 411 411 402 393 401 393 400 404 410 407 413 404 404 401 408 409 412 413 419 425 421 422 426 434 426 435 437 446 452 453 462 470 471 480 486 484 489 497 502 499 496 498 504 513 519 525 517 518 520 528 526 528 534 535 543 549 550 544 553 560 565 558 567 562 564 571 579 570 567 570 568 572 580 584 591 594 600 603 606 611 608 606 608 613 615 622 625 631 638 641 648 657 666 669 676 679
423 414 413 414 418 409 404 395 402 402 408 413 414 409 416 411 413 410 409 410 413 414 422 431 429 424 433 431 428 429 432 439 448 454 459 468 471 475 482 489 490 498 502 499 497 502 505 514 516 518 525 527 521 530 533 529 532 535 539 541 542 543 547 556 562 557 565 569 571 580 584 577 576 574 571 574 582 590 596 603 606 612 613 620 616 611 615 622 622 628 628 629 638 645 654 662 669 670 679 686
429 420 422 419 419 410 410 404 403 411 409 412 419 410 419 420 421 419 418 419 414 422 428 437 430 425 433 435 437 431 440 448 455 455 459 465 466 473 476 481 488 497 505 502 505 510 514 522 517 525 526 531 529 537 539 537 537 539 547 546 546 544 552 553 554 556 561 567 568 574 583 585 584 583 579 582 585 589 598 602 603 607 613 622 617 612 615 622 625 630 634 636 637 646 654 656 662 669 672 677
426 423 425 426 420 419 412 405 409 411 414 414 417 418 425 423 427 424 419 419 417 418 420 429 438 434 438 443 439 440 448 452 461 464 466 467 472 477 478 482 491 498 502 505 514 518 517 526 524 530 535 540 532 538 544 545 538 546 554 548 555 553 557 560 561 558 559 565 574 577 581 584 590 584 581 585 586 588 593 595 604 612 619 620 619 619 618 619 623 628 630 639 644 648 649 657 659 668 676 680
435 427 432 435 429 428 421 414 415 416 422 422 418 421 430 424 429 426 424 427 418 427 428 437 445 441 439 448 441 447 456 461 470 473 471 475 477 482 487 483 488 494 495 504 509 516 520 529 527 528 531 536 540 539 541 547 547 553 562 553 560 561 564 566 570 566 568 574 582 585 586 591 594 589 583 592 588 595 594 603 609 613 616 625 625 627 622 627 624 632 639 648 647 648 657 663 661 666 668 671
436 435 441 436 437 433 424 420 416 421 425 423 421 422 430 432 436 428 427 435 426 427 428 437 443 442 446 455 446 455 456 465 473 482 478 476 485 488 487 486 487 493 502 509 518 525 525 533 535 529 530 539 545 548 548 554 554 554 562 561 566 564 566 575 574 567 573 576 577 578 579 585 593 590 591 595 597 597 603 605 611 616 620 621 623 631 631 631 625 629 631 640 641 650 656 657 661 662 671 679
442 440 448 443 435 432 426 424 423 422 430 431 428 428 435 441 441 437 429 438 432 436 437 438 442 446 450 451 448 457 461 470 475 484 483 477 483 490 496 493 493 499 507 514 518 527 531 533 542 533 539 541 548 553 552 555 559 556 560 563 568 572 572 575 578 569 578 584 586 582 584 586 591 597 594 603 605 606 606 606 608 617 626 622 629 636 637 633 629 635 637 638 640 641 647 655 656 661 669 673
451 449 449 441 437 428 427 432 431 427 428 429 434 433 439 448 445 436 435 444 439 445 446 443 451 449 450 451 451 459 464 473 479 480 489 482 489 498 495 494 502 500 505 514 523 529 538 541 550 541 547 550 556 562 561 561 568 565 566 564 569 576 581 581 580 571 573 577 582 587 592 589 593 594 597 604 613 607 611 607 611 612 619 627 635 641 645 636 634 638 645 644 649 643 650 656 661 660 661 664
458 449 441 440 431 430 435 436 432 435 433 431 440 434 442 443 452 445 440 443 440 444 453 447 455 450 458 459 459 460 462 470 473 479 488 491 498 502 504 497 501 509 513 522 531 538 545 548 545 543 545 554 557 565 562 569 575 574 571 572 578 580 586 582 584 580 574 581 585 589 590 598 601 601 606 611 620 615 612 611 619 614 617 619 627 636 636 645 640 645 651 653 654 645 646 647 652 658 666 665
455 448 441 440 432 436 444 440 441 439 442 440 445 437 444 444 449 452 443 447 442 451 460 454 463 457 466 461 463 467 468 476 475 481 490 494 503 503 508 502 508 516 519 527 536 541 550 557 552 548 552 561 565 570 569 572 578 582 574 573 582 589 591 591 587 579 577 585 592 595 598 604 609 610 614 616 620 616 621 616 624 615 618 619 627 629 632 640 648 646 651 652 651 648 652 650 660 660 664 672
460 454 445 441 441 439 441 441 450 441 447 449 447 438 447 453 452 451 444 451 450 453 460 459 464 463 470 465 466 471 473 482 484 490 491 500 503 512 513 509 517 521 526 528 535 536 545 554 559 556 553 562 570 571 574 579 584 591 582 576 582 591 600 600 591 584 583 591 595 604 606 611 618 611 619 619 620 619 626 617 626 623 627 628 636 633 641 649 655 654 652 660 656 655 660 656 659 661 670 677
460 452 446 449 447 446 443 446 449 442 446 455 450 447 456 454 454 460 453 456 456 462 469 463 470 464 473 470 475 473 475 482 489 494 496 499 508 515 515 518 523 528 529 529 535 539 546 555 559 562 554 562 571 580 578 581 586 593 591 585 591 598 603 602 600 592 592 597 603 612 607 616 621 617 624 625 626 620 629 622 631 631 636 637 642 634 643 651 660 663 660 666 657 660 663 663 666 662 663 667
462 455 455 456 455 452 452 453 444 443 451 454 457 448 453 458 462 461 460 458 458 460 466 471 470 469 470 479 483 480 484 483 491 499 505 501 510 511 519 516 525 529 538 534 539 548 552 554 562 566 561 570 575 576 585 590 587 588 594 590 597 606 612 605 599 596 598 605 612 615 613 622 626 618 625 633 625 623 626 623 630 633 642 646 649 642 649 653 662 669 668 670 662 668 668 667 672 664 671 673
465 459 460 464 456 460 459 457 450 448 455 455 464 457 462 467 471 467 465 464 466 462 470 478 479 470 478 479 487 485 492 489 496 502 509 502 509 514 522 515 516 525 534 543 548 545 545 550 556 557 558 562 566 568 577 586 595 597 599 599 598 607 612 613 607 599 607 614 616 617 621 624 632 626 631 636 633 624 632 632 634 642 648 652 652 644 653 662 666 674 677 674 669 675 674 676 680 673 677 674
468 468 462 465 461 468 460 458 457 457 457 464 466 459 468 475 480 475 466 465 468 465 473 475 484 477 478 486 489 494 501 498 498 507 514 506 508 510 513 514 516 520 528 536 542 543 544 546 555 563 564 571 574 577 580 588 595 604 607 600 606 615 616 618 613 607 616 622 623 618 623 630 633 631 634 635 636 632 640 641 643 643 651 652 653 645 652 659 667 668 675 682 675 676 683 685 684 680 685 683
