  0 342 336 341 344 340 349 351 354 362 361 357 355 363 367 366 360 361 365 364 367 376 384 384 393 391 391 396 399 400 404 401 402 411 412 418 418 425 426 427 435 438 447 448 454 454 458 460 468 472 475 477 486 495 493 501 501 508 511 516 525 517 519 527 536 534 538 546 547 553 562 571 578 580 587 589 592 590 595 590 595 603 607 615 617 626 634 643 640 646 652 653 654 660 668 674 675 671 677 686
  8 335 334 335 335 339 340 347 352 353 356 348 353 354 358 365 359 362 360 361 364 370 375 383 391 389 387 389 395 403 395 397 401 408 409 418 417 423 429 436 436 437 443 447 455 450 453 455 460 464 466 472 480 487 487 494 497 500 502 510 519 511 519 528 532 531 538 541 549 557 565 564 569 572 579 584 584 581 590 587 589 598 607 611 619 628 633 641 638 645 643 649 656 656 665 665 666 667 676 683
 16 327 325 334 332 341 333 339 344 346 348 346 344 347 352 358 351 354 355 362 371 377 384 378 382 384 383 389 392 396 390 394 402 409 418 423 416 421 421 429 436 442 434 439 446 444 452 458 466 464 468 477 478 480 485 493 496 495 502 509 517 509 517 520 524 529 536 538 544 550 559 561 569 569 570 578 579 580 581 585 588 597 606 607 614 623 624 633 629 636 641 646 647 655 656 659 666 667 668 674
 17 331 324 326 327 332 330 331 335 343 345 340 342 343 345 351 349 354 356 365 370 370 375 370 376 377 382 384 385 387 389 398 406 411 420 414 414 415 420 421 427 433 431 433 442 441 449 454 457 463 468 468 472 479 485 488 489 493 501 500 508 508 509 515 524 528 535 537 545 554 554 563 565 565 574 574 583 580 586 589 597 601 599 600 606 615 617 626 625 627 632 640 643 646 650 654 662 671 672 680
 26 331 323 320 326 327 329 336 341 340 336 337 345 346 344 342 346 355 359 360 368 363 366 366 369 373 373 375 377 380 385 394 401 402 411 408 407 416 421 413 422 424 425 432 433 440 449 454 462 467 473 465 467 476 478 485 494 495 495 497 503 502 510 519 521 525 532 537 541 549 546 554 556 564 566 567 576 577 579 580 589 597 598 601 607 609 617 618 619 623 630 632 634 643 649 657 661 670 677 680
 28 325 316 314 317 318 327 336 335 331 329 331 340 337 335 341 349 349 354 354 362 359 365 364 368 374 372 377 376 377 382 385 392 401 402 409 404 409 415 410 415 418 424 432 433 439 442 448 454 459 466 462 470 471 480 484 486 490 491 494 498 501 505 510 519 521 525 529 538 540 545 546 555 561 569 567 576 585 585 588 589 598 605 602 611 610 618 623 628 632 632 638 635 640 646 649 658 667 669 671
 29 317 308 308 313 317 326 332 327 329 320 327 332 328 329 335 342 343 345 352 354 350 357 361 359 366 370 372 373 380 388 382 389 396 403 400 402 403 406 407 414 415 423 427 431 439 440 443 450 452 461 460 464 469 471 477 479 484 493 496 497 500 505 514 522 529 528 532 536 537 538 545 552 553 561 566 570 576 583 587 589 592 597 605 614 619 627 631 630 637 639 640 639 647 653 650 652 660 664 663
 33 310 304 307 316 319 323 326 319 327 319 324 330 327 335 335 341 336 345 348 351 348 356 363 358 357 362 363 371 376 380 381 385 392 395 399 408 411 413 410 419 423 431 436 432 435 437 441 447 456 458 459 467 476 473 477 480 482 488 491 493 495 497 506 514 523 530 529 532 538 547 553 561 554 563 563 564 569 578 580 581 589 594 600 609 615 623 632 636 644 640 645 648 652 656 652 660 657 657 660
 41 304 303 305 309 310 315 318 317 325 317 317 326 326 329 334 333 335 343 339 344 346 354 356 360 354 358 365 374 383 379 379 383 387 394 403 400 405 412 419 425 422 425 427 430 439 443 450 453 455 454 457 462 469 476 482 489 490 496 500 496 502 500 509 518 524 526 528 535 537 545 554 556 556 559 561 564 568 569 572 579 587 593 598 603 612 620 623 627 635 632 641 644 648 655 657 660 656 648 656
 42 296 300 297 302 305 314 312 311 320 313 314 319 325 331 340 332 328 337 338 346 342 351 358 351 353 357 366 373 377 370 378 383 386 392 400 393 399 407 416 418 418 426 428 432 434 443 452 450 452 451 460 462 469 477 485 489 491 495 496 496 505 506 511 511 519 523 529 529 537 538 545 550 558 564 561 562 571 578 576 585 586 595 599 604 608 614 622 624 626 626 634 643 639 647 649 651 654 647 653
 51 291 298 290 298 300 306 306 308 314 312 318 319 317 323 332 332 323 328 330 337 341 347 350 349 358 358 362 364 371 369 374 376 383 384 391 391 395 402 411 415 417 424 432 439 436 439 443 445 445 450 458 459 464 469 478 481 483 486 487 490 497 503 504 505 511 517 520 526 529 537 539 545 554 555 559 565 574 580 581 589 594 586 590 599 605 611 615 616 624 625 626 635 638 639 641 644 645 646 654
 56 286 295 289 297 305 298 305 306 307 305 309 310 313 314 323 326 321 330 331 340 336 343 351 347 356 361 364 373 368 367 373 372 381 389 393 389 392 399 403 406 408 416 423 431 430 430 434 436 444 452 460 460 469 470 478 480 487 488 494 499 504 508 509 508 515 521 516 519 524 528 537 543 552 550 558 567 571 572 581 585 585 584 587 595 600 608 607 607 616 617 625 626 630 639 640 648 654 654 657
 58 283 286 288 290 296 290 299 306 302 303 310 315 309 315 316 317 318 327 330 331 335 337 344 346 347 355 364 373 370 363 365 371 374 381 390 388 390 399 401 404 406 410 417 425 422 423 426 435 440 444 453 460 464 469 472 475 479 483 492 501 506 508 517 512 517 516 511 519 528 534 528 537 544 545 551 558 563 572 576 585 580 582 585 588 595 603 602 605 610 614 621 627 633 640 648 643 652 660 666
 66 279 281 286 284 287 285 293 297 301 309 307 307 300 309 316 321 327 331 332 340 338 343 344 353 356 362 356 365 361 362 370 379 382 377 381 387 393 396 400 409 413 418 418 419 421 430 435 434 440 449 455 456 457 466 466 467 472 479 487 493 501 506 514 505 509 508 510 511 520 525 526 535 543 552 556 557 564 569 568 577 578 584 591 597 593 595 599 600 601 608 615 618 627 631 640 642 651 654 661
 73 278 272 278 275 279 281 290 289 297 300 305 300 296 303 311 312 318 323 324 332 341 338 339 346 355 356 354 358 360 367 376 384 377 376 382 384 385 394 398 404 413 418 412 421 416 424 429 433 436 440 448 455 464 463 460 469 476 483 484 484 492 498 507 499 500 507 509 512 521 524 529 536 538 546 548 551 558 561 567 573 580 581 589 589 591 600 598 599 607 610 618 619 621 630 635 644 653 651 656
 74 270 271 269 272 274 278 284 288 288 291 299 296 292 294 303 307 315 318 323 331 335 337 338 339 348 347 353 358 361 368 377 380 379 375 382 376 382 390 389 398 407 409 409 418 409 418 425 427 432 439 447 456 456 455 456 465 470 475 476 483 492 490 498 498 499 500 507 512 520 527 534 536 537 538 539 547 553 554 563 571 571 575 580 581 588 594 597 599 605 607 609 617 626 630 634 636 645 646 647
 83 265 262 268 269 274 276 283 285 287 285 292 299 291 295 304 313 311 319 318 323 327 334 329 336 339 343 350 354 362 371 379 372 376 374 373 373 379 384 388 394 403 412 407 410 407 410 416 423 425 430 439 448 457 454 459 466 469 474 477 482 490 488 489 497 502 508 516 513 522 530 531 534 543 545 544 553 554 562 566 574 566 567 575 584 591 592 599 605 610 614 611 619 624 629 632 635 642 645 653
 89 263 255 264 270 265 274 279 287 287 279 284 292 288 295 298 304 308 310 312 318 320 325 326 329 334 337 341 349 357 363 372 363 369 365 366 370 374 379 385 392 398 405 404 402 404 410 419 427 431 432 441 439 448 449 453 459 464 472 478 482 485 482 491 492 501 509 515 521 522 530 535 540 544 546 545 554 560 558 564 567 565 573 580 585 594 593 601 602 608 612 615 624 633 636 632 633 641 642 651
 93 257 253 259 266 263 269 276 279 278 277 283 286 287 296 296 300 305 314 315 317 315 316 320 321 330 331 332 340 348 357 365 356 360 361 369 378 380 382 388 389 394 401 409 401 408 413 422 431 436 433 433 435 439 448 453 460 458 466 472 476 481 480 487 496 497 504 513 515 523 523 532 531 536 537 546 545 551 550 555 558 561 568 577 580 587 596 605 603 610 609 616 617 624 631 631 640 644 650 655
 94 257 250 257 259 258 265 272 275 269 270 279 288 287 292 292 299 305 305 314 316 311 314 323 326 331 339 335 341 348 356 359 355 357 365 363 370 377 386 383 391 387 395 400 399 402 411 420 422 429 434 429 436 437 444 453 454 455 463 465 472 474 478 486 488 497 501 504 513 521 521 530 530 538 540 538 536 543 546 551 560 569 573 577 585 594 596 605 602 606 608 614 621 621 622 623 631 636 641 646
100 254 249 250 255 256 265 266 271 267 261 270 279 284 290 288 290 298 297 306 307 310 319 325 325 330 338 343 348 352 354 356 349 350 357 358 361 370 378 382 384 381 386 393 396 405 411 412 413 422 425 427 436 439 440 446 453 454 461 467 467 476 482 488 493 497 505 511 518 518 518 524 528 536 532 529 535 537 542 551 559 566 573 575 580 589 596 603 596 597 604 606 613 620 625 626 628 635 644 652
109 245 242 248 248 257 262 257 264 266 260 262 270 277 281 284 287 290 292 299 308 311 317 322 324 329 332 338 341 343 345 347 348 356 355 360 354 363 369 374 375 378 379 388 389 398 404 411 415 421 418 426 432 438 444 453 449 458 459 460 465 474 476 483 489 491 500 502 509 509 510 515 519 528 534 526 535 544 550 553 557 563 572 581 576 585 587 594 595 600 603 611 604 612 617 618 623 629 635 644
118 236 235 242 244 250 255 256 256 257 259 264 272 273 278 287 288 295 301 307 308 311 315 324 327 327 330 331 332 334 342 342 349 347 349 352 352 354 363 370 378 380 383 387 390 396 404 405 414 414 417 422 430 439 439 445 444 449 450 451 458 467 467 476 482 484 493 499 500 507 508 516 524 532 530 524 529 535 542 544 553 559 563 572 575 579 584 585 587 596 602 602 603 606 615 614 619 626 628 636
122 227 232 235 238 245 249 257 252 259 265 270 272 281 281 283 287 288 292 299 301 310 314 317 324 326 324 330 339 337 337 339 340 340 343 348 350 358 367 375 377 381 384 393 387 393 400 402 411 409 411 414 423 430 435 436 442 446 453 460 460 461 466 473 482 491 492 491 500 501 501 510 517 526 524 521 530 536 538 546 547 556 563 565 566 575 581 585 587 596 597 601 609 606 610 611 620 628 632 637
127 224 228 234 234 239 241 248 250 257 258 266 269 278 279 279 285 279 284 292 301 310 319 311 315 320 323 321 330 329 336 333 338 335 344 348 357 363 362 366 368 374 375 384 385 387 391 399 408 407 412 413 417 426 435 441 442 451 454 460 469 469 467 475 484 485 486 490 497 498 499 501 510 518 519 520 521 529 537 539 544 553 554 563 567 573 582 577 581 589 596 604 609 602 611 605 613 619 628 629
132 219 222 231 226 231 240 249 254 255 261 265 273 276 280 273 278 276 282 291 297 305 312 303 310 314 314 319 326 326 327 327 335 334 336 345 353 359 356 360 367 373 378 382 386 391 392 393 401 403 411 418 422 430 437 446 448 455 462 456 460 469 475 476 485 488 491 499 506 502 501 510 518 520 525 527 528 532 538 539 545 554 563 565 567 565 574 574 577 585 587 596 600 601 602 603 612 615 624 628
133 218 216 223 223 231 240 243 252 250 256 257 264 267 275 272 271 274 278 287 295 299 303 301 304 305 312 312 317 323 320 325 332 327 336 342 348 350 351 352 361 364 371 374 379 386 394 394 395 403 412 421 424 427 436 439 448 456 461 453 456 464 466 470 479 481 484 492 500 501 508 515 524 528 533 526 535 534 539 547 554 557 560 556 558 561 567 568 577 585 594 601 597 600 604 612 613 617 619 624
141 220 213 219 217 226 235 236 243 248 257 259 264 268 267 276 270 278 281 285 286 291 297 293 295 301 303 311 312 314 316 317 325 326 332 341 350 359 360 359 368 372 372 381 388 387 396 397 397 406 413 417 420 428 433 441 447 453 452 451 459 462 470 477 473 472 481 487 495 502 503 512 520 524 524 518 526 535 540 545 548 553 560 553 557 559 568 577 576 578 587 595 594 596 604 607 616 619 628 627
142 219 211 210 212 221 228 229 236 240 249 256 256 263 265 269 269 269 278 281 287 282 290 291 289 298 304 313 321 321 325 324 333 335 338 347 352 361 361 362 371 377 379 383 389 394 398 399 406 413 421 425 421 422 428 433 439 446 451 447 456 458 467 468 469 470 477 484 486 493 502 505 514 516 516 517 524 532 536 537 541 545 552 550 559 565 566 573 571 573 581 589 590 594 601 608 617 618 627 630
151 214 212 203 207 215 222 220 229 238 246 248 249 254 262 263 265 266 269 274 278 280 281 287 288 296 302 306 315 318 327 325 330 331 339 348 357 363 363 363 372 380 384 390 396 403 404 406 415 416 425 432 428 424 425 432 437 438 442 443 452 461 463 472 471 473 475 484 485 492 493 502 507 510 511 518 525 526 528 529 535 536 543 549 556 565 566 567 568 576 582 585 587 595 602 610 619 627 629 629
155 205 209 200 201 210 213 219 226 234 242 250 257 259 264 272 272 268 277 275 283 287 289 289 290 291 300 309 312 319 328 328 334 340 345 350 353 360 367 365 371 375 381 389 397 406 408 415 424 425 420 429 431 425 432 441 438 446 451 452 455 463 472 480 473 476 483 489 494 500 497 499 508 514 516 522 529 534 534 535 540 541 550 549 553 558 560 569 567 575 583 586 595 603 611 616 618 618 624 620
162 196 201 199 205 214 222 225 233 236 245 252 253 262 255 264 268 269 278 284 288 285 288 294 298 296 304 310 316 319 321 322 327 336 345 345 354 360 367 371 377 383 386 393 399 400 408 415 415 418 419 426 427 427 436 445 443 450 459 460 462 469 473 478 482 483 491 494 499 501 494 501 507 508 510 519 527 528 535 536 533 540 546 541 547 549 556 561 563 568 574 580 589 597 606 613 616 614 619 616
171 178 185 187 194 206 215 224 232 239 240 243 252 253 254 262 271 270 279 287 281 284 285 294 303 298 305 306 313 317 323 323 330 337 339 344 346 354 361 368 371 375 380 385 390 398 399 407 413 422 421 430 435 436 444 450 448 450 455 464 463 463 469 473 482 487 489 489 490 492 493 498 499 508 509 515 524 533 534 534 531 539 537 540 545 549 550 559 567 574 580 582 587 591 598 605 607 611 616 614
176 182 191 196 200 210 217 226 231 231 239 248 248 257 253 258 266 267 276 278 280 287 292 301 307 301 306 310 316 322 323 331 331 335 344 353 355 355 363 369 374 379 388 391 391 400 408 412 417 419 426 433 430 436 445 447 451 458 463 458 454 462 466 469 475 479 481 488 489 486 488 493 502 505 508 511 520 529 535 529 529 537 536 544 547 549 558 564 565 574 583 588 593 599 596 597 602 603 611 613
180 189 198 202 201 202 207 217 226 228 233 241 243 250 251 260 266 275 283 279 282 288 294 299 304 304 312 316 321 330 330 337 333 334 337 346 355 364 366 367 373 374 383 388 388 395 403 412 409 417 419 427 428 436 438 439 448 449 456 457 450 459 466 467 476 477 481 480 480 478 479 488 495 497 500 509 514 521 527 520 521 528 533 539 543 544 550 559 567 572 576 581 584 593 589 597 602 611 614 606
184 191 194 202 209 211 212 220 228 235 234 241 243 251 254 258 267 276 275 278 284 293 298 307 307 313 314 315 320 329 331 335 342 343 338 345 350 358 359 363 365 373 381 382 383 390 395 403 406 414 419 419 427 429 431 432 439 443 447 448 449 450 459 462 467 472 476 474 475 477 479 483 488 489 498 506 507 516 521 519 524 522 525 534 538 546 549 558 566 563 572 573 579 585 581 588 595 602 611 604
193 199 203 203 209 215 220 229 229 236 240 241 243 251 254 261 265 274 273 278 282 286 294 303 307 313 319 316 325 322 330 332 341 344 340 347 352 361 365 372 374 380 387 381 390 390 394 394 403 405 410 415 424 433 437 439 446 450 447 452 458 459 461 468 468 470 472 473 482 486 486 489 490 497 498 507 516 514 514 515 516 521 530 526 535 539 547 552 561 562 568 574 570 577 578 587 588 593 602 603
201 200 206 211 218 217 226 230 233 235 236 246 250 255 258 261 263 271 272 277 279 288 288 295 298 304 313 315 318 321 329 334 339 346 347 356 356 363 371 380 373 382 386 378 383 389 389 391 399 403 412 417 425 428 429 435 439 442 444 448 455 461 470 470 477 477 474 475 476 478 479 482 490 492 497 505 507 505 513 520 517 518 524 525 533 537 541 546 555 562 559 565 566 575 583 587 595 601 608 612
206 207 212 220 226 226 233 233 234 241 237 247 251 256 261 268 268 270 277 283 280 283 285 294 296 303 310 312 315 323 330 339 348 348 350 356 359 364 371 379 371 375 381 375 376 384 388 396 398 406 409 410 419 427 435 436 444 441 446 451 455 464 472 472 480 477 476 477 485 480 488 483 490 496 496 503 498 499 506 514 518 525 527 528 537 541 548 551 559 554 556 562 566 575 580 581 589 598 607 611
214 210 213 215 224 230 239 242 237 243 242 244 254 258 261 263 265 273 281 290 286 290 291 296 305 304 305 314 320 328 334 335 342 347 349 350 351 360 365 371 370 372 374 373 380 381 389 395 402 409 413 411 417 426 434 435 439 440 446 455 463 469 469 475 478 477 482 485 493 489 489 484 485 487 494 495 497 502 511 516 523 526 527 531 534 536 540 549 552 553 562 569 567 576 583 583 585 594 599 602
219 217 216 217 225 234 236 242 246 250 247 253 263 266 269 264 268 275 283 292 287 293 295 302 307 305 311 319 320 325 327 335 342 351 351 352 352 358 361 362 364 367 368 372 374 383 388 396 398 407 416 415 416 417 426 429 430 439 441 450 454 463 460 468 476 474 475 484 486 494 497 489 494 495 502 499 506 511 512 516 522 523 530 536 541 545 546 555 555 560 569 573 572 580 581 589 586 590 599 608
224 218 224 220 227 234 235 244 250 253 255 254 263 268 270 272 275 277 286 287 291 297 302 303 311 308 313 319 324 333 334 337 343 347 354 357 361 367 362 363 371 369 375 380 383 391 397 391 399 402 408 406 407 410 419 421 430 434 435 442 451 456 455 464 467 468 469 476 479 488 496 498 494 496 498 506 513 518 518 523 523 526 534 536 540 549 555 562 561 569 572 581 578 584 590 598 594 592 594 601
226 219 220 227 231 236 244 249 256 262 262 256 263 269 272 281 276 277 285 292 293 301 308 311 314 313 315 321 327 336 343 346 348 355 363 366 364 365 367 367 375 370 372 373 375 383 392 386 393 396 399 402 405 413 420 424 433 437 443 443 445 450 453 462 463 469 478 485 480 482 490 491 492 501 500 505 512 518 524 532 528 535 539 545 546 555 563 567 568 574 581 590 587 593 598 601 597 593 594 603
235 226 229 236 233 242 250 254 250 258 263 259 268 269 270 274 275 277 279 287 293 301 306 309 312 315 317 326 330 336 344 345 354 361 366 365 364 361 367 376 382 376 379 375 379 381 383 384 385 390 392 401 405 410 411 418 424 433 439 448 449 457 454 462 468 471 480 483 482 490 487 482 485 494 497 505 506 510 519 526 530 537 542 547 548 557 565 568 575 575 582 583 590 598 604 606 605 602 601 610
244 235 230 231 233 238 242 248 249 257 266 261 267 275 275 276 278 283 288 294 302 305 306 307 317 321 322 327 334 335 337 339 347 354 360 368 359 360 369 372 381 385 380 384 387 382 391 392 393 391 392 394 401 410 411 420 429 432 438 445 448 456 457 458 467 467 474 476 483 490 482 481 489 498 501 509 512 518 523 532 531 536 543 550 556 553 562 566 572 577 586 587 596 605 613 615 608 611 603 607
238 233 232 238 240 239 247 255 256 264 272 267 270 274 282 281 286 291 295 303 309 314 314 309 318 320 326 335 343 336 337 339 348 349 353 359 354 363 371 373 380 382 381 388 386 385 392 393 402 396 397 396 398 406 413 421 423 424 430 439 441 449 456 459 468 465 473 481 476 481 478 480 489 495 502 507 516 524 531 528 528 529 537 541 550 551 560 569 577 586 595 591 600 609 614 622 617 615 611 608
239 240 241 244 244 244 251 259 264 273 278 273 278 277 286 285 288 292 298 300 307 314 315 315 323 329 327 332 340 337 343 340 341 346 350 351 353 360 364 373 381 380 386 392 394 394 394 402 403 404 398 402 399 406 410 418 422 423 429 435 442 446 449 450 459 462 471 472 474 476 477 485 488 495 504 505 514 521 522 523 526 530 539 544 546 555 564 565 571 579 586 595 601 604 611 615 614 614 616 614
244 245 248 253 253 253 260 262 269 278 281 274 280 282 287 294 293 300 307 305 314 319 319 324 326 332 331 336 342 346 349 347 350 352 352 358 359 363 366 367 372 374 377 383 392 401 403 411 412 404 399 407 406 407 408 410 418 427 435 443 443 447 452 456 462 471 478 476 482 484 486 493 496 504 513 511 520 527 528 531 535 531 540 541 550 555 564 573 577 585 594 590 598 603 610 611 612 613 621 619
253 254 249 258 262 262 266 263 272 272 273 275 284 284 291 290 291 296 305 314 323 322 326 332 335 334 336 345 350 353 353 351 354 360 360 365 363 370 375 376 380 376 378 386 395 400 402 411 410 409 408 411 411 412 413 417 424 432 436 440 449 456 453 459 468 472 475 482 489 485 493 495 500 502 510 519 528 531 537 538 534 533 541 550 559 559 568 577 585 590 585 587 593 594 601 609 618 622 629 621
258 256 257 266 263 271 272 266 267 271 280 279 281 283 288 289 297 305 312 316 317 318 324 330 335 342 339 349 358 357 354 360 362 361 361 370 369 378 379 380 385 378 386 395 396 404 404 413 417 412 409 418 418 421 422 424 433 441 445 445 451 456 455 462 467 473 481 486 484 485 488 491 500 507 516 523 524 533 541 542 536 539 540 545 551 554 563 572 576 582 583 592 601 601 607 614 615 623 622 629
259 263 265 273 266 270 271 273 269 270 271 277 286 287 290 294 300 307 316 318 323 321 330 337 339 342 342 344 353 361 363 366 370 368 364 372 378 385 383 381 390 387 393 394 395 400 409 418 414 418 418 427 425 425 424 429 431 438 444 445 454 462 462 466 474 475 481 482 483 488 497 499 508 511 516 517 526 531 537 538 543 540 548 553 560 563 564 569 572 577 586 595 596 603 611 618 616 624 620 629
260 269 266 272 273 271 279 282 278 278 278 280 289 296 297 302 309 312 317 323 325 329 334 343 340 348 347 348 358 365 367 373 374 375 371 380 383 390 385 389 393 389 390 398 402 408 411 412 413 422 424 427 428 426 426 431 440 442 447 454 463 466 471 475 478 483 490 489 491 496 498 507 508 512 513 521 527 534 542 547 545 546 552 557 561 570 572 570 575 580 585 590 591 600 606 613 619 622 616 625
267 276 271 275 282 274 276 284 281 284 279 282 291 300 303 309 315 313 315 316 325 331 333 340 345 352 356 352 356 357 360 363 364 366 375 376 385 393 386 388 390 398 399 401 404 411 420 413 420 429 431 435 434 428 435 438 446 451 454 461 466 472 472 476 481 489 498 497 492 498 506 508 516 519 521 528 529 531 539 540 541 548 556 564 565 566 568 573 574 580 588 594 600 609 606 607 610 613 614 619
274 275 280 284 288 283 279 288 286 286 283 289 293 301 304 310 314 314 318 321 330 336 337 345 347 356 364 361 361 360 366 371 369 375 379 377 385 391 395 390 392 393 395 404 405 414 421 414 415 420 428 437 438 429 437 446 455 458 461 462 463 470 474 474 475 480 489 490 495 498 507 515 521 524 527 529 533 535 543 545 546 547 549 557 558 566 569 572 581 586 587 594 599 602 605 604 611 620 619 622
283 284 289 288 289 292 287 296 287 290 292 290 299 302 309 318 323 323 326 328 334 337 343 351 348 351 359 366 368 366 372 373 374 383 382 386 388 391 397 398 400 398 403 404 412 420 428 423 423 428 436 441 434 433 439 444 448 449 458 465 464 465 473 472 480 489 496 498 504 499 502 508 516 521 526 531 532 541 550 549 554 549 558 565 564 571 572 574 575 577 578 587 590 593 600 601 610 619 626 631
292 293 298 297 297 294 290 295 294 299 301 298 307 303 307 316 318 327 329 329 332 333 340 349 357 359 364 367 375 369 377 379 376 385 391 387 394 392 397 405 401 402 407 413 420 428 429 429 432 432 434 443 442 441 445 452 456 458 467 466 465 466 468 470 478 481 489 493 500 507 507 514 519 526 535 540 535 544 546 547 555 550 552 556 561 570 572 578 576 585 586 594 599 602 609 606 612 613 622 629
294 302 303 300 304 295 291 297 303 300 300 299 301 307 308 317 326 333 338 338 338 340 344 348 354 355 364 370 376 376 383 381 381 383 384 393 399 400 403 412 410 411 416 417 425 429 434 437 440 435 437 441 450 445 451 458 461 467 469 467 467 475 477 474 475 484 490 492 501 505 508 510 517 524 527 536 540 546 552 555 558 558 561 559 560 564 570 577 581 585 589 591 594 595 604 613 621 617 621 625
302 310 307 304 301 297 298 305 304 308 308 301 303 308 312 317 326 331 336 345 340 348 346 353 362 357 366 372 374 378 383 390 388 392 385 389 390 397 406 414 415 412 420 424 425 426 433 434 437 438 446 449 452 448 450 456 457 465 470 476 476 476 478 479 482 489 493 498 499 508 516 519 524 527 530 531 536 545 554 555 564 559 562 560 568 573 578 584 590 590 598 594 598 604 609 610 615 624 623 632
303 306 315 313 306 302 307 307 311 310 311 302 303 306 313 316 325 332 334 338 344 353 350 359 366 366 375 377 383 382 391 397 392 392 391 398 399 406 410 412 418 417 426 426 434 435 442 443 442 442 450 455 461 457 458 465 464 469 470 479 485 484 480 482 491 490 492 498 505 514 515 520 529 528 529 530 539 548 557 563 564 566 566 567 570 579 581 582 590 599 607 603 602 605 607 609 617 619 628 637
306 315 324 321 313 310 310 315 314 318 315 306 304 311 317 321 322 327 334 340 348 352 357 364 369 369 377 378 386 385 389 398 401 397 398 401 400 404 411 410 411 415 416 426 429 435 437 439 448 443 446 454 461 462 460 466 467 471 479 481 485 492 488 491 493 499 501 500 503 511 520 526 527 530 530 539 548 550 551 557 565 573 567 573 577 585 590 589 594 602 607 607 609 607 609 614 622 628 637 646
315 322 330 325 320 319 313 321 318 322 315 314 305 310 318 327 331 335 334 340 343 349 358 365 371 374 382 386 393 391 398 407 406 398 399 403 402 403 407 408 409 418 418 419 420 430 438 446 449 452 450 458 467 469 467 474 476 476 482 487 487 490 494 500 502 507 509 502 510 517 518 526 534 536 531 533 539 546 554 563 571 570 574 578 586 592 597 598 603 606 613 612 613 613 618 622 630 635 642 645
322 331 338 333 325 317 314 315 324 326 322 313 306 310 315 322 328 331 332 340 346 352 361 369 364 373 376 381 384 392 398 407 406 401 406 404 404 410 415 412 414 420 425 428 427 429 436 441 450 456 451 459 462 470 469 476 483 480 485 488 492 493 498 504 506 507 509 504 510 519 524 533 535 544 539 542 547 550 558 562 563 567 573 575 582 591 597 600 601 609 618 619 620 617 622 624 632 639 648 653
327 336 342 338 332 323 317 324 332 328 326 319 315 315 317 322 325 334 341 343 344 353 354 361 362 371 372 373 375 384 391 399 402 405 412 412 411 417 419 418 422 426 433 436 431 432 438 447 456 465 460 464 464 465 469 477 480 489 486 490 491 493 501 508 507 509 507 505 513 514 523 532 540 544 546 548 550 558 559 561 562 564 571 580 582 586 593 601 604 605 613 618 622 625 623 631 639 647 654 660
333 340 345 336 335 328 320 321 323 332 324 317 316 320 321 329 330 337 339 348 353 362 355 360 369 372 380 374 381 382 391 397 405 414 418 419 419 423 427 426 427 427 429 434 440 433 439 448 457 465 469 467 470 474 478 478 485 489 487 488 490 497 498 501 507 512 509 514 522 523 531 534 535 540 549 557 554 556 558 567 568 565 574 578 581 586 595 601 607 606 611 617 624 621 625 634 634 640 649 654
336 344 337 336 334 332 326 329 331 327 322 320 317 322 324 330 338 344 341 344 352 360 356 360 362 371 379 380 382 390 399 406 408 415 423 423 425 432 429 431 433 434 430 435 444 441 447 454 456 462 469 469 477 479 480 487 491 490 494 491 494 495 499 502 509 511 514 515 523 529 534 538 539 548 549 558 558 557 564 566 575 569 570 572 581 585 594 603 604 605 608 617 616 619 625 629 633 642 650 657
340 348 344 345 341 336 327 336 340 333 325 326 325 326 332 335 338 346 347 350 359 360 362 369 370 373 382 389 390 394 396 405 407 415 424 422 429 435 430 438 438 436 437 443 444 449 454 460 459 461 470 474 483 488 481 483 484 487 493 500 495 503 506 509 517 512 520 524 530 538 535 537 544 547 556 565 566 558 561 567 575 576 578 581 589 586 593 601 610 610 608 610 613 618 626 630 639 642 647 656
346 355 353 353 347 343 336 344 335 328 327 329 329 335 333 342 342 351 356 357 363 367 366 370 371 379 383 385 386 387 396 397 400 409 417 418 423 426 435 441 439 437 446 451 453 458 461 469 460 465 474 483 492 485 482 491 491 488 497 500 497 505 514 513 522 521 526 525 527 536 542 541 542 545 551 560 562 566 568 571 573 580 586 590 598 591 592 596 604 606 607 616 622 619 626 630 632 639 640 648
347 356 360 354 354 345 342 340 333 331 331 331 337 340 340 342 344 352 353 357 366 372 371 378 380 388 387 387 388 394 400 406 408 417 421 426 431 435 436 444 447 441 450 456 454 463 469 477 467 473 482 485 489 487 489 490 498 496 502 508 503 508 517 520 522 526 528 533 532 534 542 543 545 554 553 555 564 573 575 580 574 582 583 586 595 595 595 604 611 609 611 617 623 620 629 637 640 642 649 650
355 364 363 362 353 352 349 342 334 338 334 335 341 341 349 343 345 349 351 359 366 375 378 379 380 384 391 395 396 403 409 407 414 418 426 432 439 442 438 441 450 447 448 456 457 462 468 475 472 475 483 488 486 487 496 497 504 505 510 509 511 510 511 514 521 525 534 534 533 542 551 544 550 557 557 561 570 572 576 579 582 583 591 590 594 599 600 603 610 618 615 619 620 628 630 636 637 646 648 657
364 373 364 361 357 351 350 345 338 347 339 338 347 348 356 351 352 357 359 368 374 378 379 382 381 389 398 403 404 412 412 416 418 427 430 431 435 436 442 442 445 449 456 459 463 471 469 471 479 477 478 481 482 488 495 496 497 499 500 510 516 517 517 519 528 534 536 535 539 541 548 549 553 554 556 565 574 577 584 587 584 584 590 598 596 597 606 604 613 619 624 622 628 633 639 637 639 640 647 654
373 373 371 362 360 360 357 348 342 345 342 347 352 349 355 360 361 366 361 362 370 379 388 391 389 397 406 411 413 418 421 420 423 424 429 433 434 438 440 441 450 452 454 463 464 472 473 475 481 481 487 484 485 488 496 505 505 507 501 502 507 516 521 520 521 526 533 537 543 550 557 551 559 562 559 562 566 568 576 580 584 589 593 598 598 606 612 613 617 624 625 630 629 636 637 640 640 645 652 659
382 376 378 369 362 363 360 355 346 350 346 351 360 357 362 364 364 372 363 367 376 377 385 386 390 391 400 409 415 420 425 424 426 432 438 439 439 447 444 444 448 456 461 470 468 469 478 479 480 489 487 486 494 489 497 503 509 515 507 503 509 510 514 524 526 535 541 539 548 552 558 552 560 566 566 563 568 576 583 589 593 593 599 605 607 608 613 618 624 631 626 632 638 644 642 641 641 647 649 655
386 385 384 378 371 370 362 355 351 352 351 352 361 366 371 367 372 369 365 373 382 381 387 392 397 399 407 410 419 420 428 425 431 439 446 441 446 453 451 452 453 461 467 471 470 478 485 484 489 494 496 494 494 491 497 506 515 517 510 510 518 518 519 522 528 531 538 539 545 550 557 561 561 566 575 572 569 573 574 580 585 593 597 606 615 616 622 619 627 634 635 636 639 647 650 650 648 656 655 656
394 394 393 384 380 379 371 364 355 353 360 353 355 364 369 375 381 378 373 375 376 385 388 397 398 407 411 411 416 425 434 433 436 440 449 447 448 456 458 458 459 468 475 479 478 487 487 485 491 500 500 503 496 492 501 507 509 511 512 513 521 526 527 529 536 538 544 548 547 556 561 567 570 575 576 581 574 581 581 583 590 595 603 611 617 624 631 625 626 634 638 644 645 653 657 659 656 665 664 660
397 389 388 384 381 384 375 366 361 362 357 356 359 360 365 366 375 377 379 383 385 387 391 399 401 410 412 417 424 433 435 438 438 439 447 455 457 458 461 467 462 463 472 479 487 488 495 486 487 494 503 509 505 499 508 516 514 517 513 519 526 532 535 536 545 540 549 553 548 556 564 573 578 583 584 590 581 590 582 585 593 600 605 606 614 623 624 626 635 640 646 653 652 653 660 667 658 663 672 664
405 396 395 387 379 378 376 368 365 361 360 365 360 369 367 375 382 380 387 389 394 388 397 405 408 415 419 425 432 440 444 444 447 441 444 448 454 456 464 465 463 464 469 470 478 486 492 495 494 498 506 507 514 508 517 522 519 526 521 527 535 538 542 544 552 547 556 558 555 563 571 573 573 582 588 592 584 587 588 594 597 598 605 611 612 614 621 629 637 645 653 655 660 654 661 662 667 671 672 673
412 403 395 395 387 384 375 368 367 363 365 374 369 376 369 370 373 380 381 384 387 395 399 406 408 412 421 427 436 445 449 453 445 443 444 451 460 461 468 469 469 465 468 472 475 482 490 495 496 505 506 510 511 509 517 525 523 532 525 526 534 539 543 545 554 552 556 557 557 566 574 571 572 574 582 583 587 596 596 596 597 600 608 614 616 617 626 634 635 642 650 658 658 656 662 670 668 677 681 679
405 402 393 393 384 375 374 373 373 369 367 375 377 374 372 375 380 386 390 386 390 392 401 404 410 418 419 426 433 442 447 450 453 444 445 447 453 462 469 478 478 474 477 474 482 490 495 498 503 504 513 518 520 516 525 528 528 533 534 529 536 543 546 550 558 561 564 561 560 562 564 568 571 572 581 585 595 598 601 600 598 603 612 619 625 622 631 638 644 650 655 661 661 665 670 671 674 679 684 687
397 393 390 388 387 379 381 374 374 375 376 383 378 379 376 383 387 395 397 388 389 392 400 401 402 409 412 421 425 434 443 444 445 447 454 456 462 469 476 485 484 483 485 483 491 499 504 500 506 507 508 517 518 519 528 532 533 538 541 537 544 552 554 559 567 568 566 564 562 568 572 576 580 581 587 589 599 606 608 608 607 607 612 620 628 631 639 641 648 653 662 670 670 671 679 677 677 678 682 690
406 399 399 396 389 387 379 375 381 379 380 382 387 387 384 391 388 389 398 397 393 400 405 410 403 412 420 425 432 438 439 446 452 454 452 460 469 468 472 479 483 492 493 490 497 498 503 501 508 516 515 519 520 528 529 531 539 547 550 544 552 558 563 568 568 575 572 572 565 574 580 577 583 590 594 591 601 609 616 611 610 616 615 623 631 640 643 644 646 649 656 665 662 663 670 679 681 682 689 695
410 402 402 398 389 385 384 384 389 380 385 389 392 393 388 397 389 398 404 406 401 402 407 414 411 414 421 427 434 439 442 440 443 448 450 454 463 465 471 472 480 489 494 491 496 504 505 510 517 525 517 526 522 527 533 538 544 552 553 551 560 560 565 568 575 583 578 576 568 577 585 579 582 589 593 595 599 604 612 612 614 615 618 627 632 639 644 651 655 655 648 657 661 663 672 681 690 689 692 701
413 406 403 406 398 394 393 393 390 389 392 396 400 394 397 393 390 398 406 407 409 404 413 416 414 419 420 425 429 430 434 438 446 455 453 454 461 465 470 471 480 489 495 493 496 505 511 513 516 525 526 535 531 528 536 543 544 545 547 551 555 562 570 569 578 584 579 575 571 575 583 587 583 589 597 602 600 602 603 606 608 617 624 628 629 636 635 643 650 651 646 655 658 667 673 677 686 690 691 700
420 414 411 413 404 399 402 400 399 392 393 402 407 400 406 400 399 400 405 412 418 413 422 417 419 427 429 428 437 439 439 447 450 458 462 460 469 474 477 480 483 484 493 496 503 511 519 516 524 531 533 540 533 537 539 544 548 548 555 559 558 564 573 578 582 589 586 581 572 581 583 588 585 594 601 608 602 604 611 613 611 616 617 624 626 630 634 636 641 642 643 652 657 660 667 676 681 682 690 692
428 423 420 422 413 406 404 401 402 393 402 405 413 405 412 403 408 402 411 413 422 414 416 423 422 431 432 429 431 435 444 453 455 459 468 467 474 481 481 487 492 493 500 501 508 513 517 520 524 533 535 540 535 544 540 549 556 550 557 566 563 571 577 586 583 590 585 584 576 585 592 596 589 596 600 600 609 612 619 614 616 621 623 632 633 632 636 637 645 645 646 655 657 666 675 679 684 690 696 693
436 430 424 415 414 413 411 402 404 396 405 411 417 414 414 405 411 405 412 417 425 423 425 432 429 435 441 438 434 443 446 448 457 458 467 475 482 488 487 488 490 498 505 504 508 515 517 523 532 541 536 545 544 553 545 553 558 559 562 571 569 573 579 586 592 586 592 585 584 591 599 597 591 592 593 598 607 615 622 617 620 624 627 635 640 633 640 646 652 648 654 655 663 671 672 681 690 691 696 699
433 426 417 416 421 421 412 403 411 403 410 414 420 417 423 414 414 411 418 419 422 423 429 435 431 432 436 444 436 445 447 456 462 463 472 480 481 490 496 494 499 507 512 513 510 512 518 527 533 540 537 538 540 548 546 548 554 555 563 569 570 564 573 580 585 578 587 591 593 600 608 599 596 599 597 601 609 613 620 623 629 632 635 640 637 635 637 642 644 651 654 660 667 670 677 686 695 698 705 708
433 424 423 424 428 419 414 405 412 412 418 423 424 419 426 421 423 420 419 420 423 424 432 441 439 434 443 441 438 439 442 449 458 464 469 478 481 485 492 499 500 508 512 513 511 516 519 528 530 532 540 547 541 550 553 549 552 555 559 561 562 563 567 576 582 577 585 592 595 603 610 606 605 603 600 603 611 619 625 632 635 641 642 649 645 640 644 651 651 657 657 658 667 674 683 691 698 699 708 715
439 430 432 429 429 420 420 414 413 421 419 422 429 420 429 430 431 429 428 429 424 432 438 447 440 435 443 445 447 441 450 458 465 465 469 475 476 483 486 491 498 507 515 516 519 524 528 536 531 539 540 545 549 557 559 557 557 559 567 566 566 564 572 573 574 576 581 587 588 594 603 611 613 612 608 611 614 618 627 631 632 636 642 651 646 641 644 651 654 659 663 665 666 675 683 685 691 698 701 706
436 433 435 436 430 429 422 415 419 421 424 424 427 428 435 433 437 434 429 429 427 428 430 439 448 444 448 453 449 450 458 462 471 474 476 477 482 487 488 492 501 508 512 515 524 532 531 540 538 544 549 554 552 558 564 565 558 566 574 568 575 573 577 580 581 578 579 585 594 597 601 604 610 613 610 614 615 617 622 624 633 641 648 649 648 648 647 648 652 657 659 668 673 677 678 686 688 697 705 709
445 437 442 445 439 438 431 424 425 426 432 432 428 431 440 434 439 436 434 437 428 437 438 447 455 451 449 458 451 457 466 471 480 483 481 485 487 492 497 493 498 504 505 514 519 526 530 539 541 542 545 550 558 559 561 567 567 573 582 573 580 581 584 586 590 586 588 594 602 605 606 611 615 618 612 621 617 624 623 632 638 642 645 654 654 656 651 656 653 661 668 677 676 677 686 692 690 695 697 700
446 445 451 446 447 443 434 430 426 431 435 433 431 432 440 442 446 438 437 445 436 437 438 447 453 452 456 465 456 465 466 475 483 492 488 486 495 498 497 496 497 503 512 519 528 535 535 543 549 543 544 553 559 568 568 574 574 574 582 581 586 584 586 595 594 587 593 596 597 598 599 605 613 614 620 624 626 626 632 634 640 645 649 650 652 660 660 660 654 658 660 669 670 679 685 686 690 691 700 708
452 450 458 453 445 442 436 434 433 432 440 441 438 438 445 451 451 447 439 448 442 446 447 448 452 456 460 461 458 467 471 480 485 494 493 487 493 500 506 503 503 509 517 524 528 537 541 543 552 547 553 555 562 567 571 574 579 576 580 583 588 592 592 595 598 589 598 604 606 602 604 606 611 618 620 629 634 635 635 635 637 646 655 651 658 665 666 662 658 664 666 667 669 670 676 684 685 690 698 702
461 459 459 451 447 438 437 442 441 437 438 439 444 443 449 458 455 446 445 454 449 455 456 453 461 459 460 461 461 469 474 483 489 490 499 492 499 508 505 504 512 510 515 524 533 539 548 551 560 555 561 564 570 576 580 580 588 585 586 584 589 596 601 601 600 591 593 597 602 607 612 609 613 614 617 624 633 634 639 636 640 641 648 656 664 670 674 665 663 667 674 673 678 672 679 685 690 689 690 693
468 459 451 450 441 440 445 446 442 445 443 441 450 444 452 453 462 455 450 453 450 454 463 457 465 460 468 469 469 470 472 480 483 489 498 501 508 512 514 507 511 519 523 532 541 548 555 558 559 557 559 568 571 579 580 588 595 594 591 592 598 600 606 602 604 600 594 601 605 609 610 618 621 621 626 631 640 642 640 640 648 643 646 648 656 665 665 674 669 674 680 682 683 674 675 676 681 687 695 694
465 458 451 450 442 446 454 450 451 449 452 450 455 447 454 454 459 462 453 457 452 461 470 464 473 467 476 471 473 477 478 486 485 491 500 504 513 513 518 512 518 526 529 537 546 551 560 567 566 562 566 575 579 584 587 590 596 602 594 593 602 609 611 611 607 599 597 605 612 615 618 624 629 630 634 636 640 641 649 645 653 644 647 648 656 658 661 669 677 675 680 681 680 677 681 679 689 689 693 701
470 464 455 451 451 449 451 451 460 451 457 459 457 448 457 463 462 461 454 461 460 463 470 469 474 473 480 475 476 481 483 492 494 500 501 510 513 522 523 519 527 531 536 538 545 546 555 564 571 570 567 576 584 585 590 597 602 611 602 596 602 611 620 620 611 604 603 611 615 624 626 631 638 631 639 639 640 643 652 646 655 652 656 657 665 662 670 678 684 683 681 689 685 684 689 685 688 690 699 706
470 462 456 459 457 456 453 456 459 452 456 465 460 457 466 464 464 470 463 466 466 472 479 473 480 474 483 480 485 483 485 492 499 504 506 509 518 525 525 528 533 538 539 539 545 549 556 565 569 576 568 576 585 594 594 597 602 609 611 605 611 618 623 622 620 612 612 617 623 632 627 636 641 637 644 645 646 644 653 651 660 660 665 666 671 663 672 680 689 692 689 695 686 689 692 692 695 691 692 696
472 465 465 466 465 462 462 463 454 453 461 464 467 458 463 468 472 471 470 468 468 470 476 481 480 479 480 489 493 490 494 493 501 509 515 511 520 521 529 526 535 539 548 544 549 558 562 564 572 576 575 581 585 586 595 604 603 604 610 610 617 626 632 625 619 616 618 625 632 635 633 642 646 638 645 653 648 647 650 651 658 661 670 675 678 671 678 682 691 698 697 699 691 697 697 696 701 693 700 702
475 469 470 474 466 470 469 467 460 458 465 465 474 467 472 477 481 477 475 474 476 472 480 488 489 480 488 489 497 495 502 499 506 512 519 512 519 524 532 525 526 535 544 553 558 555 555 560 566 567 568 572 576 578 587 596 605 613 615 619 618 627 632 633 627 619 627 634 636 637 641 644 652 646 651 656 657 648 656 660 662 670 676 681 681 673 682 691 695 703 706 703 698 704 703 705 709 702 706 703
478 478 472 475 471 478 470 468 467 467 467 474 476 469 478 485 490 485 476 475 478 475 483 485 494 487 488 496 499 504 511 508 508 517 524 516 518 520 523 524 526 530 538 546 552 553 554 556 565 573 574 581 584 587 590 598 605 614 622 620 626 635 636 638 633 627 636 642 643 638 643 650 653 651 654 655 659 656 664 669 671 671 679 680 682 674 681 688 696 697 704 711 704 705 712 714 713 709 714 712
