  0 420 414 419 422 418 427 429 432 440 439 435 433 441 442 440 434 435 439 438 441 450 458 454 463 458 456 461 464 465 469 466 467 476 477 482 476 483 484 485 493 496 505 506 512 511 515 517 525 529 532 534 543 547 544 552 552 559 562 567 576 568 570 578 587 585 589 597 598 604 613 622 629 631 638 640 643 641 646 641 646 654 658 666 668 677 685 694 691 697 703 704 705 711 719 725 726 722 728 9223372036854775808
  8 413 412 413 413 417 418 425 430 431 434 426 431 432 433 439 433 436 434 435 438 444 449 453 458 456 452 454 460 468 460 462 466 473 474 483 475 481 487 494 494 495 501 505 513 507 510 512 517 521 523 529 537 538 538 545 548 551 553 561 570 562 570 579 583 582 589 592 600 608 616 615 620 623 630 635 635 632 641 638 640 649 658 662 670 679 684 692 689 696 694 700 707 707 716 716 717 718 727 9223372036854775808
 16 405 403 412 410 419 411 417 422 424 426 424 422 425 427 432 425 428 429 436 445 444 451 445 449 451 448 454 457 461 455 459 467 474 483 481 474 479 479 487 494 500 492 497 504 501 509 515 523 521 525 528 529 531 536 544 547 546 553 560 568 560 568 571 575 580 587 589 595 601 610 612 620 620 621 629 630 631 632 636 639 648 657 658 665 674 675 684 680 687 692 697 698 706 707 710 717 718 719 725
 17 409 402 404 405 410 408 409 413 421 423 418 420 421 420 425 423 428 430 439 442 437 442 437 443 444 447 449 450 452 454 461 467 469 478 472 472 473 478 479 485 491 489 491 499 498 506 511 514 520 524 519 523 530 536 539 540 544 552 551 559 559 560 566 575 579 586 588 596 605 605 614 616 616 625 625 634 631 637 640 648 652 650 651 657 666 668 677 676 678 683 691 694 697 701 705 713 722 723 9223372036854775808
 26 409 401 398 404 405 407 414 419 418 414 415 423 420 418 416 420 429 433 433 437 430 433 433 436 440 438 440 442 445 450 452 459 460 469 466 465 474 479 471 480 482 483 490 490 497 503 506 514 518 524 516 518 527 529 536 545 546 546 548 554 553 561 570 572 576 583 588 592 600 597 605 607 615 617 618 627 628 630 631 640 648 649 652 658 660 668 669 670 674 681 683 685 694 700 708 712 721 720 723
 28 403 394 392 395 396 405 414 413 409 407 409 416 411 409 415 423 423 428 427 429 426 432 431 433 439 437 442 441 442 447 443 450 459 460 467 462 467 473 468 473 476 482 490 489 495 494 500 506 510 517 513 521 522 531 535 537 541 542 545 549 552 556 561 570 572 576 580 589 591 596 597 606 612 620 618 627 636 636 639 640 649 656 653 662 661 669 674 679 683 683 689 686 691 697 700 709 717 712 714
 29 395 386 386 391 395 404 410 405 407 398 405 407 402 403 409 416 417 419 425 421 417 424 428 424 431 435 437 438 445 448 440 447 454 461 458 460 461 464 465 472 473 481 485 487 494 491 494 501 503 512 511 515 520 522 528 530 535 544 547 548 551 556 565 573 580 579 583 587 588 589 596 603 604 612 617 621 627 634 638 640 643 648 656 665 670 678 682 681 688 690 690 690 698 704 701 703 708 707 706
 33 388 382 385 394 397 401 404 397 405 397 402 407 401 409 409 415 410 419 418 421 415 423 430 423 422 427 428 436 441 441 439 443 450 453 457 460 464 470 468 477 481 484 487 483 486 488 492 498 507 509 510 518 527 524 528 531 533 539 542 544 546 548 557 565 574 581 580 583 589 598 604 612 605 614 614 615 620 629 631 632 640 645 651 660 666 674 678 680 687 683 688 696 696 700 702 708 700 700 703
 41 382 381 383 387 388 393 396 395 403 395 395 404 400 403 408 407 409 417 409 414 413 421 423 425 419 423 430 439 444 437 437 441 445 452 460 451 456 463 472 476 473 476 478 481 490 494 501 504 506 505 508 513 520 527 533 540 541 547 551 547 553 551 560 569 575 577 579 586 588 596 605 607 607 610 612 615 619 620 623 630 638 644 649 654 663 668 669 671 678 675 684 687 691 698 700 703 699 691 699
 42 374 378 375 380 383 392 390 389 398 391 392 397 399 405 414 406 402 411 408 416 409 418 424 416 418 422 431 438 435 428 436 441 444 450 453 444 450 458 467 469 469 477 479 483 485 494 503 501 503 502 511 513 520 528 536 540 542 546 547 547 556 557 562 562 570 574 580 580 588 589 596 601 609 615 612 613 622 629 627 636 637 641 645 650 654 660 666 667 669 669 677 686 682 690 692 694 697 690 696
 51 369 376 368 376 378 384 384 386 392 390 396 397 391 397 406 406 397 402 400 407 408 414 417 414 423 423 427 429 433 427 432 434 441 442 449 442 446 453 462 466 468 475 483 490 487 490 494 496 496 501 509 510 515 520 529 532 534 537 538 541 548 554 555 556 562 568 571 577 580 588 590 596 605 606 610 616 625 631 632 640 640 632 636 645 651 657 658 659 667 668 669 678 681 682 684 687 688 689 697
 56 364 373 367 375 383 376 383 384 385 383 387 388 387 388 397 400 395 404 398 407 403 410 417 412 421 426 426 435 426 425 431 430 439 443 444 440 443 450 454 457 459 467 474 482 481 481 485 487 495 503 511 511 520 521 529 531 538 539 545 550 555 559 560 559 566 572 567 570 575 579 588 594 603 601 609 618 622 623 632 635 631 630 633 641 646 654 650 650 659 660 668 669 673 682 683 687 696 697 700
 58 361 364 366 368 374 368 377 384 380 381 388 389 383 389 390 391 392 401 397 398 402 404 409 411 412 420 423 432 428 421 423 429 432 435 441 439 441 450 452 455 457 461 468 476 473 474 477 486 491 495 504 511 515 520 523 526 530 534 543 552 557 559 568 563 568 567 562 570 579 585 579 588 595 596 602 609 614 623 625 634 626 628 631 634 641 646 645 648 653 657 664 670 676 683 687 679 688 691 699
 66 357 359 364 362 365 363 371 375 379 387 382 381 374 383 390 394 396 397 394 403 405 402 402 411 420 421 414 423 419 420 428 437 436 428 432 438 444 447 451 460 464 469 469 470 472 481 486 485 491 500 506 507 508 517 517 518 523 530 538 544 552 557 565 556 560 559 561 562 571 576 577 586 594 603 605 606 613 618 617 626 624 630 637 641 636 638 642 643 644 651 658 661 670 674 682 678 687 683 690
 73 356 350 356 353 357 359 368 367 375 378 380 374 370 377 385 385 387 389 386 394 402 396 397 404 413 414 412 416 418 425 434 436 428 427 433 435 436 445 449 455 464 469 463 472 467 475 480 484 487 491 499 506 515 514 511 520 527 534 535 535 543 549 558 550 551 558 560 563 572 575 580 587 588 595 597 600 607 610 616 622 623 624 632 632 634 643 641 642 650 653 661 662 664 673 673 676 685 680 685
 74 348 349 347 350 352 356 362 366 366 369 377 370 366 368 377 380 381 384 385 393 393 395 396 397 406 405 411 416 419 426 435 431 430 426 433 427 433 441 440 449 458 460 460 469 460 469 476 478 483 490 498 507 507 506 507 516 521 526 527 534 543 541 549 549 550 551 558 563 571 578 585 585 586 587 588 596 602 603 612 620 614 618 623 624 631 637 640 642 648 650 652 660 669 672 668 667 676 675 676
 83 343 340 346 347 352 354 361 363 365 363 370 373 365 369 372 376 373 381 380 385 385 392 387 394 397 401 408 412 420 429 431 423 427 425 424 424 430 435 439 445 454 463 458 461 458 461 467 474 476 481 490 499 508 505 510 517 520 525 528 533 541 539 540 548 553 559 567 564 573 581 580 583 592 594 593 602 603 609 611 617 609 610 618 627 634 635 642 642 647 652 651 659 664 669 664 665 672 674 682
 89 341 333 342 348 343 352 357 365 365 357 362 370 362 369 363 367 370 372 374 380 378 383 384 387 392 395 399 407 415 421 423 414 420 416 417 421 425 430 436 443 449 456 455 453 455 461 470 478 482 483 492 490 499 500 504 510 515 523 529 533 536 533 542 543 552 560 566 572 573 574 579 583 587 589 590 597 603 601 607 610 608 616 623 628 637 636 644 636 642 645 649 658 665 668 661 662 670 671 680
 93 335 331 337 344 341 347 354 357 356 355 361 364 361 369 360 361 366 372 375 375 373 374 378 379 388 389 390 398 406 415 416 407 411 412 420 429 431 433 439 440 445 452 460 452 459 464 473 482 487 484 484 486 490 499 504 511 509 517 523 527 532 531 538 547 548 555 564 566 574 566 575 574 579 580 589 588 594 593 598 601 604 611 620 623 630 639 644 635 642 641 648 649 656 661 660 669 673 679 684
 94 335 328 335 337 336 343 350 353 347 348 357 366 360 360 356 357 363 363 372 374 369 372 381 384 389 397 393 399 406 413 410 406 408 416 414 421 428 437 434 442 438 446 451 450 453 462 471 473 480 485 480 487 488 495 504 505 506 514 516 523 525 529 537 539 548 552 555 564 569 564 573 573 581 583 581 579 586 589 594 603 612 616 620 626 635 635 643 634 638 640 646 652 651 652 652 660 665 670 675
100 332 327 328 333 334 343 344 349 345 339 348 357 357 355 352 348 356 355 364 365 368 377 383 381 386 392 397 399 403 405 407 400 401 408 409 412 421 429 433 435 432 437 444 447 456 462 463 464 473 476 478 487 490 491 497 504 505 512 518 518 527 532 538 543 547 555 554 561 561 561 567 571 579 575 572 578 580 585 594 602 609 616 618 618 627 633 635 628 629 636 638 644 650 655 651 653 660 669 677
109 323 320 326 326 335 340 335 342 344 338 340 348 350 346 348 345 348 350 357 366 368 374 379 380 383 384 389 392 394 396 398 399 407 406 411 405 414 420 425 426 429 430 439 440 449 455 462 466 472 469 477 483 489 495 504 500 509 510 511 516 525 526 533 539 541 550 545 552 552 553 558 562 571 577 569 578 587 593 596 600 606 615 622 613 622 624 626 627 632 635 642 635 642 647 643 648 654 660 669
118 314 313 320 322 328 333 334 334 335 337 342 350 343 342 346 342 349 355 361 362 365 369 377 378 378 381 382 383 385 393 393 400 398 400 403 403 405 414 421 429 431 434 438 441 447 455 456 465 465 468 473 481 490 490 496 495 500 501 502 509 518 517 526 532 534 543 542 543 550 551 559 567 575 573 567 572 578 585 587 596 602 606 614 612 616 621 617 619 628 634 633 634 634 643 639 644 651 653 661
122 305 310 313 316 323 327 335 330 337 343 348 348 346 337 337 341 342 346 353 355 364 368 368 375 377 375 381 390 388 388 390 391 391 394 399 401 409 418 426 428 432 435 444 438 444 451 453 462 460 462 465 474 481 486 487 493 497 504 510 510 511 516 523 532 537 535 534 543 544 544 553 560 569 567 564 573 579 581 589 589 598 605 605 603 612 618 616 618 627 628 632 639 631 635 636 645 653 657 662
127 302 306 312 312 317 319 326 328 335 336 342 345 343 334 333 339 333 338 346 355 364 371 362 366 371 374 372 381 380 387 384 389 386 395 399 408 414 413 417 419 425 426 435 436 438 442 450 459 458 463 464 468 477 486 492 493 502 504 501 508 516 515 523 532 528 529 533 540 541 542 544 553 561 562 563 564 572 580 581 586 595 596 605 602 604 613 608 612 620 627 635 635 627 636 630 638 644 653 654
132 297 300 309 304 309 318 327 332 333 338 334 342 339 334 327 332 330 336 345 351 358 363 354 361 365 365 370 377 377 378 378 386 385 387 396 404 410 407 411 418 424 429 433 437 442 443 444 452 454 462 469 473 481 488 495 499 506 503 495 499 508 514 515 524 527 530 539 548 544 543 552 560 562 568 564 571 572 578 579 585 594 600 596 598 596 605 605 608 616 618 627 626 626 627 628 637 640 649 653
133 296 294 301 301 309 318 321 330 328 332 326 333 330 330 326 325 328 332 341 346 350 354 352 355 356 363 363 368 374 371 376 383 378 387 393 399 401 402 403 412 415 422 425 430 437 445 445 446 454 463 472 472 475 484 486 495 500 500 492 495 503 505 509 518 520 523 531 539 540 541 548 557 563 564 557 566 568 573 581 588 588 591 587 589 592 598 599 608 611 620 627 622 625 629 637 638 642 644 649
141 298 291 297 295 304 313 314 321 326 334 325 327 327 322 331 324 329 332 336 337 342 348 344 346 352 354 362 363 365 367 368 376 377 383 392 401 410 411 410 419 423 423 432 439 438 447 448 448 457 464 468 468 472 475 483 489 492 491 490 498 501 509 516 512 511 520 526 534 541 534 543 551 555 555 549 557 566 571 576 579 584 591 584 588 590 599 608 601 603 612 620 619 621 629 632 641 644 653 652
142 297 289 288 290 299 306 307 314 318 327 322 319 326 320 324 323 320 329 332 338 333 341 342 340 349 355 364 372 372 376 375 384 386 389 398 403 412 412 413 422 428 430 434 440 445 449 450 457 464 468 473 465 464 470 475 481 485 490 486 495 497 506 507 508 509 516 523 525 532 533 536 545 547 547 548 555 563 567 568 572 576 583 581 590 596 592 599 596 598 606 614 615 619 626 633 642 643 652 655
151 299 290 281 285 293 300 298 307 316 321 314 312 317 317 318 319 317 320 325 329 331 332 338 339 347 353 357 366 369 378 376 381 382 390 399 408 414 414 414 423 431 435 441 445 449 449 456 464 461 460 467 470 463 464 471 476 477 481 482 491 500 502 511 510 512 514 523 524 531 524 533 538 541 542 549 556 557 559 560 566 567 574 580 585 592 591 592 593 601 607 610 612 620 627 635 644 652 654 654
155 290 287 278 279 288 291 297 304 310 313 316 311 314 309 318 320 316 325 326 334 336 340 340 341 342 351 360 363 370 379 379 385 391 396 401 404 411 418 416 422 426 432 440 438 440 443 452 455 458 451 460 464 461 468 477 477 485 490 491 494 502 507 511 512 515 522 525 533 531 523 525 534 539 541 547 554 561 565 566 565 570 579 574 578 583 585 594 592 600 608 611 620 628 636 641 643 643 649 645
162 281 282 277 283 285 294 300 308 302 305 308 303 309 300 309 313 314 323 332 332 329 332 338 346 347 355 361 367 370 372 373 378 387 396 396 405 411 418 422 428 432 435 432 430 431 439 446 446 449 450 457 458 460 469 478 482 489 497 499 495 495 498 503 512 519 522 519 524 526 519 526 532 533 535 544 552 553 560 561 558 565 571 566 572 574 581 586 588 593 599 605 614 622 631 638 641 639 644 641
171 274 280 276 279 276 285 294 302 299 296 299 302 300 299 307 316 315 324 331 325 328 329 338 347 349 356 357 364 368 374 374 381 388 390 395 397 405 412 419 422 424 429 424 421 429 430 438 444 453 452 461 463 469 477 478 481 483 488 492 488 488 494 498 507 512 514 514 515 517 518 523 524 533 534 540 549 558 559 559 556 564 562 565 570 574 575 584 592 599 605 607 612 616 623 630 632 636 641 639
176 267 273 274 272 275 280 289 294 291 295 302 293 302 298 303 311 312 321 322 324 331 336 345 351 351 356 358 364 370 371 379 377 381 389 398 406 406 414 414 419 420 428 419 416 425 434 439 442 444 451 458 455 461 470 472 476 483 489 483 479 487 491 494 500 504 506 513 514 511 513 518 527 530 533 536 545 554 560 554 554 562 561 569 572 574 583 589 590 599 608 613 618 624 621 622 627 628 636 638
180 261 264 265 266 267 272 280 289 288 287 295 288 295 296 305 311 320 324 320 323 329 335 340 345 348 356 354 358 367 370 374 376 377 380 389 398 407 407 408 414 415 422 413 413 420 428 437 434 442 444 452 453 461 463 464 473 474 481 482 475 484 491 492 501 502 506 505 505 503 504 513 520 522 525 534 539 546 552 545 546 553 558 564 568 569 575 584 592 597 601 606 609 618 614 622 627 636 639 631
184 252 255 259 265 272 276 284 281 286 282 289 286 294 297 301 310 319 316 319 325 334 337 346 346 355 350 348 353 362 363 367 376 385 379 386 391 399 400 404 406 414 415 407 408 415 420 428 431 439 444 444 452 454 456 457 464 468 472 473 474 475 484 487 492 497 501 499 500 502 504 508 513 514 523 531 532 541 546 544 549 547 550 559 563 571 574 583 591 588 597 598 604 610 606 613 620 627 636 629
193 245 252 251 257 263 271 280 273 279 281 282 284 292 295 302 306 315 314 319 322 326 332 340 343 349 353 347 356 353 361 363 372 376 378 385 390 399 405 413 407 414 413 406 415 415 419 419 428 430 435 440 449 458 462 464 471 475 472 477 483 484 486 493 493 495 497 498 507 511 511 514 515 522 523 532 541 539 539 540 541 546 555 551 560 564 572 577 586 587 593 599 595 602 603 612 613 618 627 628
201 237 243 250 259 259 268 271 272 274 275 284 291 296 299 302 304 312 313 318 318 327 324 331 334 340 349 346 349 352 360 365 370 377 384 392 390 397 405 407 398 407 411 403 408 414 414 416 424 428 437 442 450 453 454 460 464 467 469 473 480 486 495 495 502 502 499 500 501 503 504 507 515 517 522 530 532 530 538 545 542 543 549 550 558 562 566 571 580 587 584 590 591 600 608 612 620 626 633 637
206 236 238 242 250 257 264 267 268 275 276 285 289 294 299 306 306 308 315 321 316 319 321 330 332 339 341 343 346 354 361 370 378 376 379 383 386 391 398 404 396 400 406 400 401 409 413 421 423 431 434 435 444 452 460 461 469 466 471 476 480 489 497 497 505 502 501 502 510 505 513 508 515 521 521 528 523 524 531 539 543 550 552 553 562 566 573 576 584 579 581 587 591 600 605 606 614 623 632 636
214 217 232 233 242 248 257 265 268 274 279 281 290 294 297 299 301 309 317 322 315 322 325 330 339 333 334 343 349 357 361 362 369 374 376 377 378 387 392 396 395 397 399 398 405 406 414 420 427 434 438 436 442 451 459 460 464 465 471 480 488 494 494 500 503 502 507 510 518 514 514 509 510 512 519 520 522 527 536 541 548 551 552 556 559 561 565 574 577 578 587 594 592 601 608 608 610 619 624 627
219 224 229 231 239 248 250 256 265 272 277 285 293 297 298 299 302 301 309 313 309 315 319 326 331 332 338 346 347 352 354 362 369 378 378 379 379 385 388 387 389 392 393 397 399 408 413 421 423 432 441 440 441 442 451 454 455 464 466 475 479 488 485 493 501 499 500 509 511 519 522 514 519 520 527 524 531 536 537 541 547 548 555 561 566 570 571 580 580 585 594 598 597 605 606 614 611 615 624 633
225 225 234 234 241 248 249 258 264 267 275 276 284 289 290 298 298 294 303 304 308 314 321 322 330 333 338 344 349 358 361 364 370 374 381 384 388 388 385 386 394 394 400 405 408 416 422 416 424 427 433 431 432 435 444 446 455 459 460 467 476 481 480 489 492 493 494 501 504 513 521 523 519 521 523 531 538 543 543 548 548 551 559 561 565 574 580 587 586 594 597 606 603 609 615 623 619 617 619 626
232 226 227 235 239 244 253 258 265 274 278 276 282 288 288 297 291 292 300 307 309 317 324 330 329 334 333 339 345 354 363 368 373 381 389 388 381 379 384 388 396 395 397 398 400 408 417 411 418 421 424 427 430 438 445 449 458 462 468 468 470 475 478 487 488 494 503 510 505 507 515 516 517 526 525 530 537 543 549 557 553 560 564 570 571 580 588 592 593 599 606 615 612 618 623 626 622 618 619 628
241 233 236 244 241 250 258 262 258 266 271 274 283 284 285 289 290 292 294 302 308 316 320 323 326 329 331 340 344 350 358 359 368 375 380 379 378 375 381 390 397 401 404 400 404 406 408 409 410 415 417 426 430 435 436 443 449 458 464 473 474 482 479 487 493 496 505 508 507 515 512 507 510 519 522 530 531 535 544 551 555 562 567 572 573 582 590 593 600 600 607 608 615 623 629 631 630 627 626 635
250 242 237 238 240 245 250 256 257 265 274 276 282 290 290 291 293 298 303 309 317 320 321 322 331 335 336 341 348 349 351 353 361 368 374 382 373 374 383 386 395 404 398 407 412 407 416 417 418 416 417 419 426 435 436 445 454 457 463 470 473 481 482 483 492 492 499 501 508 515 507 506 514 523 526 534 537 543 548 557 556 561 568 575 581 578 587 591 597 602 611 612 621 630 638 640 633 636 628 632
245 240 239 245 247 246 255 263 264 272 280 282 285 289 297 296 301 306 310 318 324 329 329 324 333 335 341 349 357 350 351 353 362 363 367 373 368 377 385 387 394 396 397 404 405 408 415 416 425 421 422 421 423 431 438 446 448 449 455 464 466 474 481 484 493 490 498 506 501 506 503 505 514 520 527 532 541 549 556 553 553 554 562 566 575 576 585 594 602 611 620 616 625 634 639 647 642 640 636 633
246 247 248 251 251 251 258 266 272 281 286 288 293 292 301 300 303 307 313 315 322 329 330 330 338 344 342 346 354 351 357 354 355 360 364 365 367 374 378 387 395 394 400 406 413 417 417 425 426 429 423 427 424 431 435 443 447 448 454 460 467 471 474 475 484 487 496 497 499 501 502 510 513 520 529 530 539 546 547 548 551 555 564 569 571 580 589 590 596 604 611 620 626 629 636 640 639 639 641 639
251 252 255 260 260 260 267 269 277 286 289 284 290 295 300 307 304 312 321 320 329 334 334 339 341 347 346 350 356 360 363 361 364 366 366 372 373 377 380 381 386 388 391 397 406 415 424 433 435 429 424 432 431 432 433 435 443 452 460 468 468 472 477 481 487 496 503 501 507 509 511 518 521 529 538 536 545 552 553 556 560 556 565 566 575 580 589 598 602 610 619 615 623 628 635 636 637 638 646 644
260 261 256 265 269 269 273 270 280 279 280 282 292 293 300 297 298 303 313 322 331 330 337 345 350 349 351 359 364 367 367 365 368 374 374 379 377 384 389 390 394 390 392 400 409 414 416 425 426 431 433 436 436 437 438 442 449 457 461 465 474 481 478 484 493 497 500 507 514 510 518 520 525 527 535 544 553 556 562 563 559 558 566 575 584 584 593 602 610 615 610 612 618 619 626 634 643 647 654 646
265 263 264 273 270 278 279 273 274 278 287 286 288 290 295 296 304 312 319 323 324 325 331 337 342 351 354 363 372 371 368 374 376 375 375 384 383 392 393 394 399 392 400 409 410 418 418 427 433 434 434 443 443 446 447 449 458 466 470 470 476 481 480 487 492 498 506 511 509 510 513 516 525 532 541 548 549 558 566 567 561 564 565 570 576 579 588 597 601 607 608 617 626 626 632 639 640 648 647 654
266 270 272 280 273 277 278 280 276 277 278 284 293 294 297 301 307 314 323 325 330 328 337 344 346 349 352 354 363 371 377 380 384 382 378 386 392 399 397 395 404 401 407 408 409 414 423 432 428 434 443 452 450 450 449 454 456 463 469 470 479 487 487 491 499 500 506 507 508 513 522 524 533 536 541 542 551 556 562 563 568 565 573 578 585 588 589 594 597 602 611 620 621 628 636 643 641 649 645 654
267 276 273 279 280 278 286 289 285 285 285 287 296 303 304 309 316 319 324 330 332 336 341 350 347 355 357 358 368 375 377 383 384 385 385 394 397 404 399 403 407 403 404 412 416 422 425 426 427 436 442 445 448 449 451 456 465 467 472 479 488 491 496 500 503 508 515 514 516 521 523 532 533 537 538 546 552 559 567 572 570 571 577 582 586 595 597 595 600 605 610 615 616 625 631 638 644 647 641 650
274 283 278 282 289 281 283 291 288 291 286 289 298 307 310 316 322 320 322 323 332 338 340 347 352 359 366 362 366 367 370 373 374 376 385 386 395 403 400 402 404 412 413 415 418 425 434 427 434 443 449 453 454 451 460 463 471 476 479 486 491 497 497 501 506 514 523 522 517 523 531 533 541 544 546 553 554 556 564 565 566 573 581 589 590 591 593 598 599 605 613 619 625 634 631 632 635 638 639 644
281 282 287 291 295 290 286 295 293 293 290 296 300 308 311 317 321 321 325 328 337 343 344 352 354 363 371 371 371 370 376 381 379 385 389 387 395 401 409 404 406 407 409 418 419 428 435 428 429 434 442 451 460 452 460 469 478 481 486 487 488 495 499 499 500 505 514 515 520 523 532 540 546 549 552 554 558 560 568 570 571 572 574 582 583 591 594 597 606 611 612 619 624 627 630 629 636 645 644 647
290 291 296 295 296 299 294 303 294 297 299 297 306 309 316 325 330 330 333 335 341 344 350 358 355 358 366 373 378 376 382 383 384 393 392 396 398 401 407 412 414 412 417 418 426 434 442 437 437 442 450 457 457 456 462 467 471 472 481 488 489 490 498 497 505 514 521 523 529 524 527 533 541 546 551 556 557 566 575 574 579 574 583 590 589 596 597 599 600 602 603 612 615 618 625 626 635 644 651 656
299 300 305 304 304 301 297 302 301 306 308 305 314 310 314 323 325 334 336 336 339 340 347 356 364 366 371 374 382 379 387 389 386 395 401 397 404 402 407 415 415 416 421 427 434 442 443 443 446 446 448 457 465 464 468 475 479 481 490 489 490 491 493 495 503 506 514 518 525 532 532 539 544 551 560 565 560 569 571 572 580 575 577 581 586 595 597 603 601 610 611 619 624 627 634 631 637 638 647 654
301 309 310 307 311 302 298 304 310 307 307 306 308 314 315 324 333 340 345 345 345 347 351 355 361 362 371 377 383 386 393 391 391 393 394 403 409 410 413 422 424 425 430 431 439 443 448 451 454 449 451 455 464 468 474 481 484 490 492 490 492 500 502 499 500 509 515 517 526 530 533 535 542 549 552 561 565 571 577 580 583 583 586 584 585 589 595 602 606 610 614 616 619 620 629 638 646 642 646 650
309 317 314 311 308 304 305 312 311 315 315 308 310 315 319 324 333 338 343 352 347 355 353 360 369 364 373 379 381 385 390 399 398 402 395 399 400 407 416 424 429 426 434 438 439 440 447 448 451 452 460 463 467 470 472 478 479 487 492 499 501 501 503 504 507 514 518 523 524 533 541 544 549 552 555 556 561 570 579 580 589 584 587 585 593 598 603 609 615 615 623 619 623 629 634 635 640 649 648 657
310 313 322 320 313 309 314 314 318 317 318 309 310 313 320 323 332 339 341 345 351 360 357 366 373 373 382 384 390 389 398 405 402 402 401 408 409 416 420 422 428 431 436 438 447 449 456 457 456 456 464 469 476 479 480 487 486 491 492 501 510 509 505 507 516 515 517 523 530 539 540 545 554 553 554 555 564 573 582 588 589 591 591 592 595 604 606 607 615 624 632 628 627 630 632 634 642 644 653 662
313 322 331 328 320 317 317 322 321 325 322 313 311 318 324 328 329 334 341 347 355 359 364 371 376 376 384 385 393 392 396 405 411 407 408 411 410 414 421 420 421 425 426 436 439 445 447 449 458 457 460 468 475 480 482 488 489 493 501 503 507 515 513 516 518 524 526 525 528 536 545 551 552 555 555 564 573 575 576 582 590 598 592 598 602 610 615 614 619 627 632 632 634 632 634 639 647 653 662 671
322 329 337 332 327 326 320 328 325 329 322 321 312 317 325 334 338 342 341 347 350 356 365 372 378 381 389 393 400 398 405 414 416 408 409 413 412 413 417 418 419 428 428 429 430 440 448 456 459 466 464 472 481 487 489 496 498 498 504 509 509 512 518 525 527 532 534 527 535 542 543 551 559 561 556 558 564 571 579 588 596 595 599 603 611 617 622 623 628 631 638 637 638 638 643 647 655 660 667 670
329 338 345 340 332 324 321 322 331 333 329 320 313 317 322 329 335 338 339 347 353 359 368 376 371 380 383 388 391 399 405 414 414 411 416 414 414 420 425 422 424 430 435 438 437 439 446 451 460 466 465 473 476 484 485 492 499 502 507 510 513 513 518 524 528 528 533 529 535 544 549 558 560 569 564 567 572 575 583 587 588 592 598 600 607 616 622 625 626 634 643 644 645 642 647 649 657 664 673 678
334 343 349 345 339 330 324 331 339 335 333 326 322 322 324 329 332 341 348 350 351 360 361 368 369 378 379 380 382 391 398 406 409 413 420 422 421 427 429 428 432 436 443 446 441 442 448 457 466 475 474 478 478 479 483 491 494 503 504 508 508 510 518 525 525 527 529 530 538 539 548 557 565 569 571 573 575 583 584 586 587 589 596 605 607 611 618 626 629 630 638 643 647 650 648 656 664 672 679 685
340 347 352 343 342 335 327 328 330 339 331 324 323 327 328 336 337 344 346 355 360 369 362 367 376 379 387 381 388 389 398 404 412 421 426 429 429 433 437 436 437 437 439 444 450 443 449 458 467 475 483 481 484 488 492 492 499 503 504 505 507 514 515 518 524 529 531 539 547 548 556 559 560 565 574 582 579 581 583 592 593 590 599 603 606 611 620 626 632 631 636 642 649 646 650 659 659 665 674 679
343 351 344 343 341 339 333 336 338 334 329 327 324 329 331 337 345 351 348 351 359 367 363 367 369 378 386 387 389 397 406 413 415 422 430 433 435 442 439 441 443 444 440 445 454 451 457 464 466 472 479 481 489 493 494 501 505 504 511 508 511 512 516 519 526 528 533 534 542 548 553 557 561 570 571 580 583 582 589 591 600 594 595 597 606 610 619 628 629 630 633 642 641 644 650 654 658 667 675 682
347 355 351 352 348 343 334 343 347 340 332 333 332 333 339 342 345 353 354 357 366 367 369 376 377 380 389 396 397 401 403 412 414 422 431 429 436 442 440 448 448 446 447 453 454 459 464 470 469 471 480 485 494 502 495 497 498 501 507 516 512 520 523 526 534 529 537 543 549 557 554 556 563 566 575 584 589 583 586 592 600 601 603 606 614 611 618 626 635 635 633 635 638 643 651 655 664 667 672 681
353 362 360 360 354 350 343 351 342 335 334 336 336 342 340 349 349 358 363 364 370 374 373 377 378 386 390 392 393 394 403 404 407 416 424 425 430 433 442 448 449 447 456 461 463 468 471 479 470 475 484 493 502 499 496 505 505 502 511 514 514 522 531 530 539 538 543 544 546 555 561 560 561 564 570 579 581 589 593 596 598 605 611 615 623 616 617 621 629 631 632 641 647 644 651 655 657 664 665 673
354 363 367 361 361 352 349 347 340 338 338 338 344 347 347 349 351 359 360 364 373 379 378 385 387 395 394 394 395 401 407 413 415 424 428 433 438 442 443 451 457 451 460 466 464 473 479 487 477 483 492 495 499 499 503 504 512 510 516 522 520 525 534 537 539 543 545 552 551 553 561 562 564 573 572 574 583 592 599 605 599 607 608 611 620 620 620 629 636 634 636 642 648 645 654 662 665 667 674 675
362 371 370 369 360 359 356 349 341 345 341 342 348 348 356 350 352 356 358 366 373 382 385 386 387 391 398 402 403 410 416 414 421 425 433 439 446 449 445 448 457 457 458 466 467 472 478 485 482 485 493 498 496 497 506 511 515 519 520 521 528 527 528 531 538 542 551 550 551 560 569 563 569 576 576 580 589 591 595 598 606 607 615 615 619 624 625 628 635 643 640 644 645 653 655 661 662 671 673 682
371 380 371 368 364 358 357 352 345 354 346 345 354 355 363 358 359 364 366 375 381 385 386 389 388 396 405 410 411 419 419 423 425 434 437 438 442 443 449 449 452 456 464 467 473 481 479 481 489 487 488 491 492 498 505 506 507 509 510 520 526 533 534 536 542 547 548 549 555 557 564 568 572 573 575 584 593 596 603 606 605 606 612 620 621 622 631 629 638 644 649 647 653 658 664 662 664 665 672 679
380 380 378 369 367 367 364 355 349 352 349 354 359 356 362 367 368 373 368 369 377 386 395 398 396 404 413 418 420 425 428 427 430 431 436 440 441 445 447 448 457 459 461 470 471 479 483 485 491 491 497 494 495 498 506 515 515 517 511 512 517 526 531 532 533 538 545 549 555 564 573 570 578 581 578 581 585 587 595 599 603 608 612 617 619 628 634 638 642 649 650 655 654 661 662 665 665 670 677 684
389 383 385 376 369 370 367 362 353 357 353 358 367 364 369 371 371 379 370 374 383 384 392 393 397 398 407 416 422 427 432 431 433 439 445 446 446 454 451 451 455 463 468 477 475 476 485 489 490 499 497 496 504 499 507 513 519 525 517 513 519 520 524 534 538 547 553 551 560 564 570 571 579 585 585 582 587 595 602 608 612 612 618 624 628 630 635 640 647 654 651 657 663 669 667 666 666 672 674 680
393 392 391 385 378 377 369 362 358 359 358 359 368 373 378 374 379 376 372 380 389 388 394 399 404 406 414 417 426 427 435 432 438 446 453 448 453 460 458 459 460 468 474 478 477 485 492 494 499 504 506 504 504 501 507 516 525 527 520 520 528 528 529 532 538 541 548 549 555 560 567 576 577 582 591 591 588 592 593 599 604 612 616 625 634 638 644 641 649 656 660 661 664 672 675 675 673 681 680 681
401 401 400 391 387 386 378 371 362 360 367 360 362 371 376 382 388 385 380 382 383 392 395 404 405 414 418 418 423 432 441 440 443 447 456 454 455 463 465 465 466 475 482 486 485 494 494 495 501 510 510 513 506 502 511 517 519 521 522 523 531 536 537 539 546 548 554 558 557 566 571 577 586 591 592 600 593 600 600 602 609 614 622 630 636 644 652 647 648 656 660 668 670 678 682 684 681 690 689 685
404 396 395 391 388 391 382 373 368 369 364 363 366 367 372 373 382 384 386 390 392 394 398 406 408 417 419 424 431 440 442 445 445 446 454 462 464 465 468 474 469 470 479 486 494 495 503 496 497 504 513 519 515 509 518 526 524 527 523 529 536 542 545 546 555 550 559 563 558 566 574 583 591 599 600 609 600 609 601 604 612 619 624 625 633 642 643 645 654 660 668 677 677 678 685 692 683 688 697 689
412 403 402 394 386 385 383 375 372 368 367 372 367 376 374 382 389 387 394 396 401 395 404 412 415 422 426 432 439 447 451 451 454 448 451 455 461 463 471 472 470 471 476 477 485 493 499 505 504 508 516 517 524 518 527 532 529 536 531 537 545 548 552 554 562 557 566 568 565 573 581 583 583 592 598 602 600 603 607 613 616 617 624 630 631 633 640 648 656 664 672 674 682 679 686 687 692 696 697 698
419 410 402 402 394 391 382 375 374 370 372 381 376 383 376 377 380 387 388 391 394 402 406 413 415 419 428 434 443 452 456 460 452 450 451 458 467 468 475 476 476 472 475 479 482 489 497 502 504 513 514 518 520 519 527 535 533 542 535 536 544 549 553 555 564 562 566 567 567 576 584 581 582 584 592 593 597 606 614 615 616 619 627 633 635 636 645 653 654 661 669 677 679 681 687 695 693 702 706 704
412 409 400 400 391 382 381 380 380 376 374 382 384 381 379 382 387 393 397 393 397 399 408 411 417 425 426 433 440 449 454 457 460 451 452 454 460 469 476 485 485 481 484 481 489 497 502 505 511 512 521 526 529 526 535 538 538 543 544 539 546 553 556 560 568 571 574 571 570 572 574 578 581 582 591 595 605 608 613 617 617 622 631 638 644 641 650 657 663 669 674 680 682 690 695 696 699 702 706 712
404 400 397 395 394 386 388 381 381 382 383 390 385 386 383 390 394 402 404 395 396 399 407 408 409 416 419 428 432 441 450 451 452 454 461 463 469 476 483 492 491 490 492 490 498 506 511 507 513 515 516 525 526 529 538 542 543 548 551 547 554 562 564 569 577 578 576 574 572 578 582 586 590 591 597 599 609 616 620 625 626 626 631 639 647 650 658 660 667 671 675 684 681 681 689 695 696 697 701 709
413 406 406 403 396 394 386 382 388 386 387 389 394 394 391 398 395 396 405 404 400 407 412 417 410 419 427 432 439 445 446 453 459 461 459 467 476 475 479 486 490 499 500 497 504 505 510 508 515 524 523 527 528 537 538 540 548 557 560 554 562 568 573 578 578 585 582 582 575 584 590 587 593 600 604 601 611 619 627 625 627 634 631 639 647 656 658 661 663 666 666 675 672 673 680 689 693 697 704 710
417 409 409 405 396 392 391 391 396 387 392 396 399 400 395 404 396 405 411 413 408 409 414 421 418 421 428 434 441 446 449 447 450 455 457 461 470 472 478 479 487 496 501 498 503 511 512 517 524 533 525 534 530 535 541 547 553 561 561 561 570 570 575 578 585 593 588 586 578 587 595 589 592 599 603 605 609 614 622 622 624 625 628 637 642 649 654 661 669 665 658 667 671 673 682 691 700 704 704 713
420 413 410 413 405 401 400 400 397 396 399 403 407 401 404 400 397 405 413 414 416 411 420 423 421 426 427 432 436 437 441 445 453 462 460 461 468 472 477 478 487 496 502 500 503 512 518 520 523 532 534 543 539 536 544 551 552 553 555 559 563 570 578 579 588 594 589 585 581 585 593 597 593 599 607 612 610 612 613 616 618 627 634 638 639 646 645 653 660 661 656 665 668 677 683 687 696 700 701 710
427 421 418 420 411 406 409 407 406 399 400 409 414 407 413 407 406 407 412 419 425 420 429 424 426 434 436 435 444 446 446 454 457 465 469 467 476 481 484 487 490 491 500 503 510 518 526 523 531 538 541 548 541 545 547 552 556 556 563 567 566 572 581 588 592 599 596 591 582 591 593 598 595 604 611 618 612 614 621 623 621 626 627 634 636 640 644 646 651 652 653 662 667 670 677 686 691 692 700 702
435 430 427 429 420 413 411 408 409 400 409 412 420 412 419 410 415 409 418 420 429 421 423 430 429 438 439 436 438 442 451 460 462 466 475 474 481 488 488 494 499 500 507 508 515 520 524 527 531 540 542 547 543 552 548 557 564 558 565 574 571 579 585 594 593 600 595 594 586 595 602 606 599 606 610 610 619 622 629 624 626 631 633 642 643 642 646 647 655 655 656 665 667 676 685 689 694 700 706 703
443 437 431 422 421 420 418 409 411 403 412 418 424 421 421 412 418 412 419 424 432 430 432 439 436 442 448 445 441 450 453 455 464 465 474 482 489 495 494 495 497 505 512 511 515 522 524 530 539 548 543 552 552 561 553 561 566 567 570 579 577 581 587 594 602 594 601 595 594 601 609 607 601 602 603 608 617 625 632 627 630 634 637 645 650 643 650 656 662 658 664 665 673 681 682 691 700 701 706 709
440 433 424 423 428 428 419 410 418 410 417 421 427 424 430 421 421 418 425 426 429 430 436 442 438 439 443 451 443 452 454 463 469 470 479 487 488 497 503 501 506 514 519 520 517 519 525 534 540 547 544 545 547 555 554 556 562 563 571 577 578 572 581 588 593 586 595 601 603 610 618 609 606 609 607 611 619 623 630 633 639 642 645 650 647 645 647 652 654 661 664 670 677 680 687 696 705 708 715 718
440 431 430 431 435 426 421 412 419 419 425 430 431 426 433 428 430 427 426 427 430 431 439 448 446 441 450 448 445 446 449 456 465 471 476 485 488 492 499 506 507 515 519 520 518 523 526 535 537 539 547 554 548 557 561 557 560 563 567 569 570 571 575 584 590 585 593 600 603 611 618 616 615 613 610 613 621 629 635 642 645 651 652 659 655 650 654 661 661 667 667 668 677 684 693 701 708 709 718 725
446 437 439 436 436 427 427 421 420 428 426 429 436 427 436 437 438 436 435 436 431 439 445 454 447 442 450 452 454 448 457 465 472 472 476 482 483 490 493 498 505 514 522 523 526 531 535 543 538 546 547 552 556 564 567 565 565 567 575 574 574 572 580 581 582 584 589 595 596 602 611 619 623 622 618 621 624 628 637 641 642 646 652 661 656 651 654 661 664 669 673 675 676 685 693 695 701 708 711 716
443 440 442 443 437 436 429 422 426 428 431 431 434 435 442 440 444 441 436 436 434 435 437 446 455 451 455 460 456 457 465 469 478 481 483 484 489 494 495 499 508 515 519 522 531 539 538 547 545 551 556 561 559 565 571 573 566 574 582 576 583 581 585 588 589 586 587 593 602 605 609 612 618 621 620 624 625 627 632 634 643 651 658 659 658 658 657 658 662 667 669 678 683 687 688 696 698 707 715 719
452 444 449 452 446 445 438 431 432 433 439 439 435 438 447 441 446 443 441 444 435 444 445 454 462 458 456 465 458 464 473 478 487 490 488 492 494 499 504 500 505 511 512 521 526 533 537 546 548 549 552 557 565 566 568 574 575 581 590 581 588 589 592 594 598 594 596 602 610 613 614 619 623 627 622 631 627 634 633 642 648 652 655 664 664 666 661 666 663 671 678 687 686 687 696 702 700 705 707 710
453 452 458 453 454 450 441 437 433 438 442 440 438 439 447 449 453 445 444 452 443 444 445 454 460 459 463 472 463 472 473 482 490 499 495 493 502 505 504 503 504 510 519 526 535 542 542 550 556 550 551 560 566 575 575 581 582 582 590 589 594 592 594 603 602 595 601 604 605 606 607 613 621 622 630 634 636 636 642 644 650 655 659 660 662 670 670 670 664 668 670 679 680 689 695 696 700 701 710 718
459 457 465 460 452 449 443 441 440 439 447 448 445 445 452 458 458 454 446 455 449 453 454 455 459 463 467 468 465 474 478 487 492 501 500 494 500 507 513 510 510 516 524 531 535 544 548 550 559 554 560 562 569 574 578 581 586 584 588 591 596 600 600 603 606 597 606 612 614 610 612 614 619 626 628 637 644 645 645 645 647 656 665 661 668 675 676 672 668 674 676 677 679 680 686 694 695 700 708 712
468 466 466 458 454 445 444 449 448 444 445 446 451 450 456 465 462 453 452 461 456 462 463 460 468 466 467 468 468 476 481 490 496 497 506 499 506 515 512 511 519 517 522 531 540 546 555 558 567 562 568 571 577 583 587 587 595 593 594 592 597 604 609 609 608 599 601 605 610 615 620 617 621 622 625 632 641 642 647 646 650 651 658 666 674 680 684 675 673 677 684 683 688 682 689 695 700 699 700 703
475 466 458 457 448 447 452 453 449 452 450 448 457 451 459 460 469 462 457 460 457 461 470 464 472 467 475 476 476 477 479 487 490 496 505 508 515 519 521 514 518 526 530 539 548 555 562 565 566 564 566 575 578 586 587 595 602 602 599 600 606 608 614 610 612 608 602 609 613 617 618 626 629 629 634 639 648 650 648 650 658 653 656 658 666 675 675 684 679 684 690 692 693 684 685 686 691 697 705 704
472 465 458 457 449 453 461 457 458 456 459 457 462 454 461 461 466 469 460 464 459 468 477 471 480 474 483 478 480 484 485 493 492 498 507 511 520 520 525 519 525 533 536 544 553 558 567 574 573 569 573 582 586 591 594 597 603 610 602 601 610 617 619 619 615 607 605 613 620 623 626 632 637 638 642 644 648 649 657 655 663 654 657 658 666 668 671 679 687 685 690 691 690 687 691 689 699 699 703 711
477 471 462 458 458 456 458 458 467 458 464 466 464 455 464 470 469 468 461 468 467 470 477 476 481 480 487 482 483 488 490 499 501 507 508 517 520 529 530 526 534 538 543 545 552 553 562 571 578 577 574 583 591 592 597 604 609 618 610 604 610 619 628 628 619 612 611 619 623 632 634 639 646 639 647 647 648 651 660 656 665 662 666 667 675 672 680 688 694 693 691 699 695 694 699 695 698 700 709 716
477 469 463 466 464 463 460 463 466 459 463 472 467 464 473 471 471 477 470 473 473 479 486 480 487 481 490 487 492 490 492 499 506 511 513 516 525 532 532 535 540 545 546 546 552 556 563 572 576 583 575 583 592 601 601 604 609 616 619 613 619 626 631 630 628 620 620 625 631 640 635 644 649 645 652 653 654 652 661 661 670 670 675 676 681 673 682 690 699 702 699 705 696 699 702 702 705 701 702 706
479 472 472 473 472 469 469 470 461 460 468 471 474 465 470 475 479 478 477 475 475 477 483 488 487 486 487 496 500 497 501 500 508 516 522 518 527 528 536 533 542 546 555 551 556 565 569 571 579 583 582 588 592 593 602 611 610 611 617 618 625 634 640 633 627 624 626 633 640 643 641 650 654 646 653 661 656 655 658 659 666 669 678 685 688 681 688 692 701 708 707 709 701 707 707 706 711 703 710 712
482 476 477 481 473 477 476 474 467 465 472 472 481 474 479 484 488 484 482 481 483 479 487 495 496 487 495 496 504 502 509 506 513 519 526 519 526 531 539 532 533 542 551 560 565 562 562 567 573 574 575 579 583 585 594 603 612 620 622 627 626 635 640 641 635 627 635 642 644 645 649 652 660 654 659 664 665 656 664 668 670 678 684 690 691 683 692 701 705 713 716 713 708 714 713 715 719 712 716 713
485 485 479 482 478 485 477 475 474 474 474 481 483 476 485 492 497 492 483 482 485 482 490 492 501 494 495 503 506 511 518 515 515 524 531 523 525 527 530 531 533 537 545 553 559 560 561 563 572 580 581 588 591 594 597 605 612 621 629 628 634 643 644 646 641 635 644 650 651 646 651 658 661 659 662 663 667 664 672 677 679 679 687 688 692 684 691 698 706 707 714 721 714 715 722 724 723 719 724 722
