  0 327 321 326 329 325 334 336 339 347 346 342 340 348 352 351 345 346 350 349 352 361 369 369 378 376 376 381 384 385 389 386 387 396 397 403 403 410 411 412 420 423 432 433 439 439 443 445 453 457 460 462 471 480 478 486 486 493 496 501 510 502 504 512 521 519 523 531 532 538 547 556 563 565 572 574 577 575 580 575 580 588 592 600 602 611 619 628 625 631 637 638 639 645 653 659 660 656 662 671
  8 320 319 320 320 324 325 332 337 338 341 333 338 339 343 350 344 347 345 346 349 355 360 368 376 374 372 374 380 388 380 382 386 393 394 403 402 408 414 421 421 422 428 432 440 435 438 440 445 449 451 457 465 472 472 479 482 485 487 495 504 496 504 513 517 516 523 526 534 542 550 549 554 557 564 569 569 566 575 572 574 583 592 596 604 613 618 626 623 630 628 634 641 641 650 650 651 652 661 668
 16 312 310 319 317 326 318 324 329 331 333 331 329 332 337 343 336 339 340 347 356 362 369 363 367 369 368 374 377 381 375 379 387 394 403 408 401 406 406 414 421 427 419 424 431 429 437 443 451 449 453 462 463 465 470 478 481 480 487 494 502 494 502 505 509 514 521 523 529 535 544 546 554 554 555 563 564 565 566 570 573 582 591 592 599 608 609 618 614 621 626 631 632 640 641 644 651 652 653 659
 17 316 309 311 312 317 315 316 320 328 330 325 327 328 330 336 334 339 341 350 355 355 360 355 361 362 367 369 370 372 374 383 391 396 405 399 399 400 405 406 412 418 416 418 427 426 434 439 442 448 453 453 457 464 470 473 474 478 486 485 493 493 494 500 509 513 520 522 530 539 539 548 550 550 559 559 568 565 571 574 582 586 584 585 591 600 602 611 610 612 617 625 628 631 635 639 647 656 657 665
 26 316 308 305 311 312 314 321 326 325 321 322 330 331 329 327 331 340 344 345 353 348 351 351 354 358 358 360 362 365 370 379 386 387 396 393 392 401 406 398 407 409 410 417 418 425 434 439 447 452 458 450 452 461 463 470 479 480 480 482 488 487 495 504 506 510 517 522 526 534 531 539 541 549 551 552 561 562 564 565 574 582 583 586 592 594 602 603 604 608 615 617 619 628 634 642 646 655 662 665
 28 310 301 299 302 303 312 321 320 316 314 316 325 322 320 326 334 334 339 339 347 344 350 349 353 359 357 362 361 362 367 370 377 386 387 394 389 394 400 395 400 403 409 417 418 424 427 433 439 444 451 447 455 456 465 469 471 475 476 479 483 486 490 495 504 506 510 514 523 525 530 531 540 546 554 552 561 570 570 573 574 583 590 587 596 595 603 608 613 617 617 623 620 625 631 634 643 652 654 656
 29 302 293 293 298 302 311 317 312 314 305 312 317 313 314 320 327 328 330 337 339 335 342 346 344 351 355 357 358 365 373 367 374 381 388 385 387 388 391 392 399 400 408 412 416 424 425 428 435 437 446 445 449 454 456 462 464 469 478 481 482 485 490 499 507 514 513 517 521 522 523 530 537 538 546 551 555 561 568 572 574 577 582 590 599 604 612 616 615 622 624 625 624 632 638 635 637 645 649 648
 33 295 289 292 301 304 308 311 304 312 304 309 315 312 320 320 326 321 330 333 336 333 341 348 343 342 347 348 356 361 365 366 370 377 380 384 393 396 398 395 404 408 416 421 417 420 422 426 432 441 443 444 452 461 458 462 465 467 473 476 478 480 482 491 499 508 515 514 517 523 532 538 546 539 548 548 549 554 563 565 566 574 579 585 594 600 608 617 621 629 625 630 633 637 641 637 645 642 642 645
 41 289 288 290 294 295 300 303 302 310 302 302 311 311 314 319 318 320 328 324 329 331 339 341 345 339 343 350 359 368 364 364 368 372 379 388 385 390 397 404 410 407 410 412 415 424 428 435 438 440 439 442 447 454 461 467 474 475 481 485 481 487 485 494 503 509 511 513 520 522 530 539 541 541 544 546 549 553 554 557 564 572 578 583 588 597 605 608 612 620 617 626 629 633 640 642 645 641 633 641
 42 281 285 282 287 290 299 297 296 305 298 299 304 310 316 325 317 313 322 323 331 327 336 343 336 338 342 351 358 362 355 363 368 371 377 385 378 384 392 401 403 403 411 413 417 419 428 437 435 437 436 445 447 454 462 470 474 476 480 481 481 490 491 496 496 504 508 514 514 522 523 530 535 543 549 546 547 556 563 561 570 571 580 584 589 593 599 607 609 611 611 619 628 624 632 634 636 639 632 638
 51 276 283 275 283 285 291 291 293 299 297 303 304 302 308 317 317 308 313 315 322 326 332 335 334 343 343 347 349 356 354 359 361 368 369 376 376 380 387 396 400 402 409 417 424 421 424 428 430 430 435 443 444 449 454 463 466 468 471 472 475 482 488 489 490 496 502 505 511 514 522 524 530 539 540 544 550 559 565 566 574 579 571 575 584 590 596 600 601 609 610 611 620 623 624 626 629 630 631 639
 56 271 280 274 282 290 283 290 291 292 290 294 295 298 299 308 311 306 315 316 325 321 328 336 332 341 346 349 358 353 352 358 357 366 374 378 374 377 384 388 391 393 401 408 416 415 415 419 421 429 437 445 445 454 455 463 465 472 473 479 484 489 493 494 493 500 506 501 504 509 513 522 528 537 535 543 552 556 557 566 570 570 569 572 580 585 593 592 592 601 602 610 611 615 624 625 633 639 639 642
 58 268 271 273 275 281 275 284 291 287 288 295 300 294 300 301 302 303 312 315 316 320 322 329 331 332 340 349 358 355 348 350 356 359 366 375 373 375 384 386 389 391 395 402 410 407 408 411 420 425 429 438 445 449 454 457 460 464 468 477 486 491 493 502 497 502 501 496 504 513 519 513 522 529 530 536 543 548 557 561 570 565 567 570 573 580 588 587 590 595 599 606 612 618 625 633 628 637 645 651
 66 264 266 271 269 272 270 278 282 286 294 292 292 285 294 301 306 312 316 317 325 323 328 329 338 341 347 341 350 346 347 355 364 367 362 366 372 378 381 385 394 398 403 403 404 406 415 420 419 425 434 440 441 442 451 451 452 457 464 472 478 486 491 499 490 494 493 495 496 505 510 511 520 528 537 541 542 549 554 553 562 563 569 576 582 578 580 584 585 586 593 600 603 612 616 625 627 636 639 646
 73 263 257 263 260 264 266 275 274 282 285 290 285 281 288 296 297 303 308 309 317 326 323 324 331 340 341 339 343 345 352 361 369 362 361 367 369 370 379 383 389 398 403 397 406 401 409 414 418 421 425 433 440 449 448 445 454 461 468 469 469 477 483 492 484 485 492 494 497 506 509 514 521 523 531 533 536 543 546 552 558 565 566 574 574 576 585 583 584 592 595 603 604 606 615 620 629 638 636 641
 74 255 256 254 257 259 263 269 273 273 276 284 281 277 279 288 292 300 303 308 316 320 322 323 324 333 332 338 343 346 353 362 365 364 360 367 361 367 375 374 383 392 394 394 403 394 403 410 412 417 424 432 441 441 440 441 450 455 460 461 468 477 475 483 483 484 485 492 497 505 512 519 521 522 523 524 532 538 539 548 556 556 560 565 566 573 579 582 584 590 592 594 602 611 615 619 621 630 631 632
 83 250 247 253 254 259 261 268 270 272 270 277 284 276 280 289 298 296 304 303 308 312 319 314 321 324 328 335 339 347 356 364 357 361 359 358 358 364 369 373 379 388 397 392 395 392 395 401 408 410 415 424 433 442 439 444 451 454 459 462 467 475 473 474 482 487 493 501 498 507 515 516 519 528 530 529 538 539 547 551 559 551 552 560 569 576 577 584 590 595 599 596 604 609 614 617 620 627 630 638
 89 248 240 249 255 250 259 264 272 272 264 269 277 273 280 283 289 293 295 297 303 305 310 311 314 319 322 326 334 342 348 357 348 354 350 351 355 359 364 370 377 383 390 389 387 389 395 404 412 416 417 426 424 433 434 438 444 449 457 463 467 470 467 476 477 486 494 500 506 507 515 520 525 529 531 530 539 545 543 549 552 550 558 565 570 579 578 586 587 593 597 600 609 618 621 617 618 626 627 636
 93 242 238 244 251 248 254 261 264 263 262 268 271 272 281 281 285 290 299 300 302 300 301 305 306 315 316 317 325 333 342 350 341 345 346 354 363 365 367 373 374 379 386 394 386 393 398 407 416 421 418 418 420 424 433 438 445 443 451 457 461 466 465 472 481 482 489 498 500 508 508 517 516 521 522 531 530 536 535 540 543 546 553 562 565 572 581 590 588 595 594 601 602 609 616 616 625 629 635 640
 94 242 235 242 244 243 250 257 260 254 255 264 273 272 277 277 284 290 290 299 301 296 299 308 311 316 324 320 326 333 341 344 340 342 350 348 355 362 371 368 376 372 380 385 384 387 396 405 407 414 419 414 421 422 429 438 439 440 448 450 457 459 463 471 473 482 486 489 498 506 506 515 515 523 525 523 521 528 531 536 545 554 558 562 570 579 581 590 587 591 593 599 606 606 607 608 616 621 626 631
100 239 234 235 240 241 250 251 256 252 246 255 264 269 275 273 275 283 282 291 292 295 304 310 310 315 323 328 333 337 339 341 334 335 342 343 346 355 363 367 369 366 371 378 381 390 396 397 398 407 410 412 421 424 425 431 438 439 446 452 452 461 467 473 478 482 490 496 503 503 503 509 513 521 517 514 520 522 527 536 544 551 558 560 565 574 581 588 581 582 589 591 598 605 610 611 613 620 629 637
109 230 227 233 233 242 247 242 249 251 245 247 255 262 266 269 272 275 277 284 293 296 302 307 309 314 317 323 326 328 330 332 333 341 340 345 339 348 354 359 360 363 364 373 374 383 389 396 400 406 403 411 417 423 429 438 434 443 444 445 450 459 461 468 474 476 485 487 494 494 495 500 504 513 519 511 520 529 535 538 542 548 557 566 561 570 572 579 580 585 588 596 589 597 602 603 608 614 620 629
118 221 220 227 229 235 240 241 241 242 244 249 257 258 263 272 273 280 286 292 293 296 300 309 312 312 315 316 317 319 327 327 334 332 334 337 337 339 348 355 363 365 368 372 375 381 389 390 399 399 402 407 415 424 424 430 429 434 435 436 443 452 452 461 467 469 478 484 485 492 493 501 509 517 515 509 514 520 527 529 538 544 548 557 560 564 569 570 572 581 587 587 588 591 600 599 604 611 613 621
122 212 217 220 223 230 234 242 237 244 250 255 257 266 266 268 272 273 277 284 286 295 299 302 309 311 309 315 324 322 322 324 325 325 328 333 335 343 352 360 362 366 369 378 372 378 385 387 396 394 396 399 408 415 420 421 427 431 438 445 445 446 451 458 467 476 477 476 485 486 486 495 502 511 509 506 515 521 523 531 532 541 548 550 551 560 566 570 572 581 582 586 594 591 595 596 605 613 617 622
127 209 213 219 219 224 226 233 235 242 243 251 254 263 264 264 270 264 269 277 286 295 304 296 300 305 308 306 315 314 321 318 323 320 329 333 342 348 347 351 353 359 360 369 370 372 376 384 393 392 397 398 402 411 420 426 427 436 439 445 454 454 452 460 469 470 471 475 482 483 484 486 495 503 504 505 506 514 522 524 529 538 539 548 552 558 567 562 566 574 581 589 594 587 596 590 598 604 613 614
132 204 207 216 211 216 225 234 239 240 246 250 258 261 265 258 263 261 267 276 282 290 297 288 295 299 299 304 311 311 312 312 320 319 321 330 338 344 341 345 352 358 363 367 371 376 377 378 386 388 396 403 407 415 422 431 433 440 447 441 445 454 460 461 470 473 476 484 491 487 486 495 503 505 510 512 513 517 523 524 530 539 548 550 552 550 559 559 562 570 572 581 585 586 587 588 597 600 609 613
133 203 201 208 208 216 225 228 237 235 241 242 249 252 260 257 256 259 263 272 280 284 288 286 289 290 297 297 302 308 305 310 317 312 321 327 333 335 336 337 346 349 356 359 364 371 379 379 380 388 397 406 409 412 421 424 433 441 446 438 441 449 451 455 464 466 469 477 485 486 493 500 509 513 518 511 520 519 524 532 539 542 545 541 543 546 552 553 562 570 579 586 583 586 590 597 598 602 604 609
141 205 198 204 202 211 220 221 228 233 242 244 249 253 252 261 255 263 266 270 271 276 282 278 280 286 288 296 297 299 301 302 310 311 317 326 335 344 345 344 353 357 357 366 373 372 381 382 382 391 398 402 405 413 418 426 432 438 437 436 444 447 455 462 458 457 466 472 480 487 488 497 505 509 509 503 511 520 525 530 533 538 545 538 542 544 553 562 562 564 573 581 580 582 590 593 602 605 613 612
142 204 196 195 197 206 213 214 221 225 234 241 241 248 250 254 254 254 263 266 272 267 275 276 274 283 289 298 306 306 310 309 318 320 323 332 337 346 346 347 356 362 364 368 374 379 383 384 391 398 406 410 406 407 413 418 424 431 436 432 441 443 452 453 454 455 462 469 471 478 487 490 499 501 501 502 509 517 521 522 526 530 537 535 544 550 551 558 557 559 567 575 576 580 587 594 603 604 613 615
151 203 197 188 192 200 207 201 210 219 227 229 230 235 243 244 246 247 250 255 259 261 262 268 273 281 287 291 300 303 312 310 315 316 324 333 342 348 348 348 357 365 369 375 381 388 389 391 400 401 410 417 413 409 410 417 422 423 427 428 437 446 448 457 456 458 460 469 470 477 478 487 492 495 496 503 510 511 513 514 520 521 528 534 541 550 552 553 554 562 568 571 573 581 588 596 605 613 615 615
155 194 194 185 182 191 194 200 207 215 223 231 238 240 244 253 253 249 258 256 264 268 270 270 272 273 284 293 296 303 312 311 317 325 330 333 336 343 350 350 356 360 366 374 382 391 393 400 407 410 403 412 416 410 417 426 423 431 436 437 440 448 457 465 458 461 468 474 479 485 482 484 493 499 502 508 515 519 519 520 526 526 535 535 539 544 546 555 553 561 569 572 581 589 597 602 604 604 610 606
162 169 174 175 181 190 199 205 213 216 225 232 233 242 235 244 248 249 258 265 271 268 271 276 280 278 286 292 298 301 303 304 310 319 328 328 337 343 350 356 360 366 369 376 382 383 391 398 398 401 402 409 410 412 421 430 428 435 444 445 447 454 458 463 467 468 476 479 485 487 480 487 493 494 496 505 513 514 521 522 519 526 532 527 533 535 542 547 549 554 560 566 575 583 592 599 602 600 605 602
171 176 181 177 184 185 194 203 211 219 220 223 232 233 234 242 251 252 261 270 264 267 268 277 286 280 287 288 295 299 305 305 312 320 322 327 329 337 344 351 354 358 363 368 373 381 382 390 396 405 404 413 418 421 429 435 433 435 440 449 449 449 455 459 468 473 475 475 476 478 479 484 485 494 495 501 510 519 520 520 517 525 523 526 531 535 536 545 553 560 566 568 573 577 584 591 593 597 602 600
176 182 190 186 190 193 201 210 215 218 226 232 236 242 236 241 249 250 259 261 263 270 275 284 289 283 288 292 298 304 305 313 313 318 327 336 338 338 346 352 357 362 371 374 374 383 391 395 401 403 410 417 414 420 429 433 437 444 448 444 440 448 452 455 461 465 467 474 475 472 474 479 488 491 494 497 506 515 521 515 515 523 522 530 533 535 544 550 551 560 569 574 579 585 582 583 588 589 597 599
180 189 198 192 191 192 197 205 214 216 221 229 231 238 237 246 252 259 267 262 265 271 277 282 287 286 294 298 303 312 312 319 315 316 319 329 338 347 349 350 356 357 366 371 371 378 386 395 393 401 403 411 412 420 424 425 434 435 442 443 436 445 452 453 462 463 467 466 466 464 465 474 481 483 486 495 500 507 513 506 507 514 519 525 529 530 536 545 553 558 562 567 570 579 575 583 588 597 600 592
184 191 194 200 199 201 202 210 218 223 222 229 231 239 240 244 253 262 263 265 271 280 282 291 290 295 296 297 302 311 313 317 324 325 320 328 333 341 342 346 348 356 364 365 366 373 378 387 390 399 405 405 413 415 417 418 425 429 433 434 435 436 445 448 453 458 462 460 461 463 465 469 474 475 484 492 493 502 507 505 510 508 511 520 524 532 535 544 552 549 558 559 565 571 567 574 581 588 597 590
193 199 203 201 205 207 210 219 219 225 228 229 231 239 242 249 253 262 261 266 270 274 282 291 295 301 302 298 307 308 316 318 327 327 322 330 335 344 348 355 357 363 370 367 375 374 379 380 389 391 396 401 410 419 423 425 432 436 433 438 444 445 447 454 454 456 458 459 468 472 472 475 476 483 484 493 502 500 500 501 502 507 516 512 521 525 533 538 547 548 554 560 556 563 564 573 574 579 588 589
201 200 206 209 214 209 218 222 223 225 226 235 238 243 246 249 251 259 260 265 267 276 276 283 286 292 301 301 304 307 315 320 325 332 329 339 339 346 354 363 359 368 372 364 369 375 375 377 385 389 398 403 411 414 415 421 425 428 430 434 441 447 456 456 463 463 460 461 462 464 465 468 476 478 483 491 493 491 499 506 503 504 510 511 519 523 527 532 541 548 545 551 552 561 569 573 581 587 594 598
206 207 212 218 222 218 225 225 224 231 227 236 240 245 250 256 256 258 265 271 268 271 273 282 284 291 298 300 303 311 318 327 334 334 332 339 345 350 357 365 357 361 367 361 362 370 374 382 384 392 395 396 405 413 421 422 430 427 432 437 441 450 458 458 466 463 462 463 471 466 474 469 476 482 482 489 484 485 492 500 504 511 513 514 523 527 534 537 545 540 542 548 552 561 566 567 575 584 593 597
214 210 213 215 224 224 233 234 227 233 232 234 243 247 250 252 254 262 270 279 274 278 279 284 293 292 293 302 308 316 322 323 330 335 334 335 336 346 351 357 356 358 360 359 366 367 375 381 388 395 399 397 403 412 420 421 425 426 432 441 449 455 455 461 464 463 468 471 479 475 475 470 471 473 480 481 483 488 497 502 509 512 513 517 520 522 526 535 538 539 548 555 553 562 569 569 571 580 585 588
219 217 216 217 225 233 235 240 236 240 237 243 252 255 258 253 257 264 272 281 275 281 283 290 295 293 299 307 308 313 315 323 330 339 336 337 337 343 346 347 349 352 354 358 360 369 374 382 384 393 402 401 402 403 412 415 416 425 427 436 440 449 446 454 462 460 461 470 472 480 483 475 480 481 488 485 492 497 498 502 508 509 516 522 527 531 532 541 541 546 555 559 558 566 567 575 572 576 585 594
224 218 224 220 227 234 235 244 242 243 245 244 252 257 259 261 264 266 275 276 279 285 290 291 299 296 301 307 312 321 322 325 331 335 342 342 346 352 347 348 356 354 361 366 369 377 383 377 385 388 394 392 393 396 405 407 416 420 421 428 437 442 441 450 453 454 455 462 465 474 482 484 480 482 484 492 499 504 504 509 509 512 520 522 526 535 541 548 547 555 558 567 564 570 576 584 580 578 580 587
226 219 220 227 231 236 244 249 249 252 252 246 252 258 261 270 265 266 274 281 281 289 296 299 302 301 303 309 315 324 331 334 336 343 351 351 349 353 352 352 360 355 357 358 361 369 378 372 379 382 385 388 391 399 406 410 419 423 429 429 431 436 439 448 449 455 464 471 466 468 476 477 478 487 486 491 498 504 510 518 514 521 525 531 532 541 549 553 554 560 567 576 573 579 584 587 583 579 580 589
235 226 229 236 233 242 250 254 250 258 254 249 258 259 260 264 265 267 269 277 283 291 295 298 301 304 305 314 318 324 332 333 342 349 354 352 352 349 355 361 367 361 364 360 364 366 368 369 370 375 378 387 391 396 397 404 410 419 425 434 435 443 440 448 454 457 466 469 468 476 473 468 471 480 483 491 492 496 505 512 516 523 528 533 534 543 551 554 561 561 568 569 576 584 590 592 591 588 587 596
244 235 230 231 233 238 242 248 249 257 260 251 257 265 265 266 268 273 278 284 292 295 296 297 306 310 310 315 322 323 325 327 335 342 348 356 347 348 357 360 369 370 365 369 372 367 376 377 378 376 377 379 387 396 397 406 415 418 424 431 434 442 443 444 453 453 460 462 469 476 468 467 475 484 487 495 498 504 509 518 517 522 529 536 542 539 548 552 558 563 572 573 582 591 599 601 594 597 589 593
238 233 232 238 240 239 247 255 256 264 265 257 260 264 272 271 276 281 285 293 299 304 304 299 308 310 316 323 331 324 325 327 336 337 341 347 342 351 359 361 368 368 366 373 371 370 377 378 387 381 382 381 383 392 399 407 409 410 416 425 427 435 442 445 454 451 459 467 462 467 464 466 475 481 488 493 502 510 517 514 514 515 523 527 536 537 546 555 563 572 581 577 586 595 600 608 603 601 597 594
239 240 241 244 244 244 251 259 264 273 269 263 268 267 276 275 278 282 288 290 297 304 305 305 313 319 317 321 329 325 331 328 329 334 338 339 341 348 352 361 369 368 374 380 379 379 379 387 388 389 383 387 384 392 396 404 408 409 415 421 428 432 435 436 445 448 457 458 460 462 463 471 474 481 490 491 500 507 508 509 512 516 525 530 532 541 550 551 557 565 572 581 587 590 597 601 600 600 602 600
244 245 248 253 253 253 260 262 269 277 272 264 270 272 277 284 283 290 297 295 304 309 309 314 316 322 321 325 331 334 337 335 338 340 340 346 347 351 354 355 360 362 365 371 380 388 388 396 397 389 384 392 391 392 394 396 404 413 421 429 429 433 438 442 448 457 464 462 468 470 472 479 482 490 499 497 506 513 514 517 521 517 526 527 536 541 550 559 563 571 580 576 584 589 596 597 598 599 607 605
253 254 249 258 262 262 266 263 272 268 267 266 275 274 281 281 282 287 296 304 313 313 316 322 325 324 326 334 339 341 341 339 342 348 348 353 351 358 363 364 368 364 366 374 383 388 390 399 395 394 393 396 396 397 399 403 410 418 422 426 435 442 439 445 454 458 461 468 475 471 479 481 486 488 496 505 514 517 523 524 520 519 527 536 545 545 554 563 571 576 571 573 579 580 587 595 604 608 615 607
258 256 257 266 263 271 272 266 267 271 276 270 272 274 279 280 288 296 303 307 308 309 315 321 326 332 329 338 347 345 342 348 350 349 349 358 357 366 367 368 373 366 374 383 384 392 392 401 402 397 394 403 403 406 408 410 419 427 431 431 437 442 441 448 453 459 467 472 470 471 474 477 486 493 502 509 510 519 527 528 522 525 526 531 537 540 549 558 562 568 569 578 587 587 593 600 601 609 608 615
259 263 265 273 266 270 271 273 269 270 271 276 281 278 281 285 291 298 307 309 314 312 321 328 330 333 332 334 342 350 351 354 358 356 352 360 366 373 371 369 378 375 381 382 383 388 397 406 402 403 403 412 410 410 410 415 417 424 430 431 440 448 448 452 460 461 467 468 469 474 483 485 494 497 502 503 512 517 523 524 529 526 534 539 546 549 550 555 558 563 572 581 582 589 597 604 602 610 606 615
260 269 266 272 273 271 279 282 278 278 278 279 288 287 288 293 300 303 308 314 316 320 325 334 331 339 337 338 347 354 356 362 363 364 359 368 371 378 373 377 381 377 378 386 390 396 399 400 401 410 409 412 413 411 412 417 426 428 433 440 449 452 457 461 464 469 476 475 477 482 484 493 494 498 499 507 513 520 528 533 531 532 538 543 547 556 558 556 561 566 571 576 577 586 592 599 605 608 602 611
267 276 271 275 282 274 276 284 281 284 279 282 291 296 294 300 306 304 306 307 316 322 324 331 336 343 346 342 346 347 350 353 354 355 364 365 374 382 374 376 378 386 387 389 392 399 408 401 408 417 416 420 419 413 421 424 432 437 440 447 452 458 458 462 467 475 484 483 478 484 492 494 502 505 507 514 515 517 525 526 527 534 542 550 551 552 554 559 560 566 574 580 586 595 592 593 596 599 600 605
274 275 280 284 288 283 279 288 286 286 283 289 293 301 297 303 307 305 309 312 321 327 328 336 338 347 354 351 351 350 356 361 359 364 368 366 374 380 383 378 380 381 383 392 393 402 409 402 403 408 416 425 424 414 423 432 441 444 447 448 449 456 460 460 461 466 475 476 481 484 493 501 507 510 513 515 519 521 529 531 532 533 535 543 544 552 555 558 567 572 573 580 585 588 591 590 597 606 605 608
283 284 289 288 289 292 287 296 287 290 292 290 299 302 304 312 316 314 317 319 325 328 334 342 339 342 350 357 358 356 362 363 364 372 371 375 377 380 386 386 388 386 391 392 400 408 416 411 411 416 424 427 420 418 425 430 434 435 444 451 450 451 459 458 466 475 482 484 490 485 488 494 502 507 512 517 518 527 536 535 540 535 544 551 550 557 558 560 561 563 564 573 576 579 586 587 596 605 612 617
292 293 298 297 297 294 290 295 294 299 301 298 307 303 307 316 318 323 320 320 323 324 331 340 348 350 355 358 366 359 367 369 366 374 380 376 383 381 386 394 389 390 395 401 408 416 417 417 420 420 422 431 428 426 431 438 442 444 453 452 451 452 454 456 464 467 475 479 486 493 493 500 505 512 521 526 521 530 532 533 541 536 538 542 547 556 558 564 562 571 572 580 585 588 595 592 598 599 608 615
294 302 303 300 304 295 291 297 303 300 300 299 301 307 308 317 326 330 329 329 329 331 335 339 345 346 355 361 367 366 373 371 371 373 374 382 388 389 392 401 398 399 404 405 413 417 422 425 428 423 425 429 437 430 437 444 447 453 455 453 453 461 463 460 461 470 476 478 487 491 494 496 503 510 513 522 526 532 538 541 544 544 547 545 546 550 556 563 567 571 575 577 580 581 590 599 607 603 607 611
302 310 307 304 301 297 298 305 304 308 308 301 303 308 312 317 326 331 334 338 331 339 337 344 353 348 357 363 365 369 374 380 378 382 375 379 380 386 395 403 403 400 408 412 413 414 421 422 425 426 434 437 438 433 435 441 442 451 456 462 462 462 464 465 468 475 479 484 485 494 502 505 510 513 516 517 522 531 540 541 550 545 548 546 554 559 564 570 576 576 584 580 584 590 595 596 601 610 609 618
303 306 315 313 306 302 307 307 311 310 311 302 303 306 313 316 325 332 334 338 337 346 341 350 357 357 366 368 374 373 382 387 382 382 381 388 389 395 399 401 407 405 414 414 422 423 430 431 430 430 438 443 447 442 443 450 449 455 456 465 471 470 466 468 477 476 478 484 491 500 501 506 515 514 515 516 525 534 543 549 550 552 552 553 556 565 567 568 576 585 593 589 588 591 593 595 603 605 614 623
306 315 324 321 313 310 310 315 314 318 315 306 304 311 317 321 322 327 334 340 345 349 348 355 360 360 368 369 377 376 380 389 391 387 388 391 390 393 400 399 401 405 406 415 418 424 426 428 437 431 434 442 449 447 445 451 452 456 465 467 471 478 474 477 479 485 487 486 489 497 506 512 513 516 516 525 534 536 537 543 551 559 553 559 563 571 576 575 580 588 593 593 595 593 595 600 608 614 623 632
315 322 330 325 320 319 313 321 318 322 315 314 305 310 318 327 331 335 334 340 343 349 357 362 367 365 373 377 386 382 389 398 396 388 389 393 392 393 397 398 399 408 408 409 410 419 427 435 438 440 438 446 455 454 452 459 461 461 468 473 473 476 480 486 488 493 495 488 496 503 504 512 520 522 517 519 525 532 540 549 557 556 560 564 572 578 583 584 589 592 599 598 599 599 604 608 616 621 628 631
322 331 338 333 325 317 314 315 324 326 322 313 306 310 315 322 328 331 332 340 346 352 361 369 364 373 376 381 384 390 396 405 396 391 396 394 394 400 405 402 404 410 415 418 417 419 425 430 439 445 439 447 450 458 454 461 468 465 470 474 478 479 484 490 492 493 495 490 496 505 510 519 521 530 525 528 533 536 544 548 549 553 559 561 568 577 583 586 587 595 604 605 606 603 608 610 618 625 634 639
327 336 342 338 332 323 317 324 332 328 326 319 315 315 317 322 325 334 341 343 344 353 354 361 362 371 372 373 375 384 391 399 398 395 402 402 401 407 409 408 412 416 423 426 421 422 427 436 445 454 448 452 452 453 457 465 468 474 471 476 477 479 487 494 493 495 493 491 499 500 509 518 526 530 532 534 536 544 545 547 548 550 557 566 568 572 579 587 590 591 599 604 608 611 609 617 625 633 640 646
333 340 345 336 335 328 320 321 323 332 324 317 316 320 321 329 330 337 339 348 353 362 355 360 369 372 380 374 381 382 391 397 405 404 408 409 409 413 417 416 417 417 419 424 430 423 429 437 446 454 457 455 458 462 466 466 473 477 472 473 475 483 484 487 493 498 495 500 508 509 517 520 521 526 535 543 540 542 544 553 554 551 560 564 567 572 581 587 593 592 597 603 610 607 611 620 620 626 635 640
336 344 337 336 334 332 326 329 331 327 322 320 317 322 324 330 338 344 341 344 352 360 356 360 362 371 379 380 382 390 399 406 408 411 416 413 415 422 419 421 423 424 420 425 434 431 437 444 446 451 458 457 465 467 468 475 479 478 479 476 479 481 485 488 495 497 500 501 509 515 520 524 525 534 535 544 544 543 550 552 561 555 556 558 567 571 580 589 590 591 594 603 602 605 611 615 619 628 636 643
340 348 344 345 341 336 327 336 340 333 325 326 325 326 332 335 338 346 347 350 359 360 362 369 370 373 382 389 390 394 396 405 407 415 424 417 422 429 420 428 428 426 427 433 434 439 444 450 449 450 459 462 471 476 469 471 472 475 481 485 480 489 492 495 503 498 506 510 516 524 521 523 530 533 542 551 552 544 547 553 561 562 564 567 575 572 579 587 596 596 594 596 599 604 612 616 625 628 633 642
346 355 353 353 347 343 336 344 335 328 327 329 329 335 333 342 342 351 356 357 363 367 366 370 371 379 383 385 386 387 396 397 400 409 417 418 423 426 429 434 429 427 436 441 443 448 451 459 450 454 463 471 480 473 470 479 479 476 485 486 482 491 500 499 508 507 512 511 513 522 528 527 528 531 537 546 548 552 554 557 559 566 572 576 584 577 578 582 590 592 593 602 608 605 612 616 618 625 626 634
347 356 360 354 354 345 342 340 333 331 331 331 337 340 340 342 344 352 353 357 366 372 371 378 380 388 387 387 388 394 400 406 408 417 421 426 431 435 430 438 437 431 440 446 444 453 459 466 457 462 471 474 478 475 477 478 486 484 490 494 488 493 503 506 508 512 514 519 518 520 528 529 531 540 539 541 550 559 561 566 560 568 569 572 581 581 581 590 597 595 597 603 609 606 615 623 626 628 635 636
355 364 363 362 353 352 349 342 334 338 334 335 341 341 349 343 345 349 351 359 366 375 378 379 380 384 391 395 396 403 409 407 414 418 426 432 439 439 432 435 444 437 438 446 447 452 458 465 462 465 472 477 475 476 485 485 492 493 499 495 496 495 496 499 507 511 520 520 519 528 537 530 536 543 543 547 556 558 562 565 568 569 577 576 580 585 586 589 596 604 601 605 606 614 616 622 623 632 634 643
364 373 364 361 357 351 350 345 338 347 339 338 347 348 356 351 352 357 359 368 374 378 379 382 381 389 398 403 404 412 412 416 418 427 430 431 435 436 438 436 439 441 446 449 453 461 459 461 469 467 468 471 472 478 485 486 487 489 490 499 505 502 502 504 514 520 522 521 525 527 534 535 539 540 542 551 560 563 570 573 570 570 576 584 582 583 592 590 599 605 610 608 614 619 625 623 625 626 633 640
373 373 371 362 360 360 357 348 342 345 342 347 352 349 355 360 361 366 361 362 370 379 388 391 389 397 406 411 413 418 421 420 423 424 429 433 434 438 439 437 446 444 446 455 454 462 463 465 471 471 477 474 475 478 486 495 495 497 491 492 496 505 508 505 506 511 518 522 529 536 543 537 545 548 545 548 552 554 562 566 570 575 579 584 584 592 598 599 603 610 611 616 615 622 623 626 626 631 638 645
382 376 378 369 362 363 360 355 346 350 346 351 360 357 362 364 364 372 363 367 376 377 385 386 390 391 400 409 415 420 425 424 426 432 438 439 439 447 443 440 444 452 453 462 458 459 468 469 470 479 477 476 484 479 487 493 499 505 497 493 499 500 504 513 511 520 526 524 534 538 544 538 546 552 552 549 554 562 569 575 579 579 585 591 593 594 599 604 610 617 612 618 624 630 628 627 627 633 635 641
386 385 384 378 371 370 362 355 351 352 351 352 361 366 371 367 372 369 365 373 382 381 387 392 397 399 407 410 419 420 428 425 431 439 446 441 446 453 450 448 449 457 459 463 460 468 475 474 479 484 486 484 484 481 487 496 505 507 500 500 508 508 509 512 517 520 527 525 531 536 543 547 547 552 561 558 555 559 560 566 571 579 583 592 601 602 608 605 613 620 621 622 625 633 636 636 634 642 641 642
394 394 393 384 380 379 371 364 355 353 360 353 355 364 369 375 381 378 373 375 376 385 388 397 398 407 411 411 416 425 434 433 436 440 449 447 448 456 457 454 455 464 467 471 468 477 477 475 481 490 490 493 486 482 491 497 499 501 502 503 511 516 517 519 525 527 533 534 533 542 547 553 556 561 562 567 560 567 567 569 576 581 589 597 603 610 617 611 612 620 624 630 631 639 643 645 642 651 650 646
397 389 388 384 381 384 375 366 361 362 357 356 359 360 365 366 375 377 379 383 385 387 391 399 401 410 412 417 424 433 435 438 438 439 447 455 457 458 460 463 458 459 468 475 477 479 485 476 477 484 493 499 495 489 498 506 504 507 503 509 516 522 525 526 534 529 538 539 534 542 550 559 564 569 570 576 567 576 568 571 579 586 591 592 600 609 610 612 621 626 632 639 638 639 646 653 644 649 658 650
405 396 395 387 379 378 376 368 365 361 360 365 360 369 367 375 382 380 387 389 394 388 397 405 408 415 419 425 432 440 444 444 447 441 444 448 454 456 464 461 459 460 465 466 474 482 488 485 484 488 496 497 504 498 507 512 509 516 511 517 525 528 532 534 542 536 545 544 541 549 557 559 559 568 574 578 570 573 574 580 583 584 591 597 598 600 607 615 623 631 639 641 646 640 647 648 653 657 658 659
412 403 395 395 387 384 375 368 367 363 365 374 369 376 369 370 373 380 381 384 387 395 399 406 408 412 421 427 436 445 449 453 445 443 444 451 460 461 468 465 465 461 464 468 471 478 486 490 486 495 496 500 501 499 507 515 513 522 515 516 524 529 533 535 544 541 545 545 543 552 560 557 558 560 568 569 573 582 582 582 583 586 594 600 602 603 612 620 621 628 636 644 644 642 648 656 654 663 667 665
405 402 393 393 384 375 374 373 373 369 367 375 377 374 372 375 380 386 390 386 390 392 401 404 410 418 419 426 433 442 447 450 453 444 445 447 453 462 469 474 474 470 473 470 478 486 491 493 493 494 503 508 510 506 515 518 518 523 524 519 526 533 536 540 548 550 553 549 546 548 550 554 557 558 567 571 581 584 587 586 584 589 598 605 611 608 617 624 630 636 641 647 647 651 656 657 660 665 670 673
397 393 390 388 387 379 381 374 374 375 376 383 378 379 376 383 387 395 397 388 389 392 400 401 402 409 412 421 425 434 443 444 445 447 454 456 462 469 476 483 480 479 481 479 487 495 500 495 499 497 498 507 508 509 518 522 523 528 531 527 534 542 544 549 557 557 553 551 548 554 558 562 566 567 573 575 585 592 594 594 593 593 598 606 614 617 625 627 634 639 648 656 656 657 665 663 663 664 668 676
406 399 399 396 389 387 379 375 381 379 380 382 387 387 384 391 388 389 398 397 393 400 405 410 403 412 420 425 432 438 439 446 452 454 452 460 469 468 472 479 483 488 489 486 493 494 499 496 503 506 505 509 510 518 519 521 529 537 540 534 542 548 553 558 558 564 559 559 551 560 566 563 569 576 580 577 587 595 602 597 596 602 601 609 617 626 629 630 632 635 642 651 648 649 656 665 667 668 675 681
410 402 402 398 389 385 384 384 389 380 385 389 392 393 388 397 389 398 404 406 401 402 407 414 411 414 421 427 434 439 442 440 443 448 450 454 463 465 471 472 480 489 492 487 492 500 501 505 512 515 507 516 512 517 523 528 534 542 543 541 550 550 555 558 565 572 565 562 554 563 571 565 568 575 579 581 585 590 598 598 600 601 604 613 618 625 630 637 641 641 634 643 647 649 658 667 676 675 678 687
413 406 403 406 398 394 393 393 390 389 392 396 400 394 397 393 390 398 406 407 409 404 413 416 414 419 420 425 429 430 434 438 446 455 453 454 461 465 470 471 480 489 495 489 492 501 507 508 511 520 516 525 521 518 526 533 534 535 537 541 545 552 560 559 568 571 565 561 557 561 569 573 569 575 583 588 586 588 589 592 594 603 610 614 615 622 621 629 636 637 632 641 644 653 659 663 672 676 677 686
420 414 411 413 404 399 402 400 399 392 393 402 407 400 406 400 399 400 405 412 418 413 422 417 419 427 429 428 437 439 439 447 450 458 462 460 469 474 477 480 483 484 493 492 499 507 515 511 519 526 523 530 523 527 529 534 538 538 545 549 548 554 563 568 572 578 572 567 558 567 569 574 571 580 587 594 588 590 597 599 597 602 603 610 612 616 620 622 627 628 629 638 643 646 653 662 667 668 676 678
428 423 420 422 413 406 404 401 402 393 402 405 413 405 412 403 408 402 411 413 422 414 416 423 422 431 432 429 431 435 444 453 455 459 468 467 474 481 481 487 492 493 500 497 504 509 513 515 519 528 525 530 525 534 530 539 546 540 547 556 553 561 567 576 573 578 571 570 562 571 578 582 575 582 586 586 595 598 605 600 602 607 609 618 619 618 622 623 631 631 632 641 643 652 661 665 670 676 682 679
436 430 424 415 414 413 411 402 404 396 405 411 417 414 414 405 411 405 412 417 425 423 425 432 429 435 441 438 434 443 446 448 457 458 467 475 482 488 487 488 490 498 505 500 504 511 513 519 528 535 526 535 534 543 535 543 548 549 552 561 559 563 569 576 582 576 578 571 570 577 585 583 577 578 579 584 593 601 608 603 606 610 613 621 626 619 626 632 638 634 640 641 649 657 658 667 676 677 682 685
433 426 417 416 421 421 412 403 411 403 410 414 420 417 423 414 414 411 418 419 422 423 429 435 431 432 436 444 436 445 447 456 462 463 472 480 481 490 496 494 499 507 512 509 506 508 514 523 529 535 527 528 530 538 536 538 544 545 553 559 560 554 563 570 575 568 577 577 579 586 594 585 582 585 583 587 595 599 606 609 615 618 621 626 623 621 623 628 630 637 640 646 653 656 663 672 681 684 691 694
433 424 423 424 428 419 414 405 412 412 418 423 424 419 426 421 423 420 419 420 423 424 432 441 439 434 443 441 438 439 442 449 458 464 469 478 481 485 492 499 500 508 512 509 507 512 515 524 526 528 535 537 531 540 543 539 542 545 549 551 552 553 557 566 572 567 575 582 585 593 599 592 591 589 586 589 597 605 611 618 621 627 628 635 631 626 630 637 637 643 643 644 653 660 669 677 684 685 694 701
439 430 432 429 429 420 420 414 413 421 419 422 429 420 429 430 431 429 428 429 424 432 438 447 440 435 443 445 447 441 450 458 465 465 469 475 476 483 486 491 498 507 515 512 515 520 524 532 527 535 536 541 539 547 549 547 547 549 557 556 556 554 562 563 564 566 571 577 578 584 593 600 599 598 594 597 600 604 613 617 618 622 628 637 632 627 630 637 640 645 649 651 652 661 669 671 677 684 687 692
436 433 435 436 430 429 422 415 419 421 424 424 427 428 435 433 437 434 429 429 427 428 430 439 448 444 448 453 449 450 458 462 471 474 476 477 482 487 488 492 501 508 512 515 524 528 527 536 534 540 545 550 542 548 554 555 548 556 564 558 565 563 567 570 571 568 569 575 584 587 591 594 600 599 596 600 601 603 608 610 619 627 634 635 634 634 633 634 638 643 645 654 659 663 664 672 674 683 691 695
445 437 442 445 439 438 431 424 425 426 432 432 428 431 440 434 439 436 434 437 428 437 438 447 455 451 449 458 451 457 466 471 480 483 481 485 487 492 497 493 498 504 505 514 519 526 530 539 537 538 541 546 550 549 551 557 557 563 572 563 570 571 574 576 580 576 578 584 592 595 596 601 605 604 598 607 603 610 609 618 624 628 631 640 640 642 637 642 639 647 654 663 662 663 672 678 676 681 683 686
446 445 451 446 447 443 434 430 426 431 435 433 431 432 440 442 446 438 437 445 436 437 438 447 453 452 456 465 456 465 466 475 483 492 488 486 495 498 497 496 497 503 512 519 528 535 535 543 545 539 540 549 555 558 558 564 564 564 572 571 576 574 576 585 584 577 583 586 587 588 589 595 603 604 606 610 612 612 618 620 626 631 635 636 638 646 646 646 640 644 646 655 656 665 671 672 676 677 686 694
452 450 458 453 445 442 436 434 433 432 440 441 438 438 445 451 451 447 439 448 442 446 447 448 452 456 460 461 458 467 471 480 485 494 493 487 493 500 506 503 503 509 517 524 528 537 541 543 552 543 549 551 558 563 562 565 569 566 570 573 578 582 582 585 588 579 588 594 596 592 594 596 601 608 609 618 620 621 621 621 623 632 641 637 644 651 652 648 644 650 652 653 655 656 662 670 671 676 684 688
461 459 459 451 447 438 437 442 441 437 438 439 444 443 449 458 455 446 445 454 449 455 456 453 461 459 460 461 461 469 474 483 489 490 499 492 499 508 505 504 512 510 515 524 533 539 548 551 560 551 557 560 566 572 571 571 578 575 576 574 579 586 591 591 590 581 583 587 592 597 602 599 603 604 607 614 623 622 626 622 626 627 634 642 650 656 660 651 649 653 660 659 664 658 665 671 676 675 676 679
468 459 451 450 441 440 445 446 442 445 443 441 450 444 452 453 462 455 450 453 450 454 463 457 465 460 468 469 469 470 472 480 483 489 498 501 508 512 514 507 511 519 523 532 541 548 555 558 555 553 555 564 567 575 572 579 585 584 581 582 588 590 596 592 594 590 584 591 595 599 600 608 611 611 616 621 630 630 627 626 634 629 632 634 642 651 651 660 655 660 666 668 669 660 661 662 667 673 681 680
465 458 451 450 442 446 454 450 451 449 452 450 455 447 454 454 459 462 453 457 452 461 470 464 473 467 476 471 473 477 478 486 485 491 500 504 513 513 518 512 518 526 529 537 546 551 560 567 562 558 562 571 575 580 579 582 588 592 584 583 592 599 601 601 597 589 587 595 602 605 608 614 619 620 624 626 630 631 636 631 639 630 633 634 642 644 647 655 663 661 666 667 666 663 667 665 675 675 679 687
470 464 455 451 451 449 451 451 460 451 457 459 457 448 457 463 462 461 454 461 460 463 470 469 474 473 480 475 476 481 483 492 494 500 501 510 513 522 523 519 527 531 536 538 545 546 555 564 569 566 563 572 580 581 584 589 594 601 592 586 592 601 610 610 601 594 593 601 605 614 616 621 628 621 629 629 630 633 641 632 641 638 642 643 651 648 656 664 670 669 667 675 671 670 675 671 674 676 685 692
470 462 456 459 457 456 453 456 459 452 456 465 460 457 466 464 464 470 463 466 466 472 479 473 480 474 483 480 485 483 485 492 499 504 506 509 518 525 525 528 533 538 539 539 545 549 556 565 569 572 564 572 581 590 588 591 596 603 601 595 601 608 613 612 610 602 602 607 613 622 617 626 631 627 634 635 636 634 643 637 646 646 651 652 657 649 658 666 675 678 675 681 672 675 678 678 681 677 678 682
472 465 465 466 465 462 462 463 454 453 461 464 467 458 463 468 472 471 470 468 468 470 476 481 480 479 480 489 493 490 494 493 501 509 515 511 520 521 529 526 535 539 548 544 549 558 562 564 572 576 571 580 585 586 595 600 597 598 604 600 607 616 622 615 609 606 608 615 622 625 623 632 636 628 635 643 638 637 640 638 645 648 657 661 664 657 664 668 677 684 683 685 677 683 683 682 687 679 686 688
475 469 470 474 466 470 469 467 460 458 465 465 474 467 472 477 481 477 475 474 476 472 480 488 489 480 488 489 497 495 502 499 506 512 519 512 519 524 532 525 526 535 544 553 558 555 555 560 566 567 568 572 576 578 587 596 605 607 609 609 608 617 622 623 617 609 617 624 626 627 631 634 642 636 641 646 647 638 646 647 649 657 663 667 667 659 668 677 681 689 692 689 684 690 689 691 695 688 692 689
478 478 472 475 471 478 470 468 467 467 467 474 476 469 478 485 490 485 476 475 478 475 483 485 494 487 488 496 499 504 511 508 508 517 524 516 518 520 523 524 526 530 538 546 552 553 554 556 565 573 574 581 584 587 590 598 605 614 617 610 616 625 626 628 623 617 626 632 633 628 633 640 643 641 644 645 649 646 654 656 658 658 666 667 668 660 667 674 682 683 690 697 690 691 698 700 699 695 700 698
