  0 571 565 570 573 569 578 580 581 579 572 568 562 567 568 566 560 561 565 564 567 576 584 580 589 584 582 587 590 591 595 592 593 602 602 599 593 600 601 602 610 613 622 623 629 626 630 632 640 644 647 649 658 662 659 667 667 674 677 682 691 683 685 693 702 700 704 712 713 719 728 737 743 741 748 750 753 751 756 751 756 764 768 776 778 787 9223372036854775808 9223372036854775808 9223372036854775808 9223372036854775808 9223372036854775808 9223372036854775808 9223372036854775808 9223372036854775808 9223372036854775808 9223372036854775808 9223372036854775808 9223372036854775808 9223372036854775808 9223372036854775808
  8 564 563 564 564 568 569 576 578 570 567 559 560 558 559 565 559 562 560 561 564 570 575 579 584 582 578 580 586 594 586 588 592 599 600 601 592 598 604 611 611 612 618 622 630 622 625 627 632 636 638 644 652 653 653 660 663 666 668 676 685 677 685 694 698 697 704 707 715 723 731 729 734 733 740 745 745 742 751 748 750 759 768 772 780 789 9223372036854775808 9223372036854775808 9223372036854775808 9223372036854775808 9223372036854775808 9223372036854775808 9223372036854775808 9223372036854775808 9223372036854775808 9223372036854775808 9223372036854775808 9223372036854775808 9223372036854775808 9223372036854775808
 16 556 554 563 561 570 562 568 571 563 560 557 551 551 553 558 551 554 555 562 571 570 577 571 575 577 574 580 583 587 581 585 593 600 607 598 591 596 596 604 611 617 609 614 621 616 624 630 638 636 640 643 644 646 651 659 662 661 668 675 683 675 683 686 690 695 702 704 710 716 724 726 734 730 731 739 740 741 742 746 749 758 767 768 775 784 785 9223372036854775808 9223372036854775808 9223372036854775808 9223372036854775808 9223372036854775808 9223372036854775808 9223372036854775808 9223372036854775808 9223372036854775808 9223372036854775808 9223372036854775808 9223372036854775808 9223372036854775808
 17 560 553 555 556 561 559 560 562 561 558 552 549 547 546 551 549 554 556 565 568 563 568 563 569 570 573 575 576 578 580 585 591 593 598 589 589 590 595 596 602 608 606 608 614 613 621 626 629 635 639 634 638 645 651 654 655 659 667 666 674 674 675 681 690 694 701 703 711 719 715 724 726 726 735 735 744 741 747 750 758 762 760 761 767 776 778 787 786 9223372036854775808 9223372036854775808 9223372036854775808 9223372036854775808 9223372036854775808 9223372036854775808 9223372036854775808 9223372036854775808 9223372036854775808 9223372036854775808 9223372036854775808
 26 560 552 549 555 556 558 565 558 553 549 550 550 546 544 542 546 555 559 559 563 556 559 559 562 566 564 566 568 571 576 576 583 584 592 583 582 591 596 588 597 599 600 607 605 612 618 621 629 633 639 631 633 642 644 651 660 661 661 663 669 668 676 685 687 691 698 703 707 710 707 715 717 725 727 728 737 738 740 741 750 758 759 762 768 770 778 779 780 784 9223372036854775808 9223372036854775808 9223372036854775808 9223372036854775808 9223372036854775808 9223372036854775808 9223372036854775808 9223372036854775808 9223372036854775808 9223372036854775808
 28 554 545 543 546 547 556 559 552 544 542 544 542 537 535 541 549 549 554 553 555 552 558 557 559 565 563 568 567 568 572 567 574 583 584 587 579 584 590 585 590 593 599 607 604 610 609 615 621 625 632 628 636 637 646 650 652 656 657 660 664 667 671 676 685 687 691 695 704 701 706 707 716 722 730 728 737 745 746 749 749 758 764 763 772 771 779 784 789 9223372036854775808 9223372036854775808 9223372036854775808 9223372036854775808 9223372036854775808 9223372036854775808 9223372036854775808 9223372036854775808 9223372036854775808 9223372036854775808 9223372036854775808
 29 546 537 537 542 546 555 550 544 542 533 540 533 528 529 535 542 543 545 551 547 543 550 554 550 557 561 563 564 571 572 564 571 578 585 578 577 578 581 582 589 590 598 602 602 609 606 609 616 618 627 626 630 635 637 643 645 650 659 662 663 666 671 680 688 695 694 694 697 698 699 706 713 714 722 727 730 736 743 746 748 751 756 764 773 778 785 786 782 9223372036854775808 9223372036854775808 9223372036854775808 9223372036854775808 9223372036854775808 9223372036854775808 9223372036854775808 9223372036854775808 9223372036854775808 9223372036854775808 9223372036854775808
 33 539 533 536 545 548 551 544 536 540 532 537 533 527 535 535 541 536 545 544 547 541 549 556 549 548 553 554 562 567 565 563 567 574 577 579 575 579 585 585 594 596 599 602 598 601 603 607 613 622 624 625 633 642 639 643 646 648 654 657 659 661 663 672 680 689 696 690 693 699 708 714 722 715 724 723 724 729 737 739 740 748 752 756 764 769 776 778 780 787 783 9223372036854775808 9223372036854775808 9223372036854775808 9223372036854775808 9223372036854775808 9223372036854775808 9223372036854775808 9223372036854775808 9223372036854775808
 41 533 532 534 538 539 543 538 534 538 530 530 535 526 529 534 533 535 543 535 540 539 547 549 551 545 549 556 565 568 561 561 565 569 574 575 566 571 578 587 591 588 591 593 596 605 609 616 619 621 620 623 628 635 642 648 655 656 662 666 662 668 666 675 684 690 692 689 694 696 704 712 714 716 719 721 723 727 728 731 738 746 747 750 755 763 768 769 771 778 775 784 9223372036854775808 9223372036854775808 9223372036854775808 9223372036854775808 9223372036854775808 9223372036854775808 9223372036854775808 9223372036854775808
 42 525 529 526 531 534 541 532 528 535 526 527 528 525 531 540 532 528 537 534 542 535 544 550 542 544 548 557 564 559 552 560 565 568 567 568 559 565 573 582 584 584 592 594 598 600 609 618 616 618 617 626 628 635 643 651 655 657 661 662 662 671 672 677 677 685 689 687 687 695 696 703 708 716 722 719 720 729 737 735 744 741 741 745 750 754 760 766 767 769 769 777 786 9223372036854775808 9223372036854775808 9223372036854775808 9223372036854775808 9223372036854775808 9223372036854775808 9223372036854775808
 51 520 527 519 527 529 534 526 525 529 525 527 523 517 523 532 532 523 528 526 533 534 540 543 540 549 549 553 555 557 551 556 558 565 559 564 557 561 568 577 581 583 590 598 605 602 605 609 611 611 616 624 625 630 635 644 647 649 652 653 656 663 669 670 671 677 683 678 684 687 695 697 703 712 713 717 723 732 735 739 743 740 732 736 745 751 757 758 759 767 768 769 778 781 9223372036854775808 9223372036854775808 9223372036854775808 9223372036854775808 9223372036854775808 9223372036854775808
 56 515 524 518 526 534 527 530 523 522 518 518 514 513 514 523 526 521 530 524 533 529 536 543 538 547 552 550 559 550 549 555 554 562 558 559 555 558 565 569 572 574 582 589 597 596 596 600 602 610 618 626 626 635 636 644 646 653 654 660 665 670 671 675 673 680 680 674 677 682 686 695 701 710 708 716 722 726 727 734 735 731 730 733 741 746 754 750 750 759 760 768 769 773 782 9223372036854775808 787 9223372036854775808 9223372036854775808 9223372036854775808
 58 512 515 517 519 525 519 528 525 517 516 515 515 509 515 516 517 518 527 523 524 528 530 535 537 538 546 547 556 552 545 547 553 553 550 556 554 556 565 567 570 572 576 583 591 588 589 592 601 606 610 619 626 630 635 638 641 645 649 658 667 671 666 675 670 675 674 669 677 686 692 686 695 702 703 709 713 718 727 725 734 726 728 731 734 741 746 745 748 753 757 764 770 776 783 787 779 788 9223372036854775808 9223372036854775808
 66 508 510 515 513 516 514 522 516 516 517 508 507 500 509 516 520 522 523 520 529 531 528 528 537 546 545 538 547 543 544 552 560 551 543 547 553 559 562 566 575 579 584 584 585 587 596 601 600 606 615 621 622 623 632 632 633 638 645 653 659 667 664 672 663 667 666 668 669 678 683 684 693 696 704 705 706 713 718 717 726 724 730 737 741 736 738 742 743 744 751 758 761 770 774 782 778 787 783 9223372036854775808
 73 507 501 507 504 508 510 517 508 512 515 506 500 496 503 511 511 513 515 512 520 528 522 523 528 537 538 536 540 542 549 558 551 543 542 548 550 551 560 564 570 579 584 578 587 582 590 595 599 602 606 614 621 630 629 626 635 642 649 650 650 658 656 665 657 658 665 667 670 679 682 687 692 688 695 697 700 707 710 716 722 723 724 732 732 734 743 741 742 750 753 761 762 764 773 773 776 785 780 785
 74 499 500 498 501 503 507 513 507 503 506 504 496 492 494 503 506 507 510 511 519 519 521 522 521 530 529 535 540 543 550 555 546 545 541 548 542 548 556 555 564 573 575 575 584 575 584 591 593 598 605 613 622 622 621 622 631 636 641 642 649 657 648 656 656 657 658 665 670 678 685 687 685 686 687 688 696 702 703 712 720 714 718 723 724 731 737 740 742 748 750 752 760 769 772 768 767 776 775 776
 83 494 491 497 498 503 505 511 504 502 500 507 499 491 495 498 502 499 507 506 511 511 518 513 518 521 525 532 536 544 552 546 538 542 540 539 539 545 550 554 560 569 578 573 576 573 576 582 589 591 596 605 614 623 620 625 632 635 640 643 648 652 646 647 655 660 666 674 671 680 682 680 683 692 694 693 702 703 709 711 717 709 710 718 727 734 735 742 742 747 752 751 759 764 769 764 765 772 774 782
 89 492 484 493 499 494 503 506 502 502 494 499 496 488 495 489 493 496 498 500 506 504 509 510 511 516 519 523 531 539 543 538 529 535 531 532 536 540 545 551 558 564 571 570 568 570 576 585 593 597 598 607 605 614 615 619 625 630 638 642 643 644 640 649 650 659 667 672 676 675 674 679 683 687 689 690 697 703 701 707 710 708 716 723 728 737 736 744 736 742 745 749 758 765 768 761 762 770 771 780
 93 486 482 488 495 492 498 501 494 493 492 496 490 487 495 486 487 492 498 501 501 499 500 504 503 512 513 514 522 530 537 531 522 526 527 535 544 546 548 554 555 560 567 575 567 574 579 588 597 602 599 599 601 605 614 619 626 624 632 636 637 642 638 645 654 655 662 666 668 674 666 675 674 679 680 689 688 694 693 698 701 704 711 720 723 730 739 744 735 742 741 748 749 756 761 760 769 773 779 784
 94 486 479 486 488 487 494 496 490 484 485 494 495 486 486 482 483 489 489 498 500 495 498 507 502 507 515 515 520 525 528 525 521 523 531 529 536 543 552 549 557 553 561 566 565 568 577 586 588 595 600 595 602 603 610 619 620 621 629 629 633 635 636 644 645 654 658 657 666 669 664 673 673 681 683 681 679 686 689 694 703 712 716 720 726 735 735 743 734 738 740 746 752 751 752 752 760 765 770 775
100 483 478 479 484 485 494 489 489 482 476 485 492 483 481 478 474 482 481 490 491 494 503 503 497 502 507 512 514 518 520 522 515 516 523 524 527 536 544 548 550 547 552 559 562 571 577 578 579 588 591 593 602 605 606 612 619 620 627 627 626 635 632 638 643 647 655 654 661 661 661 667 671 679 675 672 678 680 685 694 702 709 716 718 718 727 733 735 728 729 736 738 744 750 755 751 753 760 769 777
109 474 471 477 477 486 487 480 486 484 475 477 484 476 472 474 471 474 476 483 492 494 499 499 496 498 499 504 507 509 511 513 514 522 521 526 520 529 535 540 541 544 545 554 555 564 570 577 581 587 584 592 598 604 610 619 615 624 621 620 624 629 626 633 639 641 650 645 652 652 653 658 662 671 677 669 678 687 693 696 700 706 715 722 713 722 724 726 727 732 735 742 735 742 747 743 748 754 760 769
118 465 464 471 473 479 484 479 478 475 474 479 477 469 468 472 468 475 481 487 488 491 493 494 494 493 496 497 498 500 508 508 515 513 515 518 518 520 529 536 544 546 549 553 556 562 570 571 580 580 583 588 596 605 605 611 610 615 612 611 617 620 617 626 632 634 643 642 643 650 651 659 667 675 673 667 672 678 685 687 696 702 706 714 712 716 721 717 719 728 734 733 734 734 743 739 744 751 753 761
122 456 461 464 467 474 478 483 474 479 472 474 474 472 463 463 467 468 472 479 481 490 489 485 491 492 490 496 505 503 503 505 506 506 509 514 516 524 533 541 543 547 550 559 553 559 566 568 577 575 577 580 589 596 601 602 608 612 611 610 610 611 616 623 632 637 635 634 643 644 644 653 660 669 667 664 673 679 681 689 689 698 705 705 703 712 718 716 718 727 728 732 739 731 735 736 745 753 757 762
127 453 457 463 463 468 470 477 472 472 465 468 471 469 460 459 465 459 464 472 481 485 488 479 482 486 489 487 496 495 502 499 504 501 510 514 523 529 528 532 534 540 541 550 551 553 557 565 574 573 578 579 581 590 599 601 602 611 604 601 608 616 615 623 632 628 629 633 640 641 642 644 653 661 662 663 664 672 680 681 686 695 696 705 702 704 713 708 712 720 727 735 735 727 736 730 738 744 753 754
132 448 451 460 455 460 469 478 470 465 464 460 468 465 460 453 458 456 462 471 476 476 480 471 477 480 480 485 492 492 493 493 501 500 502 511 519 525 522 526 533 539 544 548 552 557 558 559 567 569 577 584 577 583 590 595 601 607 603 595 599 608 614 615 624 627 630 639 648 644 643 652 660 662 668 664 671 672 678 679 685 694 700 696 698 696 705 705 708 716 718 727 726 726 727 728 737 740 749 753
133 447 445 452 452 460 469 472 469 460 458 452 459 456 456 452 451 454 458 467 470 468 472 469 470 471 478 478 483 489 486 491 498 493 502 508 514 516 517 518 527 530 537 540 545 552 560 559 560 568 577 581 572 575 584 586 595 600 600 592 595 603 605 609 618 620 623 631 639 640 641 648 657 663 664 657 666 668 673 681 688 688 691 687 689 692 698 699 708 711 720 727 722 725 729 737 738 742 744 749
141 449 442 448 446 455 464 465 464 458 460 451 453 453 448 457 450 455 458 462 461 460 466 461 461 467 469 477 478 480 482 483 491 492 498 507 516 525 526 525 534 538 538 547 554 553 562 558 560 569 575 572 568 572 575 583 589 592 591 590 598 601 609 616 612 611 620 626 634 641 634 643 651 655 655 649 657 666 671 676 679 684 691 684 688 690 699 708 701 703 712 720 719 721 729 732 741 744 753 752
142 448 440 439 441 450 457 458 457 450 456 448 445 452 446 450 449 446 455 458 460 451 459 459 455 464 470 479 487 487 491 490 499 501 504 513 518 527 526 528 537 543 545 549 551 556 553 555 564 568 568 573 565 564 570 575 581 585 590 586 595 597 606 607 608 609 616 623 625 632 633 636 645 647 647 648 655 663 667 668 672 676 683 681 690 696 692 699 696 698 706 714 715 719 726 733 742 743 752 755
151 450 441 432 436 444 451 449 453 446 447 440 438 443 443 444 445 443 446 451 453 449 450 456 454 462 468 472 481 484 493 489 494 495 503 512 519 523 525 526 535 543 546 547 545 549 549 556 564 561 560 567 570 563 564 571 576 577 581 582 591 600 602 611 610 612 614 623 624 631 624 633 638 641 642 649 656 657 659 660 666 667 674 680 685 692 691 692 693 701 707 710 712 720 727 735 744 752 754 754
155 444 438 429 430 439 442 448 444 437 439 442 437 440 435 444 446 442 451 452 451 447 451 451 453 454 463 472 475 482 490 488 494 503 509 507 510 517 524 526 532 536 541 540 538 540 543 552 555 558 551 560 564 561 568 577 577 585 590 591 594 602 607 611 612 615 622 625 633 631 623 625 634 639 641 647 654 661 665 666 665 670 679 674 678 683 685 694 692 700 708 711 720 728 736 741 743 743 749 745
162 435 433 428 434 436 445 443 437 429 431 434 429 435 426 435 439 440 449 451 443 440 443 449 457 459 467 471 477 479 481 482 487 496 505 502 511 517 524 530 531 535 535 532 530 531 539 546 546 549 550 557 558 560 569 578 582 589 597 599 595 595 598 603 612 619 622 619 624 626 619 626 632 633 635 644 652 653 660 661 658 665 671 666 672 674 681 686 688 693 699 705 714 722 731 738 741 739 744 741
171 428 434 427 430 427 436 440 431 426 422 425 428 426 425 433 442 441 450 442 436 439 440 449 458 460 467 465 472 476 482 483 490 494 496 501 503 511 518 525 525 527 529 524 521 529 530 538 544 553 552 561 563 569 577 578 581 583 588 592 588 588 594 598 607 612 614 614 615 617 618 623 624 633 634 640 649 658 659 659 656 664 662 665 670 674 675 684 692 699 705 707 712 716 723 730 732 736 741 739
176 421 427 425 423 426 431 432 423 418 421 428 419 428 424 429 437 438 442 433 435 442 447 456 462 462 467 464 470 476 477 485 483 487 495 504 512 512 520 520 522 523 528 519 516 525 534 539 542 544 551 558 555 561 570 572 576 583 589 583 579 587 591 594 600 604 606 613 614 611 613 618 627 630 633 636 645 654 660 654 654 662 661 669 672 674 683 689 690 699 708 713 718 724 721 722 727 728 736 738
180 415 418 416 417 418 423 431 424 415 413 421 414 421 422 431 435 444 435 431 434 440 446 451 456 459 464 460 464 473 476 480 482 483 486 495 504 513 513 514 517 518 522 513 513 520 528 537 534 542 544 552 553 561 563 564 573 574 581 582 575 584 591 592 601 602 606 605 605 603 604 613 620 622 625 634 639 646 652 645 646 653 658 664 668 669 675 684 692 697 701 706 709 718 714 722 727 736 739 731
184 406 409 410 416 423 423 424 416 415 408 415 412 420 422 426 429 436 427 430 434 441 443 452 452 461 456 454 459 468 469 473 482 491 485 492 497 505 506 510 509 517 515 507 508 515 520 528 531 539 544 544 552 554 556 557 564 568 572 573 574 575 584 587 592 597 601 599 600 602 604 608 613 614 623 631 632 641 646 644 649 647 650 659 663 671 674 683 691 688 697 698 704 710 706 713 720 727 736 729
193 399 406 402 408 414 418 416 408 409 407 408 410 418 419 424 420 429 425 430 428 432 438 446 449 455 459 453 462 459 467 469 478 482 484 491 496 505 511 516 507 514 513 506 515 515 519 519 528 530 535 540 549 558 562 564 571 575 572 577 583 584 586 593 593 595 597 598 607 611 611 614 615 622 623 632 641 639 639 640 641 646 655 651 660 664 672 677 686 687 693 699 695 702 703 712 713 718 727 728
201 391 397 401 410 408 410 407 407 403 401 410 414 417 416 417 416 424 424 429 424 433 430 437 440 446 455 452 455 458 466 471 476 483 490 496 494 501 508 507 498 507 511 503 508 514 514 516 524 528 537 542 550 553 554 560 564 567 569 573 580 586 595 595 602 602 599 600 601 603 604 607 615 617 622 630 632 630 638 645 642 643 649 650 658 662 666 671 680 687 684 690 691 700 708 712 720 726 733 737
206 390 391 393 401 406 401 403 404 407 400 403 407 412 412 414 414 416 423 428 422 425 427 436 438 445 447 449 452 460 467 475 482 480 483 487 490 495 500 504 496 500 506 500 501 509 513 521 523 531 534 535 544 552 560 561 569 566 571 576 580 589 597 597 605 602 601 602 610 605 613 608 615 621 621 628 623 624 631 639 643 650 652 653 662 666 673 676 684 679 681 687 691 700 705 706 714 723 732 736
214 383 385 384 393 397 394 400 403 405 399 394 403 407 407 407 409 415 423 428 421 428 431 436 445 439 440 449 455 463 465 466 473 478 480 481 482 491 493 496 495 497 499 498 505 506 514 520 527 534 538 536 542 551 559 560 564 565 571 580 588 594 594 600 603 602 607 610 618 614 614 609 610 612 619 620 622 627 636 641 648 651 652 656 659 661 665 674 677 678 687 694 692 701 708 708 710 719 724 727
219 380 382 382 385 391 385 391 400 401 396 392 400 404 404 405 408 407 415 419 415 421 425 432 437 438 444 452 451 456 458 466 473 482 482 483 483 489 488 487 489 492 493 497 499 508 513 521 523 532 541 540 541 542 551 554 555 564 566 575 579 588 585 593 601 599 600 609 611 619 622 614 619 620 627 624 631 636 637 641 647 648 655 661 666 670 671 680 680 685 694 698 697 705 706 714 711 715 724 733
225 373 379 380 377 382 383 392 394 394 391 383 391 396 396 404 404 400 409 410 414 420 427 428 436 438 439 445 450 459 465 468 474 478 485 488 490 488 485 486 494 494 500 505 508 516 522 516 524 527 533 531 532 535 544 546 555 559 560 567 576 581 580 589 592 593 594 601 604 613 621 623 619 621 623 631 638 643 643 648 648 651 659 661 665 674 680 687 686 694 697 706 703 709 715 723 719 717 719 726
232 372 371 377 370 375 384 389 388 397 389 382 388 394 394 403 397 398 406 413 415 423 430 432 430 435 434 440 446 455 464 469 474 482 489 488 481 479 484 488 496 495 497 498 500 508 517 511 518 521 524 527 530 538 545 549 558 562 568 568 570 575 578 587 588 594 603 610 605 607 615 616 617 626 625 630 637 643 649 657 653 660 664 670 671 680 688 692 693 699 706 715 712 718 723 726 722 718 719 728
241 375 370 371 366 375 381 385 381 389 385 380 389 390 391 395 396 398 400 408 414 422 425 424 427 430 432 441 445 451 459 460 469 476 480 479 478 475 481 490 497 501 504 500 504 506 508 509 510 515 517 526 530 535 536 543 549 558 564 573 574 582 579 587 593 596 605 608 607 615 612 607 610 619 622 630 631 635 644 651 655 662 667 672 673 682 690 693 700 700 707 708 715 723 729 731 730 727 726 735
250 368 361 362 364 369 373 379 380 388 386 377 383 389 394 396 396 402 409 413 420 424 421 421 430 436 437 442 449 450 452 454 462 469 474 482 473 474 483 486 495 504 498 507 512 507 516 517 518 516 517 519 526 535 536 545 554 557 563 570 573 581 582 583 592 592 599 601 608 615 607 606 614 623 626 634 637 643 648 657 656 661 668 675 681 678 687 691 697 702 711 712 721 730 738 740 733 736 728 732
255 359 360 367 371 370 378 373 379 385 382 375 378 381 389 394 393 397 402 406 411 420 420 420 429 431 437 445 454 450 451 453 462 463 467 473 468 477 485 487 494 496 497 504 505 508 515 516 525 521 522 521 523 531 538 546 548 549 555 564 566 574 581 584 593 590 598 606 601 606 603 605 614 620 627 632 641 649 656 653 653 654 662 666 675 676 685 694 702 711 720 716 725 734 739 747 742 740 736 733
256 358 358 364 364 369 372 365 372 377 374 369 377 377 386 389 385 389 395 397 404 411 412 418 426 435 436 440 448 449 455 454 455 460 464 465 467 474 478 487 495 494 500 506 513 517 517 525 526 529 523 527 524 531 535 543 547 548 554 560 567 571 574 575 584 587 596 597 599 601 602 610 613 620 629 630 639 646 647 648 651 655 664 669 671 680 689 690 696 704 711 720 726 729 736 740 739 739 741 739
261 351 349 358 360 369 365 357 364 368 368 363 369 374 379 385 382 390 399 402 411 413 416 425 428 434 438 442 448 457 461 461 464 466 466 472 473 477 480 481 486 488 491 497 506 515 524 533 534 529 524 532 531 532 533 535 543 552 560 568 568 572 577 581 587 596 603 601 607 609 611 618 621 629 638 636 645 652 653 656 660 656 665 666 675 680 689 698 702 710 719 715 723 728 735 736 737 738 746 744
270 346 342 351 351 360 356 354 363 359 360 362 371 371 378 376 377 382 391 400 409 408 415 423 430 431 436 445 453 460 458 462 466 474 474 479 477 484 489 490 494 490 492 500 509 514 515 524 525 530 533 536 536 537 538 542 549 557 561 565 574 581 578 584 593 597 600 607 614 610 618 620 625 627 635 644 653 656 662 663 659 658 666 675 684 684 693 702 710 715 710 712 718 719 726 734 743 747 747 746
275 337 341 348 342 351 350 353 354 358 364 365 367 369 374 375 383 391 398 402 403 404 410 416 421 429 432 441 450 453 454 463 471 471 472 481 483 492 492 493 499 492 500 509 503 511 513 522 528 530 531 540 543 546 547 549 558 566 570 570 576 581 580 587 592 598 606 611 609 610 613 616 625 632 641 647 648 657 665 667 661 664 665 670 676 679 688 697 701 707 708 717 726 726 732 739 738 746 739 747
276 335 333 339 341 343 344 351 353 354 355 361 370 373 376 380 386 393 402 403 409 407 416 423 425 428 431 433 441 449 458 464 470 470 473 481 487 492 488 489 498 501 500 501 502 507 516 525 521 527 536 545 548 546 546 551 553 560 566 567 576 584 587 591 599 600 606 607 608 613 622 624 633 636 639 640 649 654 660 661 668 665 673 678 685 688 689 694 697 702 711 720 717 724 732 738 737 745 737 746
277 328 325 331 338 339 347 356 362 362 362 364 373 382 383 388 395 396 398 401 403 411 416 425 424 432 436 437 446 453 455 461 462 463 470 473 478 485 484 492 490 492 493 501 508 515 518 519 520 529 535 538 541 542 544 549 558 562 567 576 585 588 596 595 593 601 610 613 612 618 620 629 629 633 634 642 648 655 663 666 662 668 674 679 683 692 693 691 696 701 706 711 712 721 727 731 736 739 733 742
284 319 324 328 337 340 342 350 353 359 360 363 372 381 385 392 395 391 393 394 403 409 411 418 423 430 439 441 445 446 449 452 453 454 463 464 473 481 482 484 486 495 500 503 504 511 520 519 526 533 539 546 547 544 553 556 564 571 574 581 580 586 587 586 589 597 606 606 604 610 618 620 628 635 642 648 646 648 656 657 658 665 673 681 682 683 685 690 691 697 705 711 720 728 723 724 727 730 731 736
291 292 319 328 329 338 341 350 355 357 361 368 372 377 379 385 389 390 394 399 408 408 412 420 419 428 436 444 447 449 455 460 458 463 467 465 473 479 488 486 488 489 491 500 501 510 517 518 519 524 532 541 550 545 553 562 571 574 581 576 575 582 586 582 583 588 597 598 603 606 615 623 629 634 640 641 644 648 656 661 663 664 666 674 675 683 686 689 698 703 704 711 716 719 722 721 728 737 736 739
300 301 310 314 315 332 340 349 350 354 363 364 373 369 376 385 390 399 401 401 403 402 408 416 417 420 428 435 442 448 454 456 461 469 470 474 476 479 485 493 496 494 499 500 508 516 524 527 527 532 538 545 546 549 555 560 564 565 574 579 574 575 583 580 588 597 604 606 612 607 610 616 624 629 634 639 640 649 658 659 667 666 675 679 681 688 689 691 692 694 695 704 707 710 717 718 727 736 743 748
309 310 319 323 323 335 338 343 350 359 365 365 368 366 370 379 381 390 393 394 397 398 405 414 423 428 433 436 444 447 455 461 463 471 474 474 481 480 485 493 494 498 503 509 516 520 518 524 533 529 530 539 547 553 557 565 568 574 579 572 573 574 576 578 586 589 597 601 608 615 615 622 627 634 643 648 643 652 654 655 663 664 666 670 675 684 686 692 693 702 703 711 716 719 726 723 729 730 739 746
311 319 324 326 332 336 337 343 352 353 354 355 359 365 366 375 384 391 400 403 403 405 409 413 419 420 429 435 441 448 455 457 462 464 465 473 479 485 491 500 503 502 510 510 515 512 517 524 527 525 528 532 541 545 551 558 560 569 570 571 573 582 585 582 583 592 598 600 609 613 616 618 625 632 635 642 643 649 655 663 666 672 675 673 674 678 684 691 696 700 704 706 709 710 719 728 737 734 738 742
319 327 328 330 334 336 343 351 352 360 362 357 361 366 370 375 384 389 394 403 404 412 411 418 427 422 431 437 439 443 448 457 464 473 466 470 471 477 486 491 494 493 501 506 507 508 515 516 519 522 531 539 543 546 548 554 555 563 568 577 582 583 585 587 590 597 601 606 607 616 624 627 632 633 634 633 638 647 656 657 666 667 670 671 679 687 692 698 705 705 713 709 713 719 724 725 730 739 740 749
320 323 332 339 339 341 350 352 359 361 369 358 359 364 371 374 383 390 392 396 402 411 415 424 431 431 440 442 448 447 456 463 467 468 472 479 480 486 487 483 489 492 497 499 508 515 517 519 524 524 531 537 546 552 553 560 561 563 564 573 582 589 587 590 599 598 600 605 609 618 619 624 633 630 631 632 641 650 659 665 666 673 674 678 681 690 693 694 702 711 720 718 717 720 722 724 732 734 743 752
323 332 341 347 346 349 352 360 362 369 371 362 360 369 375 379 380 385 392 398 406 410 417 424 429 432 440 441 449 450 454 463 472 472 475 475 475 478 485 481 483 487 488 497 500 506 508 510 519 520 523 531 538 543 545 551 554 558 567 569 573 581 589 598 600 607 608 599 602 610 619 625 626 629 630 639 648 650 651 657 665 672 672 678 685 693 702 701 706 714 719 722 724 722 724 729 737 743 752 761
332 339 347 352 353 358 355 363 366 373 372 371 361 368 376 385 389 393 392 398 401 407 416 423 428 433 441 446 450 455 463 472 472 467 468 472 474 475 479 480 481 490 490 491 492 501 509 517 520 529 527 535 544 550 552 559 563 563 569 575 575 578 584 593 600 599 604 597 605 612 613 621 629 635 631 633 639 646 654 663 665 664 671 674 683 690 697 703 704 707 714 719 723 728 733 735 743 749 756 759
339 348 355 360 361 359 356 357 366 370 379 371 362 366 371 378 384 387 388 396 404 410 419 426 421 430 433 438 441 449 455 464 464 466 473 473 475 482 487 484 486 492 497 500 499 501 507 512 521 527 528 536 539 547 548 555 562 566 571 574 576 576 581 587 591 591 596 595 601 610 616 625 627 636 639 642 647 650 658 659 657 661 667 669 676 685 691 694 695 703 712 719 723 727 725 727 735 742 751 759
344 353 359 365 370 365 359 366 374 372 379 377 371 371 373 378 381 390 397 399 400 409 410 418 419 428 429 430 432 441 448 456 459 463 470 478 482 489 491 490 494 498 505 508 503 504 509 518 527 536 537 541 541 542 546 554 557 566 567 571 571 573 581 588 588 590 592 593 601 602 611 620 628 632 639 645 648 656 653 655 656 658 665 674 676 680 687 695 698 699 707 712 716 723 720 728 736 742 749 755
350 357 366 365 372 370 362 363 365 374 380 373 372 376 377 385 386 393 395 404 409 418 411 417 426 429 437 431 438 439 448 454 462 471 476 483 490 495 499 498 499 499 501 506 512 505 511 519 528 536 545 544 547 551 555 555 562 566 567 568 570 577 578 581 587 592 594 602 610 611 619 622 623 628 637 646 650 650 652 661 662 659 668 672 675 680 689 695 701 700 705 711 718 715 719 728 728 734 743 748
353 361 362 364 366 372 368 371 373 378 378 376 373 378 380 386 394 400 397 400 408 416 412 417 419 428 436 437 439 447 456 463 465 472 480 483 489 498 495 500 505 506 502 507 516 513 519 526 528 533 540 542 550 555 557 564 568 567 574 571 574 575 579 582 589 591 596 597 605 611 616 620 624 633 634 643 647 648 655 657 666 663 664 666 675 679 688 697 698 699 702 711 710 713 719 723 727 736 744 751
357 365 369 373 373 378 369 378 382 386 381 382 381 382 388 391 394 402 403 406 415 416 418 426 427 430 439 446 447 451 453 462 464 472 481 479 486 492 493 501 505 503 509 515 516 521 526 532 531 532 541 546 555 564 558 560 561 564 570 579 575 583 586 589 597 592 600 606 612 620 617 619 626 629 638 647 652 649 652 658 666 670 672 675 683 680 687 695 704 704 702 704 707 712 720 724 733 736 741 750
363 372 378 381 379 385 378 387 389 384 383 385 385 391 389 398 398 407 412 413 419 423 422 426 427 435 439 441 442 443 452 453 457 466 474 475 480 483 492 498 500 501 510 518 525 530 533 541 532 536 545 554 563 559 559 568 568 565 574 577 577 585 594 593 602 601 606 607 609 618 624 623 624 627 633 642 644 652 659 662 664 671 679 684 692 685 686 690 698 700 701 710 716 713 720 724 726 733 734 742
364 373 380 381 388 387 384 391 389 387 387 387 393 396 396 398 400 408 409 413 422 428 427 434 436 444 443 443 444 450 456 462 465 474 478 483 488 492 493 501 508 505 514 520 521 530 538 547 539 544 553 556 557 556 563 564 572 573 579 585 583 588 597 599 601 606 608 615 613 615 623 625 627 636 635 637 646 655 662 670 665 673 674 677 686 689 689 698 705 703 705 711 717 714 723 731 734 736 743 744
372 381 383 390 389 394 391 398 390 394 390 391 397 397 405 399 401 405 407 415 422 431 434 435 436 440 447 451 452 459 465 463 470 475 483 489 496 499 495 498 507 511 512 520 523 528 534 541 544 547 553 555 553 554 563 570 572 576 577 578 586 588 589 592 599 603 612 607 608 617 626 626 632 638 637 643 652 654 658 661 669 665 673 677 681 685 690 693 700 709 709 713 714 722 724 730 731 740 742 751
381 390 386 390 395 395 396 401 394 403 395 394 403 404 412 407 408 413 415 424 430 434 435 438 437 445 454 459 460 468 468 472 474 484 487 488 492 493 499 498 501 505 513 516 522 531 532 534 542 544 545 548 549 555 562 563 564 566 567 577 583 590 594 594 599 604 605 606 612 614 621 626 630 631 633 642 651 654 661 665 663 664 670 678 679 680 689 690 699 705 714 716 722 727 733 731 733 734 741 748
390 392 395 392 395 404 405 404 398 401 398 403 408 405 411 416 417 422 417 418 426 435 444 447 445 453 462 467 469 474 477 476 479 480 485 489 490 494 496 497 506 508 510 519 520 528 532 536 542 546 554 551 552 555 563 572 572 574 568 569 574 583 588 589 590 595 602 606 612 621 630 628 636 639 636 639 643 645 653 657 661 666 670 675 677 686 692 699 703 710 711 719 720 727 728 731 732 737 744 751
399 395 404 399 397 400 405 411 402 406 402 407 416 413 418 420 420 428 419 423 432 433 441 442 446 447 456 465 471 476 481 480 482 488 494 495 495 503 500 500 504 512 517 526 524 525 534 538 539 548 549 551 560 556 564 570 576 582 574 570 576 577 581 591 595 604 610 608 617 621 627 628 636 642 643 640 645 653 660 666 670 670 676 682 686 688 693 698 705 712 712 718 727 735 733 732 733 739 741 747
403 404 410 408 406 408 412 411 407 408 407 408 417 422 427 423 428 425 421 429 438 437 443 448 453 455 463 466 475 476 484 481 487 495 502 497 502 509 507 508 509 517 523 527 526 534 541 543 548 553 558 559 561 558 564 573 582 584 577 577 585 585 586 589 595 598 605 606 612 617 624 633 634 639 648 649 646 650 651 657 662 670 674 683 692 696 702 699 707 714 721 722 725 733 741 741 740 748 747 748
411 413 419 414 415 417 421 420 411 409 416 409 411 420 425 431 437 434 429 431 432 441 444 453 454 463 467 467 472 481 490 489 492 496 505 503 504 512 514 514 515 524 531 535 534 543 543 544 550 559 562 568 563 559 568 574 576 578 579 580 588 593 594 596 603 605 611 615 614 623 628 634 643 648 649 658 651 658 658 660 667 672 680 688 694 702 710 705 706 714 718 726 731 739 746 750 748 757 756 752
419 414 418 417 417 426 430 422 417 418 413 412 415 416 421 422 431 433 435 439 441 443 447 455 457 466 468 473 480 489 491 494 494 495 503 511 513 514 517 523 518 519 528 535 543 544 552 545 546 553 562 568 572 566 575 583 581 584 580 586 593 599 602 603 612 607 616 620 615 623 631 640 648 656 657 666 658 667 659 662 670 677 682 683 691 700 701 703 712 718 726 735 738 739 746 755 750 755 764 756
428 421 426 425 418 420 428 424 421 417 416 421 416 425 423 431 438 436 443 445 450 444 453 461 464 471 475 481 488 496 500 500 503 497 500 504 510 512 520 521 519 520 525 526 534 542 548 554 553 557 565 566 575 575 584 589 586 593 588 594 602 605 609 611 619 614 623 625 622 630 638 640 640 649 655 659 657 660 665 671 674 675 682 688 689 691 698 706 714 722 730 732 740 740 747 748 757 763 764 765
437 429 428 433 426 429 431 424 423 419 421 430 425 432 425 426 429 436 437 440 443 451 455 462 464 468 477 483 492 501 505 509 501 499 500 507 516 517 524 525 525 521 524 528 531 538 546 551 553 562 563 567 569 570 578 586 590 599 592 593 601 606 610 612 621 619 623 624 624 633 641 638 639 641 649 650 654 663 671 673 674 677 685 691 693 694 703 711 712 719 727 735 737 739 745 753 754 763 772 771
445 438 431 440 435 430 430 429 429 425 423 431 433 430 428 431 436 442 446 442 446 448 457 460 466 474 475 482 489 498 503 506 509 500 501 503 509 518 525 534 534 530 533 530 538 546 551 554 560 561 570 575 578 577 586 589 594 599 601 596 603 610 613 617 625 628 631 628 627 629 631 635 638 639 648 652 662 665 670 674 675 680 689 696 702 699 708 715 721 727 732 738 740 747 753 753 759 759 763 771
440 436 433 434 442 434 437 430 430 431 432 439 434 435 432 439 443 451 453 444 445 448 456 457 458 465 468 477 481 490 499 500 501 503 510 512 518 525 532 541 540 539 541 539 547 555 560 556 562 564 565 574 575 578 587 591 596 601 608 604 611 619 621 626 634 635 633 631 629 635 639 643 647 648 654 656 666 673 677 682 684 684 689 697 705 708 716 718 725 728 732 741 738 738 746 752 753 754 758 766
449 442 442 442 444 442 435 431 437 435 436 438 443 443 440 447 444 445 454 453 449 456 461 466 459 468 476 481 488 494 495 502 508 510 508 516 525 524 528 535 539 548 549 546 553 554 559 557 564 573 572 576 577 586 587 589 597 606 615 611 619 625 630 635 635 642 639 639 632 641 647 644 650 657 661 658 668 676 684 682 684 691 688 696 704 713 715 718 720 723 723 732 729 730 737 746 750 754 761 767
453 445 446 451 445 441 440 440 445 436 441 445 448 449 444 453 445 454 460 462 457 458 463 470 467 470 477 483 490 495 498 496 499 504 506 510 519 521 527 528 536 545 550 547 552 560 561 566 573 582 574 583 579 584 590 596 602 610 610 615 621 621 626 629 636 644 645 643 635 644 652 646 649 656 660 662 666 671 679 679 681 682 685 694 699 706 711 718 726 722 715 724 728 730 739 748 757 761 761 770
456 449 447 455 454 450 449 449 446 445 448 452 456 450 453 449 446 454 462 463 465 460 469 472 470 475 476 481 485 486 490 494 502 511 509 510 517 521 526 527 536 545 551 549 552 561 567 569 572 581 583 592 588 585 593 600 601 602 604 608 612 619 627 628 637 643 646 642 638 642 650 654 650 656 664 669 667 669 670 673 675 684 691 695 696 703 702 710 717 718 713 722 725 734 740 744 753 757 758 767
463 457 455 464 460 455 458 456 455 448 449 458 463 456 462 456 455 456 461 468 474 469 478 473 475 483 485 484 493 495 495 503 506 514 518 516 525 530 533 536 539 540 549 552 559 567 575 572 580 587 590 597 590 594 596 601 605 605 612 616 615 621 630 637 641 648 653 648 639 648 650 655 652 661 668 675 669 671 678 680 678 683 684 691 693 697 701 703 708 709 710 719 724 727 734 743 748 749 757 759
471 466 464 473 469 462 460 457 458 449 458 461 469 461 468 459 464 458 467 469 478 470 472 479 478 487 488 485 487 491 500 509 511 515 524 523 530 537 537 543 548 549 556 557 564 569 573 576 580 589 591 596 592 601 597 606 613 607 614 623 620 628 634 643 642 649 650 651 643 652 659 663 656 663 667 667 676 679 686 681 683 688 690 699 700 699 703 704 712 712 713 722 724 733 742 746 751 757 763 760
479 473 473 471 470 469 467 458 460 452 461 467 473 470 470 461 467 461 468 473 481 479 481 488 485 491 497 494 490 499 502 504 513 514 523 531 538 544 543 544 546 554 561 560 564 571 573 579 588 597 592 601 601 610 602 610 615 616 619 628 626 630 636 643 651 643 650 651 651 658 666 664 658 659 660 665 674 682 689 684 687 691 694 702 707 700 707 713 719 715 721 722 730 738 739 748 757 758 763 766
486 482 473 472 477 477 468 459 467 459 466 470 476 473 479 470 470 467 474 475 478 479 485 491 487 488 492 500 492 501 503 512 518 519 528 536 537 546 552 550 555 563 568 569 566 568 574 583 589 596 593 594 596 604 603 605 611 612 620 626 627 621 630 637 642 635 644 650 659 667 675 666 663 666 664 668 676 680 687 690 696 699 702 707 704 702 704 709 711 718 721 727 734 737 744 753 762 765 772 775
489 480 479 480 484 475 470 461 468 468 474 479 480 475 482 477 479 476 475 476 479 480 488 497 495 490 499 497 494 495 498 505 514 520 525 534 537 541 548 555 556 564 568 569 567 572 575 584 586 588 596 603 597 606 610 606 609 612 616 618 619 620 624 633 639 634 642 649 652 660 667 673 672 670 667 670 678 686 692 699 700 707 709 716 712 707 711 718 718 724 724 725 734 741 750 758 765 766 775 782
495 486 488 485 485 476 476 470 469 477 475 478 485 476 485 486 487 485 484 485 480 488 494 503 496 491 499 501 503 497 506 514 521 521 525 531 532 539 542 547 554 563 571 572 575 580 584 592 587 595 596 601 605 613 616 614 614 616 624 623 623 621 629 630 631 633 638 644 645 651 660 668 675 679 675 678 680 683 692 693 694 698 704 713 713 708 711 718 721 726 730 732 733 742 750 752 758 765 768 773
492 489 491 492 486 485 478 471 475 477 480 480 483 484 491 489 493 490 485 485 483 484 486 495 504 500 504 509 505 506 514 518 527 530 532 533 538 543 544 548 557 564 568 571 580 588 587 596 594 600 605 610 608 614 620 622 615 623 631 625 632 630 634 637 638 635 636 642 651 654 658 661 667 670 672 676 677 679 684 686 695 703 710 711 713 715 714 715 719 724 726 735 740 744 745 753 755 764 772 776
501 493 498 501 495 494 487 480 481 482 488 488 484 487 496 490 495 492 490 493 484 493 494 503 511 507 505 514 507 513 522 527 536 539 537 541 543 548 553 549 554 560 561 570 575 582 586 595 597 598 601 606 614 615 617 623 624 630 639 630 637 638 641 643 647 643 645 651 659 662 663 668 672 676 674 683 679 686 685 694 700 704 707 716 719 723 718 723 720 728 735 744 743 744 753 759 757 762 764 767
502 501 507 502 503 499 490 486 482 487 491 489 487 488 496 498 502 494 493 501 492 493 494 503 509 508 512 521 512 521 522 531 539 548 544 542 551 554 553 552 553 559 568 575 584 591 591 599 605 599 600 609 615 624 624 630 631 631 639 638 643 641 643 652 651 644 650 653 654 655 656 662 670 671 679 683 688 688 694 696 702 707 711 712 714 722 727 727 721 725 727 736 737 746 752 753 757 758 767 775
508 506 514 509 501 498 492 490 489 488 496 497 494 494 501 507 507 503 495 504 498 502 503 504 508 512 516 517 514 523 527 536 541 550 549 543 549 556 562 559 559 565 573 580 584 593 597 599 608 603 609 611 618 623 627 630 635 633 637 640 645 649 649 652 655 646 655 661 663 659 661 663 668 675 677 686 694 697 697 697 699 708 717 713 720 727 733 729 725 731 733 734 736 737 743 751 752 757 765 769
517 515 515 507 503 494 493 498 497 493 494 495 500 499 505 514 511 502 501 510 505 511 512 509 517 515 516 517 517 525 530 539 545 546 555 548 555 564 561 560 568 566 571 580 589 595 604 607 616 611 617 620 626 632 636 636 644 642 643 641 646 653 658 658 657 648 650 654 659 664 669 666 670 671 674 681 690 691 696 697 701 702 709 717 725 731 735 732 730 734 741 740 745 739 746 752 757 756 757 760
524 515 507 506 497 496 501 502 498 501 499 497 506 500 508 509 518 511 506 509 506 510 519 513 521 516 524 525 525 526 528 536 539 545 554 557 564 568 570 563 567 575 579 588 597 604 611 614 615 613 615 624 627 635 636 644 651 651 648 649 655 657 663 659 661 657 651 658 662 666 667 675 678 678 683 688 697 699 697 701 709 704 707 709 717 726 726 735 736 741 747 749 750 741 742 743 748 754 762 761
521 514 507 506 498 502 510 506 507 505 508 506 511 503 510 510 515 518 509 513 508 517 526 520 529 523 532 527 529 533 534 542 541 547 556 560 569 569 574 568 574 582 585 593 602 607 616 623 622 618 622 631 635 640 643 646 652 659 651 650 659 666 668 668 664 656 654 662 669 672 675 681 686 687 691 693 697 698 706 706 714 705 708 709 717 719 722 730 738 739 744 745 747 744 748 746 756 756 760 768
526 520 511 507 507 505 507 507 516 507 513 515 513 504 513 519 518 517 510 517 516 519 526 525 530 529 536 531 532 537 539 548 550 556 557 566 569 578 579 575 583 587 592 594 601 602 611 620 627 626 623 632 640 641 646 653 658 667 659 653 659 668 677 677 668 661 660 668 672 681 683 688 695 688 696 696 697 700 709 707 716 713 717 718 726 723 731 739 745 747 745 753 752 751 756 752 755 757 766 773
526 518 512 515 513 512 509 512 515 508 512 521 516 513 522 520 520 526 519 522 522 528 535 529 536 530 539 536 541 539 541 548 555 560 562 565 574 581 581 584 589 594 595 595 601 605 612 621 625 632 624 632 641 650 650 653 658 665 668 662 668 675 680 679 677 669 669 674 680 689 684 693 698 694 701 702 703 701 710 712 721 721 726 727 732 724 733 741 750 756 753 762 753 756 759 759 762 758 759 763
528 521 521 522 521 518 518 519 510 509 517 520 523 514 519 524 528 527 526 524 524 526 532 537 536 535 536 545 549 546 550 549 557 565 571 567 576 577 585 582 591 595 604 600 605 614 618 620 628 632 631 637 641 642 651 660 659 660 666 667 674 683 689 682 676 673 675 682 689 692 690 699 703 695 702 710 705 704 707 708 715 718 727 736 739 732 739 743 752 759 761 766 758 764 764 763 768 760 767 769
531 525 526 530 522 526 525 523 516 514 521 521 530 523 528 533 537 533 531 530 532 528 536 544 545 536 544 545 553 551 558 555 562 568 575 568 575 580 588 581 582 591 600 609 614 611 611 616 622 623 624 628 632 634 643 652 661 669 671 676 675 684 689 690 684 676 684 691 693 694 698 701 709 703 708 713 714 705 713 717 719 727 733 739 742 734 743 752 756 764 770 770 765 771 770 772 776 769 773 770
534 534 528 531 527 534 526 524 523 523 523 530 532 525 534 541 546 541 532 531 534 531 539 541 550 543 544 552 555 560 567 564 564 573 580 572 574 576 579 580 582 586 594 602 608 609 610 612 621 629 630 637 640 643 646 654 661 670 678 677 683 692 693 695 690 684 693 699 700 695 700 707 710 708 711 712 716 713 721 726 728 728 736 737 743 735 742 749 757 758 765 773 771 772 779 781 780 776 781 779
