  0 256 250 255 258 254 263 265 268 276 274 270 268 276 280 280 274 275 279 278 281 290 298 298 307 309 309 314 317 318 322 319 320 329 330 336 336 343 344 345 353 356 365 366 372 372 376 378 386 390 393 395 404 413 413 421 421 429 432 437 446 438 440 448 457 455 459 467 468 474 483 492 499 501 508 510 513 511 516 511 516 524 528 536 538 547 555 564 561 567 573 574 575 581 589 595 596 592 598 607
  8 249 248 249 249 253 254 261 266 267 269 261 266 267 271 278 273 276 274 275 278 284 289 297 306 307 305 307 313 321 313 315 319 326 327 336 335 341 347 354 354 355 361 365 373 368 371 373 378 382 384 390 398 405 407 414 417 421 423 431 440 432 440 449 453 452 459 462 470 478 486 485 490 493 500 505 505 502 511 508 510 519 528 532 540 549 554 562 559 566 564 570 577 577 586 586 587 588 597 604
 16 241 239 248 246 255 247 253 258 260 261 259 257 260 265 272 265 268 269 276 285 291 298 296 300 302 301 307 310 314 308 312 320 327 336 341 334 339 339 347 354 360 352 357 364 362 370 376 384 382 386 395 399 401 406 414 417 416 423 430 438 430 438 441 445 450 457 459 465 471 480 482 490 490 491 499 500 501 502 506 509 518 527 528 535 544 545 554 550 557 562 567 568 576 577 580 587 588 589 595
 17 245 238 240 241 246 244 245 249 257 258 253 255 256 258 265 263 268 270 279 284 288 293 288 294 295 300 302 303 305 307 316 324 329 338 332 332 333 338 339 345 351 349 351 360 359 367 372 375 381 386 389 393 400 406 409 410 414 422 421 429 429 430 436 445 449 456 458 466 475 475 484 486 486 495 495 504 501 507 510 518 522 520 521 527 536 538 547 546 548 553 561 564 567 571 575 583 592 593 601
 26 245 237 234 240 241 243 250 255 253 249 250 258 260 258 256 260 269 274 278 286 281 284 284 287 291 291 293 295 298 303 312 319 320 329 326 325 334 339 331 340 342 343 350 351 358 367 372 380 386 393 386 388 397 399 406 415 416 416 418 424 423 431 440 442 446 453 458 462 470 467 475 477 485 487 488 497 498 500 501 510 518 519 522 528 530 538 539 540 544 551 553 555 564 570 578 582 591 599 608
 28 239 230 228 231 232 241 250 249 244 242 244 253 251 249 255 263 267 272 272 280 277 283 282 286 292 290 295 294 295 300 303 310 319 320 327 322 327 333 328 333 336 342 350 351 357 360 366 372 378 385 383 391 392 401 405 407 411 412 415 419 422 426 431 440 442 446 450 459 461 466 467 476 482 490 488 497 506 506 509 510 519 526 523 532 531 539 544 549 553 553 559 556 561 567 570 579 588 593 599
 29 231 222 222 227 231 240 246 241 242 233 240 245 242 243 249 256 261 263 270 272 268 275 279 277 284 288 290 291 298 306 300 307 314 321 318 320 321 324 325 332 333 341 345 349 357 359 362 369 371 380 381 385 390 392 398 400 405 414 417 418 421 426 435 443 450 449 453 457 458 459 466 473 474 482 487 491 497 504 508 510 513 518 526 535 540 548 552 551 558 560 561 560 568 574 571 573 581 588 591
 33 224 218 221 230 233 237 240 233 240 232 237 243 241 249 249 257 254 263 266 269 266 274 281 276 275 280 281 289 294 298 299 303 310 313 317 326 329 331 328 337 341 349 354 351 354 356 360 366 375 379 381 389 398 394 398 401 403 409 412 414 416 418 427 435 444 451 451 454 460 468 474 482 475 484 484 485 490 499 501 502 510 515 521 530 536 544 553 557 566 568 566 569 573 577 573 581 582 591 595
 41 218 217 219 223 224 229 232 231 238 230 230 239 240 243 248 249 253 261 257 262 264 272 274 278 272 276 283 292 301 297 297 301 305 312 321 320 325 332 337 344 343 346 348 351 360 362 369 372 375 378 381 386 393 400 404 410 411 417 421 417 423 421 430 439 445 448 450 457 459 467 476 482 477 480 482 485 489 490 493 500 508 514 519 524 533 541 544 548 557 563 572 572 581 585 581 590 590 590 598
 42 210 214 211 216 219 228 226 225 234 226 227 232 239 245 254 250 246 255 256 264 260 269 276 269 271 275 284 291 295 288 296 301 304 310 318 313 319 327 336 339 339 347 349 353 355 364 373 375 377 376 385 387 394 402 410 414 416 420 421 421 430 427 434 436 444 448 455 456 464 465 472 477 485 489 484 485 494 499 497 506 507 516 525 529 533 539 547 555 557 558 566 575 576 584 589 593 596 589 595
 51 205 212 204 212 214 220 220 222 227 225 231 232 231 237 246 250 241 246 248 255 259 265 268 267 276 276 280 282 289 287 292 294 301 302 309 311 315 322 331 336 338 345 353 360 361 364 368 370 370 375 383 384 389 394 403 406 408 411 412 415 422 428 429 430 436 442 446 453 458 467 469 475 484 489 488 491 500 507 502 510 516 518 522 531 537 543 551 558 565 566 567 576 580 581 583 586 587 588 596
 56 200 209 203 211 219 212 219 220 220 218 222 223 227 228 237 244 239 248 249 258 254 261 269 265 274 279 282 291 286 285 291 290 299 307 311 310 313 320 324 327 329 337 344 352 355 355 359 361 369 377 385 385 394 395 403 408 416 416 419 424 429 433 434 433 440 446 451 454 459 463 472 478 487 488 496 500 508 508 511 514 519 520 523 531 536 544 549 549 558 559 567 568 572 581 582 590 596 596 599
 58 197 200 202 204 210 204 213 220 215 216 223 231 227 233 234 235 236 245 248 249 253 255 262 264 265 273 282 291 288 281 283 289 292 299 308 309 311 320 322 325 327 331 338 346 347 348 351 360 365 369 378 385 392 397 403 409 413 417 426 433 434 435 443 440 448 454 449 457 466 472 466 475 482 483 489 496 501 510 514 523 518 520 523 526 533 541 544 547 552 556 563 569 575 582 590 585 594 602 608
 66 193 195 200 198 201 199 207 211 214 223 223 225 218 227 234 239 245 249 250 258 256 261 262 271 274 280 274 283 279 280 288 297 300 300 304 310 318 321 325 334 334 339 344 345 350 357 360 361 367 376 383 384 385 394 400 401 406 413 421 427 435 442 451 443 447 446 448 449 458 463 464 473 481 490 494 495 502 507 506 515 516 522 529 535 535 537 541 542 543 550 557 560 569 573 582 584 593 596 603
 73 192 186 192 189 193 195 204 203 210 216 221 218 214 221 229 230 236 241 242 250 259 256 257 264 273 274 272 276 278 285 294 302 301 301 307 309 310 319 323 329 338 343 339 348 347 355 360 364 367 371 379 386 394 397 394 403 410 417 418 418 426 434 443 437 438 445 447 450 459 462 467 474 476 484 486 489 496 499 505 511 520 526 535 535 537 546 542 543 551 553 562 562 564 573 578 587 596 597 602
 74 184 185 183 186 188 192 198 202 201 207 215 214 210 212 221 225 233 236 241 249 253 255 256 257 266 265 271 276 279 286 295 303 304 300 307 301 307 315 314 323 332 334 336 345 340 349 356 358 363 370 378 387 388 389 390 399 404 409 410 417 426 428 436 436 437 438 445 450 458 465 472 474 475 476 477 485 491 492 501 509 514 521 526 527 534 540 543 545 551 553 555 563 572 576 580 582 591 592 593
 83 179 176 182 183 187 189 196 198 200 203 210 217 209 213 222 231 229 237 236 241 245 252 247 254 257 261 268 272 280 289 297 297 301 299 298 298 304 309 313 319 328 337 335 341 338 341 347 354 356 361 370 379 388 389 394 401 405 410 413 418 426 426 427 435 440 446 454 451 460 468 469 472 481 483 482 491 492 500 504 512 512 513 521 530 537 538 545 551 556 560 557 565 570 575 578 581 588 591 599
 89 177 169 178 184 178 187 192 200 205 197 202 210 206 213 216 222 226 228 230 236 238 243 244 247 252 255 259 267 275 281 290 288 294 290 291 295 299 304 310 317 323 330 332 333 335 341 350 358 362 363 372 374 383 384 388 394 400 408 414 420 423 420 429 430 439 447 453 459 460 468 473 481 486 488 483 492 501 504 510 513 511 519 526 531 540 539 547 548 554 558 561 570 579 582 578 579 587 588 597
 93 171 167 173 179 176 182 189 193 196 195 201 204 205 214 214 218 223 232 233 235 233 234 238 239 248 249 250 258 266 275 284 281 285 286 294 303 305 307 313 314 321 328 337 335 342 346 355 364 369 364 368 370 374 383 388 395 396 404 410 414 419 418 425 434 435 442 451 453 461 463 472 473 478 479 488 491 497 496 501 504 507 514 523 526 533 542 551 549 556 555 562 563 570 577 577 586 590 596 601
 94 171 164 169 172 171 178 185 191 187 188 197 206 205 210 210 217 223 223 232 234 229 232 241 244 249 257 253 259 266 274 278 280 282 290 288 297 304 313 314 322 325 333 338 337 340 349 358 360 367 373 370 377 375 382 391 392 393 401 403 410 412 416 424 426 435 439 442 451 459 462 471 473 481 486 484 482 489 492 497 506 515 519 523 531 540 542 551 548 552 554 560 567 567 568 569 577 582 587 592
100 168 163 162 168 169 178 180 186 185 179 188 197 202 208 206 208 216 215 224 225 228 237 243 243 248 256 261 266 274 276 281 274 275 282 283 290 299 308 316 322 319 324 331 334 343 349 350 351 360 367 369 378 378 379 385 392 393 400 407 409 418 422 428 431 437 445 451 460 464 464 470 474 482 478 475 481 483 488 497 505 512 519 521 526 535 542 549 542 543 550 552 559 566 571 572 574 581 590 598
109 159 156 160 161 170 176 171 179 184 178 180 188 195 199 202 205 208 210 217 226 229 235 240 242 247 250 257 263 265 267 272 273 282 288 291 292 301 307 312 313 316 317 326 327 336 342 349 353 360 361 369 375 381 385 394 395 402 405 406 411 420 422 429 435 437 446 448 455 455 456 461 465 474 480 472 481 490 496 499 503 509 518 527 522 531 533 540 541 546 549 557 550 558 563 564 569 575 581 590
118 150 149 154 156 162 168 169 173 174 176 181 189 190 195 205 206 213 219 225 232 232 236 245 245 246 252 253 254 256 264 267 276 283 287 290 290 292 301 308 316 318 321 325 328 334 342 345 354 359 363 368 376 385 385 391 390 395 396 397 404 413 413 422 428 430 439 445 446 453 454 462 470 478 476 470 475 481 488 490 499 505 509 518 521 525 530 531 533 542 548 548 549 552 561 560 565 572 574 582
122 141 143 146 150 157 165 174 173 180 183 187 190 199 198 203 207 216 224 231 233 241 240 246 254 252 253 262 263 264 265 271 273 278 281 286 288 296 305 314 323 325 330 334 330 336 345 348 357 355 357 360 369 376 381 382 388 392 399 406 406 407 412 419 428 437 438 437 446 447 447 456 463 472 470 467 476 482 484 492 493 502 509 511 512 521 527 531 533 542 543 547 555 552 556 557 566 574 578 583
127 132 138 144 152 160 162 169 171 178 179 187 190 199 199 205 213 216 221 229 238 247 249 254 259 258 262 264 272 267 274 277 278 279 288 290 297 302 308 314 316 322 323 332 331 333 337 345 354 353 358 359 363 372 381 387 388 397 400 406 415 415 413 421 430 431 432 436 443 444 445 447 456 464 465 466 467 475 483 485 490 499 500 509 513 519 528 523 527 535 542 550 555 548 557 551 559 565 574 575
132 133 139 148 151 156 165 174 176 181 185 193 199 208 206 206 214 214 220 229 235 243 252 252 259 265 264 270 277 270 277 278 286 285 287 296 304 310 307 311 318 324 329 333 337 338 338 339 347 349 357 364 368 376 383 392 394 401 408 402 406 415 421 422 431 434 437 445 452 448 447 456 464 466 471 473 474 478 484 485 491 500 509 511 513 511 520 520 523 531 533 542 546 547 548 549 558 561 570 574
133 135 138 145 151 159 168 175 184 183 189 190 197 200 208 207 208 212 216 225 233 241 246 250 255 256 263 263 268 274 271 276 283 278 287 293 299 301 302 303 312 315 322 325 330 337 345 340 341 349 358 367 370 373 382 385 394 402 407 399 402 410 412 416 425 427 430 438 446 447 454 461 470 474 479 472 481 480 485 493 500 503 506 502 504 507 513 514 523 531 540 547 548 551 552 558 559 563 565 570
141 142 140 149 154 163 172 179 186 191 198 193 201 205 207 216 209 219 219 223 224 233 240 242 246 252 254 262 263 265 267 268 276 277 283 292 301 310 311 310 319 323 323 332 339 338 347 343 343 352 359 363 366 374 379 387 393 399 398 397 405 408 416 423 419 418 427 433 441 448 449 458 466 470 470 464 472 481 486 491 494 499 506 499 503 505 514 523 527 529 538 546 545 547 555 558 567 566 574 573
142 149 141 148 153 162 169 178 185 189 198 201 208 214 210 216 213 217 226 230 233 233 241 242 240 249 255 264 272 272 276 275 284 286 289 298 303 312 312 313 322 328 330 334 340 345 349 345 352 359 367 371 367 368 374 379 385 392 397 393 402 404 413 414 415 416 423 430 432 439 448 451 460 462 462 463 470 478 482 483 487 491 498 496 505 511 512 519 522 524 532 540 541 545 552 559 568 567 576 576
151 158 150 151 157 165 174 172 181 190 198 200 201 206 214 215 215 216 219 224 228 230 231 237 238 247 253 257 266 269 278 276 281 282 290 299 308 314 314 314 323 331 335 341 347 354 355 352 361 362 371 378 374 370 371 378 383 384 388 389 398 407 409 418 417 419 421 430 431 438 439 448 453 456 457 464 471 472 474 475 481 482 489 495 502 511 517 518 519 527 533 536 538 546 553 561 570 576 581 583
155 164 159 152 153 162 165 171 178 186 194 202 209 211 220 224 222 218 227 225 233 237 239 239 240 241 251 260 263 270 279 279 285 291 296 301 304 311 318 316 322 326 332 340 348 357 359 361 370 371 371 380 377 371 378 387 384 392 397 398 401 409 418 426 419 422 429 435 440 446 443 445 454 460 463 469 476 480 480 481 488 487 496 503 507 512 514 523 521 529 537 540 547 554 562 567 569 572 578 574
162 165 158 153 159 168 174 177 185 188 197 206 207 216 212 221 223 219 228 234 240 238 241 245 248 246 254 260 266 269 271 272 278 287 296 296 305 311 318 322 328 334 337 344 350 351 359 366 366 369 370 377 374 373 382 391 389 396 405 406 408 415 419 424 428 429 437 440 449 453 444 451 459 460 462 471 479 480 487 484 486 493 500 495 501 503 510 515 517 522 528 534 543 551 560 567 570 568 573 570
171 169 162 155 162 163 172 181 189 196 197 200 209 210 211 219 228 222 231 240 237 240 241 250 257 248 255 256 263 267 273 273 280 288 290 295 297 305 312 319 322 326 331 336 341 349 350 358 364 373 372 381 382 382 390 396 394 396 401 410 417 416 422 426 435 437 443 441 442 446 447 452 453 462 463 469 478 487 488 488 485 493 491 494 499 503 504 513 521 528 534 536 541 545 552 559 561 565 570 568
176 175 171 164 168 171 179 188 193 196 204 209 214 219 213 218 226 223 232 234 236 243 248 257 257 251 256 260 266 272 273 281 281 286 295 304 306 306 314 320 325 330 339 342 342 351 359 363 369 371 378 385 382 388 397 401 398 405 409 412 408 416 420 423 429 433 435 442 443 440 442 447 456 459 462 465 474 483 489 483 483 491 490 498 501 503 512 518 519 528 537 542 547 553 550 551 556 557 565 567
180 184 179 170 169 170 175 183 192 194 199 207 209 216 214 223 229 232 240 235 238 244 250 255 259 254 262 266 271 280 280 287 283 284 287 297 306 315 317 318 324 325 334 339 339 346 354 363 361 369 371 379 380 388 392 393 402 403 410 411 404 413 420 421 430 431 435 434 434 432 433 442 449 451 454 463 468 475 481 474 475 482 487 493 497 498 504 513 521 526 530 535 538 547 543 551 556 565 568 560
184 188 181 178 177 179 180 188 196 201 200 207 209 217 217 221 230 239 240 238 244 253 255 264 262 263 264 265 270 279 281 285 292 293 288 296 301 309 310 314 316 324 332 333 334 341 346 355 358 367 373 373 381 383 385 386 393 397 401 402 403 404 413 416 421 426 430 428 429 431 433 437 442 443 452 460 461 470 475 473 478 476 479 488 492 500 503 512 520 517 526 527 533 539 535 542 549 556 565 558
193 196 188 179 183 185 188 197 197 203 206 207 209 217 220 227 231 240 239 243 247 251 259 268 271 272 270 266 275 276 284 286 295 295 290 298 303 312 316 323 325 331 338 335 343 342 347 348 357 359 364 369 378 387 391 393 400 404 401 406 412 413 415 422 422 424 426 427 436 440 440 443 444 451 452 461 470 468 468 469 470 475 484 480 489 493 501 506 515 516 522 528 524 531 532 541 542 547 556 557
201 194 193 187 192 187 196 200 201 203 204 213 216 221 224 227 229 237 238 243 245 254 254 261 264 270 278 269 272 275 283 288 293 300 297 307 307 314 322 331 327 336 340 332 337 343 343 345 353 357 366 371 379 382 383 389 393 396 398 402 409 415 424 424 431 431 428 429 430 432 433 436 444 446 451 459 461 459 467 474 471 472 478 479 487 491 495 500 509 516 513 519 520 529 537 541 549 555 562 566
206 201 199 196 200 196 203 203 202 209 205 214 218 223 228 234 234 236 243 249 246 249 251 260 262 269 276 271 274 282 289 297 302 302 300 307 313 318 325 333 325 329 335 329 330 338 342 350 352 360 363 364 373 381 389 390 398 395 400 405 409 418 426 426 434 431 430 431 439 434 442 437 444 450 450 457 452 453 460 468 472 479 481 482 491 495 502 505 513 508 510 516 520 529 534 535 543 552 561 565
212 204 201 198 207 202 211 212 205 211 210 212 221 225 228 230 232 240 248 257 252 256 257 262 271 270 271 280 280 288 295 296 303 307 302 303 304 314 319 325 324 326 328 327 334 335 343 349 356 363 367 365 371 380 388 389 393 394 400 409 417 423 423 429 432 431 436 439 447 443 443 438 439 441 448 449 451 456 465 470 477 480 481 485 488 490 494 503 506 507 516 523 521 530 537 537 539 548 553 556
215 210 203 200 208 211 213 218 214 218 215 221 230 233 236 231 235 242 250 259 253 259 261 268 273 271 277 285 281 286 288 296 303 312 304 305 305 311 314 315 317 320 322 326 328 337 342 350 352 361 370 369 370 371 380 383 384 393 395 404 408 417 414 422 430 428 429 438 440 448 451 443 448 449 456 453 460 465 466 470 476 477 484 490 495 499 500 509 509 514 523 527 526 534 535 543 540 544 553 562
217 211 211 203 210 217 214 223 220 221 223 222 230 235 237 239 242 244 253 254 257 263 268 269 277 274 279 285 286 295 295 298 304 308 311 310 314 320 315 316 324 322 329 334 337 345 351 345 353 356 362 360 361 364 373 375 384 388 389 396 405 410 409 418 421 422 423 430 433 442 450 452 448 450 452 460 467 472 472 477 477 480 488 490 494 503 509 516 515 523 526 535 532 538 544 552 548 546 548 555
219 212 211 210 214 219 223 228 227 230 230 224 230 236 239 248 243 244 252 259 259 267 274 277 280 279 281 287 292 301 304 307 309 316 320 319 317 321 320 320 328 323 325 326 329 337 346 340 347 350 353 356 359 367 374 378 387 391 397 397 399 404 407 416 417 423 432 439 434 436 444 445 446 455 454 459 466 472 478 486 482 489 493 499 500 509 517 521 522 528 535 544 541 547 552 555 551 547 548 557
228 219 220 219 216 225 231 234 228 236 232 227 236 237 238 242 243 245 247 255 261 269 273 276 279 282 283 292 296 302 310 311 318 323 326 320 322 322 326 329 335 329 332 328 332 334 336 337 338 343 346 355 359 364 365 372 378 387 393 402 403 411 408 416 422 425 434 437 436 444 441 436 439 448 451 459 460 464 473 480 484 491 496 501 502 511 519 522 529 529 536 537 544 552 558 560 559 556 555 564
237 228 220 219 218 223 227 233 229 237 238 229 235 243 243 244 246 251 256 262 270 273 274 275 284 288 288 293 300 301 303 305 313 320 326 329 325 323 332 332 341 338 333 337 340 335 344 345 346 344 345 347 355 364 365 374 383 386 392 399 402 410 411 412 421 421 428 430 437 444 436 435 443 452 455 463 466 472 477 486 485 490 497 504 510 507 516 520 526 531 540 541 550 559 567 569 562 565 557 561
228 223 222 226 225 224 232 240 236 244 243 235 238 242 250 249 254 259 263 271 277 282 282 277 286 288 294 301 309 302 303 305 314 315 319 325 320 329 337 334 341 336 334 341 339 338 345 346 355 349 350 349 351 360 367 375 377 378 384 393 395 403 410 413 422 419 427 435 430 435 432 434 443 449 456 461 470 478 485 482 482 483 491 495 504 505 514 523 531 540 549 545 554 563 568 576 571 569 565 562
229 230 231 232 229 229 236 244 244 253 247 241 246 245 254 253 256 260 266 268 275 282 283 283 291 297 295 299 307 303 309 306 307 312 316 317 319 326 330 339 347 342 343 350 347 347 347 355 356 357 351 355 352 360 364 372 376 377 383 389 396 400 403 404 413 416 425 426 428 430 431 439 442 449 458 459 468 475 476 477 480 484 493 498 500 509 518 519 525 533 540 549 555 558 565 569 568 568 570 568
234 235 238 241 238 238 245 247 251 255 250 242 248 250 255 262 261 268 275 273 282 287 287 292 294 300 299 303 309 312 315 313 316 318 318 324 325 329 332 333 338 340 343 349 356 356 356 364 365 357 352 360 359 360 362 364 372 381 389 397 397 401 406 410 416 425 432 430 436 438 440 447 450 458 467 465 474 481 482 485 489 485 494 495 504 509 518 527 531 539 548 544 552 557 564 565 566 567 575 573
243 244 239 248 247 247 251 248 255 246 245 244 253 252 259 259 260 265 274 282 291 291 294 300 303 302 304 312 317 319 319 317 320 326 326 331 329 336 341 342 346 342 344 352 361 361 358 367 363 362 361 364 364 365 367 371 378 386 390 394 403 410 407 413 422 426 429 436 443 439 447 449 454 456 464 473 482 485 491 492 488 487 495 504 513 513 522 531 539 544 539 541 547 548 555 563 572 576 583 575
248 246 247 256 248 256 257 251 251 250 254 248 250 252 257 258 266 274 281 285 286 287 293 299 304 310 307 316 325 323 320 326 328 327 327 336 335 344 345 346 351 344 352 361 362 368 360 369 370 365 362 371 371 374 376 378 387 395 399 399 405 410 409 416 421 427 435 440 438 439 442 445 454 461 470 477 478 487 495 496 490 493 494 499 505 508 517 526 530 536 537 546 555 555 561 568 569 577 576 583
249 253 255 259 251 255 256 258 253 251 252 254 259 256 259 263 269 276 285 287 292 290 299 306 308 311 310 312 320 328 329 332 336 334 330 338 344 351 349 347 356 353 359 360 361 366 369 378 371 371 371 380 378 378 378 383 385 392 398 399 408 416 416 420 428 429 435 436 437 442 451 453 462 465 470 471 480 485 491 492 497 494 502 507 514 517 518 523 526 531 540 549 550 557 565 572 570 578 574 583
250 259 256 262 258 256 264 267 262 259 259 257 266 265 266 271 278 281 286 292 294 298 303 312 309 317 315 316 325 332 334 340 341 342 337 346 349 356 351 355 359 355 356 364 368 374 372 373 372 380 377 380 381 379 380 385 394 396 401 408 417 420 425 429 432 437 444 443 445 450 452 461 462 466 467 475 481 488 496 501 499 500 506 511 515 524 526 524 529 534 539 544 545 554 560 567 573 576 570 579
257 266 261 265 267 259 261 269 265 265 260 260 269 274 272 278 284 282 284 285 294 300 302 309 314 321 324 320 324 325 328 331 332 333 342 343 352 360 352 354 356 364 365 367 370 377 381 374 379 388 384 388 387 381 389 392 400 405 408 415 420 426 426 430 435 443 452 451 446 452 460 462 470 473 475 482 483 485 493 494 495 502 510 518 519 520 522 527 528 534 542 548 554 563 560 561 564 567 568 573
264 265 270 274 273 268 264 273 270 267 264 267 271 279 275 281 285 283 287 290 299 305 306 314 316 325 332 329 329 328 334 339 337 342 346 344 352 358 361 356 358 359 361 370 371 380 382 375 376 381 389 397 392 382 391 400 409 412 415 416 417 424 428 428 429 434 443 444 449 452 461 469 475 478 481 483 487 489 497 499 500 501 503 511 512 520 523 526 535 540 541 548 553 556 559 558 565 574 573 576
273 274 279 278 274 277 272 280 271 271 273 268 277 280 282 290 294 292 295 297 303 306 312 320 317 320 328 335 336 334 340 341 342 350 349 353 355 358 364 364 366 364 369 370 378 386 390 384 384 389 397 395 388 386 393 398 402 403 412 419 418 419 427 426 434 443 450 452 458 453 456 462 470 475 480 485 486 495 504 503 508 503 512 519 518 525 526 528 529 531 532 541 544 547 554 555 564 573 580 585
282 283 288 287 282 279 275 280 278 280 282 276 285 281 285 294 296 301 298 298 301 302 309 318 326 328 333 336 344 337 345 347 344 352 358 354 361 359 364 372 367 368 373 379 386 394 391 390 393 393 395 404 396 394 399 406 410 412 421 420 419 420 422 424 432 435 443 447 454 461 461 468 473 480 489 494 489 498 500 501 509 504 506 510 515 524 526 532 530 539 540 548 553 556 563 560 566 567 576 583
284 292 293 290 289 280 276 282 287 279 278 277 279 285 286 295 304 308 307 307 307 309 313 317 323 324 333 339 345 344 351 349 349 351 352 360 366 367 370 379 376 377 382 383 391 395 396 398 401 396 398 402 405 398 405 412 415 421 423 421 421 429 431 428 429 438 444 446 455 459 462 464 471 478 481 490 494 500 506 509 512 512 515 513 514 518 524 531 535 539 543 545 548 549 558 567 575 571 575 579
292 300 294 290 286 282 283 290 288 287 286 279 281 286 290 295 304 309 312 316 309 317 315 322 331 326 335 341 343 347 352 358 356 360 353 357 358 364 373 381 381 378 386 390 391 392 399 399 402 399 407 410 406 401 403 409 410 419 424 430 430 430 432 433 436 443 447 452 453 462 470 473 478 481 484 485 490 499 508 509 518 513 516 514 522 527 532 538 544 544 552 548 552 558 563 564 569 578 577 586
293 296 303 299 291 287 292 292 295 289 289 280 281 284 291 294 303 310 312 316 315 324 319 328 335 335 344 346 352 351 360 365 360 360 359 366 367 373 377 379 385 383 392 392 400 401 408 408 407 403 411 416 415 410 411 418 417 423 424 433 439 438 434 436 445 444 446 452 459 468 469 474 483 482 483 484 493 502 511 517 518 520 520 521 524 533 535 536 544 553 561 557 556 559 561 563 571 573 582 591
296 305 312 306 298 295 295 300 298 297 293 284 282 289 295 299 300 305 312 318 323 327 326 333 338 338 346 347 355 354 358 367 369 365 366 369 368 371 378 377 379 383 384 393 396 402 404 406 413 404 407 415 422 415 413 419 420 424 433 435 439 446 442 445 447 453 455 454 457 465 474 480 481 484 484 493 502 504 505 511 519 527 521 527 531 539 544 543 548 556 561 561 563 561 563 568 576 582 591 600
305 312 318 310 305 304 298 306 302 300 293 292 283 288 296 305 309 313 312 318 321 327 335 340 345 343 351 355 364 360 367 376 374 366 367 371 370 371 375 376 377 386 386 387 388 397 405 413 416 413 411 419 428 422 420 427 429 429 436 441 441 444 448 454 456 461 463 456 464 471 472 480 488 490 485 487 493 500 508 517 525 524 528 532 540 546 551 552 557 560 567 566 567 567 572 576 584 589 596 599
312 321 326 318 310 302 299 300 309 304 300 291 284 288 293 300 306 309 310 318 324 330 339 347 342 351 354 359 362 368 374 383 374 369 374 372 372 378 383 380 382 388 393 396 395 397 403 408 417 418 412 420 423 430 422 429 436 433 438 442 446 447 452 458 460 461 463 458 464 473 478 487 489 498 493 496 501 504 512 516 517 521 527 529 536 545 551 554 555 563 572 573 574 571 576 578 586 593 602 607
317 326 329 323 317 308 302 309 315 306 304 297 293 293 295 300 303 312 319 321 322 331 332 339 340 349 350 351 353 362 369 377 376 373 380 380 379 385 387 386 390 394 401 404 399 400 405 414 423 427 421 425 425 426 426 434 437 442 439 444 445 447 455 462 461 463 461 459 467 468 477 486 494 498 500 502 504 512 513 515 516 518 525 534 536 540 547 555 558 559 567 572 576 579 577 585 593 601 608 614
323 330 330 321 320 313 305 306 308 311 302 295 294 298 299 307 308 315 317 326 331 340 333 338 347 350 358 352 359 360 369 375 383 382 386 387 387 391 395 394 395 395 397 402 408 401 407 415 424 432 430 428 431 435 435 435 442 445 440 441 443 451 452 455 461 466 463 468 476 477 485 488 489 494 503 511 508 510 512 521 522 519 528 532 535 540 549 555 561 560 565 571 578 575 579 588 588 594 603 608
326 330 322 321 319 317 311 314 313 305 300 298 295 300 302 308 316 322 319 322 330 338 334 338 340 349 357 358 360 368 377 384 386 389 394 391 393 400 397 399 401 402 398 403 412 409 415 422 424 429 436 430 438 440 437 444 448 447 447 444 447 449 453 456 463 465 468 469 477 483 488 492 493 502 503 512 512 511 518 520 529 523 524 526 535 539 548 557 558 559 562 571 570 573 579 583 587 596 604 611
330 337 329 330 326 321 312 321 320 311 303 304 303 304 310 313 316 324 325 328 337 338 340 347 348 351 360 367 368 372 374 383 385 393 402 395 400 407 398 406 406 404 405 411 412 417 422 428 427 428 437 435 444 447 438 440 441 444 450 453 448 457 460 463 471 466 474 478 484 492 489 491 498 501 510 519 520 512 515 521 529 530 532 535 543 540 547 555 564 564 562 564 567 572 580 584 593 596 601 610
336 345 338 338 332 328 321 322 313 306 305 307 307 313 311 320 320 329 334 335 341 345 344 348 349 357 361 363 364 365 374 375 378 387 395 396 401 404 407 412 407 405 414 419 421 426 429 437 428 432 441 444 451 442 439 448 448 445 454 454 450 459 468 467 476 475 480 479 481 490 496 495 496 499 505 514 516 520 522 525 527 534 540 544 552 545 546 550 558 560 561 570 576 573 580 584 586 593 594 602
337 346 344 337 336 327 324 318 311 309 309 309 315 318 318 320 322 330 331 335 344 350 349 356 358 366 365 365 366 372 378 384 386 395 399 404 409 413 408 416 415 409 418 424 422 431 437 444 435 440 449 447 448 444 446 447 455 453 459 462 456 461 471 474 476 480 482 487 486 488 496 497 499 508 507 509 518 527 529 534 528 536 537 540 549 549 549 558 565 563 565 571 577 574 583 591 594 596 603 604
345 354 345 344 335 334 327 320 312 316 312 313 319 319 327 321 323 327 329 337 344 353 356 357 358 362 369 373 374 381 387 385 392 396 404 410 417 417 410 413 422 415 416 424 425 430 436 443 440 443 450 453 448 445 454 454 461 462 468 463 464 463 464 467 475 479 488 488 487 496 505 498 504 511 511 515 524 526 530 533 536 537 545 544 548 553 554 557 564 572 569 573 574 582 584 590 591 600 602 611
354 351 342 339 335 329 328 323 316 325 317 316 325 326 334 329 330 335 337 346 352 356 357 360 359 367 376 381 382 390 390 394 396 405 408 409 413 414 416 414 417 419 424 427 431 439 437 439 447 445 446 449 449 451 458 455 456 458 459 468 473 470 470 472 482 488 490 489 493 495 502 503 507 508 510 519 528 531 538 541 538 538 544 552 550 551 560 558 567 573 578 576 582 587 593 591 593 594 601 608
360 351 349 340 338 338 335 326 320 323 320 325 330 327 333 338 339 344 339 340 348 357 366 369 367 375 384 389 391 396 399 398 401 402 407 411 412 416 417 415 424 422 424 433 432 440 441 443 449 449 455 452 452 454 462 464 464 466 460 461 465 474 476 473 474 479 486 490 497 504 511 505 513 516 513 516 520 522 530 534 538 543 547 552 552 560 566 567 571 578 579 584 583 590 591 594 594 599 606 613
363 354 356 347 340 341 338 333 324 328 324 329 338 335 340 342 342 350 341 345 354 355 363 364 368 369 378 387 393 398 403 402 404 410 416 417 417 425 421 418 422 430 431 440 436 437 446 447 448 457 455 454 461 455 463 469 470 474 466 462 468 469 473 482 479 488 494 492 502 506 512 506 514 520 520 517 522 530 537 543 547 547 553 559 561 562 567 572 578 585 580 586 592 598 596 595 595 601 603 609
367 363 362 356 349 348 340 333 329 330 329 330 339 344 349 345 350 347 343 351 360 359 365 370 375 377 385 388 397 398 406 403 409 417 424 419 424 431 428 426 427 435 437 441 438 446 453 452 457 462 464 462 460 457 463 472 479 476 469 469 477 477 478 481 485 488 495 493 499 504 511 515 515 520 529 526 523 527 528 534 539 547 551 560 569 570 576 573 581 588 589 590 593 601 604 604 602 610 609 610
375 372 371 362 358 357 349 342 333 331 338 331 333 342 347 353 359 356 351 353 354 363 366 375 376 385 389 389 394 403 412 411 414 418 427 425 426 434 435 432 433 442 445 449 446 455 455 453 459 468 468 471 462 458 467 473 475 473 471 472 480 485 486 488 493 495 501 502 501 510 515 521 524 529 530 535 528 535 535 537 544 549 557 565 571 578 585 579 580 588 592 598 599 607 611 613 610 619 618 614
375 367 366 362 359 362 353 344 339 340 335 334 337 338 343 344 353 355 357 361 363 365 369 377 379 388 390 395 402 411 413 416 416 417 425 433 435 436 438 441 436 437 446 453 455 457 463 454 455 462 471 477 471 465 474 482 480 478 472 478 485 491 494 495 502 497 506 507 502 510 518 527 532 537 538 544 535 544 536 539 547 554 559 560 568 577 578 580 589 594 600 607 606 607 614 621 612 617 626 618
383 374 373 365 357 356 354 346 343 339 338 343 338 347 345 353 360 358 365 367 372 366 375 383 386 393 397 403 410 418 422 422 425 419 422 426 432 434 442 439 437 438 443 444 452 460 466 463 462 466 474 475 480 474 483 488 485 487 480 486 494 497 501 503 510 504 513 512 509 517 525 527 527 536 542 546 538 541 542 548 551 552 559 565 566 568 575 583 591 599 607 609 614 608 615 616 621 625 626 627
390 381 373 373 365 362 353 346 345 341 343 352 347 354 347 348 351 358 359 362 365 373 377 384 386 390 399 405 414 423 427 431 423 421 422 429 438 439 446 443 443 439 442 446 449 456 464 468 464 473 474 478 477 475 483 491 489 493 484 485 493 498 502 504 513 509 513 513 511 520 528 525 526 528 536 537 541 550 550 550 551 554 562 568 570 571 580 588 589 596 604 612 612 610 616 624 622 631 635 633
383 380 371 371 362 353 352 351 351 347 345 353 355 352 350 353 358 364 368 364 368 370 379 382 388 396 397 404 411 420 425 428 431 422 423 425 431 440 447 452 452 448 451 448 456 464 469 471 471 472 481 486 486 482 491 494 494 498 493 488 495 502 505 509 517 518 521 517 514 516 518 522 525 526 535 539 549 552 555 554 552 557 566 573 579 576 585 592 598 604 609 615 615 619 624 625 628 633 638 641
375 371 368 366 365 357 359 352 352 353 354 361 356 357 354 361 365 373 375 366 367 370 378 379 380 387 390 399 403 412 421 422 423 425 432 434 440 447 454 461 458 457 459 457 465 473 478 473 477 475 476 485 486 485 494 498 499 503 500 496 503 511 513 518 526 525 521 519 516 522 526 530 534 535 541 543 553 560 562 562 561 561 566 574 582 585 593 595 602 607 616 624 624 625 633 631 631 632 636 644
384 377 377 374 367 365 357 353 359 357 358 360 365 365 362 369 366 367 376 375 371 378 383 388 381 390 398 403 410 416 417 424 430 432 430 438 447 446 450 457 461 466 467 464 471 472 477 474 481 484 483 487 488 494 495 497 505 512 509 503 511 517 522 527 527 532 527 527 519 528 534 531 537 544 548 545 555 563 570 565 564 570 569 577 585 594 597 598 600 603 610 619 616 617 624 633 635 636 643 649
388 380 380 376 367 363 362 362 367 358 363 367 370 371 366 375 367 376 382 384 379 380 385 392 389 392 399 405 412 417 420 418 421 426 428 432 441 443 449 450 458 467 470 465 470 478 479 483 490 493 485 494 490 495 501 504 510 518 515 510 519 519 524 527 534 540 533 530 522 531 539 533 536 543 547 549 553 558 566 566 568 569 572 581 586 593 598 605 609 609 602 611 615 617 626 635 644 643 646 655
391 384 381 384 376 372 371 371 368 367 370 374 378 372 375 371 368 376 384 385 387 382 391 394 392 397 398 403 407 408 412 416 424 433 431 432 439 443 448 449 458 467 473 467 470 479 485 486 489 498 494 503 499 496 504 511 511 512 514 514 518 525 532 528 537 539 533 529 525 529 537 541 537 543 551 556 554 556 557 560 562 571 578 582 583 590 589 597 604 605 600 609 612 621 627 631 640 644 645 654
398 392 389 391 382 377 380 378 377 370 371 380 385 378 384 378 377 378 383 390 396 391 400 395 397 405 407 406 415 417 417 425 428 436 440 438 447 452 455 458 461 462 471 470 477 485 493 489 497 504 501 508 501 505 507 512 515 515 522 522 521 527 536 537 541 546 540 535 526 535 537 542 539 548 555 562 556 558 565 567 565 570 571 578 580 584 588 590 595 596 597 606 611 614 621 630 635 636 644 646
406 401 398 400 391 384 382 379 380 371 380 383 391 383 390 381 386 380 389 391 400 392 394 401 400 409 410 407 409 413 422 431 433 437 446 445 452 459 459 465 470 471 478 475 482 487 491 493 497 506 503 508 503 512 508 517 523 517 524 531 526 534 540 546 542 546 539 538 530 539 546 550 543 550 554 554 563 566 573 568 570 575 577 586 587 586 590 591 599 599 600 609 611 620 629 633 638 644 650 647
414 408 402 393 392 391 389 380 382 374 383 389 395 392 392 383 389 383 390 395 403 401 403 410 407 413 419 416 412 421 424 426 435 436 445 453 460 466 465 466 468 476 483 478 482 489 491 497 506 513 504 513 512 521 513 521 526 526 529 538 532 541 546 553 551 554 546 539 538 545 553 551 545 546 547 552 561 569 576 571 574 578 581 589 594 587 594 600 606 602 608 609 617 625 626 635 644 645 650 653
411 404 395 394 399 399 390 381 389 381 388 392 398 395 401 392 392 389 396 397 400 401 407 413 409 410 414 422 414 423 425 434 440 441 450 458 459 468 474 472 477 485 490 487 484 486 492 501 507 513 505 506 508 516 514 516 522 523 531 537 538 532 541 548 553 546 554 545 547 554 562 553 550 553 551 555 563 567 574 577 583 586 589 594 591 589 591 596 598 605 608 614 621 624 631 640 649 652 659 662
411 402 401 402 406 397 392 383 390 390 396 401 402 397 404 399 401 398 397 398 401 402 410 419 417 412 421 419 416 417 420 427 436 442 447 456 459 463 470 477 478 486 490 487 485 490 493 502 504 506 513 515 509 518 521 517 520 523 527 529 530 531 535 544 550 545 553 552 554 563 567 560 559 557 554 557 565 573 579 586 589 595 596 603 599 594 598 605 605 611 611 612 621 628 637 645 652 653 662 669
417 408 410 407 407 398 398 392 391 399 397 400 407 398 407 408 409 407 406 407 402 410 416 425 418 413 421 423 425 419 428 436 443 443 447 453 454 461 464 469 476 485 493 490 493 498 502 510 505 513 514 519 517 525 527 525 525 527 535 534 534 532 540 541 542 544 549 555 555 561 570 568 567 566 562 565 568 572 581 585 586 590 596 605 600 595 598 605 608 613 617 619 620 629 637 639 645 652 655 660
414 411 413 414 408 407 400 393 397 399 402 402 405 406 413 411 415 412 407 407 405 406 408 417 426 422 426 431 427 428 436 440 449 452 454 455 460 465 466 470 479 486 490 493 502 506 505 514 512 518 523 528 520 526 532 533 526 534 542 536 543 541 545 548 549 546 547 553 562 564 568 571 573 567 564 568 569 571 576 578 587 595 602 603 602 602 601 602 606 611 613 622 627 631 632 640 642 651 659 663
423 415 420 423 417 416 409 402 403 404 410 410 406 409 418 412 417 414 412 415 406 415 416 425 433 429 427 436 429 435 444 449 458 461 459 463 465 470 475 471 476 482 483 492 497 504 508 517 515 516 519 524 528 527 529 535 535 541 550 541 548 549 552 554 558 554 556 562 570 572 574 578 577 572 566 575 571 578 577 586 592 596 599 608 608 610 605 610 607 615 622 631 630 631 640 646 644 649 651 654
424 423 429 424 425 421 412 408 404 409 413 411 409 410 418 420 424 416 415 423 414 415 416 425 431 430 434 443 434 443 444 453 461 470 466 464 473 476 475 474 475 481 490 497 506 513 513 521 523 517 518 527 533 536 536 542 542 542 550 549 554 552 554 563 562 555 561 564 565 566 567 573 581 573 574 578 580 580 586 588 594 599 603 604 606 614 614 614 608 612 614 623 624 633 639 640 644 645 654 662
430 428 436 431 423 420 414 412 411 410 418 419 416 416 423 429 429 425 417 426 420 424 425 426 430 434 438 439 436 445 449 458 463 472 471 465 471 478 484 481 481 487 495 502 506 515 519 521 530 521 527 529 536 541 540 543 547 544 548 551 556 560 560 563 566 557 566 572 574 570 572 574 579 580 577 586 588 589 589 589 591 600 609 605 612 619 620 616 612 618 620 621 623 624 630 638 639 644 652 656
439 437 437 429 425 416 415 420 419 415 416 417 422 421 427 436 433 424 423 432 427 433 434 431 439 437 438 439 439 447 452 461 467 468 477 470 477 486 483 482 490 488 493 502 511 517 526 529 538 529 535 538 544 550 549 549 556 553 554 552 557 564 569 569 568 559 561 565 570 575 580 577 581 581 580 587 596 590 594 590 594 595 602 610 618 624 628 619 617 621 628 627 632 626 633 639 644 643 644 647
446 437 429 428 419 418 423 424 420 423 421 419 428 422 430 431 440 433 428 431 428 432 441 435 443 438 446 447 447 448 450 458 461 467 476 479 486 490 492 485 489 497 501 510 519 526 533 536 533 531 533 542 545 553 550 557 563 562 559 560 566 568 574 570 572 568 562 569 573 577 578 586 589 588 589 594 603 598 595 594 602 597 600 602 610 619 619 628 623 628 634 636 637 628 629 630 635 641 649 648
443 436 429 428 420 424 432 428 429 427 430 428 433 425 432 432 437 440 431 435 430 439 448 442 451 445 454 449 451 455 456 464 463 469 478 482 491 491 496 490 496 504 507 515 524 529 538 545 540 536 540 549 553 558 557 560 566 570 562 561 570 577 579 579 575 567 565 573 580 583 586 592 597 597 597 599 603 599 604 599 607 598 601 602 610 612 615 623 631 629 634 635 634 631 635 633 643 643 647 655
448 442 433 429 429 427 429 429 438 429 435 437 435 426 435 441 440 439 432 439 438 441 448 447 452 451 458 453 454 459 461 470 472 478 479 488 491 500 501 497 505 509 514 516 523 524 533 542 547 544 541 550 558 559 562 567 572 579 570 564 570 579 588 588 579 572 571 579 583 592 594 599 606 598 605 602 603 602 609 600 609 606 610 611 619 616 624 632 638 637 635 643 639 638 643 639 642 644 653 660
448 440 434 437 435 434 431 434 437 430 434 443 438 435 444 442 442 448 441 444 444 450 457 451 458 452 461 458 463 461 463 470 477 482 484 487 496 503 503 506 511 516 517 517 523 527 534 543 547 550 542 550 559 568 566 569 574 581 579 573 579 586 591 590 588 580 580 585 591 600 595 604 609 604 611 608 609 603 612 605 614 614 619 620 625 617 626 634 643 646 643 649 640 643 646 646 649 645 646 650
450 443 443 444 443 440 440 441 432 431 439 442 445 436 441 446 450 449 448 446 446 448 454 459 458 457 458 467 471 468 472 471 479 487 493 489 498 499 507 504 513 517 526 522 527 536 540 542 550 554 549 558 563 564 573 578 575 576 582 578 585 594 600 593 587 584 586 593 600 603 601 610 613 605 612 616 608 606 609 606 613 616 625 629 632 625 632 636 645 652 651 653 645 651 651 650 655 647 654 656
453 447 448 452 444 448 447 445 438 436 443 443 452 445 450 455 459 455 453 452 454 450 458 466 467 458 466 467 475 473 480 477 484 490 497 490 497 502 510 503 504 513 522 531 536 533 533 538 544 545 546 550 554 556 565 574 583 585 587 587 586 595 600 601 595 587 595 602 604 605 609 612 620 613 618 621 616 607 615 615 617 625 631 635 635 627 636 645 649 657 660 657 652 658 657 659 663 656 660 657
456 456 450 453 449 456 448 446 445 445 445 452 454 447 456 463 468 463 454 453 456 453 461 463 472 465 466 474 477 482 489 486 486 495 502 494 496 498 501 502 504 508 516 524 530 531 532 534 543 551 552 559 562 565 568 576 583 592 595 588 594 603 604 606 601 595 604 610 611 606 611 618 621 618 621 620 619 615 623 624 626 626 634 635 636 628 635 642 650 651 658 665 658 659 666 668 667 663 668 666
