  0 338 332 337 340 336 345 347 350 358 355 351 349 357 361 360 354 355 359 358 361 370 378 378 387 385 385 390 393 394 398 395 396 405 406 412 412 419 420 421 429 432 441 442 448 448 452 454 462 466 469 471 480 489 486 494 494 501 504 509 518 510 512 520 529 527 531 539 540 546 555 564 571 573 580 582 585 583 588 583 588 596 600 608 610 619 627 636 633 639 645 646 647 653 661 667 668 664 670 679
  8 331 330 331 331 335 336 343 348 349 350 342 347 348 352 359 353 356 354 355 358 364 369 377 385 383 381 383 389 397 389 391 395 402 403 412 411 417 423 430 430 431 437 441 449 444 447 449 454 458 460 466 474 480 480 487 490 493 495 503 512 504 512 521 525 524 531 534 542 550 558 557 562 565 572 577 577 574 583 580 582 591 600 604 612 621 626 634 631 638 636 642 649 649 658 658 659 660 669 676
 16 323 321 330 328 337 329 335 340 342 342 340 338 341 346 352 345 348 349 356 365 371 378 372 376 378 377 383 386 390 384 388 396 403 412 417 410 415 415 423 430 436 428 433 440 438 446 452 460 458 462 470 471 473 478 486 489 488 495 502 510 502 510 513 517 522 529 531 537 543 552 554 562 562 563 571 572 573 574 578 581 590 599 600 607 616 617 626 622 629 634 639 640 648 649 652 659 660 661 667
 17 327 320 322 323 328 326 327 331 339 339 334 336 337 339 345 343 348 350 359 364 364 369 364 370 371 376 378 379 381 383 392 400 405 414 408 408 409 414 415 421 427 425 427 436 435 443 448 451 457 462 461 465 472 478 481 482 486 494 493 501 501 502 508 517 521 528 530 538 547 547 556 558 558 567 567 576 573 579 582 590 594 592 593 599 608 610 619 618 620 625 633 636 639 643 647 655 664 665 673
 26 327 319 316 322 323 325 332 337 334 330 331 339 340 338 336 340 349 353 354 362 357 360 360 363 367 367 369 371 374 379 388 395 396 405 402 401 410 415 407 416 418 419 426 427 434 443 448 456 460 466 458 460 469 471 478 487 488 488 490 496 495 503 512 514 518 525 530 534 542 539 547 549 557 559 560 569 570 572 573 582 590 591 594 600 602 610 611 612 616 623 625 627 636 642 650 654 663 670 673
 28 321 312 310 313 314 323 332 331 325 323 325 334 331 329 335 343 343 348 348 356 353 359 358 362 368 366 371 370 371 376 379 386 395 396 403 398 403 409 404 409 412 418 426 427 433 436 442 448 452 459 455 463 464 473 477 479 483 484 487 491 494 498 503 512 514 518 522 531 533 538 539 548 554 562 560 569 578 578 581 582 591 598 595 604 603 611 616 621 625 625 631 628 633 639 642 651 660 662 664
 29 313 304 304 309 313 322 328 323 323 314 321 326 322 323 329 336 337 339 346 348 344 351 355 353 360 364 366 367 374 382 376 383 390 397 394 396 397 400 401 408 409 417 421 425 433 433 436 443 445 454 453 457 462 464 470 472 477 486 489 490 493 498 507 515 522 521 525 529 530 531 538 545 546 554 559 563 569 576 580 582 585 590 598 607 612 620 624 623 630 632 633 632 640 646 643 645 653 657 656
 33 306 300 303 312 315 319 322 315 321 313 318 324 321 329 329 335 330 339 342 345 342 350 357 352 351 356 357 365 370 374 375 379 386 389 393 402 405 407 404 413 417 425 429 425 428 430 434 440 449 451 452 460 469 466 470 473 475 481 484 486 488 490 499 507 516 523 522 525 531 540 546 554 547 556 556 557 562 571 573 574 582 587 593 602 608 616 625 629 637 633 638 641 645 649 645 653 650 650 653
 41 300 299 301 305 306 311 314 313 319 311 311 320 320 323 328 327 329 337 333 338 340 348 350 354 348 352 359 368 377 373 373 377 381 388 397 393 398 405 413 418 415 418 420 423 432 436 443 446 448 447 450 455 462 469 475 482 483 489 493 489 495 493 502 511 517 519 521 528 530 538 547 549 549 552 554 557 561 562 565 572 580 586 591 596 605 613 616 620 628 625 634 637 641 648 650 653 649 641 649
 42 292 296 293 298 301 310 308 307 316 307 308 313 319 325 334 326 322 331 332 340 336 345 352 345 347 351 360 367 371 364 372 377 380 386 394 386 392 400 409 411 411 419 421 425 427 436 445 443 445 444 453 455 462 470 478 482 484 488 489 489 498 499 504 504 512 516 522 522 530 531 538 543 551 557 554 555 564 571 569 578 579 588 592 597 601 607 615 617 619 619 627 636 632 640 642 644 647 640 646
 51 287 294 286 294 296 302 302 304 308 306 312 313 311 317 326 326 317 322 324 331 335 341 344 343 352 352 356 358 365 363 368 370 377 378 385 384 388 395 404 408 410 417 425 432 429 432 436 438 438 443 451 452 457 462 471 474 476 479 480 483 490 496 497 498 504 510 513 519 522 530 532 538 547 548 552 558 567 573 574 582 587 579 583 592 598 604 608 609 617 618 619 628 631 632 634 637 638 639 647
 56 282 291 285 293 301 294 301 302 301 299 303 304 307 308 317 320 315 324 325 334 330 337 345 341 350 355 358 367 362 361 367 366 375 383 386 382 385 392 396 399 401 409 416 424 423 423 427 429 437 445 453 453 462 463 471 473 480 481 487 492 497 501 502 501 508 514 509 512 517 521 530 536 545 543 551 560 564 565 574 578 578 577 580 588 593 601 600 600 609 610 618 619 623 632 633 641 647 647 650
 58 279 282 284 286 292 286 295 301 296 297 304 309 303 309 310 311 312 321 324 325 329 331 338 340 341 349 358 367 364 357 359 365 368 375 383 381 383 392 394 397 399 403 410 418 415 416 419 428 433 437 446 453 457 462 465 468 472 476 485 494 499 501 510 505 510 509 504 512 521 527 521 530 537 538 544 551 556 565 569 578 573 575 578 581 588 596 595 598 603 607 614 620 626 633 641 636 645 653 659
 66 275 277 282 280 283 281 289 292 295 303 301 301 294 303 310 315 321 325 326 334 332 337 338 347 350 356 350 359 355 356 364 373 376 370 374 380 386 389 393 402 406 411 411 412 414 423 428 427 433 442 448 449 450 459 459 460 465 472 480 486 494 499 507 498 502 501 503 504 513 518 519 528 536 545 549 550 557 562 561 570 571 577 584 590 586 588 592 593 594 601 608 611 620 624 633 635 644 647 654
 73 274 268 274 271 275 277 286 284 291 294 299 294 290 297 305 306 312 317 318 326 335 332 333 340 349 350 348 352 354 361 370 378 370 369 375 377 378 387 391 397 406 411 405 414 409 417 422 426 429 433 441 448 457 456 453 462 469 476 477 477 485 491 500 492 493 500 502 505 514 517 522 529 531 539 541 544 551 554 560 566 573 574 582 582 584 593 591 592 600 603 611 612 614 623 628 637 646 644 649
 74 266 267 265 268 270 274 280 283 282 285 293 290 286 288 297 301 309 312 317 325 329 331 332 333 342 341 347 352 355 362 371 373 372 368 375 369 375 383 382 391 400 402 402 411 402 411 418 420 425 432 440 449 449 448 449 458 463 468 469 476 485 483 491 491 492 493 500 505 513 520 527 529 530 531 532 540 546 547 556 564 564 568 573 574 581 587 590 592 598 600 602 610 619 623 627 629 638 639 640
 83 261 258 264 265 268 270 277 279 281 279 286 293 285 289 298 307 305 313 312 317 321 328 323 330 333 337 344 348 356 365 373 365 369 367 366 366 372 377 381 387 396 405 400 403 400 403 409 416 418 423 432 441 450 447 452 459 462 467 470 475 483 481 482 490 495 501 509 506 515 523 524 527 536 538 537 546 547 555 559 567 559 560 568 577 584 585 592 598 603 607 604 612 617 622 625 628 635 638 646
 89 259 251 260 265 259 268 273 281 281 273 278 286 282 289 292 298 302 304 306 312 314 319 320 323 328 331 335 343 351 357 365 356 362 358 359 363 367 372 378 385 391 398 397 395 397 403 412 420 424 425 434 432 441 442 446 452 457 465 471 475 478 475 484 485 494 502 508 514 515 523 528 533 537 539 538 547 553 551 557 560 558 566 573 578 587 586 594 595 601 605 608 617 626 629 625 626 634 635 644
 93 253 249 255 260 257 263 270 273 272 271 277 280 281 290 290 294 299 308 309 311 309 310 314 315 324 325 326 334 342 351 358 349 353 354 362 371 373 375 381 382 387 394 402 394 401 406 415 424 429 426 426 428 432 441 446 453 451 459 465 469 474 473 480 489 490 497 506 508 516 516 525 524 529 530 539 538 544 543 548 551 554 561 570 573 580 589 598 596 603 602 609 610 617 624 624 633 637 643 648
 94 253 246 253 253 252 259 266 269 263 264 273 282 281 286 286 293 299 299 308 310 305 308 317 320 325 333 329 335 342 350 352 348 350 358 356 363 370 379 376 384 380 388 393 392 395 404 413 415 422 427 422 429 430 437 446 447 448 456 458 465 467 471 479 481 490 494 497 506 514 514 523 523 531 533 531 529 536 539 544 553 562 566 570 578 587 589 598 595 599 601 607 614 614 615 616 624 629 634 639
100 250 245 246 249 250 259 260 265 261 255 264 273 278 284 282 284 292 291 300 301 304 313 319 319 324 332 337 341 345 347 349 342 343 350 351 354 363 371 375 377 374 379 386 389 398 404 405 406 415 418 420 429 432 433 439 446 447 454 460 460 469 475 481 486 490 498 504 511 511 511 517 521 529 525 522 528 530 535 544 552 559 566 568 573 582 589 596 589 590 597 599 606 613 618 619 621 628 637 645
109 241 238 244 242 251 256 251 258 260 254 256 264 271 275 278 281 284 286 293 302 305 311 316 318 323 326 331 334 336 338 340 341 349 348 353 347 356 362 367 368 371 372 381 382 391 397 404 408 414 411 419 425 431 437 446 442 451 452 453 458 467 469 476 482 484 493 495 502 502 503 508 512 521 527 519 528 537 543 546 550 556 565 574 569 578 580 587 588 593 596 604 597 605 610 611 616 622 628 637
118 232 231 238 238 244 249 250 250 251 253 258 266 267 272 281 281 288 294 300 301 304 308 317 320 320 323 324 325 327 335 335 342 340 342 345 345 347 356 363 371 373 376 380 383 389 397 398 407 407 410 415 423 432 432 438 437 442 443 444 451 460 460 469 475 477 486 492 493 500 501 509 517 525 523 517 522 528 535 537 546 552 556 565 568 572 577 578 580 589 595 595 596 599 608 607 612 619 621 629
122 223 228 231 232 239 243 251 246 253 259 264 266 275 275 276 280 281 285 292 294 303 307 310 317 319 317 323 332 330 330 332 333 333 336 341 343 351 360 368 370 374 377 386 380 386 393 395 404 402 404 407 416 423 428 429 435 439 446 453 453 454 459 466 475 484 485 484 493 494 494 503 510 519 517 514 523 529 531 539 540 549 556 558 559 568 574 578 580 589 590 594 602 599 603 604 613 621 625 630
127 220 224 230 228 233 235 242 244 251 252 260 263 272 273 272 278 272 277 285 294 303 312 304 308 313 316 314 323 322 329 326 331 328 337 341 350 356 355 359 361 367 368 377 378 380 384 392 401 400 405 406 410 419 428 434 435 444 447 453 462 462 460 468 477 478 479 483 490 491 492 494 503 511 512 513 514 522 530 532 537 546 547 556 560 566 575 570 574 582 589 597 602 595 604 598 606 612 621 622
132 215 218 227 220 225 234 243 248 249 255 259 267 270 273 266 271 269 275 284 290 298 305 296 303 307 307 312 319 319 320 320 328 327 329 338 346 352 349 353 360 366 371 375 379 384 385 386 394 396 404 411 415 423 430 439 441 448 455 449 453 462 468 469 478 481 484 492 499 495 494 503 511 513 518 520 521 525 531 532 538 547 556 558 560 558 567 567 570 578 580 589 593 594 595 596 605 608 617 621
133 214 212 219 217 225 234 237 246 244 250 251 258 261 268 265 264 267 271 280 288 292 296 294 297 298 305 305 310 316 313 318 325 320 329 335 341 343 344 345 354 357 364 367 372 379 387 387 388 396 405 414 417 420 429 432 441 449 454 446 449 457 459 463 472 474 477 485 493 494 501 508 517 521 526 519 528 527 532 540 547 550 553 549 551 554 560 561 570 578 587 594 592 595 599 605 606 610 612 617
141 216 209 215 211 220 229 230 237 242 251 252 257 261 260 269 263 271 274 278 279 284 290 286 288 294 296 304 305 307 309 310 318 319 325 334 343 352 353 352 361 365 365 374 381 380 389 390 390 399 406 410 413 421 426 434 440 446 445 444 452 455 463 470 466 465 474 480 488 495 496 505 513 517 517 511 519 528 533 538 541 546 553 546 550 552 561 570 571 573 582 590 589 591 599 602 611 613 621 620
142 215 207 206 206 215 222 223 230 234 243 249 249 256 258 262 262 262 271 274 280 275 283 284 282 291 297 306 314 314 318 317 326 328 331 340 345 354 354 355 364 370 372 376 382 387 391 392 399 406 414 418 414 415 421 426 432 439 444 440 449 451 460 461 462 463 470 477 479 486 495 498 507 509 509 510 517 525 529 530 534 538 545 543 552 558 559 566 566 568 576 584 585 589 596 603 612 613 622 623
151 214 208 199 201 209 216 209 218 227 235 237 238 243 251 252 254 255 258 263 267 269 270 276 281 289 295 299 308 311 320 318 323 324 332 341 350 356 356 356 365 373 377 383 389 396 397 399 408 409 418 425 421 417 418 425 430 431 435 436 445 454 456 465 464 466 468 477 478 485 486 495 500 503 504 511 518 519 521 522 528 529 536 542 549 558 561 562 563 571 577 580 582 590 597 605 614 622 624 624
155 205 205 189 190 199 202 208 215 223 231 239 246 248 254 261 261 257 266 264 272 276 278 278 280 281 292 301 304 311 320 320 326 333 338 342 345 352 359 358 364 368 374 382 390 399 401 408 416 418 412 421 424 418 425 434 431 439 444 445 448 456 465 473 466 469 476 482 487 493 490 492 501 507 510 516 523 527 527 528 535 534 543 544 548 553 555 564 562 570 578 581 590 598 606 611 613 613 619 615
162 196 201 188 194 203 211 214 222 225 234 242 243 252 245 254 258 258 267 273 279 277 280 284 288 286 296 302 308 311 313 314 319 328 337 337 346 352 359 364 369 375 378 385 391 392 400 407 407 410 411 418 419 420 429 438 436 443 452 453 455 462 466 471 475 476 484 487 494 496 489 496 502 503 505 514 522 523 530 531 528 535 541 536 542 544 551 556 558 563 569 575 584 592 601 608 611 609 614 611
171 178 185 187 194 195 204 213 221 229 230 233 242 243 244 252 261 261 270 279 274 277 278 287 296 288 297 298 305 309 315 315 322 329 331 336 338 346 353 360 363 367 372 377 382 390 391 399 405 414 413 422 427 429 437 443 441 443 448 457 458 458 464 468 477 482 484 484 485 487 488 493 494 503 504 510 519 528 529 529 526 534 532 535 540 544 545 554 562 569 575 577 582 586 593 600 602 606 611 609
176 182 191 196 200 203 211 220 225 228 236 242 246 252 246 251 259 260 269 271 273 280 285 294 299 291 296 300 306 312 313 321 322 327 336 345 347 347 355 361 366 371 380 383 383 392 400 404 410 412 419 426 423 429 438 442 445 452 456 453 449 457 461 464 470 474 476 483 484 481 483 488 497 500 503 506 515 524 530 524 524 532 531 539 542 544 553 559 560 569 578 583 588 594 591 592 597 598 606 608
180 189 198 202 201 202 207 215 224 226 231 239 241 248 247 256 262 269 277 272 275 281 287 292 297 294 302 306 311 320 320 327 324 325 328 338 347 356 358 359 365 366 375 380 380 387 395 404 402 410 412 420 421 429 433 434 443 444 451 452 445 454 461 462 471 472 476 475 475 473 474 483 490 492 495 504 509 516 522 515 516 523 528 534 538 539 545 554 562 567 571 576 579 588 584 592 597 606 609 601
184 191 194 202 209 211 212 220 228 233 232 239 241 249 250 254 263 272 273 275 281 290 292 301 300 303 304 305 310 319 321 325 333 334 329 337 342 350 351 355 357 365 373 374 375 382 387 396 399 408 414 414 422 424 426 427 434 438 442 443 444 445 454 457 462 467 471 469 470 472 474 478 483 484 493 501 502 511 516 514 519 517 520 529 533 541 544 553 561 558 567 568 574 580 576 583 590 597 606 599
193 199 203 203 209 215 220 229 229 235 238 239 241 249 252 259 263 272 271 276 280 284 292 301 305 311 310 306 315 316 324 326 335 336 331 339 344 353 357 364 366 372 379 376 384 383 388 389 398 400 405 410 419 428 432 434 441 445 442 447 453 454 456 463 463 465 467 468 477 481 481 484 485 492 493 502 511 509 509 510 511 516 525 521 530 534 542 547 556 557 563 569 565 572 573 582 583 588 597 598
201 200 206 211 218 217 226 230 233 235 236 245 248 253 256 259 261 269 270 275 277 286 286 293 296 302 311 309 312 315 323 328 333 340 338 348 348 355 363 372 368 377 381 373 378 384 384 386 394 398 407 412 420 423 424 430 434 437 439 443 450 456 465 465 472 472 469 470 471 473 474 477 485 487 492 500 502 500 508 515 512 513 519 520 528 532 536 541 550 557 554 560 561 570 578 582 590 596 603 607
206 207 212 220 226 226 233 233 234 241 237 246 250 255 260 266 266 268 275 281 278 281 283 292 294 301 308 310 313 321 328 337 342 342 341 348 354 359 366 374 366 370 376 370 371 379 383 391 393 401 404 405 414 422 430 431 439 436 441 446 450 459 467 467 475 472 471 472 480 475 483 478 485 491 491 498 493 494 501 509 513 520 522 523 532 536 543 546 554 549 551 557 561 570 575 576 584 593 602 606
214 210 213 215 224 230 239 242 237 243 242 244 253 257 260 262 264 272 280 289 284 288 289 294 303 302 303 312 318 326 332 333 340 345 343 344 345 355 360 366 365 367 369 368 375 376 384 390 397 404 408 406 412 421 429 430 434 435 441 450 458 464 464 470 473 472 477 480 488 484 484 479 480 482 489 490 492 497 506 511 518 521 522 526 529 531 535 544 547 548 557 564 562 571 578 578 580 589 594 597
219 217 216 217 225 234 236 242 246 250 247 253 262 265 268 263 267 274 282 291 285 291 293 300 305 303 309 317 318 323 325 333 340 349 345 346 346 352 355 356 358 361 363 367 369 378 383 391 393 402 411 410 411 412 421 424 425 434 436 445 449 458 455 463 471 469 470 479 481 489 492 484 489 490 497 494 501 506 507 511 517 518 525 531 536 540 541 550 550 555 564 568 567 575 576 584 581 585 594 603
224 218 224 220 227 234 235 244 250 253 255 254 262 267 269 271 274 276 285 286 289 295 300 301 309 306 311 317 322 331 332 335 341 345 352 351 355 361 356 357 365 363 370 375 378 386 392 386 394 397 403 401 402 405 414 416 425 429 430 437 446 451 450 459 462 463 464 471 474 483 491 493 489 491 493 501 508 513 513 518 518 521 529 531 535 544 550 557 556 564 567 576 573 579 585 593 589 587 589 596
226 219 220 227 231 236 244 249 256 262 262 256 262 268 271 280 275 276 284 291 291 299 306 309 312 311 313 319 325 334 341 344 346 353 361 360 358 362 361 361 369 364 366 367 370 378 387 381 388 391 394 397 400 408 415 419 428 432 438 438 440 445 448 457 458 464 473 480 475 477 485 486 487 496 495 500 507 513 519 527 523 530 534 540 541 550 558 562 563 569 576 585 582 588 593 596 592 588 589 598
235 226 229 236 233 242 250 254 250 258 263 259 268 269 270 274 275 277 279 287 293 301 305 308 311 314 315 324 328 334 342 343 352 359 364 361 362 359 365 370 376 370 373 369 373 375 377 378 379 384 387 396 400 405 406 413 419 428 434 443 444 452 449 457 463 466 475 478 477 485 482 477 480 489 492 500 501 505 514 521 525 532 537 542 543 552 560 563 570 570 577 578 585 593 599 601 600 597 596 605
244 235 230 231 233 238 242 248 249 257 266 261 267 275 275 276 278 283 288 294 302 305 306 307 316 320 320 325 332 333 335 337 345 352 358 366 357 358 367 370 379 379 374 378 381 376 385 386 387 385 386 388 396 405 406 415 424 427 433 440 443 451 452 453 462 462 469 471 478 485 477 476 484 493 496 504 507 513 518 527 526 531 538 545 551 548 557 561 567 572 581 582 591 600 608 610 603 606 598 602
238 233 232 238 240 239 247 255 256 264 272 267 270 274 282 281 286 291 295 303 309 314 314 309 318 320 326 333 341 334 335 337 346 347 351 357 352 361 369 371 378 377 375 382 380 379 386 387 396 390 391 390 392 401 408 416 418 419 425 434 436 444 451 454 463 460 468 476 471 476 473 475 484 490 497 502 511 519 526 523 523 524 532 536 545 546 555 564 572 581 590 586 595 604 609 617 612 610 606 603
239 240 241 244 244 244 251 259 264 273 278 273 278 277 286 285 288 292 298 300 307 314 315 315 323 329 327 331 339 335 341 338 339 344 348 349 351 358 362 371 379 378 384 390 388 388 388 396 397 398 392 396 393 401 405 413 417 418 424 430 437 441 444 445 454 457 466 467 469 471 472 480 483 490 499 500 509 516 517 518 521 525 534 539 541 550 559 560 566 574 581 590 596 599 606 610 609 609 611 609
244 245 248 253 253 253 260 262 269 278 281 274 280 282 287 294 293 300 307 305 314 319 319 324 326 332 331 335 341 344 347 345 348 350 350 356 357 361 364 365 370 372 375 381 390 397 397 405 406 398 393 401 400 401 403 405 413 422 430 438 438 442 447 451 457 466 473 471 477 479 481 488 491 499 508 506 515 522 523 526 530 526 535 536 545 550 559 568 572 580 589 585 593 598 605 606 607 608 616 614
253 254 249 258 262 262 266 263 272 272 273 275 284 284 291 290 291 296 305 314 323 322 326 332 335 334 336 344 349 351 351 349 352 358 358 363 361 368 373 374 378 374 376 384 393 398 399 408 404 403 402 405 405 406 408 412 419 427 431 435 444 451 448 454 463 467 470 477 484 480 488 490 495 497 505 514 523 526 532 533 529 528 536 545 554 554 563 572 580 585 580 582 588 589 596 604 613 617 624 616
258 256 257 266 263 271 272 266 267 271 280 279 281 283 288 289 297 305 312 316 317 318 324 330 335 342 339 348 357 355 352 358 360 359 359 368 367 376 377 378 383 376 384 393 394 402 401 410 411 406 403 412 412 415 417 419 428 436 440 440 446 451 450 457 462 468 476 481 479 480 483 486 495 502 511 518 519 528 536 537 531 534 535 540 546 549 558 567 571 577 578 587 596 596 602 609 610 618 617 624
259 263 265 273 266 270 271 273 269 270 271 277 286 287 290 294 300 307 316 318 323 321 330 337 339 342 342 344 352 360 361 364 368 366 362 370 376 383 381 379 388 385 391 392 393 398 407 416 412 412 412 421 419 419 419 424 426 433 439 440 449 457 457 461 469 470 476 477 478 483 492 494 503 506 511 512 521 526 532 533 538 535 543 548 555 558 559 564 567 572 581 590 591 598 606 613 611 619 615 624
260 269 266 272 273 271 279 282 278 278 278 280 289 296 297 302 309 312 317 323 325 329 334 343 340 348 347 348 357 364 366 372 373 374 369 378 381 388 383 387 391 387 388 396 400 406 409 410 411 420 418 421 422 420 421 426 435 437 442 449 458 461 466 470 473 478 485 484 486 491 493 502 503 507 508 516 522 529 537 542 540 541 547 552 556 565 567 565 570 575 580 585 586 595 601 608 614 617 611 620
267 276 271 275 282 274 276 284 281 284 279 282 291 300 303 309 315 313 315 316 325 331 333 340 345 352 356 352 356 357 360 363 364 365 374 375 384 392 384 386 388 396 397 399 402 409 418 411 418 427 425 429 428 422 430 433 441 446 449 456 461 467 467 471 476 484 493 492 487 493 501 503 511 514 516 523 524 526 534 535 536 543 551 559 560 561 563 568 569 575 583 589 595 604 601 602 605 608 609 614
274 275 280 284 288 283 279 288 286 286 283 289 293 301 304 310 314 314 318 321 330 336 337 345 347 356 364 361 361 360 366 371 369 374 378 376 384 390 393 388 390 391 393 402 403 412 419 412 413 418 426 435 433 423 432 441 450 453 456 457 458 465 469 469 470 475 484 485 490 493 502 510 516 519 522 524 528 530 538 540 541 542 544 552 553 561 564 567 576 581 582 589 594 597 600 599 606 615 614 617
283 284 289 288 289 292 287 296 287 290 292 290 299 302 309 318 323 323 326 328 334 337 343 351 348 351 359 366 368 366 372 373 374 382 381 385 387 390 396 396 398 396 401 402 410 418 426 421 421 426 434 436 429 427 434 439 443 444 453 460 459 460 468 467 475 484 491 493 499 494 497 503 511 516 521 526 527 536 545 544 549 544 553 560 559 566 567 569 570 572 573 582 585 588 595 596 605 614 621 626
292 293 298 297 297 294 290 295 294 299 301 298 307 303 307 316 318 327 329 329 332 333 340 349 357 359 364 367 375 369 377 379 376 384 390 386 393 391 396 404 399 400 405 411 418 426 427 427 430 430 432 441 437 435 440 447 451 453 462 461 460 461 463 465 473 476 484 488 495 502 502 509 514 521 530 535 530 539 541 542 550 545 547 551 556 565 567 573 571 580 581 589 594 597 604 601 607 608 617 624
294 302 303 300 304 295 291 297 303 300 300 299 301 307 308 317 326 333 338 338 338 340 344 348 354 355 364 370 376 376 383 381 381 383 384 392 398 399 402 411 408 409 414 415 423 427 432 435 438 433 435 439 446 439 446 453 456 462 464 462 462 470 472 469 470 479 485 487 496 500 503 505 512 519 522 531 535 541 547 550 553 553 556 554 555 559 565 572 576 580 584 586 589 590 599 608 616 612 616 620
302 310 307 304 301 297 298 305 304 308 308 301 303 308 312 317 326 331 336 345 340 348 346 353 362 357 366 372 374 378 383 390 388 392 385 389 390 396 405 413 413 410 418 422 423 424 431 432 435 436 444 447 447 442 444 450 451 460 465 471 471 471 473 474 477 484 488 493 494 503 511 514 519 522 525 526 531 540 549 550 559 554 557 555 563 568 573 579 585 585 593 589 593 599 604 605 610 619 618 627
303 306 315 313 306 302 307 307 311 310 311 302 303 306 313 316 325 332 334 338 344 353 350 359 366 366 375 377 383 382 391 397 392 392 391 398 399 405 409 411 417 415 424 424 432 433 440 441 440 440 448 453 456 451 452 459 458 464 465 474 480 479 475 477 486 485 487 493 500 509 510 515 524 523 524 525 534 543 552 558 559 561 561 562 565 574 576 577 585 594 602 598 597 600 602 604 612 614 623 632
306 315 324 321 313 310 310 315 314 318 315 306 304 311 317 321 322 327 334 340 348 352 357 364 369 369 377 378 386 385 389 398 401 397 398 401 400 403 410 409 411 415 416 425 428 434 436 438 447 441 444 452 459 456 454 460 461 465 474 476 480 487 483 486 488 494 496 495 498 506 515 521 522 525 525 534 543 545 546 552 560 568 562 568 572 580 585 584 589 597 602 602 604 602 604 609 617 623 632 641
315 322 330 325 320 319 313 321 318 322 315 314 305 310 318 327 331 335 334 340 343 349 358 365 371 374 382 386 393 391 398 407 406 398 399 403 402 403 407 408 409 418 418 419 420 429 437 445 448 450 448 456 465 463 461 468 470 470 477 482 482 485 489 495 497 502 504 497 505 512 513 521 529 531 526 528 534 541 549 558 566 565 569 573 581 587 592 593 598 601 608 607 608 608 613 617 625 630 637 640
322 331 338 333 325 317 314 315 324 326 322 313 306 310 315 322 328 331 332 340 346 352 361 369 364 373 376 381 384 392 398 407 406 401 406 404 404 410 415 412 414 420 425 428 427 429 435 440 449 455 449 457 460 468 463 470 477 474 479 483 487 488 493 499 501 502 504 499 505 514 519 528 530 539 534 537 542 545 553 557 558 562 568 570 577 586 592 595 596 604 613 614 615 612 617 619 627 634 643 648
327 336 342 338 332 323 317 324 332 328 326 319 315 315 317 322 325 334 341 343 344 353 354 361 362 371 372 373 375 384 391 399 402 405 412 412 411 417 419 418 422 426 433 436 431 432 437 446 455 464 458 462 462 463 467 475 478 483 480 485 486 488 496 503 502 504 502 500 508 509 518 527 535 539 541 543 545 553 554 556 557 559 566 575 577 581 588 596 599 600 608 613 617 620 618 626 634 642 649 655
333 340 345 336 335 328 320 321 323 332 324 317 316 320 321 329 330 337 339 348 353 362 355 360 369 372 380 374 381 382 391 397 405 414 418 419 419 423 427 426 427 427 429 434 440 433 439 447 456 464 467 465 468 472 476 476 483 486 481 482 484 492 493 496 502 507 504 509 517 518 526 529 530 535 544 552 549 551 553 562 563 560 569 573 576 581 590 596 602 601 606 612 619 616 620 629 629 635 644 649
336 344 337 336 334 332 326 329 331 327 322 320 317 322 324 330 338 344 341 344 352 360 356 360 362 371 379 380 382 390 399 406 408 415 423 423 425 432 429 431 433 434 430 435 444 441 447 454 456 461 468 467 475 477 478 485 489 488 488 485 488 490 494 497 504 506 509 510 518 524 529 533 534 543 544 553 553 552 559 561 570 564 565 567 576 580 589 598 599 600 603 612 611 614 620 624 628 637 645 652
340 348 344 345 341 336 327 336 340 333 325 326 325 326 332 335 338 346 347 350 359 360 362 369 370 373 382 389 390 394 396 405 407 415 424 422 429 435 430 438 438 436 437 443 444 449 454 460 459 460 469 472 481 486 479 481 482 485 491 494 489 498 501 504 512 507 515 519 525 533 530 532 539 542 551 560 561 553 556 562 570 571 573 576 584 581 588 596 605 605 603 605 608 613 621 625 634 637 642 651
346 355 353 353 347 343 336 344 335 328 327 329 329 335 333 342 342 351 356 357 363 367 366 370 371 379 383 385 386 387 396 397 400 409 417 418 423 426 435 441 439 437 446 451 453 458 461 469 460 464 473 481 490 483 480 489 489 486 495 495 491 500 509 508 517 516 521 520 522 531 537 536 537 540 546 555 557 561 563 566 568 575 581 585 593 586 587 591 599 601 602 611 617 614 621 625 627 634 635 643
347 356 360 354 354 345 342 340 333 331 331 331 337 340 340 342 344 352 353 357 366 372 371 378 380 388 387 387 388 394 400 406 408 417 421 426 431 435 436 444 447 441 450 456 454 463 469 476 467 472 481 484 488 485 487 488 496 494 500 503 497 502 512 515 517 521 523 528 527 529 537 538 540 549 548 550 559 568 570 575 569 577 578 581 590 590 590 599 606 604 606 612 618 615 624 632 635 637 644 645
355 364 363 362 353 352 349 342 334 338 334 335 341 341 349 343 345 349 351 359 366 375 378 379 380 384 391 395 396 403 409 407 414 418 426 432 439 442 438 441 450 447 448 456 457 462 468 475 472 475 482 487 485 486 495 495 502 503 509 504 505 504 505 508 516 520 529 529 528 537 546 539 545 552 552 556 565 567 571 574 577 578 586 585 589 594 595 598 605 613 610 614 615 623 625 631 632 641 643 652
364 373 364 361 357 351 350 345 338 347 339 338 347 348 356 351 352 357 359 368 374 378 379 382 381 389 398 403 404 412 412 416 418 427 430 431 435 436 442 442 445 449 456 459 463 471 469 471 479 477 478 481 482 488 495 496 497 499 500 509 514 511 511 513 523 529 531 530 534 536 543 544 548 549 551 560 569 572 579 582 579 579 585 593 591 592 601 599 608 614 619 617 623 628 634 632 634 635 642 649
373 373 371 362 360 360 357 348 342 345 342 347 352 349 355 360 361 366 361 362 370 379 388 391 389 397 406 411 413 418 421 420 423 424 429 433 434 438 440 441 450 452 454 463 464 472 473 475 481 481 487 484 485 488 496 505 505 507 501 502 506 515 517 514 515 520 527 531 538 545 552 546 554 557 554 557 561 563 571 575 579 584 588 593 593 601 607 608 612 619 620 625 624 631 632 635 635 640 647 654
382 376 378 369 362 363 360 355 346 350 346 351 360 357 362 364 364 372 363 367 376 377 385 386 390 391 400 409 415 420 425 424 426 432 438 439 439 447 444 444 448 456 461 470 468 469 478 479 480 489 487 486 494 489 497 503 509 515 507 503 509 510 514 523 520 529 535 533 543 547 553 547 555 561 561 558 563 571 578 584 588 588 594 600 602 603 608 613 619 626 621 627 633 639 637 636 636 642 644 650
386 385 384 378 371 370 362 355 351 352 351 352 361 366 371 367 372 369 365 373 382 381 387 392 397 399 407 410 419 420 428 425 431 439 446 441 446 453 451 452 453 461 467 471 470 478 485 484 489 494 496 494 494 491 497 506 515 517 510 510 518 518 519 522 526 529 536 534 540 545 552 556 556 561 570 567 564 568 569 575 580 588 592 601 610 611 617 614 622 629 630 631 634 642 645 645 643 651 650 651
394 394 393 384 380 379 371 364 355 353 360 353 355 364 369 375 381 378 373 375 376 385 388 397 398 407 411 411 416 425 434 433 436 440 449 447 448 456 458 458 459 468 475 479 478 487 487 485 491 500 500 503 496 492 501 507 509 511 512 513 521 526 527 529 534 536 542 543 542 551 556 562 565 570 571 576 569 576 576 578 585 590 598 606 612 619 626 620 621 629 633 639 640 648 652 654 651 660 659 655
397 389 388 384 381 384 375 366 361 362 357 356 359 360 365 366 375 377 379 383 385 387 391 399 401 410 412 417 424 433 435 438 438 439 447 455 457 458 461 467 462 463 472 479 487 488 495 486 487 494 503 509 505 499 508 516 514 517 513 519 526 532 535 536 543 538 547 548 543 551 559 568 573 578 579 585 576 585 577 580 588 595 600 601 609 618 619 621 630 635 641 648 647 648 655 662 653 658 667 659
405 396 395 387 379 378 376 368 365 361 360 365 360 369 367 375 382 380 387 389 394 388 397 405 408 415 419 425 432 440 444 444 447 441 444 448 454 456 464 465 463 464 469 470 478 486 492 495 494 498 506 507 514 508 517 522 519 526 521 527 535 538 542 544 551 545 554 553 550 558 566 568 568 577 583 587 579 582 583 589 592 593 600 606 607 609 616 624 632 640 648 650 655 649 656 657 662 666 667 668
412 403 395 395 387 384 375 368 367 363 365 374 369 376 369 370 373 380 381 384 387 395 399 406 408 412 421 427 436 445 449 453 445 443 444 451 460 461 468 469 469 465 468 472 475 482 490 495 496 505 506 510 511 509 517 525 523 532 525 526 534 539 543 545 554 550 554 554 552 561 569 566 567 569 577 578 582 591 591 591 592 595 603 609 611 612 621 629 630 637 645 653 653 651 657 665 663 672 676 674
405 402 393 393 384 375 374 373 373 369 367 375 377 374 372 375 380 386 390 386 390 392 401 404 410 418 419 426 433 442 447 450 453 444 445 447 453 462 469 478 478 474 477 474 482 490 495 498 503 504 513 518 520 516 525 528 528 533 534 529 536 543 546 550 558 559 562 558 555 557 559 563 566 567 576 580 590 593 596 595 593 598 607 614 620 617 626 633 639 645 650 656 656 660 665 666 669 674 679 682
397 393 390 388 387 379 381 374 374 375 376 383 378 379 376 383 387 395 397 388 389 392 400 401 402 409 412 421 425 434 443 444 445 447 454 456 462 469 476 485 484 483 485 483 491 499 504 500 506 507 508 517 518 519 528 532 533 538 541 537 544 552 554 559 567 566 562 560 557 563 567 571 575 576 582 584 594 601 603 603 602 602 607 615 623 626 634 636 643 648 657 665 665 666 674 672 672 673 677 685
406 399 399 396 389 387 379 375 381 379 380 382 387 387 384 391 388 389 398 397 393 400 405 410 403 412 420 425 432 438 439 446 452 454 452 460 469 468 472 479 483 492 493 490 497 498 503 501 508 516 515 519 520 528 529 531 539 547 550 544 552 558 563 568 568 573 568 568 560 569 575 572 578 585 589 586 596 604 611 606 605 611 610 618 626 635 638 639 641 644 651 660 657 658 665 674 676 677 684 690
410 402 402 398 389 385 384 384 389 380 385 389 392 393 388 397 389 398 404 406 401 402 407 414 411 414 421 427 434 439 442 440 443 448 450 454 463 465 471 472 480 489 494 491 496 504 505 510 517 525 517 526 522 527 533 538 544 552 553 551 560 560 565 568 575 581 574 571 563 572 580 574 577 584 588 590 594 599 607 607 609 610 613 622 627 634 639 646 650 650 643 652 656 658 667 676 685 684 687 696
413 406 403 406 398 394 393 393 390 389 392 396 400 394 397 393 390 398 406 407 409 404 413 416 414 419 420 425 429 430 434 438 446 455 453 454 461 465 470 471 480 489 495 493 496 505 511 513 516 525 526 535 531 528 536 543 544 545 547 551 555 562 570 569 578 580 574 570 566 570 578 582 578 584 592 597 595 597 598 601 603 612 619 623 624 631 630 638 645 646 641 650 653 662 668 672 681 685 686 695
420 414 411 413 404 399 402 400 399 392 393 402 407 400 406 400 399 400 405 412 418 413 422 417 419 427 429 428 437 439 439 447 450 458 462 460 469 474 477 480 483 484 493 496 503 511 519 516 524 531 533 540 533 537 539 544 548 548 555 559 558 564 573 578 582 587 581 576 567 576 578 583 580 589 596 603 597 599 606 608 606 611 612 619 621 625 629 631 636 637 638 647 652 655 662 671 676 677 685 687
428 423 420 422 413 406 404 401 402 393 402 405 413 405 412 403 408 402 411 413 422 414 416 423 422 431 432 429 431 435 444 453 455 459 468 467 474 481 481 487 492 493 500 501 508 513 517 520 524 533 535 540 535 544 540 549 556 550 557 566 563 571 577 586 583 587 580 579 571 580 587 591 584 591 595 595 604 607 614 609 611 616 618 627 628 627 631 632 640 640 641 650 652 661 670 674 679 685 691 688
436 430 424 415 414 413 411 402 404 396 405 411 417 414 414 405 411 405 412 417 425 423 425 432 429 435 441 438 434 443 446 448 457 458 467 475 482 488 487 488 490 498 505 504 508 515 517 523 532 541 536 545 544 553 545 553 558 559 562 571 569 573 579 586 592 586 587 580 579 586 594 592 586 587 588 593 602 610 617 612 615 619 622 630 635 628 635 641 647 643 649 650 658 666 667 676 685 686 691 694
433 426 417 416 421 421 412 403 411 403 410 414 420 417 423 414 414 411 418 419 422 423 429 435 431 432 436 444 436 445 447 456 462 463 472 480 481 490 496 494 499 507 512 513 510 512 518 527 533 540 537 538 540 548 546 548 554 555 563 569 570 564 573 580 585 578 587 586 588 595 603 594 591 594 592 596 604 608 615 618 624 627 630 635 632 630 632 637 639 646 649 655 662 665 672 681 690 693 700 703
433 424 423 424 428 419 414 405 412 412 418 423 424 419 426 421 423 420 419 420 423 424 432 441 439 434 443 441 438 439 442 449 458 464 469 478 481 485 492 499 500 508 512 513 511 516 519 528 530 532 540 547 541 550 553 549 552 555 559 561 562 563 567 576 582 577 585 592 595 603 608 601 600 598 595 598 606 614 620 627 630 636 637 644 640 635 639 646 646 652 652 653 662 669 678 686 693 694 703 710
439 430 432 429 429 420 420 414 413 421 419 422 429 420 429 430 431 429 428 429 424 432 438 447 440 435 443 445 447 441 450 458 465 465 469 475 476 483 486 491 498 507 515 516 519 524 528 536 531 539 540 545 549 557 559 557 557 559 567 566 566 564 572 573 574 576 581 587 588 594 603 609 608 607 603 606 609 613 622 626 627 631 637 646 641 636 639 646 649 654 658 660 661 670 678 680 686 693 696 701
436 433 435 436 430 429 422 415 419 421 424 424 427 428 435 433 437 434 429 429 427 428 430 439 448 444 448 453 449 450 458 462 471 474 476 477 482 487 488 492 501 508 512 515 524 532 531 540 538 544 549 554 552 558 564 565 558 566 574 568 575 573 577 580 581 578 579 585 594 597 601 604 610 608 605 609 610 612 617 619 628 636 643 644 643 643 642 643 647 652 654 663 668 672 673 681 683 692 700 704
445 437 442 445 439 438 431 424 425 426 432 432 428 431 440 434 439 436 434 437 428 437 438 447 455 451 449 458 451 457 466 471 480 483 481 485 487 492 497 493 498 504 505 514 519 526 530 539 541 542 545 550 558 559 561 567 567 573 582 573 580 581 584 586 590 586 588 594 602 605 606 611 615 613 607 616 612 619 618 627 633 637 640 649 649 651 646 651 648 656 663 672 671 672 681 687 685 690 692 695
446 445 451 446 447 443 434 430 426 431 435 433 431 432 440 442 446 438 437 445 436 437 438 447 453 452 456 465 456 465 466 475 483 492 488 486 495 498 497 496 497 503 512 519 528 535 535 543 549 543 544 553 559 568 568 574 574 574 582 581 586 584 586 595 594 587 593 596 597 598 599 605 613 614 615 619 621 621 627 629 635 640 644 645 647 655 655 655 649 653 655 664 665 674 680 681 685 686 695 703
452 450 458 453 445 442 436 434 433 432 440 441 438 438 445 451 451 447 439 448 442 446 447 448 452 456 460 461 458 467 471 480 485 494 493 487 493 500 506 503 503 509 517 524 528 537 541 543 552 547 553 555 562 567 571 574 579 576 580 583 588 592 592 595 598 589 598 604 606 602 604 606 611 618 618 627 629 630 630 630 632 641 650 646 653 660 661 657 653 659 661 662 664 665 671 679 680 685 693 697
461 459 459 451 447 438 437 442 441 437 438 439 444 443 449 458 455 446 445 454 449 455 456 453 461 459 460 461 461 469 474 483 489 490 499 492 499 508 505 504 512 510 515 524 533 539 548 551 560 555 561 564 570 576 580 580 588 585 586 584 589 596 601 601 600 591 593 597 602 607 612 609 613 614 617 624 633 631 635 631 635 636 643 651 659 665 669 660 658 662 669 668 673 667 674 680 685 684 685 688
468 459 451 450 441 440 445 446 442 445 443 441 450 444 452 453 462 455 450 453 450 454 463 457 465 460 468 469 469 470 472 480 483 489 498 501 508 512 514 507 511 519 523 532 541 548 555 558 559 557 559 568 571 579 580 588 595 594 591 592 598 600 606 602 604 600 594 601 605 609 610 618 621 621 626 631 640 639 636 635 643 638 641 643 651 660 660 669 664 669 675 677 678 669 670 671 676 682 690 689
465 458 451 450 442 446 454 450 451 449 452 450 455 447 454 454 459 462 453 457 452 461 470 464 473 467 476 471 473 477 478 486 485 491 500 504 513 513 518 512 518 526 529 537 546 551 560 567 566 562 566 575 579 584 587 590 596 602 594 593 602 609 611 611 607 599 597 605 612 615 618 624 629 630 634 636 640 640 645 640 648 639 642 643 651 653 656 664 672 670 675 676 675 672 676 674 684 684 688 696
470 464 455 451 451 449 451 451 460 451 457 459 457 448 457 463 462 461 454 461 460 463 470 469 474 473 480 475 476 481 483 492 494 500 501 510 513 522 523 519 527 531 536 538 545 546 555 564 571 570 567 576 584 585 590 597 602 611 602 596 602 611 620 620 611 604 603 611 615 624 626 631 638 631 639 639 640 643 650 641 650 647 651 652 660 657 665 673 679 678 676 684 680 679 684 680 683 685 694 701
470 462 456 459 457 456 453 456 459 452 456 465 460 457 466 464 464 470 463 466 466 472 479 473 480 474 483 480 485 483 485 492 499 504 506 509 518 525 525 528 533 538 539 539 545 549 556 565 569 576 568 576 585 594 594 597 602 609 611 605 611 618 623 622 620 612 612 617 623 632 627 636 641 637 644 645 646 644 653 646 655 655 660 661 666 658 667 675 684 687 684 690 681 684 687 687 690 686 687 691
472 465 465 466 465 462 462 463 454 453 461 464 467 458 463 468 472 471 470 468 468 470 476 481 480 479 480 489 493 490 494 493 501 509 515 511 520 521 529 526 535 539 548 544 549 558 562 564 572 576 575 581 585 586 595 604 603 604 610 610 617 626 632 625 619 616 618 625 632 635 633 642 646 638 645 653 648 647 650 647 654 657 666 670 673 666 673 677 686 693 692 694 686 692 692 691 696 688 695 697
475 469 470 474 466 470 469 467 460 458 465 465 474 467 472 477 481 477 475 474 476 472 480 488 489 480 488 489 497 495 502 499 506 512 519 512 519 524 532 525 526 535 544 553 558 555 555 560 566 567 568 572 576 578 587 596 605 613 615 619 618 627 632 633 627 619 627 634 636 637 641 644 652 646 651 656 657 648 656 656 658 666 672 676 676 668 677 686 690 698 701 698 693 699 698 700 704 697 701 698
478 478 472 475 471 478 470 468 467 467 467 474 476 469 478 485 490 485 476 475 478 475 483 485 494 487 488 496 499 504 511 508 508 517 524 516 518 520 523 524 526 530 538 546 552 553 554 556 565 573 574 581 584 587 590 598 605 614 622 620 626 635 636 638 633 627 636 642 643 638 643 650 653 651 654 655 659 656 664 665 667 667 675 676 677 669 676 683 691 692 699 706 699 700 707 709 708 704 709 707
