  0 380 374 379 382 378 387 389 392 400 399 395 393 401 405 404 398 399 403 402 405 414 422 422 431 428 426 431 434 435 439 436 437 446 447 452 446 453 454 455 463 466 475 476 482 481 485 487 495 499 502 504 513 517 514 522 522 529 532 537 546 538 540 548 557 555 559 567 568 574 583 592 599 601 608 610 613 611 616 611 616 624 628 636 638 647 655 664 661 667 673 674 675 681 689 695 696 692 698 707
  8 373 372 373 373 377 378 385 390 391 394 386 391 392 396 403 397 400 398 399 402 408 413 421 428 426 422 424 430 438 430 432 436 443 444 453 445 451 457 464 464 465 471 475 483 477 480 482 487 491 493 499 507 508 508 515 518 521 523 531 540 532 540 549 553 552 559 562 570 578 586 585 590 593 600 605 605 602 611 608 610 619 628 632 640 649 654 662 659 666 664 670 677 677 686 686 687 688 697 704
 16 365 363 372 370 379 371 377 382 384 386 384 382 385 390 396 389 392 393 400 409 414 421 415 419 421 418 424 427 431 425 429 437 444 453 451 444 449 449 457 464 470 462 467 474 471 479 485 493 491 495 498 499 501 506 514 517 516 523 530 538 530 538 541 545 550 557 559 565 571 580 582 590 590 591 599 600 601 602 606 609 618 627 628 635 644 645 654 650 657 662 667 668 676 677 680 687 688 689 695
 17 369 362 364 365 370 368 369 373 381 383 378 380 381 383 389 387 392 394 403 408 407 412 407 413 414 417 419 420 422 424 431 437 439 448 442 442 443 448 449 455 461 459 461 469 468 476 481 484 490 494 489 493 500 506 509 510 514 522 521 529 529 530 536 545 549 556 558 566 575 575 584 586 586 595 595 604 601 607 610 618 622 620 621 627 636 638 647 646 648 653 661 664 667 671 675 683 692 693 701
 26 369 361 358 364 365 367 374 379 378 374 375 383 384 382 380 384 393 397 398 406 400 403 403 406 410 408 410 412 415 420 422 429 430 439 436 435 444 449 441 450 452 453 460 460 467 473 476 484 488 494 486 488 497 499 506 515 516 516 518 524 523 531 540 542 546 553 558 562 570 567 575 577 585 587 588 597 598 600 601 610 618 619 622 628 630 638 639 640 644 651 653 655 664 670 678 682 691 698 701
 28 363 354 352 355 356 365 374 373 369 367 369 378 375 373 379 387 387 392 392 399 396 402 401 403 409 407 412 411 412 417 413 420 429 430 437 432 437 443 438 443 446 452 460 459 465 464 470 476 480 487 483 491 492 501 505 507 511 512 515 519 522 526 531 540 542 546 550 559 561 566 567 576 582 590 588 597 606 606 609 610 619 626 623 632 631 639 644 649 653 653 659 656 661 667 670 679 688 690 692
 29 355 346 346 351 355 364 370 365 367 358 365 370 366 367 373 380 381 383 390 391 387 394 398 394 401 405 407 408 415 418 410 417 424 431 428 430 431 434 435 442 443 451 455 457 464 461 464 471 473 482 481 485 490 492 498 500 505 514 517 518 521 526 535 543 550 549 553 557 558 559 566 573 574 582 587 591 597 604 608 610 613 618 626 635 640 648 652 651 658 660 661 660 668 674 671 673 681 685 684
 33 348 342 345 354 357 361 364 357 365 357 362 368 365 373 373 379 374 383 386 389 385 393 400 393 392 397 398 406 411 411 409 413 420 423 427 430 434 440 438 447 451 454 457 453 456 458 462 468 477 479 480 488 497 494 498 501 503 509 512 514 516 518 527 535 544 551 550 553 559 568 574 582 575 584 584 585 590 599 601 602 610 615 621 630 636 644 653 657 665 661 666 669 673 677 673 681 678 678 681
 41 342 341 343 347 348 353 356 355 363 355 355 364 364 367 372 371 373 381 377 382 383 391 393 395 389 393 400 409 414 407 407 411 415 422 430 421 426 433 442 446 443 446 448 451 460 464 471 474 476 475 478 483 490 497 503 510 511 517 521 517 523 521 530 539 545 547 549 556 558 566 575 577 577 580 582 585 589 590 593 600 608 614 619 624 633 641 644 648 656 653 662 665 669 676 678 681 677 669 677
 42 334 338 335 340 343 352 350 349 358 351 352 357 363 369 378 370 366 375 376 384 379 388 394 386 388 392 401 408 405 398 406 411 414 420 423 414 420 428 437 439 439 447 449 453 455 464 473 471 473 472 481 483 490 498 506 510 512 516 517 517 526 527 532 532 540 544 550 550 558 559 566 571 579 585 582 583 592 599 597 606 607 616 620 625 629 635 643 645 647 647 655 664 660 668 670 672 675 668 674
 51 329 336 328 336 338 344 344 346 352 350 356 357 355 361 370 370 361 366 368 375 378 384 387 384 393 393 397 399 403 397 402 404 411 412 419 412 416 423 432 436 438 445 453 460 457 460 464 466 466 471 479 480 485 490 499 502 504 507 508 511 518 524 525 526 532 538 541 547 550 558 560 566 575 576 580 586 595 601 602 610 615 607 611 620 626 632 636 637 645 646 647 656 659 660 662 665 666 667 675
 56 324 333 327 335 343 336 343 344 345 343 347 348 351 352 361 364 359 368 368 377 373 380 387 382 391 396 396 405 396 395 401 400 409 413 414 410 413 420 424 427 429 437 444 452 451 451 455 457 465 473 481 481 490 491 499 501 508 509 515 520 525 529 530 529 536 542 537 540 545 549 558 564 573 571 579 588 592 593 602 606 606 605 608 616 621 629 628 628 637 638 646 647 651 660 661 669 675 675 678
 58 321 324 326 328 334 328 337 344 340 341 348 353 347 353 354 355 356 365 367 368 372 374 379 381 382 390 393 402 398 391 393 399 402 405 411 409 411 420 422 425 427 431 438 446 443 444 447 456 461 465 474 481 485 490 493 496 500 504 513 522 527 529 538 533 538 537 532 540 549 555 549 558 565 566 572 579 584 593 597 606 601 603 606 609 616 624 623 626 631 635 642 648 654 661 669 664 673 677 685
 66 317 319 324 322 325 323 331 335 339 347 345 345 338 347 354 359 365 367 364 373 375 372 372 381 390 391 384 393 389 390 398 407 406 398 402 408 414 417 421 430 434 439 439 440 442 451 456 455 461 470 476 477 478 487 487 488 493 500 508 514 522 527 535 526 530 529 531 532 541 546 547 556 564 573 577 578 585 590 589 598 599 605 612 618 614 616 620 621 622 629 636 639 648 652 661 663 672 669 676
 73 316 310 316 313 317 319 328 327 335 338 343 338 334 341 349 350 356 359 356 364 372 366 367 374 383 384 382 386 388 395 404 406 398 397 403 405 406 415 419 425 434 439 433 442 437 445 450 454 457 461 469 476 485 484 481 490 497 504 505 505 513 519 528 520 521 528 530 533 542 545 550 557 559 567 569 572 579 582 588 594 601 602 610 610 612 621 619 620 628 631 639 640 642 651 656 662 671 666 671
 74 308 309 307 310 312 316 322 326 326 329 337 334 330 332 341 345 351 354 355 363 363 365 366 367 376 375 381 386 389 396 405 401 400 396 403 397 403 411 410 419 428 430 430 439 430 439 446 448 453 460 468 477 477 476 477 486 491 496 497 504 513 511 519 519 520 521 528 533 541 548 555 557 558 559 560 568 574 575 584 592 592 596 601 602 609 615 618 620 626 628 630 638 647 651 654 653 662 661 662
 83 303 300 306 307 312 314 321 323 325 323 330 337 329 333 342 346 343 351 350 355 355 362 357 364 367 371 378 382 390 399 401 393 397 395 394 394 400 405 409 415 424 433 428 431 428 431 437 444 446 451 460 469 478 475 480 487 490 495 498 503 511 509 510 518 523 529 537 534 543 551 552 555 564 566 565 574 575 583 587 595 587 588 596 605 612 613 620 626 631 635 632 640 645 650 650 651 658 660 668
 89 301 293 302 308 303 312 317 325 325 317 322 330 326 333 333 337 340 342 344 350 348 353 354 357 362 365 369 377 385 391 393 384 390 386 387 391 395 400 406 413 419 426 425 423 425 431 440 448 452 453 462 460 469 470 474 480 485 493 499 503 506 503 512 513 522 530 536 542 543 551 556 561 565 567 566 575 581 579 585 588 586 594 601 606 615 614 622 622 628 631 635 644 651 654 647 648 656 657 666
 93 295 291 297 304 301 307 314 317 316 315 321 324 325 334 330 331 336 342 345 345 343 344 348 349 358 359 360 368 376 385 386 377 381 382 390 399 401 403 409 410 415 422 430 422 429 434 443 452 457 454 454 456 460 469 474 481 479 487 493 497 502 501 508 517 518 525 534 536 544 544 553 552 557 558 567 566 572 571 576 579 582 589 598 601 608 617 626 621 628 627 634 635 642 647 646 655 659 665 670
 94 295 288 295 297 296 303 310 313 307 308 317 326 325 330 326 327 333 333 342 344 339 342 351 354 359 367 363 369 376 383 380 376 378 386 384 391 398 407 404 412 408 416 421 420 423 432 441 443 450 455 450 457 458 465 474 475 476 484 486 493 495 499 507 509 518 522 525 534 542 542 551 551 559 561 559 557 564 567 572 581 590 594 598 606 615 617 626 620 624 626 632 638 637 638 638 646 651 656 661
100 292 287 288 293 294 303 304 309 305 299 308 317 322 325 322 318 326 325 334 335 338 347 353 351 356 362 367 369 373 375 377 370 371 378 379 382 391 399 403 405 402 407 414 417 426 432 433 434 443 446 448 457 460 461 467 474 475 482 488 488 497 503 509 514 518 526 532 539 539 539 545 549 557 553 550 556 558 563 572 580 587 594 596 601 610 617 621 614 615 622 624 630 636 641 637 639 646 655 663
109 283 280 286 286 295 300 295 302 304 298 300 308 315 316 318 315 318 320 327 336 338 344 349 350 353 354 359 362 364 366 368 369 377 376 381 375 384 390 395 396 399 400 409 410 419 425 432 436 442 439 447 453 459 465 474 470 479 480 481 486 495 497 504 510 512 521 523 530 530 531 536 540 549 555 547 556 565 571 574 578 584 593 602 597 606 608 612 613 618 621 628 621 628 633 629 634 640 646 655
118 274 273 280 282 288 293 294 294 295 297 302 310 311 312 316 312 319 325 331 332 335 339 347 348 348 351 352 353 355 363 363 370 368 370 373 373 375 384 391 399 401 404 408 411 417 425 426 435 435 438 443 451 460 460 466 465 470 471 472 479 488 488 497 503 505 514 520 521 528 529 537 545 553 551 545 550 556 563 565 574 580 584 593 596 600 605 603 605 614 620 619 620 620 629 625 630 637 639 647
122 265 270 273 276 283 287 295 290 297 303 308 310 316 307 307 311 312 316 323 325 334 338 338 345 347 345 351 360 358 358 360 361 361 364 369 371 379 388 396 398 402 405 414 408 414 421 423 432 430 432 435 444 451 456 457 463 467 474 481 481 482 487 494 503 512 513 512 521 522 522 531 538 547 545 542 551 557 559 567 568 577 584 586 587 596 602 602 604 613 614 618 625 617 621 622 631 639 643 648
127 262 266 272 272 277 279 286 288 295 296 304 307 313 304 303 309 303 308 316 325 334 341 332 336 341 344 342 351 350 357 354 359 356 365 369 378 384 383 387 389 395 396 405 406 408 412 420 429 428 433 434 438 447 456 462 463 472 475 481 490 490 488 496 505 506 507 511 518 519 520 522 531 539 540 541 542 550 558 560 565 574 575 584 588 590 599 594 598 606 613 621 621 613 622 616 624 630 639 640
132 257 260 269 264 269 278 287 292 293 299 303 311 309 304 297 302 300 306 315 321 328 333 324 331 335 335 340 347 347 348 348 356 355 357 366 374 380 377 381 388 394 399 403 407 412 413 414 422 424 432 439 443 451 458 467 469 476 483 477 481 490 496 497 506 509 512 520 527 523 522 531 539 541 546 548 549 553 559 560 566 575 584 582 584 582 591 591 594 602 604 613 612 612 613 614 623 626 635 639
133 256 254 261 261 269 278 281 290 288 294 295 302 300 300 296 295 298 302 311 316 320 324 322 325 326 333 333 338 344 341 346 353 348 357 363 369 371 372 373 382 385 392 395 400 407 415 415 416 424 433 442 445 448 457 460 469 477 482 474 477 485 487 491 500 502 505 513 521 522 527 534 543 549 550 543 552 554 559 567 574 574 577 573 575 578 584 585 594 597 606 613 608 611 615 623 624 628 630 635
141 258 251 257 255 264 273 274 281 286 295 295 297 297 292 301 294 299 302 306 307 312 318 314 316 322 324 332 333 335 337 338 346 347 353 362 371 380 381 380 389 393 393 402 409 408 417 418 418 427 434 438 441 449 454 462 468 474 473 472 480 483 491 498 494 493 502 508 516 523 520 529 537 541 541 535 543 552 557 562 565 570 577 570 574 576 585 594 587 589 598 606 605 607 615 618 627 630 639 638
142 257 249 248 250 259 266 267 274 278 287 292 289 296 290 294 293 290 299 302 308 303 311 312 310 319 325 334 342 342 346 345 354 356 359 368 373 382 382 383 392 398 400 404 410 415 419 420 427 434 442 446 442 443 449 454 460 467 472 468 477 479 488 489 490 491 498 505 507 514 519 522 531 533 533 534 541 549 553 554 558 562 569 567 576 582 578 585 582 584 592 600 601 605 612 619 628 629 638 641
151 255 250 241 245 253 260 258 267 276 284 284 282 287 287 288 289 287 290 295 299 301 302 308 309 317 323 327 336 339 348 346 351 352 360 369 378 384 384 384 393 401 405 411 417 424 425 427 436 437 446 453 449 445 446 453 458 459 463 464 473 482 484 493 492 494 496 505 506 513 510 519 524 527 528 535 542 543 545 546 552 553 560 566 571 578 577 578 579 587 593 596 598 606 613 621 630 638 640 640
155 246 247 238 239 248 251 257 264 272 280 283 281 284 279 288 290 286 295 296 304 306 310 310 311 312 321 330 333 340 349 349 355 361 366 371 374 381 388 386 392 396 402 410 418 426 429 436 441 444 437 446 450 446 453 462 459 467 472 473 476 484 493 497 494 497 504 510 515 517 509 511 520 525 527 533 540 547 551 552 551 556 565 560 564 569 571 580 578 586 594 597 606 614 622 627 629 629 635 631
162 237 241 237 243 245 254 260 268 265 272 275 273 279 270 279 283 284 293 302 302 299 302 308 316 317 325 331 337 340 342 343 348 357 366 366 375 381 388 392 398 404 407 414 416 417 425 432 432 435 436 443 444 446 455 464 464 471 480 481 481 481 484 489 498 504 508 505 510 512 505 512 518 519 521 530 538 539 546 547 544 551 557 552 558 560 567 572 574 579 585 591 600 608 617 624 627 625 630 627
171 230 236 236 239 236 245 254 262 262 263 266 272 270 269 277 286 285 294 301 295 298 299 308 317 319 326 327 334 338 344 344 351 358 360 365 367 375 382 389 392 396 401 406 407 415 416 424 430 439 438 447 449 455 463 464 467 469 474 478 474 474 480 484 493 498 500 500 501 503 504 509 510 519 520 526 535 544 545 545 542 550 548 551 556 560 561 570 578 585 591 593 598 602 609 616 618 622 627 625
176 223 229 234 232 235 240 249 254 254 262 271 263 272 268 273 281 282 291 292 294 301 306 315 321 321 326 330 336 342 343 351 352 356 365 374 376 376 384 390 395 400 409 405 402 411 420 425 428 430 437 444 441 447 456 458 462 469 475 469 465 473 477 480 486 490 492 499 500 497 499 504 513 516 519 522 531 540 546 540 540 548 547 555 558 560 569 575 576 585 594 599 604 610 607 608 613 614 622 624
180 217 220 225 226 227 232 240 249 251 256 264 258 265 266 275 281 290 294 290 293 299 305 310 315 318 326 332 337 346 350 354 354 355 358 367 376 385 387 388 394 395 404 399 399 406 414 423 420 428 430 438 439 447 449 450 459 460 467 468 461 470 477 478 487 488 492 491 491 489 490 499 506 508 511 520 525 532 538 531 532 539 544 550 554 555 561 570 578 583 587 592 595 604 600 608 613 622 625 617
184 191 211 219 225 232 236 244 249 254 252 259 256 264 267 271 280 289 286 289 295 304 309 318 318 327 328 328 333 342 343 347 356 364 359 366 371 379 380 384 386 394 401 393 394 401 406 414 417 425 430 430 438 440 442 443 450 454 458 459 460 461 470 473 478 483 487 485 486 488 490 494 499 500 509 517 518 527 532 530 535 533 536 545 549 557 560 569 577 574 583 584 590 596 592 599 606 613 622 615
193 199 210 211 217 223 231 240 241 247 251 252 254 262 265 272 276 285 284 289 293 297 305 314 318 324 330 327 336 333 341 343 352 356 358 365 370 379 385 393 393 400 399 392 401 401 405 405 414 416 421 426 435 444 448 450 457 461 458 463 469 470 472 479 479 481 483 484 493 497 497 500 501 508 509 518 527 525 525 526 527 532 541 537 546 550 558 563 572 573 579 585 581 588 589 598 599 604 613 614
201 200 208 216 225 225 234 238 242 244 245 254 261 266 269 272 274 282 283 288 290 299 299 306 309 315 324 326 329 332 340 345 350 357 364 373 374 381 389 393 384 393 397 389 394 400 400 402 410 414 423 428 436 439 440 446 450 453 455 459 466 472 481 481 488 488 485 486 487 489 490 493 501 503 508 516 518 516 524 531 528 529 535 536 544 548 552 557 566 573 570 576 577 586 594 598 606 612 619 623
206 207 214 223 231 234 241 241 242 249 246 255 259 264 269 276 278 280 287 293 291 294 296 305 307 314 321 323 326 334 341 350 359 359 362 367 370 375 382 390 382 386 392 386 387 395 399 407 409 417 420 421 430 438 446 447 455 452 457 462 466 475 483 483 491 488 487 488 496 491 499 494 501 507 507 514 509 510 517 525 529 536 538 539 548 552 559 562 570 565 567 573 577 586 591 592 600 609 618 622
214 210 215 217 226 232 241 250 245 251 251 253 262 266 269 271 273 281 289 298 297 301 302 307 316 315 316 325 331 339 345 346 353 358 360 361 362 371 376 382 381 383 385 384 391 392 400 406 413 420 424 422 428 437 445 446 450 451 457 466 474 480 480 486 489 488 493 496 504 500 500 495 496 498 505 506 508 513 522 527 534 537 538 542 545 547 551 560 563 564 573 580 578 587 594 594 596 605 610 613
219 217 218 219 227 236 238 244 253 258 256 262 271 274 277 272 276 283 291 300 298 304 306 313 318 316 322 330 331 336 338 346 353 362 362 363 363 369 372 373 375 378 379 383 385 394 399 407 409 418 427 426 427 428 437 440 441 450 452 461 465 474 471 479 487 485 486 495 497 505 508 500 505 506 513 510 517 522 523 527 533 534 541 547 552 556 557 566 566 571 580 584 583 591 592 600 597 601 610 619
225 218 226 222 229 236 237 246 252 255 263 263 271 276 278 280 283 285 294 295 299 305 312 313 321 319 324 330 335 344 345 348 354 358 365 368 372 378 373 374 382 380 386 391 394 402 408 402 410 413 419 417 418 421 430 432 441 445 446 453 462 467 466 475 478 479 480 487 490 499 507 509 505 507 509 517 524 529 529 534 534 537 545 547 551 560 566 573 572 580 583 592 589 595 601 609 605 603 605 612
228 219 220 229 233 238 246 251 258 264 270 265 271 277 280 289 284 285 293 300 301 309 316 321 323 324 326 332 338 347 354 357 359 366 374 377 375 373 378 378 386 381 383 384 386 394 403 397 404 407 410 413 416 424 431 435 444 448 454 454 456 461 464 473 474 480 489 496 491 493 501 502 503 512 511 516 523 529 535 543 539 546 550 556 557 566 574 578 579 585 592 601 598 604 609 612 608 604 605 614
235 226 229 238 235 244 252 256 252 260 265 268 277 278 279 283 284 286 288 296 302 310 314 317 320 323 325 334 338 344 352 353 362 369 374 373 372 369 375 384 391 387 390 386 390 392 394 395 396 401 403 412 416 421 422 429 435 444 450 459 460 468 465 473 479 482 491 494 493 501 498 493 496 505 508 516 517 521 530 537 541 548 553 558 559 568 576 579 586 586 593 594 601 609 615 617 616 613 612 621
244 235 230 231 233 238 244 250 251 259 268 270 276 284 284 285 287 292 297 303 311 314 315 316 325 329 330 335 342 343 345 347 355 362 368 376 367 368 377 380 389 396 391 395 398 393 402 403 404 402 403 405 412 421 422 431 440 443 449 456 459 467 468 469 478 478 485 487 494 501 493 492 500 509 512 520 523 529 534 543 542 547 554 561 567 564 573 577 583 588 597 598 607 616 624 626 619 622 614 618
238 233 232 238 240 239 249 257 258 266 274 276 279 283 291 290 295 300 304 312 318 323 323 318 327 329 335 343 351 344 345 347 356 357 361 367 362 371 379 381 388 390 391 398 397 396 403 404 413 407 408 407 409 417 424 432 434 435 441 450 452 460 467 470 479 476 484 492 487 492 489 491 500 506 513 518 527 535 542 539 539 540 548 552 561 562 571 580 588 597 606 602 611 620 625 633 628 626 622 619
239 240 241 244 244 244 251 261 266 275 280 282 287 286 295 294 297 301 307 309 316 323 324 324 332 338 336 340 348 345 351 348 349 354 358 359 361 368 372 381 389 388 394 400 405 405 405 413 414 415 409 413 410 417 421 429 433 434 440 446 453 457 460 461 470 473 482 483 485 487 488 496 499 506 515 516 525 532 533 534 537 541 550 555 557 566 575 576 582 590 597 606 612 615 622 626 625 625 627 625
244 245 248 253 253 253 260 263 271 280 283 278 284 289 294 301 298 306 315 314 323 328 328 333 335 341 340 344 350 354 357 355 358 360 360 366 367 371 374 375 380 382 385 391 400 409 414 422 423 415 410 418 417 418 419 421 429 438 446 454 454 458 463 467 473 482 489 487 493 495 497 504 507 515 524 522 531 538 539 542 546 542 551 552 561 566 575 584 588 596 605 601 609 614 621 622 623 624 632 630
253 254 249 258 262 262 266 264 274 273 274 276 286 287 294 291 292 297 307 316 325 324 331 339 344 343 345 353 358 361 361 359 362 368 368 373 371 378 383 384 388 384 386 394 403 408 410 419 420 420 419 422 422 423 424 428 435 443 447 451 460 467 464 470 479 483 486 493 500 496 504 506 511 513 521 530 539 542 548 549 545 544 552 561 570 570 579 588 596 601 596 598 604 605 612 620 629 633 640 632
258 256 257 266 263 271 272 267 268 272 281 280 282 284 289 290 298 306 313 317 318 319 325 331 336 345 348 357 366 365 362 368 370 369 369 378 377 386 387 388 393 386 394 403 404 412 412 421 427 423 420 429 429 432 433 435 444 452 456 456 462 467 466 473 478 484 492 497 495 496 499 502 511 518 527 534 535 544 552 553 547 550 551 556 562 565 574 583 587 593 594 603 612 612 618 625 626 634 633 640
259 263 265 273 266 270 271 274 270 271 272 278 287 288 291 295 301 308 317 319 324 322 331 338 340 343 346 348 357 365 371 374 378 376 372 380 386 393 391 389 398 395 401 402 403 408 417 426 422 428 429 438 436 436 435 440 442 449 455 456 465 473 473 477 485 486 492 493 494 499 508 510 519 522 527 528 537 542 548 549 554 551 559 564 571 574 575 580 583 588 597 606 607 614 622 629 627 635 631 640
260 269 266 272 273 271 279 283 279 279 279 281 290 297 298 303 310 313 318 324 326 330 335 344 341 349 351 352 362 369 371 377 378 379 379 388 391 398 393 397 401 397 398 406 410 416 419 420 421 430 435 438 439 437 437 442 451 453 458 465 474 477 482 486 489 494 501 500 502 507 509 518 519 523 524 532 538 545 553 558 556 557 563 568 572 581 583 581 586 591 596 601 602 611 617 624 630 633 627 636
267 276 271 275 282 274 276 284 282 285 280 283 292 301 304 310 316 314 316 317 326 332 334 341 346 353 360 356 360 361 364 367 368 370 379 380 389 397 394 396 398 406 407 409 412 419 428 421 428 437 442 446 445 439 446 449 457 462 465 472 477 483 483 487 492 500 509 508 503 509 517 519 527 530 532 539 540 542 550 551 552 559 567 575 576 577 579 584 585 591 599 605 611 620 617 618 621 624 625 630
274 275 280 284 288 283 279 288 287 287 284 290 294 302 305 311 315 315 319 322 331 337 338 346 348 357 365 365 365 364 370 375 373 379 383 381 389 395 403 398 400 401 403 412 413 422 429 422 423 428 436 445 449 440 448 457 466 469 472 473 474 481 485 485 486 491 500 501 506 509 518 526 532 535 538 540 544 546 554 556 557 558 560 568 569 577 580 583 592 597 598 605 610 613 616 615 622 631 630 633
283 284 289 288 289 292 287 296 288 291 293 291 300 303 310 319 324 324 327 329 335 338 344 352 349 352 360 367 372 370 376 377 378 387 386 390 392 395 401 406 408 406 411 412 420 428 436 431 431 436 444 451 445 444 450 455 459 460 469 476 475 476 484 483 491 500 507 509 515 510 513 519 527 532 537 542 543 552 561 560 565 560 569 576 575 582 583 585 586 588 589 598 601 604 611 612 621 630 637 642
292 293 298 297 297 294 290 295 295 300 302 299 308 304 308 317 319 328 330 330 333 334 341 350 358 360 365 368 376 373 381 383 380 389 395 391 398 396 401 409 409 410 415 421 428 436 437 437 440 440 442 451 453 452 456 463 467 469 478 477 476 477 479 481 489 492 500 504 511 518 518 525 530 537 546 551 546 555 557 558 566 561 563 567 572 581 583 589 587 596 597 605 610 613 620 617 623 624 633 640
294 302 303 300 304 295 291 297 304 301 301 300 302 308 309 318 327 334 339 339 339 341 345 349 355 356 365 371 377 380 387 385 385 387 388 397 403 404 407 416 418 419 424 425 433 437 442 445 448 443 445 449 458 456 462 469 472 478 480 478 478 486 488 485 486 495 501 503 512 516 519 521 528 535 538 547 551 557 563 566 569 569 572 570 571 575 581 588 592 596 600 602 605 606 615 624 632 628 632 636
302 310 307 304 301 297 298 305 305 309 309 302 304 309 313 318 327 332 337 346 341 349 347 354 363 358 367 373 375 379 384 393 392 396 389 393 394 401 410 418 423 420 428 432 433 434 441 442 445 446 454 457 461 459 461 467 468 476 481 487 487 487 489 490 493 500 504 509 510 519 527 530 535 538 541 542 547 556 565 566 575 570 573 571 579 584 589 595 601 601 609 605 609 615 620 621 626 635 634 643
303 306 315 313 306 302 307 307 312 311 312 303 304 307 314 317 326 333 335 339 345 354 351 360 367 367 376 378 384 383 392 399 396 396 395 402 403 410 414 416 422 425 430 432 441 443 450 451 450 450 458 463 470 468 469 476 475 480 481 490 496 495 491 493 502 501 503 509 516 525 526 531 540 539 540 541 550 559 568 574 575 577 577 578 581 590 592 593 601 610 618 614 613 616 618 620 628 630 639 648
306 315 324 321 313 310 310 315 315 319 316 307 305 312 318 322 323 328 335 341 349 353 358 365 370 370 378 379 387 386 390 399 405 401 402 405 404 408 415 414 415 419 420 430 433 439 441 443 452 451 454 462 469 473 471 477 478 482 490 492 496 503 499 502 504 510 512 511 514 522 531 537 538 541 541 550 559 561 562 568 576 584 578 584 588 596 601 600 605 613 618 618 620 618 620 625 633 639 648 657
315 322 330 325 320 319 313 321 319 323 316 315 306 311 319 328 332 336 335 341 344 350 359 366 372 375 383 387 394 392 399 408 410 402 403 407 406 407 411 412 413 422 422 423 424 434 442 450 453 460 458 466 475 480 478 485 487 487 493 498 498 501 505 511 513 518 520 513 521 528 529 537 545 547 542 544 550 557 565 574 582 581 585 589 597 603 608 609 614 617 624 623 624 624 629 633 641 646 653 656
322 331 338 333 325 317 314 315 324 327 323 314 307 311 316 323 329 332 333 341 347 353 362 370 365 374 377 382 385 393 399 408 408 405 410 408 408 414 419 416 418 424 429 432 431 433 440 445 454 460 459 467 470 478 479 486 493 491 496 499 503 504 509 515 517 518 520 515 521 530 535 544 546 555 550 553 558 561 569 573 574 578 584 586 593 602 608 611 612 620 629 630 631 628 633 635 643 650 659 664
327 336 342 338 332 323 317 324 332 329 327 320 316 316 318 323 326 335 342 344 345 354 355 362 363 372 373 374 376 385 392 400 403 407 414 416 415 421 423 422 426 430 437 440 435 436 442 451 460 469 468 472 472 473 477 485 488 497 497 501 502 504 512 519 518 520 518 516 524 525 534 543 551 555 557 559 561 569 570 572 573 575 582 591 593 597 604 612 615 616 624 629 633 636 634 642 650 658 665 671
333 340 345 336 335 328 320 321 323 332 325 318 317 321 322 330 331 338 340 349 354 363 356 361 370 373 381 375 382 383 392 398 406 415 420 423 423 427 431 430 431 431 433 438 444 437 443 452 461 469 477 475 478 482 486 486 493 497 498 499 501 508 509 512 518 523 520 525 533 534 542 545 546 551 560 568 565 567 569 578 579 576 585 589 592 597 606 612 618 617 622 628 635 632 636 645 645 651 660 665
336 344 337 336 334 332 326 329 331 328 323 321 318 323 325 331 339 345 342 345 353 361 357 361 363 372 380 381 383 391 400 407 409 416 424 427 429 436 433 435 437 438 434 439 448 445 451 458 460 466 473 475 483 487 488 495 499 498 505 502 505 506 510 513 520 522 525 526 534 540 545 549 550 559 560 569 569 568 575 577 586 580 581 583 592 596 605 614 615 616 619 628 627 630 636 640 644 653 661 668
340 348 344 345 341 336 327 336 340 334 326 327 326 327 333 336 339 347 348 351 360 361 363 370 371 374 383 390 391 395 397 406 408 416 425 423 430 436 434 442 442 440 441 447 448 453 458 464 463 465 474 479 488 496 489 491 492 495 501 510 506 514 517 520 528 523 531 535 541 549 546 548 555 558 567 576 577 569 572 578 586 587 589 592 600 597 604 612 621 621 619 621 624 629 637 641 650 653 658 667
346 355 353 353 347 343 336 345 336 329 328 330 330 336 334 343 343 352 357 358 364 368 367 371 372 380 384 386 387 388 397 398 401 410 418 419 424 427 436 442 443 441 450 455 457 462 465 473 464 469 478 487 496 493 490 499 499 496 505 508 508 516 525 524 533 532 537 536 538 547 553 552 553 556 562 571 573 577 579 582 584 591 597 601 609 602 603 607 615 617 618 627 633 630 637 641 643 650 651 659
347 356 360 354 354 345 342 341 334 332 332 332 338 341 341 343 345 353 354 358 367 373 372 379 381 389 388 388 389 395 401 407 409 418 422 427 432 436 437 445 451 445 454 460 458 467 473 481 471 477 486 489 493 493 497 498 506 504 510 516 514 519 528 531 533 537 539 544 543 545 553 554 556 565 564 566 575 584 586 591 585 593 594 597 606 606 606 615 622 620 622 628 634 631 640 648 651 653 660 661
355 364 363 362 353 352 349 343 335 339 335 336 342 342 350 344 346 350 352 360 367 376 379 380 381 385 392 396 397 404 410 408 415 419 427 433 440 443 439 442 451 451 452 460 461 466 472 479 476 479 487 492 490 491 500 505 509 513 514 515 522 521 522 525 532 536 545 544 544 553 562 555 561 568 568 572 581 583 587 590 593 594 602 601 605 610 611 614 621 629 626 630 631 639 641 647 648 657 659 668
364 373 365 362 358 352 351 346 339 348 340 339 348 349 357 352 353 358 360 369 375 379 380 383 382 390 399 404 405 413 413 417 419 428 431 432 436 437 443 443 446 450 458 461 467 475 473 475 483 481 482 485 486 492 499 500 501 503 504 514 520 527 528 530 536 541 542 543 549 551 558 560 564 565 567 576 585 588 595 598 595 595 601 609 607 608 617 615 624 630 635 633 639 644 650 648 650 651 658 665
373 374 372 363 361 361 358 349 343 346 343 348 353 350 356 361 362 367 362 363 371 380 389 392 390 398 407 412 414 419 422 421 424 425 430 434 435 439 441 442 451 453 455 464 465 473 477 479 485 485 491 488 489 492 500 509 509 511 505 506 511 520 525 526 527 532 539 543 549 558 567 562 570 573 570 573 577 579 587 591 595 600 604 609 609 617 623 624 628 635 636 641 640 647 648 651 651 656 663 670
382 377 379 370 363 364 361 356 347 351 347 352 361 358 363 365 365 373 364 368 377 378 386 387 391 392 401 410 416 421 426 425 427 433 439 440 440 448 445 445 449 457 462 471 469 470 479 483 484 493 491 490 498 493 501 507 513 519 511 507 513 514 518 528 532 541 547 545 554 558 564 563 571 577 577 574 579 587 594 600 604 604 610 616 618 619 624 629 635 642 637 643 649 655 653 652 652 658 660 666
386 386 385 379 372 371 363 356 352 353 352 353 362 367 372 368 373 370 366 374 383 382 388 393 398 400 408 411 420 421 429 426 432 440 447 442 447 454 452 453 454 462 468 472 471 479 486 488 493 498 500 498 498 495 501 510 519 521 514 514 522 522 523 526 532 535 542 543 549 554 561 570 571 576 585 583 580 584 585 591 596 604 608 617 626 627 633 630 638 645 646 647 650 658 661 661 659 667 666 667
394 395 394 385 381 380 372 365 356 354 361 354 356 365 370 376 382 379 374 376 377 386 389 398 399 408 412 412 417 426 435 434 437 441 450 448 449 457 459 459 460 469 476 480 479 488 488 489 495 504 504 507 500 496 505 511 513 515 516 517 525 530 531 533 540 542 548 552 551 560 565 571 580 585 586 592 585 592 592 594 601 606 614 622 628 635 642 636 637 645 649 655 656 664 668 670 667 676 675 671
398 390 389 385 382 385 376 367 362 363 358 357 360 361 366 367 376 378 380 384 386 388 392 400 402 411 413 418 425 434 436 439 439 440 448 456 458 459 462 468 463 464 473 480 488 489 497 490 491 498 507 513 509 503 512 520 518 521 517 523 530 536 539 540 549 544 553 557 552 560 568 577 585 593 594 601 592 601 593 596 604 611 616 617 625 634 635 637 646 651 657 664 663 664 671 678 669 674 683 675
406 397 396 388 380 379 377 369 366 362 361 366 361 370 368 376 383 381 388 390 395 389 398 406 409 416 420 426 433 441 445 445 448 442 445 449 455 457 465 466 464 465 470 471 479 487 493 499 498 502 510 511 518 512 521 526 523 530 525 531 539 542 546 548 556 551 560 562 559 567 575 577 577 586 592 596 594 597 599 605 608 609 616 622 623 625 632 640 648 656 664 666 671 665 672 673 678 682 683 684
413 404 396 396 388 385 376 369 368 364 366 375 370 377 370 371 374 381 382 385 388 396 400 407 409 413 422 428 437 446 450 454 446 444 445 452 461 462 469 470 470 466 469 473 476 483 491 496 498 507 508 512 514 513 521 529 527 536 529 530 538 543 547 549 558 556 560 561 561 570 578 575 576 578 586 587 591 600 607 607 608 611 619 625 627 628 637 645 646 653 661 669 669 667 673 681 679 688 692 690
406 403 394 394 385 376 375 374 374 370 368 376 378 375 373 376 381 387 391 387 391 393 402 405 411 419 420 427 434 443 448 451 454 445 446 448 454 463 470 479 479 475 478 475 483 491 496 499 505 506 515 520 523 520 529 532 532 537 538 533 540 547 550 554 562 565 568 565 564 566 568 572 575 576 585 589 599 602 607 611 609 614 623 630 636 633 642 649 655 661 666 672 672 676 681 682 685 690 695 698
398 394 391 389 388 380 382 375 375 376 377 384 379 380 377 384 388 396 398 389 390 393 401 402 403 410 413 422 426 435 444 445 446 448 455 457 463 470 477 486 485 484 486 484 492 500 505 501 507 509 510 519 520 523 532 536 537 542 545 541 548 556 558 563 571 572 570 568 566 572 576 580 584 585 591 593 603 610 614 619 618 618 623 631 639 642 650 652 659 664 669 678 675 675 683 688 688 689 693 701
407 400 400 397 390 388 380 376 382 380 381 383 388 388 385 392 389 390 399 398 394 401 406 411 404 413 421 426 433 439 440 447 453 455 453 461 470 469 473 480 484 493 494 491 498 499 504 502 509 518 517 521 522 531 532 534 542 551 554 548 556 562 567 572 572 579 576 576 569 578 584 581 587 594 598 595 605 613 621 619 621 627 625 633 641 650 652 655 657 660 660 669 666 667 674 683 687 691 698 704
411 403 403 399 390 386 385 385 390 381 386 390 393 394 389 398 390 399 405 407 402 403 408 415 412 415 422 428 435 440 443 441 444 449 451 455 464 466 472 473 481 490 495 492 497 505 506 511 518 527 519 528 524 529 535 541 547 555 555 555 564 564 569 572 579 587 582 580 572 581 589 583 586 593 597 599 603 608 616 616 618 619 622 631 636 643 648 655 663 659 652 661 665 667 676 685 694 698 698 707
414 407 404 407 399 395 394 394 391 390 393 397 401 395 398 394 391 399 407 408 410 405 414 417 415 420 421 426 430 431 435 439 447 456 454 455 462 466 471 472 481 490 496 494 497 506 512 514 517 526 528 537 533 530 538 545 546 547 549 553 557 564 572 573 582 588 583 579 575 579 587 591 587 593 601 606 604 606 607 610 612 621 628 632 633 640 639 647 654 655 650 659 662 671 677 681 690 694 695 704
421 415 412 414 405 400 403 401 400 393 394 403 408 401 407 401 400 401 406 413 419 414 423 418 420 428 430 429 438 440 440 448 451 459 463 461 470 475 478 481 484 485 494 497 504 512 520 517 525 532 535 542 535 539 541 546 550 550 557 561 560 566 575 582 586 593 590 585 576 585 587 592 589 598 605 612 606 608 615 617 615 620 621 628 630 634 638 640 645 646 647 656 661 664 671 680 685 686 694 696
429 424 421 423 414 407 405 402 403 394 403 406 414 406 413 404 409 403 412 414 423 415 417 424 423 432 433 430 432 436 445 454 456 460 469 468 475 482 482 488 493 494 501 502 509 514 518 521 525 534 536 541 537 546 542 551 558 552 559 568 565 573 579 588 587 594 589 588 580 589 596 600 593 600 604 604 613 616 623 618 620 625 627 636 637 636 640 641 649 649 650 659 661 670 679 683 688 694 700 697
437 431 425 416 415 414 412 403 405 397 406 412 418 415 415 406 412 406 413 418 426 424 426 433 430 436 442 439 435 444 447 449 458 459 468 476 483 489 488 489 491 499 506 505 509 516 518 524 533 542 537 546 546 555 547 555 560 561 564 573 571 575 581 588 596 588 595 589 588 595 603 601 595 596 597 602 611 619 626 621 624 628 631 639 644 637 644 650 656 652 658 659 667 675 676 685 694 695 700 703
434 427 418 417 422 422 413 404 412 404 411 415 421 418 424 415 415 412 419 420 423 424 430 436 432 433 437 445 437 446 448 457 463 464 473 481 482 491 497 495 500 508 513 514 511 513 519 528 534 541 538 539 541 549 548 550 556 557 565 571 572 566 575 582 587 580 589 595 597 604 612 603 600 603 601 605 613 617 624 627 633 636 639 644 641 639 641 646 648 655 658 664 671 674 681 690 699 702 709 712
434 425 424 425 429 420 415 406 413 413 419 424 425 420 427 422 424 421 420 421 424 425 433 442 440 435 444 442 439 440 443 450 459 465 470 479 482 486 493 500 501 509 513 514 512 517 520 529 531 533 541 548 542 551 555 551 554 557 561 563 564 565 569 578 584 579 587 594 597 605 612 610 609 607 604 607 615 623 629 636 639 645 646 653 649 644 648 655 655 661 661 662 671 678 687 695 702 703 712 719
440 431 433 430 430 421 421 415 414 422 420 423 430 421 430 431 432 430 429 430 425 433 439 448 441 436 444 446 448 442 451 459 466 466 470 476 477 484 487 492 499 508 516 517 520 525 529 537 532 540 541 546 550 558 561 559 559 561 569 568 568 566 574 575 576 578 583 589 590 596 605 613 617 616 612 615 618 622 631 635 636 640 646 655 650 645 648 655 658 663 667 669 670 679 687 689 695 702 705 710
437 434 436 437 431 430 423 416 420 422 425 425 428 429 436 434 438 435 430 430 428 429 431 440 449 445 449 454 450 451 459 463 472 475 477 478 483 488 489 493 502 509 513 516 525 533 532 541 539 545 550 555 553 559 565 567 560 568 576 570 577 575 579 582 583 580 581 587 596 599 603 606 612 615 614 618 619 621 626 628 637 645 652 653 652 652 651 652 656 661 663 672 677 681 682 690 692 701 709 713
446 438 443 446 440 439 432 425 426 427 433 433 429 432 441 435 440 437 435 438 429 438 439 448 456 452 450 459 452 458 467 472 481 484 482 486 488 493 498 494 499 505 506 515 520 527 531 540 542 543 546 551 559 560 562 568 569 575 584 575 582 583 586 588 592 588 590 596 604 607 608 613 617 621 616 625 621 628 627 636 642 646 649 658 658 660 655 660 657 665 672 681 680 681 690 696 694 699 701 704
447 446 452 447 448 444 435 431 427 432 436 434 432 433 441 443 447 439 438 446 437 438 439 448 454 453 457 466 457 466 467 476 484 493 489 487 496 499 498 497 498 504 513 520 529 536 536 544 550 544 545 554 560 569 569 575 576 576 584 583 588 586 588 597 596 589 595 598 599 600 601 607 615 616 624 628 630 630 636 638 644 649 653 654 656 664 664 664 658 662 664 673 674 683 689 690 694 695 704 712
453 451 459 454 446 443 437 435 434 433 441 442 439 439 446 452 452 448 440 449 443 447 448 449 453 457 461 462 459 468 472 481 486 495 494 488 494 501 507 504 504 510 518 525 529 538 542 544 553 548 554 556 563 568 572 575 580 578 582 585 590 594 594 597 600 591 600 606 608 604 606 608 613 620 622 631 638 639 639 639 641 650 659 655 662 669 670 666 662 668 670 671 673 674 680 688 689 694 702 706
462 460 460 452 448 439 438 443 442 438 439 440 445 444 450 459 456 447 446 455 450 456 457 454 462 460 461 462 462 470 475 484 490 491 500 493 500 509 506 505 513 511 516 525 534 540 549 552 561 556 562 565 571 577 581 581 589 587 588 586 591 598 603 603 602 593 595 599 604 609 614 611 615 616 619 626 635 636 641 640 644 645 652 660 668 674 678 669 667 671 678 677 682 676 683 689 694 693 694 697
469 460 452 451 442 441 446 447 443 446 444 442 451 445 453 454 463 456 451 454 451 455 464 458 466 461 469 470 470 471 473 481 484 490 499 502 509 513 515 508 512 520 524 533 542 549 556 559 560 558 560 569 572 580 581 589 596 596 593 594 600 602 608 604 606 602 596 603 607 611 612 620 623 623 628 633 642 644 642 644 652 647 650 652 660 669 669 678 673 678 684 686 687 678 679 680 685 691 699 698
466 459 452 451 443 447 455 451 452 450 453 451 456 448 455 455 460 463 454 458 453 462 471 465 474 468 477 472 474 478 479 487 486 492 501 505 514 514 519 513 519 527 530 538 547 552 561 568 567 563 567 576 580 585 588 591 597 604 596 595 604 611 613 613 609 601 599 607 614 617 620 626 631 632 636 638 642 643 651 649 657 648 651 652 660 662 665 673 681 679 684 685 684 681 685 683 693 693 697 705
471 465 456 452 452 450 452 452 461 452 458 460 458 449 458 464 463 462 455 462 461 464 471 470 475 474 481 476 477 482 484 493 495 501 502 511 514 523 524 520 528 532 537 539 546 547 556 565 572 571 568 577 585 586 591 598 603 612 604 598 604 613 622 622 613 606 605 613 617 626 628 633 640 633 641 641 642 645 654 650 659 656 660 661 669 666 674 682 688 687 685 693 689 688 693 689 692 694 703 710
471 463 457 460 458 457 454 457 460 453 457 466 461 458 467 465 465 471 464 467 467 473 480 474 481 475 484 481 486 484 486 493 500 505 507 510 519 526 526 529 534 539 540 540 546 550 557 566 570 577 569 577 586 595 595 598 603 610 613 607 613 620 625 624 622 614 614 619 625 634 629 638 643 639 646 647 648 646 655 655 664 664 669 670 675 667 676 684 693 696 693 699 690 693 696 696 699 695 696 700
473 466 466 467 466 463 463 464 455 454 462 465 468 459 464 469 473 472 471 469 469 471 477 482 481 480 481 490 494 491 495 494 502 510 516 512 521 522 530 527 536 540 549 545 550 559 563 565 573 577 576 582 586 587 596 605 604 605 611 612 619 628 634 627 621 618 620 627 634 637 635 644 648 640 647 655 650 649 652 653 660 663 672 679 682 675 682 686 695 702 701 703 695 701 701 700 705 697 704 706
476 470 471 475 467 471 470 468 461 459 466 466 475 468 473 478 482 478 476 475 477 473 481 489 490 481 489 490 498 496 503 500 507 513 520 513 520 525 533 526 527 536 545 554 559 556 556 561 567 568 569 573 577 579 588 597 606 614 616 621 620 629 634 635 629 621 629 636 638 639 643 646 654 648 653 658 659 650 658 662 664 672 678 684 685 677 686 695 699 707 710 707 702 708 707 709 713 706 710 707
479 479 473 476 472 479 471 469 468 468 468 475 477 470 479 486 491 486 477 476 479 476 484 486 495 488 489 497 500 505 512 509 509 518 525 517 519 521 524 525 527 531 539 547 553 554 555 557 566 574 575 582 585 588 591 599 606 615 623 622 628 637 638 640 635 629 638 644 645 640 645 652 655 653 656 657 661 658 666 671 673 673 681 682 686 678 685 692 700 701 708 715 708 709 716 718 717 713 718 716
