  0 380 374 379 382 378 387 389 392 400 399 395 393 401 405 404 398 399 403 402 405 414 422 422 431 428 426 431 434 435 439 436 437 446 447 452 446 453 454 455 463 466 475 476 482 481 485 487 495 499 502 504 513 517 514 522 522 529 532 537 546 538 540 548 557 555 559 567 568 574 583 592 599 601 608 610 613 611 616 611 616 624 628 636 638 647 655 664 661 667 673 674 675 681 689 695 696 692 698 707
  8 373 372 373 373 377 378 385 390 391 394 386 391 392 396 403 397 400 398 399 402 408 413 421 428 426 422 424 430 438 430 432 436 443 444 453 445 451 457 464 464 465 471 475 483 477 480 482 487 491 493 499 507 508 508 515 518 521 523 531 540 532 540 549 553 552 559 562 570 578 586 585 590 593 600 605 605 602 611 608 610 619 628 632 640 649 654 662 659 666 664 670 677 677 686 686 687 688 697 704
 16 365 363 372 370 379 371 377 382 384 386 384 382 385 390 396 389 392 393 400 409 414 421 415 419 421 418 424 427 431 425 429 437 444 453 451 444 449 449 457 464 470 462 467 474 471 479 485 493 491 495 498 499 501 506 514 517 516 523 530 538 530 538 541 545 550 557 559 565 571 580 582 590 590 591 599 600 601 602 606 609 618 627 628 635 644 645 654 650 657 662 667 668 676 677 680 687 688 689 695
 17 369 362 364 365 370 368 369 373 381 383 378 380 381 383 389 387 392 394 403 408 407 412 407 413 414 417 419 420 422 424 431 437 439 448 442 442 443 448 449 455 461 459 461 469 468 476 481 484 490 494 489 493 500 506 509 510 514 522 521 529 529 530 536 545 549 556 558 566 575 575 584 586 586 595 595 604 601 607 610 618 622 620 621 627 636 638 647 646 648 653 661 664 667 671 675 683 692 693 701
 26 369 361 358 364 365 367 374 379 378 374 375 383 384 382 380 384 393 397 398 406 400 403 403 406 410 408 410 412 415 420 422 429 430 439 436 435 444 449 441 450 452 453 460 460 467 473 476 484 488 494 486 488 497 499 506 515 516 516 518 524 523 531 540 542 546 553 558 562 570 567 575 577 585 587 588 597 598 600 601 610 618 619 622 628 630 638 639 640 644 651 653 655 664 670 678 682 691 698 701
 28 363 354 352 355 356 365 374 373 369 367 369 378 375 373 379 387 387 392 392 399 396 402 401 403 409 407 412 411 412 417 413 420 429 430 437 432 437 443 438 443 446 452 460 459 465 464 470 476 480 487 483 491 492 501 505 507 511 512 515 519 522 526 531 540 542 546 550 559 561 566 567 576 582 590 588 597 606 606 609 610 619 626 623 632 631 639 644 649 653 653 659 656 661 667 670 679 688 690 692
 29 355 346 346 351 355 364 370 365 367 358 365 370 366 367 373 380 381 383 390 391 387 394 398 394 401 405 407 408 415 418 410 417 424 431 428 430 431 434 435 442 443 451 455 457 464 461 464 471 473 482 481 485 490 492 498 500 505 514 517 518 521 526 535 543 550 549 553 557 558 559 566 573 574 582 587 591 597 604 608 610 613 618 626 635 640 648 652 651 658 660 661 660 668 674 671 673 681 685 684
 33 348 342 345 354 357 361 364 357 365 357 362 368 365 373 373 379 374 383 386 389 385 393 400 393 392 397 398 406 411 411 409 413 420 423 427 430 434 440 438 447 451 454 457 453 456 458 462 468 477 479 480 488 497 494 498 501 503 509 512 514 516 518 527 535 544 551 550 553 559 568 574 582 575 584 584 585 590 599 601 602 610 615 621 630 636 644 653 657 665 661 666 669 673 677 673 681 678 678 681
 41 342 341 343 347 348 353 356 355 363 355 355 364 364 367 372 371 373 381 377 382 383 391 393 395 389 393 400 409 414 407 407 411 415 422 430 421 426 433 442 446 443 446 448 451 460 464 471 474 476 475 478 483 490 497 503 510 511 517 521 517 523 521 530 539 545 547 549 556 558 566 575 577 577 580 582 585 589 590 593 600 608 614 619 624 633 641 644 648 656 653 662 665 669 676 678 681 677 669 677
 42 334 338 335 340 343 352 350 349 358 351 352 357 363 369 378 370 366 375 376 384 379 388 394 386 388 392 401 408 405 398 406 411 414 420 423 414 420 428 437 439 439 447 449 453 455 464 473 471 473 472 481 483 490 498 506 510 512 516 517 517 526 527 532 532 540 544 550 550 558 559 566 571 579 585 582 583 592 599 597 606 607 616 620 625 629 635 643 645 647 647 655 664 660 668 670 672 675 668 674
 51 329 336 328 336 338 344 344 346 352 350 356 357 355 361 370 370 361 366 368 375 378 384 387 384 393 393 397 399 403 397 402 404 411 412 419 412 416 423 432 436 438 445 453 460 457 460 464 466 466 471 479 480 485 490 499 502 504 507 508 511 518 524 525 526 532 538 541 547 550 558 560 566 575 576 580 586 595 601 602 610 615 607 611 620 626 632 636 637 645 646 647 656 659 660 662 665 666 667 675
 56 324 333 327 335 343 336 343 344 345 343 347 348 351 352 361 364 359 368 368 377 373 380 387 382 391 396 396 405 396 395 401 400 409 413 414 410 413 420 424 427 429 437 444 452 451 451 455 457 465 473 481 481 490 491 499 501 508 509 515 520 525 529 530 529 536 542 537 540 545 549 558 564 573 571 579 588 592 593 602 606 606 605 608 616 621 629 628 628 637 638 646 647 651 660 661 669 675 675 678
 58 321 324 326 328 334 328 337 344 340 341 348 353 347 353 354 355 356 365 367 368 372 374 379 381 382 390 393 402 398 391 393 399 402 405 411 409 411 420 422 425 427 431 438 446 443 444 447 456 461 465 474 481 485 490 493 496 500 504 513 522 527 529 538 533 538 537 532 540 549 555 549 558 565 566 572 579 584 593 597 606 601 603 606 609 616 624 623 626 631 635 642 648 654 661 669 664 673 677 685
 66 317 319 324 322 325 323 331 335 339 347 345 345 338 347 354 359 365 367 364 373 375 372 372 381 390 391 384 393 389 390 398 407 406 398 402 408 414 417 421 430 434 439 439 440 442 451 456 455 461 470 476 477 478 487 487 488 493 500 508 514 522 527 535 526 530 529 531 532 541 546 547 556 564 573 577 578 585 590 589 598 599 605 612 618 614 616 620 621 622 629 636 639 648 652 661 663 672 669 676
 73 316 310 316 313 317 319 328 327 335 338 343 338 334 341 349 350 356 359 356 364 372 366 367 374 383 384 382 386 388 395 404 406 398 397 403 405 406 415 419 425 434 439 433 442 437 445 450 454 457 461 469 476 485 484 481 490 497 504 505 505 513 519 528 520 521 528 530 533 542 545 550 557 559 567 569 572 579 582 588 594 601 602 610 610 612 621 619 620 628 631 639 640 642 651 656 662 671 666 671
 74 308 309 307 310 312 316 322 326 326 329 337 334 330 332 341 345 351 354 355 363 363 365 366 367 376 375 381 386 389 396 405 401 400 396 403 397 403 411 410 419 428 430 430 439 430 439 446 448 453 460 468 477 477 476 477 486 491 496 497 504 513 511 519 519 520 521 528 533 541 548 555 557 558 559 560 568 574 575 584 592 592 596 601 602 609 615 618 620 626 628 630 638 647 651 654 653 662 661 662
 83 303 300 306 307 312 314 321 323 325 323 330 337 329 333 342 346 343 351 350 355 355 362 357 364 367 371 378 382 390 399 401 393 397 395 394 394 400 405 409 415 424 433 428 431 428 431 437 444 446 451 460 469 478 475 480 487 490 495 498 503 511 509 510 518 523 529 537 534 543 551 552 555 564 566 565 574 575 583 587 595 587 588 596 605 612 613 620 626 631 635 632 640 645 650 650 651 658 660 668
 89 301 293 302 308 303 312 317 325 325 317 322 330 326 333 333 337 340 342 344 350 348 353 354 357 362 365 369 377 385 391 393 384 390 386 387 391 395 400 406 413 419 426 425 423 425 431 440 448 452 453 462 460 469 470 474 480 485 493 499 503 506 503 512 513 522 530 536 542 543 551 556 561 565 567 566 575 581 579 585 588 586 594 601 606 615 614 622 622 628 631 635 644 651 654 647 648 656 657 666
 93 295 291 297 304 301 307 314 317 316 315 321 324 325 334 330 331 336 342 345 345 343 344 348 349 358 359 360 368 376 385 386 377 381 382 390 399 401 403 409 410 415 422 430 422 429 434 443 452 457 454 454 456 460 469 474 481 479 487 493 497 502 501 508 517 518 525 534 536 544 544 553 552 557 558 567 566 572 571 576 579 582 589 598 601 608 617 626 621 628 627 634 635 642 647 646 655 659 665 670
 94 295 288 295 297 296 303 310 313 307 308 317 326 325 330 326 327 333 333 342 344 339 342 351 354 359 367 363 369 376 383 380 376 378 386 384 391 398 407 404 412 408 416 421 420 423 432 441 443 450 455 450 457 458 465 474 475 476 484 486 493 495 499 507 509 518 522 525 534 542 542 551 551 559 561 559 557 564 567 572 581 590 594 598 606 615 617 626 620 624 626 632 638 637 638 638 646 651 656 661
100 292 287 288 293 294 303 304 309 305 299 308 317 322 325 322 318 326 325 334 335 338 347 353 351 356 362 367 369 373 375 377 370 371 378 379 382 391 399 403 405 402 407 414 417 426 432 433 434 443 446 448 457 460 461 467 474 475 482 488 488 497 503 509 514 518 526 532 539 539 539 545 549 557 553 550 556 558 563 572 580 587 594 596 601 610 617 621 614 615 622 624 630 636 641 637 639 646 655 663
109 283 280 286 286 295 300 295 302 304 298 300 308 315 316 318 315 318 320 327 336 338 344 349 350 353 354 359 362 364 366 368 369 377 376 381 375 384 390 395 396 399 400 409 410 419 425 432 436 442 439 447 453 459 465 474 470 479 480 481 486 495 497 504 510 512 521 523 530 530 531 536 540 549 555 547 556 565 571 574 578 584 593 602 597 606 608 612 613 618 621 628 621 628 633 629 634 640 646 655
118 274 273 280 282 288 293 294 294 295 297 302 310 311 312 316 312 319 325 331 332 335 339 347 348 348 351 352 353 355 363 363 370 368 370 373 373 375 384 391 399 401 404 408 411 417 425 426 435 435 438 443 451 460 460 466 465 470 471 472 479 488 488 497 503 505 514 520 521 528 529 537 545 553 551 545 550 556 563 565 574 580 584 593 596 600 605 603 605 614 620 619 620 620 629 625 630 637 639 647
122 265 270 273 276 283 287 295 290 297 303 308 310 316 307 307 311 312 316 323 325 334 338 338 345 347 345 351 360 358 358 360 361 361 364 369 371 379 388 396 398 402 405 414 408 414 421 423 432 430 432 435 444 451 456 457 463 467 474 481 481 482 487 494 503 512 513 512 521 522 522 531 538 547 545 542 551 557 559 567 568 577 584 586 587 596 602 602 604 613 614 618 625 617 621 622 631 639 643 648
127 262 266 272 272 277 279 286 288 295 296 304 307 313 304 303 309 303 308 316 325 334 341 332 336 341 344 342 351 350 357 354 359 356 365 369 378 384 383 387 389 395 396 405 406 408 412 420 429 428 433 434 438 447 456 462 463 472 475 481 490 490 488 496 505 506 507 511 518 519 520 522 531 539 540 541 542 550 558 560 565 574 575 584 588 590 599 594 598 606 613 621 621 613 622 616 624 630 639 640
132 257 260 269 264 269 278 287 292 293 299 303 311 309 304 297 302 300 306 315 321 328 333 324 331 335 335 340 347 347 348 348 356 355 357 366 374 380 377 381 388 394 399 403 407 412 413 414 422 424 432 439 443 451 458 467 469 476 483 477 481 490 496 497 506 509 512 520 527 523 522 531 539 541 546 548 549 553 559 560 566 575 584 582 584 582 591 591 594 602 604 613 612 612 613 614 623 626 635 639
133 256 254 261 261 269 278 281 290 288 294 295 302 300 300 296 295 298 302 311 316 320 324 322 325 326 333 333 338 344 341 346 353 348 357 363 369 371 372 373 382 385 392 395 400 407 415 415 416 424 433 442 445 448 457 460 469 477 482 474 477 485 487 491 500 502 505 513 521 522 527 534 543 549 550 543 552 554 559 567 574 574 577 573 575 578 584 585 594 597 606 613 608 611 615 623 624 628 630 635
141 258 251 257 255 264 273 274 281 286 295 295 297 297 292 301 294 299 302 306 307 312 318 314 316 322 324 332 333 335 337 338 346 347 353 362 371 380 381 380 389 393 393 402 409 408 417 418 418 427 434 438 441 449 454 462 468 474 473 472 480 483 491 498 494 493 502 508 516 523 520 529 537 541 541 535 543 552 557 562 565 570 577 570 574 576 585 594 587 589 598 606 605 607 615 618 627 630 639 638
142 257 249 248 250 259 266 267 274 278 287 292 289 296 290 294 293 290 299 302 308 303 311 312 310 319 325 334 342 342 346 345 354 356 359 368 373 382 382 383 392 398 400 404 410 415 419 420 427 434 442 446 442 443 449 454 460 467 472 468 477 479 488 489 490 491 498 505 507 514 519 522 531 533 533 534 541 549 553 554 558 562 569 567 576 582 578 585 582 584 592 600 601 605 612 619 628 629 638 641
151 255 250 241 245 253 260 258 267 276 284 284 282 287 287 288 289 287 290 295 299 301 302 308 309 317 323 327 336 339 348 346 351 352 360 369 378 384 384 384 393 401 405 411 417 424 425 427 436 437 446 453 449 445 446 453 458 459 463 464 473 482 484 493 492 494 496 505 506 513 510 519 524 527 528 535 542 543 545 546 552 553 560 566 571 578 577 578 579 587 593 596 598 606 613 621 630 638 640 640
155 246 247 238 239 248 251 257 264 272 280 283 281 284 279 288 290 286 295 296 304 306 310 310 311 312 321 330 333 340 349 349 355 361 366 371 374 381 388 386 392 396 402 410 418 426 429 436 441 444 437 446 450 446 453 462 459 467 472 473 476 484 493 497 494 497 504 510 515 517 509 511 520 525 527 533 540 547 551 552 551 556 565 560 564 569 571 580 578 586 594 597 606 614 622 627 629 629 635 631
162 237 241 237 243 245 254 260 268 265 272 275 273 279 270 279 283 284 293 302 302 299 302 308 316 317 325 331 337 340 342 343 348 357 366 366 375 381 388 392 398 404 407 414 416 417 425 432 432 435 436 443 444 446 455 464 464 471 480 481 481 481 484 489 498 504 508 505 510 512 505 512 518 519 521 530 538 539 546 547 544 551 557 552 558 560 567 572 574 579 585 591 600 608 617 624 627 625 630 627
171 230 236 236 239 236 245 254 262 262 263 266 272 270 269 277 286 285 294 301 295 298 299 308 317 319 326 327 334 338 344 344 351 358 360 365 367 375 382 389 392 396 401 406 407 415 416 424 430 439 438 447 449 455 463 464 467 469 474 478 474 474 480 484 493 498 500 500 501 503 504 509 510 519 520 526 535 544 545 545 542 550 548 551 556 560 561 570 578 585 591 593 598 602 609 616 618 622 627 625
176 223 229 234 232 235 240 249 254 254 262 271 263 272 268 273 281 282 291 292 294 301 306 315 321 321 326 330 336 342 343 351 352 356 365 374 376 376 384 390 395 400 409 405 402 411 420 425 428 430 437 444 441 447 456 458 462 469 475 469 465 473 477 480 486 490 492 499 500 497 499 504 513 516 519 522 531 540 546 540 540 548 547 555 558 560 569 575 576 585 594 599 604 610 607 608 613 614 622 624
180 217 220 225 226 227 232 240 249 251 256 264 258 265 266 275 281 290 294 290 293 299 305 310 315 318 326 332 337 346 350 354 354 355 358 367 376 385 387 388 394 395 404 399 399 406 414 423 420 428 430 438 439 447 449 450 459 460 467 468 461 470 477 478 487 488 492 491 491 489 490 499 506 508 511 520 525 532 538 531 532 539 544 550 554 555 561 570 578 583 587 592 595 604 600 608 613 622 625 617
184 191 211 219 225 232 236 244 249 254 252 259 256 264 267 271 280 289 286 289 295 304 309 318 318 327 328 328 333 342 343 347 356 364 359 366 371 379 380 384 386 394 401 393 394 401 406 414 417 425 430 430 438 440 442 443 450 454 458 459 460 461 470 473 478 483 487 485 486 488 490 494 499 500 509 517 518 527 532 530 535 533 536 545 549 557 560 569 577 574 583 584 590 596 592 599 606 613 622 615
193 199 210 211 217 223 231 240 241 247 251 252 254 262 265 272 276 285 284 289 293 297 305 314 318 324 330 327 336 333 341 343 352 356 358 365 370 379 385 393 393 400 399 392 401 401 405 405 414 416 421 426 435 444 448 450 457 461 458 463 469 470 472 479 479 481 483 484 493 497 497 500 501 508 509 518 527 525 525 526 527 532 541 537 546 550 558 563 572 573 579 585 581 588 589 598 599 604 613 614
201 200 208 216 225 225 234 238 242 244 245 254 261 266 269 272 274 282 283 288 290 299 299 306 309 315 324 326 329 332 340 345 350 357 364 373 374 381 389 393 384 393 397 389 394 400 400 402 410 414 423 428 436 439 440 446 450 453 455 459 466 472 481 481 488 488 485 486 487 489 490 493 501 503 508 516 518 516 524 531 528 529 535 536 544 548 552 557 566 573 570 576 577 586 594 598 606 612 619 623
206 207 214 223 231 234 241 241 242 249 246 255 259 264 269 276 278 280 287 293 291 294 296 305 307 314 321 323 326 334 341 350 359 359 362 367 370 375 382 390 382 386 392 386 387 395 399 407 409 417 420 421 430 438 446 447 455 452 457 462 466 475 483 483 491 488 487 488 496 491 499 494 501 507 507 514 509 510 517 525 529 536 538 539 548 552 559 562 570 565 567 573 577 586 591 592 600 609 618 622
214 210 215 217 226 232 241 250 245 251 251 253 262 266 269 271 273 281 289 298 297 301 302 307 316 315 316 325 331 339 345 346 353 358 360 361 362 371 376 382 381 383 385 384 391 392 400 406 413 420 424 422 428 437 445 446 450 451 457 466 474 480 480 486 489 488 493 496 504 500 500 495 496 498 505 506 508 513 522 527 534 537 538 542 545 547 551 560 563 564 573 580 578 587 594 594 596 605 610 613
219 217 218 219 227 236 238 244 253 258 256 262 271 274 277 272 276 283 291 300 298 304 306 313 318 316 322 330 331 336 338 346 353 362 362 363 363 369 372 373 375 378 379 383 385 394 399 407 409 418 427 426 427 428 437 440 441 450 452 461 465 474 471 479 487 485 486 495 497 505 508 500 505 506 513 510 517 522 523 527 533 534 541 547 552 556 557 566 566 571 580 584 583 591 592 600 597 601 610 619
225 218 226 222 229 236 237 246 252 255 263 263 271 276 278 280 283 285 294 295 299 305 312 313 321 319 324 330 335 344 345 348 354 358 365 368 372 378 373 374 382 380 386 391 394 402 408 402 410 413 419 417 418 421 430 432 441 445 446 453 462 467 466 475 478 479 480 487 490 499 507 509 505 507 509 517 524 529 529 534 534 537 545 547 551 560 566 573 572 580 583 592 589 595 601 609 605 603 605 612
228 219 220 229 233 238 246 251 258 264 270 265 271 277 280 289 284 285 293 300 301 309 316 321 323 324 326 332 338 347 354 357 359 366 374 377 375 373 378 378 386 381 383 384 386 394 403 397 404 407 410 413 416 424 431 435 444 448 454 454 456 461 464 473 474 480 489 496 491 493 501 502 503 512 511 516 523 529 535 543 539 546 550 556 557 566 574 578 579 585 592 601 598 604 609 612 608 604 605 614
235 226 229 238 235 244 252 256 252 260 265 268 277 278 279 283 284 286 288 296 302 310 314 317 320 323 325 334 338 344 352 353 362 369 374 373 372 369 375 384 391 387 390 386 390 392 394 395 396 401 403 412 416 421 422 429 435 444 450 459 460 468 465 473 479 482 491 494 493 501 498 493 496 505 508 516 517 521 530 537 541 548 553 558 559 568 576 579 586 586 593 594 601 609 615 617 616 613 612 621
244 235 230 231 233 238 244 250 251 259 268 270 276 284 284 285 287 292 297 303 311 314 315 316 325 329 330 335 342 343 345 347 355 362 368 376 367 368 377 380 389 396 391 395 398 393 402 403 404 402 403 405 412 421 422 431 440 443 449 456 459 467 468 469 478 478 485 487 494 501 493 492 500 509 512 520 523 529 534 543 542 547 554 561 567 564 573 577 583 588 597 598 607 616 624 626 619 622 614 618
238 233 232 238 240 239 249 257 258 266 274 276 279 283 291 290 295 300 304 312 318 323 323 318 327 329 335 343 351 344 345 347 356 357 361 367 362 371 379 381 388 390 391 398 397 396 403 404 413 407 408 407 409 417 424 432 434 435 441 450 452 460 467 470 479 476 484 492 487 492 489 491 500 506 513 518 527 535 542 539 539 540 548 552 561 562 571 580 588 597 606 602 611 620 625 633 628 626 622 619
239 240 241 244 244 244 251 259 266 275 280 282 287 286 295 294 297 301 307 309 316 323 324 324 332 338 336 340 348 345 351 348 349 354 358 359 361 368 372 381 389 388 394 400 405 405 405 413 414 415 409 413 410 417 421 429 433 434 440 446 453 457 460 461 470 473 482 483 485 487 488 496 499 506 515 516 525 532 533 534 537 541 550 555 557 566 575 576 582 590 597 606 612 615 622 626 625 625 627 625
244 245 248 253 253 253 260 262 270 279 282 277 283 288 293 300 297 305 314 314 323 328 328 333 335 341 340 344 350 354 357 355 358 360 360 366 367 371 374 375 380 382 385 391 400 409 414 422 423 415 410 418 417 418 419 421 429 438 446 454 454 458 463 467 473 482 489 487 493 495 497 504 507 515 524 522 531 538 539 542 546 542 551 552 561 566 575 584 588 596 605 601 609 614 621 622 623 624 632 630
253 254 249 258 262 262 266 263 273 272 273 275 285 286 293 290 291 296 306 315 324 323 330 338 344 343 345 353 358 361 361 359 362 368 368 373 371 378 383 384 388 384 386 394 403 408 410 419 420 420 419 422 422 423 424 428 435 443 447 451 460 467 464 470 479 483 486 493 500 496 504 506 511 513 521 530 539 542 548 549 545 544 552 561 570 570 579 588 596 601 596 598 604 605 612 620 629 633 640 632
258 256 257 266 263 271 272 266 267 271 280 279 281 283 288 289 297 305 312 316 317 318 324 330 335 344 347 356 365 365 362 368 370 369 369 378 377 386 387 388 393 386 394 403 404 412 412 421 427 423 420 429 429 432 433 435 444 452 456 456 462 467 466 473 478 484 492 497 495 496 499 502 511 518 527 534 535 544 552 553 547 550 551 556 562 565 574 583 587 593 594 603 612 612 618 625 626 634 633 640
259 263 265 273 266 270 271 273 269 270 271 277 286 287 290 294 300 307 316 318 323 321 330 337 339 342 345 347 356 364 371 374 378 376 372 380 386 393 391 389 398 395 401 402 403 408 417 426 422 428 429 438 436 436 435 440 442 449 455 456 465 473 473 477 485 486 492 493 494 499 508 510 519 522 527 528 537 542 548 549 554 551 559 564 571 574 575 580 583 588 597 606 607 614 622 629 627 635 631 640
260 269 266 272 273 271 279 282 278 278 278 280 289 296 297 302 309 312 317 323 325 329 334 343 340 348 350 351 361 368 370 376 377 378 379 388 391 398 393 397 401 397 398 406 410 416 419 420 421 430 435 438 439 437 437 442 451 453 458 465 474 477 482 486 489 494 501 500 502 507 509 518 519 523 524 532 538 545 553 558 556 557 563 568 572 581 583 581 586 591 596 601 602 611 617 624 630 633 627 636
267 276 271 275 282 274 276 284 281 284 279 282 291 300 303 309 315 313 315 316 325 331 333 340 345 352 359 355 359 360 363 366 367 369 378 379 388 396 394 396 398 406 407 409 412 419 428 421 428 437 442 446 445 439 446 449 457 462 465 472 477 483 483 487 492 500 509 508 503 509 517 519 527 530 532 539 540 542 550 551 552 559 567 575 576 577 579 584 585 591 599 605 611 620 617 618 621 624 625 630
274 275 280 284 288 283 279 288 286 286 283 289 293 301 304 310 314 314 318 321 330 336 337 345 347 356 364 364 364 363 369 374 372 378 382 380 388 394 403 398 400 401 403 412 413 422 429 422 423 428 436 445 449 440 448 457 466 469 472 473 474 481 485 485 486 491 500 501 506 509 518 526 532 535 538 540 544 546 554 556 557 558 560 568 569 577 580 583 592 597 598 605 610 613 616 615 622 631 630 633
283 284 289 288 289 292 287 296 287 290 292 290 299 302 309 318 323 323 326 328 334 337 343 351 348 351 359 366 371 369 375 376 377 386 385 389 391 394 400 406 408 406 411 412 420 428 436 431 431 436 444 451 445 444 450 455 459 460 469 476 475 476 484 483 491 500 507 509 515 510 513 519 527 532 537 542 543 552 561 560 565 560 569 576 575 582 583 585 586 588 589 598 601 604 611 612 621 630 637 642
292 293 298 297 297 294 290 295 294 299 301 298 307 303 307 316 318 327 329 329 332 333 340 349 357 359 364 367 375 372 380 382 379 388 394 390 397 395 400 408 409 410 415 421 428 436 437 437 440 440 442 451 453 452 456 463 467 469 478 477 476 477 479 481 489 492 500 504 511 518 518 525 530 537 546 551 546 555 557 558 566 561 563 567 572 581 583 589 587 596 597 605 610 613 620 617 623 624 633 640
294 302 303 300 304 295 291 297 303 300 300 299 301 307 308 317 326 333 338 338 338 340 344 348 354 355 364 370 376 379 386 384 384 386 387 396 402 403 406 415 418 419 424 425 433 437 442 445 448 443 445 449 458 456 462 469 472 478 480 478 478 486 488 485 486 495 501 503 512 516 519 521 528 535 538 547 551 557 563 566 569 569 572 570 571 575 581 588 592 596 600 602 605 606 615 624 632 628 632 636
302 310 307 304 301 297 298 305 304 308 308 301 303 308 312 317 326 331 336 345 340 348 346 353 362 357 366 372 374 378 383 392 391 395 388 392 393 400 409 417 422 420 428 432 433 434 441 442 445 446 454 457 461 459 461 467 468 476 481 487 487 487 489 490 493 500 504 509 510 519 527 530 535 538 541 542 547 556 565 566 575 570 573 571 579 584 589 595 601 601 609 605 609 615 620 621 626 635 634 643
303 306 315 313 306 302 307 307 311 310 311 302 303 306 313 316 325 332 334 338 344 353 350 359 366 366 375 377 383 382 391 398 395 395 394 401 402 409 413 415 421 424 429 431 440 443 449 451 450 450 458 463 470 468 469 476 475 480 481 490 496 495 491 493 502 501 503 509 516 525 526 531 540 539 540 541 550 559 568 574 575 577 577 578 581 590 592 593 601 610 618 614 613 616 618 620 628 630 639 648
306 315 324 321 313 310 310 315 314 318 315 306 304 311 317 321 322 327 334 340 348 352 357 364 369 369 377 378 386 385 389 398 404 400 401 404 403 407 414 413 414 418 419 429 432 438 440 442 451 451 454 462 469 473 471 477 478 482 490 492 496 503 499 502 504 510 512 511 514 522 531 537 538 541 541 550 559 561 562 568 576 584 578 584 588 596 601 600 605 613 618 618 620 618 620 625 633 639 648 657
315 322 330 325 320 319 313 321 318 322 315 314 305 310 318 327 331 335 334 340 343 349 358 365 371 374 382 386 393 391 398 407 409 401 402 406 405 406 410 411 412 421 421 422 423 433 441 449 452 460 458 466 475 480 478 485 487 487 493 498 498 501 505 511 513 518 520 513 521 528 529 537 545 547 542 544 550 557 565 574 582 581 585 589 597 603 608 609 614 617 624 623 624 624 629 633 641 646 653 656
322 331 338 333 325 317 314 315 324 326 322 313 306 310 315 322 328 331 332 340 346 352 361 369 364 373 376 381 384 392 398 407 407 404 409 407 407 413 418 415 417 423 428 431 430 432 439 444 453 459 459 467 470 478 479 486 493 491 496 499 503 504 509 515 517 518 520 515 521 530 535 544 546 555 550 553 558 561 569 573 574 578 584 586 593 602 608 611 612 620 629 630 631 628 633 635 643 650 659 664
327 336 342 338 332 323 317 324 332 328 326 319 315 315 317 322 325 334 341 343 344 353 354 361 362 371 372 373 375 384 391 399 402 406 413 415 414 420 422 421 425 429 436 439 434 435 441 450 459 468 468 472 472 473 477 485 488 497 497 501 502 504 512 519 518 520 518 516 524 525 534 543 551 555 557 559 561 569 570 572 573 575 582 591 593 597 604 612 615 616 624 629 633 636 634 642 650 658 665 671
333 340 345 336 335 328 320 321 323 332 324 317 316 320 321 329 330 337 339 348 353 362 355 360 369 372 380 374 381 382 391 397 405 414 419 422 422 426 430 429 430 430 432 437 443 436 442 451 460 468 477 475 478 482 486 486 493 497 498 499 501 508 509 512 518 523 520 525 533 534 542 545 546 551 560 568 565 567 569 578 579 576 585 589 592 597 606 612 618 617 622 628 635 632 636 645 645 651 660 665
336 344 337 336 334 332 326 329 331 327 322 320 317 322 324 330 338 344 341 344 352 360 356 360 362 371 379 380 382 390 399 406 408 415 423 426 428 435 432 434 436 437 433 438 447 444 450 457 459 465 472 474 482 487 488 495 499 498 505 502 505 506 510 513 520 522 525 526 534 540 545 549 550 559 560 569 569 568 575 577 586 580 581 583 592 596 605 614 615 616 619 628 627 630 636 640 644 653 661 668
340 348 344 345 341 336 327 336 340 333 325 326 325 326 332 335 338 346 347 350 359 360 362 369 370 373 382 389 390 394 396 405 407 415 424 422 429 435 433 441 441 439 440 446 447 452 457 463 462 464 473 478 487 496 489 491 492 495 501 510 506 514 517 520 528 523 531 535 541 549 546 548 555 558 567 576 577 569 572 578 586 587 589 592 600 597 604 612 621 621 619 621 624 629 637 641 650 653 658 667
346 355 353 353 347 343 336 344 335 328 327 329 329 335 333 342 342 351 356 357 363 367 366 370 371 379 383 385 386 387 396 397 400 409 417 418 423 426 435 441 442 440 449 454 456 461 464 472 463 468 477 486 495 493 490 499 499 496 505 508 508 516 525 524 533 532 537 536 538 547 553 552 553 556 562 571 573 577 579 582 584 591 597 601 609 602 603 607 615 617 618 627 633 630 637 641 643 650 651 659
347 356 360 354 354 345 342 340 333 331 331 331 337 340 340 342 344 352 353 357 366 372 371 378 380 388 387 387 388 394 400 406 408 417 421 426 431 435 436 444 450 444 453 459 457 466 472 480 470 476 485 488 492 492 497 498 506 504 510 516 514 519 528 531 533 537 539 544 543 545 553 554 556 565 564 566 575 584 586 591 585 593 594 597 606 606 606 615 622 620 622 628 634 631 640 648 651 653 660 661
355 364 363 362 353 352 349 342 334 338 334 335 341 341 349 343 345 349 351 359 366 375 378 379 380 384 391 395 396 403 409 407 414 418 426 432 439 442 438 441 450 450 451 459 460 465 471 478 475 478 486 491 489 490 499 505 508 512 513 514 522 521 522 525 532 536 545 543 544 553 562 555 561 568 568 572 581 583 587 590 593 594 602 601 605 610 611 614 621 629 626 630 631 639 641 647 648 657 659 668
364 373 364 361 357 351 350 345 338 347 339 338 347 348 356 351 352 357 359 368 374 378 379 382 381 389 398 403 404 412 412 416 418 427 430 431 435 436 442 442 445 449 457 460 466 474 472 474 482 480 481 484 485 491 498 499 500 502 503 513 519 526 528 530 535 540 541 542 548 550 557 560 564 565 567 576 585 588 595 598 595 595 601 609 607 608 617 615 624 630 635 633 639 644 650 648 650 651 658 665
373 373 371 362 360 360 357 348 342 345 342 347 352 349 355 360 361 366 361 362 370 379 388 391 389 397 406 411 413 418 421 420 423 424 429 433 434 438 440 441 450 452 454 463 464 472 476 478 484 484 490 487 488 491 499 508 508 510 504 505 510 519 524 525 526 531 538 542 548 557 566 562 570 573 570 573 577 579 587 591 595 600 604 609 609 617 623 624 628 635 636 641 640 647 648 651 651 656 663 670
382 376 378 369 362 363 360 355 346 350 346 351 360 357 362 364 364 372 363 367 376 377 385 386 390 391 400 409 415 420 425 424 426 432 438 439 439 447 444 444 448 456 461 470 468 469 478 482 483 492 490 489 497 492 500 506 512 518 510 506 512 513 517 527 531 540 546 544 553 557 563 563 571 577 577 574 579 587 594 600 604 604 610 616 618 619 624 629 635 642 637 643 649 655 653 652 652 658 660 666
386 385 384 378 371 370 362 355 351 352 351 352 361 366 371 367 372 369 365 373 382 381 387 392 397 399 407 410 419 420 428 425 431 439 446 441 446 453 451 452 453 461 467 471 470 478 485 487 492 497 499 497 497 494 500 509 518 520 513 513 521 521 522 525 531 534 541 542 548 553 560 569 570 575 584 583 580 584 585 591 596 604 608 617 626 627 633 630 638 645 646 647 650 658 661 661 659 667 666 667
394 394 393 384 380 379 371 364 355 353 360 353 355 364 369 375 381 378 373 375 376 385 388 397 398 407 411 411 416 425 434 433 436 440 449 447 448 456 458 458 459 468 475 479 478 487 487 488 494 503 503 506 499 495 504 510 512 514 515 516 524 529 530 532 539 541 547 551 550 559 564 570 579 584 585 592 585 592 592 594 601 606 614 622 628 635 642 636 637 645 649 655 656 664 668 670 667 676 675 671
397 389 388 384 381 384 375 366 361 362 357 356 359 360 365 366 375 377 379 383 385 387 391 399 401 410 412 417 424 433 435 438 438 439 447 455 457 458 461 467 462 463 472 479 487 488 496 489 490 497 506 512 508 502 511 519 517 520 516 522 529 535 538 539 548 543 552 556 551 559 567 576 584 592 593 601 592 601 593 596 604 611 616 617 625 634 635 637 646 651 657 664 663 664 671 678 669 674 683 675
405 396 395 387 379 378 376 368 365 361 360 365 360 369 367 375 382 380 387 389 394 388 397 405 408 415 419 425 432 440 444 444 447 441 444 448 454 456 464 465 463 464 469 470 478 486 492 498 497 501 509 510 517 511 520 525 522 529 524 530 538 541 545 547 555 550 559 561 558 566 574 576 576 585 591 595 593 596 599 605 608 609 616 622 623 625 632 640 648 656 664 666 671 665 672 673 678 682 683 684
412 403 395 395 387 384 375 368 367 363 365 374 369 376 369 370 373 380 381 384 387 395 399 406 408 412 421 427 436 445 449 453 445 443 444 451 460 461 468 469 469 465 468 472 475 482 490 495 497 506 507 511 513 512 520 528 526 535 528 529 537 542 546 548 557 555 559 560 560 569 577 574 575 577 585 586 590 599 607 607 608 611 619 625 627 628 637 645 646 653 661 669 669 667 673 681 679 688 692 690
405 402 393 393 384 375 374 373 373 369 367 375 377 374 372 375 380 386 390 386 390 392 401 404 410 418 419 426 433 442 447 450 453 444 445 447 453 462 469 478 478 474 477 474 482 490 495 498 504 505 514 519 522 519 528 531 531 536 537 532 539 546 549 553 561 564 567 564 563 565 567 571 574 575 584 588 598 601 606 610 609 614 623 630 636 633 642 649 655 661 666 672 672 676 681 682 685 690 695 698
397 393 390 388 387 379 381 374 374 375 376 383 378 379 376 383 387 395 397 388 389 392 400 401 402 409 412 421 425 434 443 444 445 447 454 456 462 469 476 485 484 483 485 483 491 499 504 500 506 508 509 518 519 522 531 535 536 541 544 540 547 555 557 562 570 571 569 567 565 571 575 579 583 584 590 592 602 609 613 618 618 618 623 631 639 642 650 652 659 664 668 677 674 674 682 688 688 689 693 701
406 399 399 396 389 387 379 375 381 379 380 382 387 387 384 391 388 389 398 397 393 400 405 410 403 412 420 425 432 438 439 446 452 454 452 460 469 468 472 479 483 492 493 490 497 498 503 501 508 517 516 520 521 530 531 533 541 550 553 547 555 561 566 571 571 578 575 575 568 577 583 580 586 593 597 594 604 612 620 618 620 627 624 632 640 649 651 654 656 659 659 668 665 666 673 682 686 690 697 703
410 402 402 398 389 385 384 384 389 380 385 389 392 393 388 397 389 398 404 406 401 402 407 414 411 414 421 427 434 439 442 440 443 448 450 454 463 465 471 472 480 489 494 491 496 504 505 510 517 526 518 527 523 528 534 540 546 554 554 554 563 563 568 571 578 586 581 579 571 580 588 582 585 592 596 598 602 607 615 615 617 618 621 630 635 642 647 654 662 658 651 660 664 666 675 684 693 697 697 706
413 406 403 406 398 394 393 393 390 389 392 396 400 394 397 393 390 398 406 407 409 404 413 416 414 419 420 425 429 430 434 438 446 455 453 454 461 465 470 471 480 489 495 493 496 505 511 513 516 525 527 536 532 529 537 544 545 546 548 552 556 563 571 572 581 587 582 578 574 578 586 590 586 592 600 605 603 605 606 609 611 620 627 631 632 639 638 646 653 654 649 658 661 670 676 680 689 693 694 703
420 414 411 413 404 399 402 400 399 392 393 402 407 400 406 400 399 400 405 412 418 413 422 417 419 427 429 428 437 439 439 447 450 458 462 460 469 474 477 480 483 484 493 496 503 511 519 516 524 531 534 541 534 538 540 545 549 549 556 560 559 565 574 581 585 592 589 584 575 584 586 591 588 597 604 611 605 607 614 616 614 619 620 627 629 633 637 639 644 645 646 655 660 663 670 679 684 685 693 695
428 423 420 422 413 406 404 401 402 393 402 405 413 405 412 403 408 402 411 413 422 414 416 423 422 431 432 429 431 435 444 453 455 459 468 467 474 481 481 487 492 493 500 501 508 513 517 520 524 533 535 540 536 545 541 550 557 551 558 567 564 572 578 587 586 593 588 587 579 588 595 599 592 599 603 603 612 615 622 617 619 624 626 635 636 635 639 640 648 648 649 658 660 669 678 682 687 693 699 696
436 430 424 415 414 413 411 402 404 396 405 411 417 414 414 405 411 405 412 417 425 423 425 432 429 435 441 438 434 443 446 448 457 458 467 475 482 488 487 488 490 498 505 504 508 515 517 523 532 541 536 545 545 554 546 554 559 560 563 572 570 574 580 587 595 587 594 588 587 594 602 600 594 595 596 601 610 618 625 620 623 627 630 638 643 636 643 649 655 651 657 658 666 674 675 684 693 694 699 702
433 426 417 416 421 421 412 403 411 403 410 414 420 417 423 414 414 411 418 419 422 423 429 435 431 432 436 444 436 445 447 456 462 463 472 480 481 490 496 494 499 507 512 513 510 512 518 527 533 540 537 538 540 548 547 549 555 556 564 570 571 565 574 581 586 579 588 594 596 603 611 602 599 602 600 604 612 616 623 626 632 635 638 643 640 638 640 645 647 654 657 663 670 673 680 689 698 701 708 711
433 424 423 424 428 419 414 405 412 412 418 423 424 419 426 421 423 420 419 420 423 424 432 441 439 434 443 441 438 439 442 449 458 464 469 478 481 485 492 499 500 508 512 513 511 516 519 528 530 532 540 547 541 550 554 550 553 556 560 562 563 564 568 577 583 578 586 593 596 604 611 609 608 606 603 606 614 622 628 635 638 644 645 652 648 643 647 654 654 660 660 661 670 677 686 694 701 702 711 718
439 430 432 429 429 420 420 414 413 421 419 422 429 420 429 430 431 429 428 429 424 432 438 447 440 435 443 445 447 441 450 458 465 465 469 475 476 483 486 491 498 507 515 516 519 524 528 536 531 539 540 545 549 557 560 558 558 560 568 567 567 565 573 574 575 577 582 588 589 595 604 612 616 615 611 614 617 621 630 634 635 639 645 654 649 644 647 654 657 662 666 668 669 678 686 688 694 701 704 709
436 433 435 436 430 429 422 415 419 421 424 424 427 428 435 433 437 434 429 429 427 428 430 439 448 444 448 453 449 450 458 462 471 474 476 477 482 487 488 492 501 508 512 515 524 532 531 540 538 544 549 554 552 558 564 566 559 567 575 569 576 574 578 581 582 579 580 586 595 598 602 605 611 614 613 617 618 620 625 627 636 644 651 652 651 651 650 651 655 660 662 671 676 680 681 689 691 700 708 712
445 437 442 445 439 438 431 424 425 426 432 432 428 431 440 434 439 436 434 437 428 437 438 447 455 451 449 458 451 457 466 471 480 483 481 485 487 492 497 493 498 504 505 514 519 526 530 539 541 542 545 550 558 559 561 567 568 574 583 574 581 582 585 587 591 587 589 595 603 606 607 612 616 620 615 624 620 627 626 635 641 645 648 657 657 659 654 659 656 664 671 680 679 680 689 695 693 698 700 703
446 445 451 446 447 443 434 430 426 431 435 433 431 432 440 442 446 438 437 445 436 437 438 447 453 452 456 465 456 465 466 475 483 492 488 486 495 498 497 496 497 503 512 519 528 535 535 543 549 543 544 553 559 568 568 574 575 575 583 582 587 585 587 596 595 588 594 597 598 599 600 606 614 615 623 627 629 629 635 637 643 648 652 653 655 663 663 663 657 661 663 672 673 682 688 689 693 694 703 711
452 450 458 453 445 442 436 434 433 432 440 441 438 438 445 451 451 447 439 448 442 446 447 448 452 456 460 461 458 467 471 480 485 494 493 487 493 500 506 503 503 509 517 524 528 537 541 543 552 547 553 555 562 567 571 574 579 577 581 584 589 593 593 596 599 590 599 605 607 603 605 607 612 619 621 630 637 638 638 638 640 649 658 654 661 668 669 665 661 667 669 670 672 673 679 687 688 693 701 705
461 459 459 451 447 438 437 442 441 437 438 439 444 443 449 458 455 446 445 454 449 455 456 453 461 459 460 461 461 469 474 483 489 490 499 492 499 508 505 504 512 510 515 524 533 539 548 551 560 555 561 564 570 576 580 580 588 586 587 585 590 597 602 602 601 592 594 598 603 608 613 610 614 615 618 625 634 635 640 639 643 644 651 659 667 673 677 668 666 670 677 676 681 675 682 688 693 692 693 696
468 459 451 450 441 440 445 446 442 445 443 441 450 444 452 453 462 455 450 453 450 454 463 457 465 460 468 469 469 470 472 480 483 489 498 501 508 512 514 507 511 519 523 532 541 548 555 558 559 557 559 568 571 579 580 588 595 595 592 593 599 601 607 603 605 601 595 602 606 610 611 619 622 622 627 632 641 643 641 643 651 646 649 651 659 668 668 677 672 677 683 685 686 677 678 679 684 690 698 697
465 458 451 450 442 446 454 450 451 449 452 450 455 447 454 454 459 462 453 457 452 461 470 464 473 467 476 471 473 477 478 486 485 491 500 504 513 513 518 512 518 526 529 537 546 551 560 567 566 562 566 575 579 584 587 590 596 603 595 594 603 610 612 612 608 600 598 606 613 616 619 625 630 631 635 637 641 642 650 648 656 647 650 651 659 661 664 672 680 678 683 684 683 680 684 682 692 692 696 704
470 464 455 451 451 449 451 451 460 451 457 459 457 448 457 463 462 461 454 461 460 463 470 469 474 473 480 475 476 481 483 492 494 500 501 510 513 522 523 519 527 531 536 538 545 546 555 564 571 570 567 576 584 585 590 597 602 611 603 597 603 612 621 621 612 605 604 612 616 625 627 632 639 632 640 640 641 644 653 649 658 655 659 660 668 665 673 681 687 686 684 692 688 687 692 688 691 693 702 709
470 462 456 459 457 456 453 456 459 452 456 465 460 457 466 464 464 470 463 466 466 472 479 473 480 474 483 480 485 483 485 492 499 504 506 509 518 525 525 528 533 538 539 539 545 549 556 565 569 576 568 576 585 594 594 597 602 609 612 606 612 619 624 623 621 613 613 618 624 633 628 637 642 638 645 646 647 645 654 654 663 663 668 669 674 666 675 683 692 695 692 698 689 692 695 695 698 694 695 699
472 465 465 466 465 462 462 463 454 453 461 464 467 458 463 468 472 471 470 468 468 470 476 481 480 479 480 489 493 490 494 493 501 509 515 511 520 521 529 526 535 539 548 544 549 558 562 564 572 576 575 581 585 586 595 604 603 604 610 611 618 627 633 626 620 617 619 626 633 636 634 643 647 639 646 654 649 648 651 652 659 662 671 678 681 674 681 685 694 701 700 702 694 700 700 699 704 696 703 705
475 469 470 474 466 470 469 467 460 458 465 465 474 467 472 477 481 477 475 474 476 472 480 488 489 480 488 489 497 495 502 499 506 512 519 512 519 524 532 525 526 535 544 553 558 555 555 560 566 567 568 572 576 578 587 596 605 613 615 620 619 628 633 634 628 620 628 635 637 638 642 645 653 647 652 657 658 649 657 661 663 671 677 683 684 676 685 694 698 706 709 706 701 707 706 708 712 705 709 706
478 478 472 475 471 478 470 468 467 467 467 474 476 469 478 485 490 485 476 475 478 475 483 485 494 487 488 496 499 504 511 508 508 517 524 516 518 520 523 524 526 530 538 546 552 553 554 556 565 573 574 581 584 587 590 598 605 614 622 621 627 636 637 639 634 628 637 643 644 639 644 651 654 652 655 656 660 657 665 670 672 672 680 681 685 677 684 691 699 700 707 714 707 708 715 717 716 712 717 715
