  0 313 307 312 315 311 320 322 325 333 332 328 326 334 338 338 332 333 337 336 339 348 356 356 365 365 365 370 373 374 378 375 376 385 386 392 392 399 400 401 409 412 421 422 428 428 432 434 442 446 449 451 460 469 467 475 475 482 485 490 499 491 493 501 510 508 512 520 521 527 536 545 552 554 561 563 566 564 569 564 569 577 581 589 591 600 608 617 614 620 626 627 628 634 642 648 649 645 651 660
  8 306 305 306 306 310 311 318 323 324 327 319 324 325 329 336 331 334 332 333 336 342 347 355 364 363 361 363 369 377 369 371 375 382 383 392 391 397 403 410 410 411 417 421 429 424 427 429 434 438 440 446 454 461 461 468 471 474 476 484 493 485 493 502 506 505 512 515 523 531 539 538 543 546 553 558 558 555 564 561 563 572 581 585 593 602 607 615 612 619 617 623 630 630 639 639 640 641 650 657
 16 298 296 305 303 312 304 310 315 317 319 317 315 318 323 330 323 326 327 334 343 349 356 352 356 358 357 363 366 370 364 368 376 383 392 397 390 395 395 403 410 416 408 413 420 418 426 432 440 438 442 451 452 454 459 467 470 469 476 483 491 483 491 494 498 503 510 512 518 524 533 535 543 543 544 552 553 554 555 559 562 571 580 581 588 597 598 607 603 610 615 620 621 629 630 633 640 641 642 648
 17 302 295 297 298 303 301 302 306 314 316 311 313 314 316 323 321 326 328 337 342 344 349 344 350 351 356 358 359 361 363 372 380 385 394 388 388 389 394 395 401 407 405 407 416 415 423 428 431 437 442 442 446 453 459 462 463 467 475 474 482 482 483 489 498 502 509 511 519 528 528 537 539 539 548 548 557 554 560 563 571 575 573 574 580 589 591 600 599 601 606 614 617 620 624 628 636 645 646 654
 26 302 294 291 297 298 300 307 312 311 307 308 316 318 316 314 318 327 332 334 342 337 340 340 343 347 347 349 351 354 359 368 375 376 385 382 381 390 395 387 396 398 399 406 407 414 423 428 436 441 447 439 441 450 452 459 468 469 469 471 477 476 484 493 495 499 506 511 515 523 520 528 530 538 540 541 550 551 553 554 563 571 572 575 581 583 591 592 593 597 604 606 608 617 623 631 635 644 651 654
 28 296 287 285 288 289 298 307 306 302 300 302 311 309 307 313 321 323 328 328 336 333 339 338 342 348 346 351 350 351 356 359 366 375 376 383 378 383 389 384 389 392 398 406 407 413 416 422 428 433 440 436 444 445 454 458 460 464 465 468 472 475 479 484 493 495 499 503 512 514 519 520 529 535 543 541 550 559 559 562 563 572 579 576 585 584 592 597 602 606 606 612 609 614 620 623 632 641 643 645
 29 288 279 279 284 288 297 303 298 300 291 298 303 300 301 307 314 317 319 326 328 324 331 335 333 340 344 346 347 354 362 356 363 370 377 374 376 377 380 381 388 389 397 401 405 413 414 417 424 426 435 434 438 443 445 451 453 458 467 470 471 474 479 488 496 503 502 506 510 511 512 519 526 527 535 540 544 550 557 561 563 566 571 579 588 593 601 605 604 611 613 614 613 621 627 624 626 634 638 637
 33 281 275 278 287 290 294 297 290 298 290 295 301 299 307 307 315 310 319 322 325 322 330 337 332 331 336 337 345 350 354 355 359 366 369 373 382 385 387 384 393 397 405 410 406 409 411 415 421 430 432 433 441 450 447 451 454 456 462 465 467 469 471 480 488 497 504 503 506 512 521 527 535 528 537 537 538 543 552 554 555 563 568 574 583 589 597 606 610 618 614 619 622 626 630 626 634 631 631 634
 41 275 274 276 280 281 286 289 288 296 288 288 297 298 301 306 307 309 317 313 318 320 328 330 334 328 332 339 348 357 353 353 357 361 368 377 374 379 386 393 399 396 399 401 404 413 417 424 427 429 428 431 436 443 450 456 463 464 470 474 470 476 474 483 492 498 500 502 509 511 519 528 530 530 533 535 538 542 543 546 553 561 567 572 577 586 594 597 601 609 606 615 618 622 629 631 634 630 622 630
 42 267 271 268 273 276 285 283 282 291 284 285 290 297 303 312 306 302 311 312 320 316 325 332 325 327 331 340 347 351 344 352 357 360 366 374 367 373 381 390 392 392 400 402 406 408 417 426 424 426 425 434 436 443 451 459 463 465 469 470 470 479 480 485 485 493 497 503 503 511 512 519 524 532 538 535 536 545 552 550 559 560 569 573 578 582 588 596 598 600 600 608 617 613 621 623 625 628 621 627
 51 262 269 261 269 271 277 277 279 285 283 289 290 289 295 304 306 297 302 304 311 315 321 324 323 332 332 336 338 345 343 348 350 357 358 365 365 369 376 385 389 391 398 406 413 410 413 417 419 419 424 432 433 438 443 452 455 457 460 461 464 471 477 478 479 485 491 494 500 503 511 513 519 528 529 533 539 548 554 555 563 568 560 564 573 579 585 589 590 598 599 600 609 612 613 615 618 619 620 628
 56 257 266 260 268 276 269 276 277 278 276 280 281 285 286 295 300 295 304 305 314 310 317 325 321 330 335 338 347 342 341 347 346 355 363 367 363 366 373 377 380 382 390 397 405 404 404 408 410 418 426 434 434 443 444 452 454 461 462 468 473 478 482 483 482 489 495 490 493 498 502 511 517 526 524 532 541 545 546 555 559 559 558 561 569 574 582 581 581 590 591 599 600 604 613 614 622 628 628 631
 58 254 257 259 261 267 261 270 277 273 274 281 289 283 289 290 291 292 301 304 305 309 311 318 320 321 329 338 347 344 337 339 345 348 355 364 362 364 373 375 378 380 384 391 399 396 397 400 409 414 418 427 434 438 443 446 449 453 457 466 475 480 482 491 486 491 490 485 493 502 508 502 511 518 519 525 532 537 546 550 559 554 556 559 562 569 577 576 579 584 588 595 601 607 614 622 617 626 634 640
 66 250 252 257 255 258 256 264 268 272 281 281 281 274 283 290 295 301 305 306 314 312 317 318 327 330 336 330 339 335 336 344 353 356 351 355 361 367 370 374 383 387 392 392 393 395 404 409 408 414 423 429 430 431 440 440 441 446 453 461 467 475 480 488 479 483 482 484 485 494 499 500 509 517 526 530 531 538 543 542 551 552 558 565 571 567 569 573 574 575 582 589 592 601 605 614 616 625 628 635
 73 249 243 249 246 250 252 261 260 269 274 279 274 270 277 285 286 292 297 298 306 315 312 313 320 329 330 328 332 334 341 350 358 351 350 356 358 359 368 372 378 387 392 386 395 390 398 403 407 410 414 422 429 438 437 434 443 450 457 458 458 466 472 481 473 474 481 483 486 495 498 503 510 512 520 522 525 532 535 541 547 554 555 563 563 565 574 572 573 581 584 592 593 595 604 609 618 627 625 630
 74 241 242 240 243 245 249 255 259 260 265 273 270 266 268 277 281 289 292 297 305 309 311 312 313 322 321 327 332 335 342 351 354 353 349 356 350 356 364 363 372 381 383 383 392 383 392 399 401 406 413 421 430 430 429 430 439 444 449 450 457 466 464 472 472 473 474 481 486 494 501 508 510 511 512 513 521 527 528 537 545 545 549 554 555 562 568 571 573 579 581 583 591 600 604 608 610 619 620 621
 83 236 233 239 240 246 248 255 257 259 259 266 273 265 269 278 287 285 293 292 297 301 308 303 310 313 317 324 328 336 345 353 346 350 348 347 347 353 358 362 368 377 386 381 384 381 384 390 397 399 404 413 422 431 428 433 440 443 448 451 456 464 462 463 471 476 482 490 487 496 504 505 508 517 519 518 527 528 536 540 548 540 541 549 558 565 566 573 579 584 588 585 593 598 603 606 609 616 619 627
 89 234 226 235 241 237 246 251 259 261 253 258 266 262 269 272 278 282 284 286 292 294 299 300 303 308 311 315 323 331 337 346 337 343 339 340 344 348 353 359 366 372 379 378 376 378 384 393 401 405 406 415 413 422 423 427 433 438 446 452 456 459 456 465 466 475 483 489 495 496 504 509 514 518 520 519 528 534 532 538 541 539 547 554 559 568 567 575 576 582 586 589 598 607 610 606 607 615 616 625
 93 228 224 230 237 235 241 248 252 252 251 257 260 261 270 270 274 279 288 289 291 289 290 294 295 304 305 306 314 322 331 339 330 334 335 343 352 354 356 362 363 368 375 383 375 382 387 396 405 410 407 407 409 413 422 427 434 432 440 446 450 455 454 461 470 471 478 487 489 497 497 506 505 510 511 520 519 525 524 529 532 535 542 551 554 561 570 579 577 584 583 590 591 598 605 605 614 618 624 629
 94 228 221 228 231 230 237 244 249 243 244 253 262 261 266 266 273 279 279 288 290 285 288 297 300 305 313 309 315 322 330 333 329 331 339 337 344 351 360 357 365 361 369 374 373 376 385 394 396 403 408 403 410 411 418 427 428 429 437 439 446 448 452 460 462 471 475 478 487 495 495 504 504 512 514 512 510 517 520 525 534 543 547 551 559 568 570 579 576 580 582 588 595 595 596 597 605 610 615 620
100 225 220 221 227 228 237 239 245 241 235 244 253 258 264 262 264 272 271 280 281 284 293 299 299 304 312 317 322 326 328 330 323 324 331 332 335 344 352 356 358 355 360 367 370 379 385 386 387 396 399 401 410 413 414 420 427 428 435 441 441 450 456 462 467 471 479 485 492 492 492 498 502 510 506 503 509 511 516 525 533 540 547 549 554 563 570 577 570 571 578 580 587 594 599 600 602 609 618 626
109 216 213 219 220 229 235 230 238 240 234 236 244 251 255 258 261 264 266 273 282 285 291 296 298 303 306 312 315 317 319 321 322 330 329 334 328 337 343 348 349 352 353 362 363 372 378 385 389 395 392 400 406 412 418 427 423 432 433 434 439 448 450 457 463 465 474 476 483 483 484 489 493 502 508 500 509 518 524 527 531 537 546 555 550 559 561 568 569 574 577 585 578 586 591 592 597 603 609 618
118 207 206 213 216 222 228 229 230 231 233 238 246 247 252 261 262 269 275 281 282 285 289 298 301 301 304 305 306 308 316 316 323 321 323 326 326 328 337 344 352 354 357 361 364 370 378 379 388 388 391 396 404 413 413 419 418 423 424 425 432 441 441 450 456 458 467 473 474 481 482 490 498 506 504 498 503 509 516 518 527 533 537 546 549 553 558 559 561 570 576 576 577 580 589 588 593 600 602 610
122 198 203 206 210 217 223 231 226 233 239 244 246 255 255 257 261 262 266 273 275 284 288 291 298 300 298 304 313 311 311 313 314 314 317 322 324 332 341 349 351 355 358 367 361 367 374 376 385 383 385 388 397 404 409 410 416 420 427 434 434 435 440 447 456 465 466 465 474 475 475 484 491 500 498 495 504 510 512 520 521 530 537 539 540 549 555 559 561 570 571 575 583 580 584 585 594 602 606 611
127 195 199 205 208 213 215 222 224 231 232 240 243 252 253 253 259 253 258 266 275 284 293 285 289 294 297 295 304 303 310 307 312 309 318 322 331 337 336 340 342 348 349 358 359 361 365 373 382 381 386 387 391 400 409 415 416 425 428 434 443 443 441 449 458 459 460 464 471 472 473 475 484 492 493 494 495 503 511 513 518 527 528 537 541 547 556 551 555 563 570 578 583 576 585 579 587 593 602 603
132 190 193 202 200 205 214 223 228 229 235 239 247 250 254 247 252 250 256 265 271 279 286 277 284 288 288 293 300 300 301 301 309 308 310 319 327 333 330 334 341 347 352 356 360 365 366 367 375 377 385 392 396 404 411 420 422 429 436 430 434 443 449 450 459 462 465 473 480 476 475 484 492 494 499 501 502 506 512 513 519 528 537 539 541 539 548 548 551 559 561 570 574 575 576 577 586 589 598 602
133 189 187 194 197 205 214 217 226 224 230 231 238 241 249 246 245 248 252 261 269 273 277 275 278 279 286 286 291 297 294 299 306 301 310 316 322 324 325 326 335 338 345 348 353 360 368 368 369 377 386 395 398 401 410 413 422 430 435 427 430 438 440 444 453 455 458 466 474 475 482 489 498 502 507 500 509 508 513 521 528 531 534 530 532 535 541 542 551 559 568 575 574 577 580 586 587 591 593 598
141 188 184 193 191 200 209 210 217 222 231 233 238 242 241 250 244 252 255 259 260 265 271 267 269 275 277 285 286 288 290 291 299 300 306 315 324 333 334 333 342 346 346 355 362 361 370 371 371 380 387 391 394 402 407 415 421 427 426 425 433 436 444 451 447 446 455 461 469 476 477 486 494 498 498 492 500 509 514 519 522 527 534 527 531 533 542 551 553 555 564 572 571 573 581 584 593 594 602 601
142 181 182 184 186 195 202 203 210 214 223 230 230 237 239 243 243 243 252 255 261 256 264 265 263 272 278 287 295 295 299 298 307 309 312 321 326 335 335 336 345 351 353 357 363 368 372 373 380 387 395 399 395 396 402 407 413 420 425 421 430 432 441 442 443 444 451 458 460 467 476 479 488 490 490 491 498 506 510 511 515 519 526 524 533 539 540 547 548 550 558 566 567 571 578 585 594 595 604 604
151 160 169 172 181 189 196 193 202 211 219 221 222 227 235 236 238 239 242 247 251 253 254 260 261 270 276 280 289 292 301 299 304 305 313 322 331 337 337 337 346 354 358 364 370 377 378 380 389 390 399 406 402 398 399 406 411 412 416 417 426 435 437 446 445 447 449 458 459 466 467 476 481 484 485 492 499 500 502 503 509 510 517 523 530 539 543 544 545 553 559 562 564 572 579 587 596 604 606 606
155 164 173 173 174 183 186 192 199 207 215 223 230 232 241 245 245 241 250 248 256 260 262 262 263 264 274 283 286 293 302 302 308 314 319 324 327 334 341 339 345 349 355 363 371 380 382 389 398 399 394 403 405 399 406 415 412 420 425 426 429 437 446 454 447 450 457 463 468 474 471 473 482 488 491 497 504 508 508 509 516 515 524 526 530 535 537 546 544 552 560 563 572 580 588 593 595 595 601 597
162 169 174 174 180 189 195 198 206 209 218 227 228 237 233 242 246 242 251 257 263 261 264 268 271 269 277 283 289 292 294 295 301 310 319 319 328 334 341 345 351 357 360 367 373 374 382 389 389 392 393 400 401 401 410 419 417 424 433 434 436 443 447 452 456 457 465 468 476 478 471 478 484 485 487 496 504 505 512 512 510 517 523 518 524 526 533 538 540 545 551 557 566 574 583 590 593 591 596 593
171 176 181 176 183 184 193 202 210 217 218 221 230 231 232 240 249 245 254 263 260 263 264 273 280 271 278 279 286 290 296 296 303 311 313 318 320 328 335 342 345 349 354 359 364 372 373 381 387 396 395 404 409 410 418 424 422 424 429 438 440 440 446 450 459 464 466 466 467 469 470 475 476 485 486 492 501 510 511 511 508 516 514 517 522 526 527 536 544 551 557 559 564 568 575 582 584 588 593 591
176 182 190 185 189 192 200 209 214 217 225 230 235 240 234 239 247 246 255 257 259 266 271 280 280 274 279 283 289 295 296 304 304 309 318 327 329 329 337 343 348 353 362 365 365 374 382 386 392 394 401 408 405 411 420 424 426 433 437 435 431 439 443 446 452 456 458 465 466 463 465 470 479 482 485 488 497 506 512 506 506 514 513 521 524 526 535 541 542 551 560 565 570 576 573 574 579 580 588 590
180 189 198 191 190 191 196 204 213 215 220 228 230 237 235 244 250 255 263 258 261 267 273 278 282 277 285 289 294 303 303 310 306 307 310 320 329 338 340 341 347 348 357 362 362 369 377 386 384 392 394 402 403 411 415 416 425 426 433 434 427 436 443 444 453 454 458 457 457 455 456 465 472 474 477 486 491 498 504 497 498 505 510 516 520 521 527 536 544 549 553 558 561 570 566 574 579 588 591 583
184 191 194 199 198 200 201 209 217 222 221 228 230 238 238 242 251 260 262 261 267 276 278 287 285 286 287 288 293 302 304 308 315 316 311 319 324 332 333 337 339 347 355 356 357 364 369 378 381 390 396 396 404 406 408 409 416 420 424 425 426 427 436 439 444 449 453 451 452 454 456 460 465 466 475 483 484 493 498 496 501 499 502 511 515 523 526 535 543 540 549 550 556 562 558 565 572 579 588 581
193 199 203 200 204 206 209 218 218 224 227 228 230 238 241 248 252 261 260 265 269 273 281 290 294 295 293 289 298 299 307 309 318 318 313 321 326 335 339 346 348 354 361 358 366 365 370 371 380 382 387 392 401 410 414 416 423 427 424 429 435 436 438 445 445 447 449 450 459 463 463 466 467 474 475 484 493 491 491 492 493 498 507 503 512 516 524 529 538 539 545 551 547 554 555 564 565 570 579 580
201 200 206 208 213 208 217 221 222 224 225 234 237 242 245 248 250 258 259 264 266 275 275 282 285 291 300 292 295 298 306 311 316 323 320 330 330 337 345 354 350 359 363 355 360 366 366 368 376 380 389 394 402 405 406 412 416 419 421 425 432 438 447 447 454 454 451 452 453 455 456 459 467 469 474 482 484 482 490 497 494 495 501 502 510 514 518 523 532 539 536 542 543 552 560 564 572 578 585 589
206 207 212 217 221 217 224 224 223 230 226 235 239 244 249 255 255 257 264 270 267 270 272 281 283 290 297 294 297 305 312 320 325 325 323 330 336 341 348 356 348 352 358 352 353 361 365 373 375 383 386 387 396 404 412 413 421 418 423 428 432 441 449 449 457 454 453 454 462 457 465 460 467 473 473 480 475 476 483 491 495 502 504 505 514 518 525 528 536 531 533 539 543 552 557 558 566 575 584 588
214 210 213 215 224 223 232 233 226 232 231 233 242 246 249 251 253 261 269 278 273 277 278 283 292 291 292 301 303 311 318 319 326 330 325 326 327 337 342 348 347 349 351 350 357 358 366 372 379 386 390 388 394 403 411 412 416 417 423 432 440 446 446 452 455 454 459 462 470 466 466 461 462 464 471 472 474 479 488 493 500 503 504 508 511 513 517 526 529 530 539 546 544 553 560 560 562 571 576 579
219 217 216 217 225 232 234 239 235 239 236 242 251 254 257 252 256 263 271 280 274 280 282 289 294 292 298 306 304 309 311 319 326 335 327 328 328 334 337 338 340 343 345 349 351 360 365 373 375 384 393 392 393 394 403 406 407 416 418 427 431 440 437 445 453 451 452 461 463 471 474 466 471 472 479 476 483 488 489 493 499 500 507 513 518 522 523 532 532 537 546 550 549 557 558 566 563 567 576 585
224 218 224 220 227 234 235 244 241 242 244 243 251 256 258 260 263 265 274 275 278 284 289 290 298 295 300 306 309 318 318 321 327 331 334 333 337 343 338 339 347 345 352 357 360 368 374 368 376 379 385 383 384 387 396 398 407 411 412 419 428 433 432 441 444 445 446 453 456 465 473 475 471 473 475 483 490 495 495 500 500 503 511 513 517 526 532 539 538 546 549 558 555 561 567 575 571 569 571 578
226 219 220 227 231 236 244 249 248 251 251 245 251 257 260 269 264 265 273 280 280 288 295 298 301 300 302 308 314 323 327 330 332 339 343 342 340 344 343 343 351 346 348 349 352 360 369 363 370 373 376 379 382 390 397 401 410 414 420 420 422 427 430 439 440 446 455 462 457 459 467 468 469 478 477 482 489 495 501 509 505 512 516 522 523 532 540 544 545 551 558 567 564 570 575 578 574 570 571 580
235 226 229 236 233 242 250 254 249 257 253 248 257 258 259 263 264 266 268 276 282 290 294 297 300 303 304 313 317 323 331 332 341 346 349 343 345 345 349 352 358 352 355 351 355 357 359 360 361 366 369 378 382 387 388 395 401 410 416 425 426 434 431 439 445 448 457 460 459 467 464 459 462 471 474 482 483 487 496 503 507 514 519 524 525 534 542 545 552 552 559 560 567 575 581 583 582 579 578 587
244 235 230 231 233 238 242 248 249 257 259 250 256 264 264 265 267 272 277 283 291 294 295 296 305 309 309 314 321 322 324 326 334 341 347 352 346 346 355 355 364 361 356 360 363 358 367 368 369 367 368 370 378 387 388 397 406 409 415 422 425 433 434 435 444 444 451 453 460 467 459 458 466 475 478 486 489 495 500 509 508 513 520 527 533 530 539 543 549 554 563 564 573 582 590 592 585 588 580 584
238 233 232 238 240 239 247 255 256 264 264 256 259 263 271 270 275 280 284 292 298 303 303 298 307 309 315 322 330 323 324 326 335 336 340 346 341 350 358 357 364 359 357 364 362 361 368 369 378 372 373 372 374 383 390 398 400 401 407 416 418 426 433 436 445 442 450 458 453 458 455 457 466 472 479 484 493 501 508 505 505 506 514 518 527 528 537 546 554 563 572 568 577 586 591 599 594 592 588 585
239 240 241 244 244 244 251 259 264 273 268 262 267 266 275 274 277 281 287 289 296 303 304 304 312 318 316 320 328 324 330 327 328 333 337 338 340 347 351 360 368 365 366 373 370 370 370 378 379 380 374 378 375 383 387 395 399 400 406 412 419 423 426 427 436 439 448 449 451 453 454 462 465 472 481 482 491 498 499 500 503 507 516 521 523 532 541 542 548 556 563 572 578 581 588 592 591 591 593 591
244 245 248 253 253 253 260 262 269 276 271 263 269 271 276 283 282 289 296 294 303 308 308 313 315 321 320 324 330 333 336 334 337 339 339 345 346 350 353 354 359 361 364 370 379 379 379 387 388 380 375 383 382 383 385 387 395 404 412 420 420 424 429 433 439 448 455 453 459 461 463 470 473 481 490 488 497 504 505 508 512 508 517 518 527 532 541 550 554 562 571 567 575 580 587 588 589 590 598 596
253 254 249 258 262 262 266 263 272 267 266 265 274 273 280 280 281 286 295 303 312 312 315 321 324 323 325 333 338 340 340 338 341 347 347 352 350 357 362 363 367 363 365 373 382 384 381 390 386 385 384 387 387 388 390 394 401 409 413 417 426 433 430 436 445 449 452 459 466 462 470 472 477 479 487 496 505 508 514 515 511 510 518 527 536 536 545 554 562 567 562 564 570 571 578 586 595 599 606 598
258 256 257 266 263 271 272 266 267 271 275 269 271 273 278 279 287 295 302 306 307 308 314 320 325 331 328 337 346 344 341 347 349 348 348 357 356 365 366 367 372 365 373 382 383 391 383 392 393 388 385 394 394 397 399 401 410 418 422 422 428 433 432 439 444 450 458 463 461 462 465 468 477 484 493 500 501 510 518 519 513 516 517 522 528 531 540 549 553 559 560 569 578 578 584 591 592 600 599 606
259 263 265 273 266 270 271 273 269 270 271 275 280 277 280 284 290 297 306 308 313 311 320 327 329 332 331 333 341 349 350 353 357 355 351 359 365 372 370 368 377 374 380 381 382 387 392 401 394 394 394 403 401 401 401 406 408 415 421 422 431 439 439 443 451 452 458 459 460 465 474 476 485 488 493 494 503 508 514 515 520 517 525 530 537 540 541 546 549 554 563 572 573 580 588 595 593 601 597 606
260 269 266 272 273 271 279 282 278 278 278 278 287 286 287 292 299 302 307 313 315 319 324 333 330 338 336 337 346 353 355 361 362 363 358 367 370 377 372 376 380 376 377 385 389 395 395 396 395 403 400 403 404 402 403 408 417 419 424 431 440 443 448 452 455 460 467 466 468 473 475 484 485 489 490 498 504 511 519 524 522 523 529 534 538 547 549 547 552 557 562 567 568 577 583 590 596 599 593 602
267 276 271 275 282 274 276 284 281 284 279 281 290 295 293 299 305 303 305 306 315 321 323 330 335 342 345 341 345 346 349 352 353 354 363 364 373 381 373 375 377 385 386 388 391 398 404 397 402 411 407 411 410 404 412 415 423 428 431 438 443 449 449 453 458 466 475 474 469 475 483 485 493 496 498 505 506 508 516 517 518 525 533 541 542 543 545 550 551 557 565 571 577 586 583 584 587 590 591 596
274 275 280 284 288 283 279 288 286 286 283 288 292 300 296 302 306 304 308 311 320 326 327 335 337 346 353 350 350 349 355 360 358 363 367 365 373 379 382 377 379 380 382 391 392 401 405 398 399 404 412 420 415 405 414 423 432 435 438 439 440 447 451 451 452 457 466 467 472 475 484 492 498 501 504 506 510 512 520 522 523 524 526 534 535 543 546 549 558 563 564 571 576 579 582 581 588 597 596 599
283 284 289 288 289 292 287 296 287 290 292 289 298 301 303 311 315 313 316 318 324 327 333 341 338 341 349 356 357 355 361 362 363 371 370 374 376 379 385 385 387 385 390 391 399 407 413 407 407 412 420 418 411 409 416 421 425 426 435 442 441 442 450 449 457 466 473 475 481 476 479 485 493 498 503 508 509 518 527 526 531 526 535 542 541 548 549 551 552 554 555 564 567 570 577 578 587 596 603 608
292 293 298 297 297 294 290 295 294 299 301 297 306 302 306 315 317 322 319 319 322 323 330 339 347 349 354 357 365 358 366 368 365 373 379 375 382 380 385 393 388 389 394 400 407 415 414 413 416 416 418 427 419 417 422 429 433 435 444 443 442 443 445 447 455 458 466 470 477 484 484 491 496 503 512 517 512 521 523 524 532 527 529 533 538 547 549 555 553 562 563 571 576 579 586 583 589 590 599 606
294 302 303 300 304 295 291 297 303 300 299 298 300 306 307 316 325 329 328 328 328 330 334 338 344 345 354 360 366 365 372 370 370 372 373 381 387 388 391 400 397 398 403 404 412 416 419 421 424 419 421 425 428 421 428 435 438 444 446 444 444 452 454 451 452 461 467 469 478 482 485 487 494 501 504 513 517 523 529 532 535 535 538 536 537 541 547 554 558 562 566 568 571 572 581 590 598 594 598 602
302 310 307 304 301 297 298 305 304 308 307 300 302 307 311 316 325 330 333 337 330 338 336 343 352 347 356 362 364 368 373 379 377 381 374 378 379 385 394 402 402 399 407 411 412 413 420 421 424 422 430 433 429 424 426 432 433 442 447 453 453 453 455 456 459 466 470 475 476 485 493 496 501 504 507 508 513 522 531 532 541 536 539 537 545 550 555 561 567 567 575 571 575 581 586 587 592 601 600 609
303 306 315 313 306 302 307 307 311 310 310 301 302 305 312 315 324 331 333 337 336 345 340 349 356 356 365 367 373 372 381 386 381 381 380 387 388 394 398 400 406 404 413 413 421 422 429 430 429 426 434 439 438 433 434 441 440 446 447 456 462 461 457 459 468 467 469 475 482 491 492 497 506 505 506 507 516 525 534 540 541 543 543 544 547 556 558 559 567 576 584 580 579 582 584 586 594 596 605 614
306 315 324 321 313 310 310 315 314 318 314 305 303 310 316 320 321 326 333 339 344 348 347 354 359 359 367 368 376 375 379 388 390 386 387 390 389 392 399 398 400 404 405 414 417 423 425 427 436 427 430 438 445 438 436 442 443 447 456 458 462 469 465 468 470 476 478 477 480 488 497 503 504 507 507 516 525 527 528 534 542 550 544 550 554 562 567 566 571 579 584 584 586 584 586 591 599 605 614 623
315 322 330 325 320 319 313 321 318 321 314 313 304 309 317 326 330 334 333 339 342 348 356 361 366 364 372 376 385 381 388 397 395 387 388 392 391 392 396 397 398 407 407 408 409 418 426 434 437 436 434 442 451 445 443 450 452 452 459 464 464 467 471 477 479 484 486 479 487 494 495 503 511 513 508 510 516 523 531 540 548 547 551 555 563 569 574 575 580 583 590 589 590 590 595 599 607 612 619 622
322 331 338 333 325 317 314 315 324 325 321 312 305 309 314 321 327 330 331 339 345 351 360 368 363 372 375 380 383 389 395 404 395 390 395 393 393 399 404 401 403 409 414 417 416 418 424 429 438 441 435 443 446 453 445 452 459 456 461 465 469 470 475 481 483 484 486 481 487 496 501 510 512 521 516 519 524 527 535 539 540 544 550 552 559 568 574 577 578 586 595 596 597 594 599 601 609 616 625 630
327 336 342 338 332 323 317 324 332 327 325 318 314 314 316 321 324 333 340 342 343 352 353 360 361 370 371 372 374 383 390 398 397 394 401 401 400 406 408 407 411 415 422 425 420 421 426 435 444 450 444 448 448 449 449 457 460 465 462 467 468 470 478 485 484 486 484 482 490 491 500 509 517 521 523 525 527 535 536 538 539 541 548 557 559 563 570 578 581 582 590 595 599 602 600 608 616 624 631 637
333 340 345 336 335 328 320 321 323 332 323 316 315 319 320 328 329 336 338 347 352 361 354 359 368 371 379 373 380 381 390 396 404 403 407 408 408 412 416 415 416 416 418 423 429 422 428 436 445 453 453 451 454 458 458 458 465 468 463 464 466 474 475 478 484 489 486 491 499 500 508 511 512 517 526 534 531 533 535 544 545 542 551 555 558 563 572 578 584 583 588 594 601 598 602 611 611 617 626 631
336 344 337 336 334 332 326 329 331 326 321 319 316 321 323 329 337 343 340 343 351 359 355 359 361 370 378 379 381 389 398 405 407 410 415 412 414 421 418 420 422 423 419 424 433 430 436 443 445 450 457 453 461 463 460 467 471 470 470 467 470 472 476 479 486 488 491 492 500 506 511 515 516 525 526 535 535 534 541 543 552 546 547 549 558 562 571 580 581 582 585 594 593 596 602 606 610 619 627 634
340 348 344 345 341 336 327 336 340 332 324 325 324 325 331 334 337 345 346 349 358 359 361 368 369 372 381 388 389 393 395 404 406 414 423 416 421 428 419 427 427 425 426 432 433 438 443 449 448 449 458 458 467 470 461 463 464 467 473 476 471 480 483 486 494 489 497 501 507 515 512 514 521 524 533 542 543 535 538 544 552 553 555 558 566 563 570 578 587 587 585 587 590 595 603 607 616 619 624 633
346 355 353 353 347 343 336 343 334 327 326 328 328 334 332 341 341 350 355 356 362 366 365 369 370 378 382 384 385 386 395 396 399 408 416 417 422 425 428 433 428 426 435 440 442 447 450 458 449 453 462 467 474 465 462 471 471 468 477 477 473 482 491 490 499 498 503 502 504 513 519 518 519 522 528 537 539 543 545 548 550 557 563 567 575 568 569 573 581 583 584 593 599 596 603 607 609 616 617 625
347 356 360 354 354 345 342 339 332 330 330 330 336 339 339 341 343 351 352 356 365 371 370 377 379 387 386 386 387 393 399 405 407 416 420 425 430 434 429 437 436 430 439 445 443 452 458 465 456 461 470 470 471 467 469 470 478 476 482 485 479 484 494 497 499 503 505 510 509 511 519 520 522 531 530 532 541 550 552 557 551 559 560 563 572 572 572 581 588 586 588 594 600 597 606 614 617 619 626 627
355 364 363 362 353 352 348 341 333 337 333 334 340 340 348 342 344 348 350 358 365 374 377 378 379 383 390 394 395 402 408 406 413 417 425 431 438 438 431 434 443 436 437 445 446 451 457 464 461 464 471 476 471 468 477 477 484 485 491 486 487 486 487 490 498 502 511 511 510 519 528 521 527 534 534 538 547 549 553 556 559 560 568 567 571 576 577 580 587 595 592 596 597 605 607 613 614 623 625 634
364 372 363 360 356 350 349 344 337 346 338 337 346 347 355 350 351 356 358 367 373 377 378 381 380 388 397 402 403 411 411 415 417 426 429 430 434 435 437 435 438 440 445 448 452 460 458 460 468 466 467 470 471 474 481 478 479 481 482 491 496 493 493 495 505 511 513 512 516 518 525 526 530 531 533 542 551 554 561 564 561 561 567 575 573 574 583 581 590 596 601 599 605 610 616 614 616 617 624 631
373 372 370 361 359 359 356 347 341 344 341 346 351 348 354 359 360 365 360 361 369 378 387 390 388 396 405 410 412 417 420 419 422 423 428 432 433 437 438 436 445 443 445 454 453 461 462 464 470 470 476 473 474 477 485 487 487 489 483 484 488 497 499 496 497 502 509 513 520 527 534 528 536 539 536 539 543 545 553 557 561 566 570 575 575 583 589 590 594 601 602 607 606 613 614 617 617 622 629 636
382 375 377 368 361 362 359 354 345 349 345 350 359 356 361 363 363 371 362 366 375 376 384 385 389 390 399 408 414 419 424 423 425 431 437 438 438 446 442 439 443 451 452 461 457 458 467 468 469 478 476 475 483 478 486 492 493 497 489 485 491 492 496 505 502 511 517 515 525 529 535 529 537 543 543 540 545 553 560 566 570 570 576 582 584 585 590 595 601 608 603 609 615 621 619 618 618 624 626 632
386 384 383 377 370 369 361 354 350 351 350 351 360 365 370 366 371 368 364 372 381 380 386 391 396 398 406 409 418 419 427 424 430 438 445 440 445 452 449 447 448 456 458 462 459 467 474 473 478 483 485 483 483 480 486 495 502 499 492 492 500 500 501 504 508 511 518 516 522 527 534 538 538 543 552 549 546 550 551 557 562 570 574 583 592 593 599 596 604 611 612 613 616 624 627 627 625 633 632 633
394 393 392 383 379 378 370 363 354 352 359 352 354 363 368 374 380 377 372 374 375 384 387 396 397 406 410 410 415 424 433 432 435 439 448 446 447 455 456 453 454 463 466 470 467 476 476 474 480 489 489 492 485 481 490 496 498 496 494 495 503 508 509 511 516 518 524 525 524 533 538 544 547 552 553 558 551 558 558 560 567 572 580 588 594 601 608 602 603 611 615 621 622 630 634 636 633 642 641 637
396 388 387 383 380 383 374 365 360 361 356 355 358 359 364 365 374 376 378 382 384 386 390 398 400 409 411 416 423 432 434 437 437 438 446 454 456 457 459 462 457 458 467 474 476 478 484 475 476 483 492 498 494 488 497 505 503 501 495 501 508 514 517 518 525 520 529 530 525 533 541 550 555 560 561 567 558 567 559 562 570 577 582 583 591 600 601 603 612 617 623 630 629 630 637 644 635 640 649 641
404 395 394 386 378 377 375 367 364 360 359 364 359 368 366 374 381 379 386 388 393 387 396 404 407 414 418 424 431 439 443 443 446 440 443 447 453 455 463 460 458 459 464 465 473 481 487 484 483 487 495 496 503 497 506 511 508 510 503 509 517 520 524 526 533 527 536 535 532 540 548 550 550 559 565 569 561 564 565 571 574 575 582 588 589 591 598 606 614 622 630 632 637 631 638 639 644 648 649 650
411 402 394 394 386 383 374 367 366 362 364 373 368 375 368 369 372 379 380 383 386 394 398 405 407 411 420 426 435 444 448 452 444 442 443 450 459 460 467 464 464 460 463 467 470 477 485 489 485 494 495 499 500 498 506 514 512 516 507 508 516 521 525 527 536 532 536 536 534 543 551 548 549 551 559 560 564 573 573 573 574 577 585 591 593 594 603 611 612 619 627 635 635 633 639 647 645 654 658 656
404 401 392 392 383 374 373 372 372 368 366 374 376 373 371 374 379 385 389 385 389 391 400 403 409 417 418 425 432 441 446 449 452 443 444 446 452 461 468 473 473 469 472 469 477 485 490 492 492 493 502 507 509 505 514 517 517 521 516 511 518 525 528 532 540 541 544 540 537 539 541 545 548 549 558 562 572 575 578 577 575 580 589 596 602 599 608 615 621 627 632 638 638 642 647 648 651 656 661 664
396 392 389 387 386 378 380 373 373 374 375 382 377 378 375 382 386 394 396 387 388 391 399 400 401 408 411 420 424 433 442 443 444 446 453 455 461 468 475 482 479 478 480 478 486 494 499 494 498 496 497 506 507 508 517 521 522 526 523 519 526 534 536 541 549 548 544 542 539 545 549 553 557 558 564 566 576 583 585 585 584 584 589 597 605 608 616 618 625 630 639 647 647 648 656 654 654 655 659 667
405 398 398 395 388 386 378 374 380 378 379 381 386 386 383 390 387 388 397 396 392 399 404 409 402 411 419 424 431 437 438 445 451 453 451 459 468 467 471 478 482 487 488 485 492 493 498 495 502 505 504 508 509 517 518 520 528 535 532 526 534 540 545 550 550 555 550 550 542 551 557 554 560 567 571 568 578 586 593 588 587 593 592 600 608 617 620 621 623 626 633 642 639 640 647 656 658 659 666 672
409 401 401 397 388 384 383 383 388 379 384 388 391 392 387 396 388 397 403 405 400 401 406 413 410 413 420 426 433 438 441 439 442 447 449 453 462 464 470 471 479 488 491 486 491 499 500 504 511 514 506 515 511 516 522 527 533 541 538 533 542 542 547 550 557 563 556 553 545 554 562 556 559 566 570 572 576 581 589 589 591 592 595 604 609 616 621 628 632 632 625 634 638 640 649 658 667 666 669 678
412 405 402 405 397 393 392 392 389 388 391 395 399 393 396 392 389 397 405 406 408 403 412 415 413 418 419 424 428 429 433 437 445 454 452 453 460 464 469 470 479 488 494 488 491 500 506 507 510 519 515 524 520 517 525 532 533 534 536 537 541 548 555 551 560 562 556 552 548 552 560 564 560 566 574 579 577 579 580 583 585 594 601 605 606 613 612 620 627 628 623 632 635 644 650 654 663 667 668 677
419 413 410 412 403 398 401 399 398 391 392 401 406 399 405 399 398 399 404 411 417 412 421 416 418 426 428 427 436 438 438 446 449 457 461 459 468 473 476 479 482 483 492 491 498 506 514 510 518 525 522 529 522 526 528 533 537 537 544 545 544 550 559 560 564 569 563 558 549 558 560 565 562 571 578 585 579 581 588 590 588 593 594 601 603 607 611 613 618 619 620 629 634 637 644 653 658 659 667 669
427 422 419 421 412 405 403 400 401 392 401 404 412 404 411 402 407 401 410 412 421 413 415 422 421 430 431 428 430 434 443 452 454 458 467 466 473 480 480 486 491 492 499 496 503 508 512 514 518 527 524 529 524 533 529 538 545 539 546 554 549 557 563 569 565 569 562 561 553 562 569 573 566 573 577 577 586 589 596 591 593 598 600 609 610 609 613 614 622 622 623 632 634 643 652 656 661 667 673 670
435 429 423 414 413 412 410 401 403 395 404 410 416 413 413 404 410 404 411 416 424 422 424 431 428 434 440 437 433 442 445 447 456 457 466 474 481 487 486 487 489 497 504 499 503 510 512 518 527 534 525 534 533 542 534 542 547 548 551 560 555 562 568 575 574 575 569 562 561 568 576 574 568 569 570 575 584 592 599 594 597 601 604 612 617 610 617 623 629 625 631 632 640 648 649 658 667 668 673 676
432 425 416 415 420 420 411 402 410 402 409 413 419 416 422 413 413 410 417 418 421 422 428 434 430 431 435 443 435 444 446 455 461 462 471 479 480 489 495 493 498 506 511 508 505 507 513 522 528 534 526 527 529 537 535 537 543 544 552 558 559 553 562 569 574 567 576 568 570 577 585 576 573 576 574 578 586 590 597 600 606 609 612 617 614 612 614 619 621 628 631 637 644 647 654 663 672 675 682 685
432 423 422 423 427 418 413 404 411 411 417 422 423 418 425 420 422 419 418 419 422 423 431 440 438 433 442 440 437 438 441 448 457 463 468 477 480 484 491 498 499 507 511 508 506 511 514 523 525 527 534 536 530 539 542 538 541 544 548 550 551 552 556 565 571 566 574 575 577 586 590 583 582 580 577 580 588 596 602 609 612 618 619 626 622 617 621 628 628 634 634 635 644 651 660 668 675 676 685 692
438 429 431 428 428 419 419 413 412 420 418 421 428 419 428 429 430 428 427 428 423 431 437 446 439 434 442 444 446 440 449 457 464 464 468 474 475 482 485 490 497 506 514 511 514 519 523 531 526 534 535 540 538 546 548 546 546 548 556 555 555 553 561 562 563 565 570 576 577 583 592 591 590 589 585 588 591 595 604 608 609 613 619 628 623 618 621 628 631 636 640 642 643 652 660 662 668 675 678 683
435 432 434 435 429 428 421 414 418 420 423 423 426 427 434 432 436 433 428 428 426 427 429 438 447 443 447 452 448 449 457 461 470 473 475 476 481 486 487 491 500 507 511 514 523 527 526 535 533 539 544 549 541 547 553 554 547 555 563 557 564 562 566 569 570 567 568 574 583 586 590 593 596 590 587 591 592 594 599 601 610 618 625 626 625 625 624 625 629 634 636 645 650 654 655 663 665 674 682 686
444 436 441 444 438 437 430 423 424 425 431 431 427 430 439 433 438 435 433 436 427 436 437 446 454 450 448 457 450 456 465 470 479 482 480 484 486 491 496 492 497 503 504 513 518 525 529 538 536 537 540 545 549 548 550 556 556 562 571 562 569 570 573 575 579 575 577 583 591 594 595 600 600 595 589 598 594 601 600 609 615 619 622 631 631 633 628 633 630 638 645 654 653 654 663 669 667 672 674 677
445 444 450 445 446 442 433 429 425 430 434 432 430 431 439 441 445 437 436 444 435 436 437 446 452 451 455 464 455 464 465 474 482 491 487 485 494 497 496 495 496 502 511 518 527 534 534 542 544 538 539 548 554 557 557 563 563 563 571 570 575 573 575 584 583 576 582 585 586 587 588 594 602 596 597 601 603 603 609 611 617 622 626 627 629 637 637 637 631 635 637 646 647 656 662 663 667 668 677 685
451 449 457 452 444 441 435 433 432 431 439 440 437 437 444 450 450 446 438 447 441 445 446 447 451 455 459 460 457 466 470 479 484 493 492 486 492 499 505 502 502 508 516 523 527 536 540 542 551 542 548 550 557 562 561 564 568 565 569 572 577 581 581 584 587 578 587 593 595 591 593 595 600 603 600 609 611 612 612 612 614 623 632 628 635 642 643 639 635 641 643 644 646 647 653 661 662 667 675 679
460 458 458 450 446 437 436 441 440 436 437 438 443 442 448 457 454 445 444 453 448 454 455 452 460 458 459 460 460 468 473 482 488 489 498 491 498 507 504 503 511 509 514 523 532 538 547 550 559 550 556 559 565 571 570 570 577 574 575 573 578 585 590 590 589 580 582 586 591 596 601 598 602 603 603 610 619 613 617 613 617 618 625 633 641 647 651 642 640 644 651 650 655 649 656 662 667 666 667 670
467 458 450 449 440 439 444 445 441 444 442 440 449 443 451 452 461 454 449 452 449 453 462 456 464 459 467 468 468 469 471 479 482 488 497 500 507 511 513 506 510 518 522 531 540 547 554 557 554 552 554 563 566 574 571 578 584 583 580 581 587 589 595 591 593 589 583 590 594 598 599 607 610 610 612 617 626 621 618 617 625 620 623 625 633 642 642 651 646 651 657 659 660 651 652 653 658 664 672 671
464 457 450 449 441 445 453 449 450 448 451 449 454 446 453 453 458 461 452 456 451 460 469 463 472 466 475 470 472 476 477 485 484 490 499 503 512 512 517 511 517 525 528 536 545 550 559 566 561 557 561 570 574 579 578 581 587 591 583 582 591 598 600 600 596 588 586 594 601 604 607 613 618 619 620 622 626 622 627 622 630 621 624 625 633 635 638 646 654 652 657 658 657 654 658 656 666 666 670 678
469 463 454 450 450 448 450 450 459 450 456 458 456 447 456 462 461 460 453 460 459 462 469 468 473 472 479 474 475 480 482 491 493 499 500 509 512 521 522 518 526 530 535 537 544 545 554 563 568 565 562 571 579 580 583 588 593 600 591 585 591 600 609 609 600 593 592 600 604 613 615 620 627 620 628 625 626 625 632 623 632 629 633 634 642 639 647 655 661 660 658 666 662 661 666 662 665 667 676 683
469 461 455 458 456 455 452 455 458 451 455 464 459 456 465 463 463 469 462 465 465 471 478 472 479 473 482 479 484 482 484 491 498 503 505 508 517 524 524 527 532 537 538 538 544 548 555 564 568 571 563 571 580 589 587 590 595 602 600 594 600 607 612 611 609 601 601 606 612 621 616 625 630 626 633 631 632 626 635 628 637 637 642 643 648 640 649 657 666 669 666 672 663 666 669 669 672 668 669 673
471 464 464 465 464 461 461 462 453 452 460 463 466 457 462 467 471 470 469 467 467 469 475 480 479 478 479 488 492 489 493 492 500 508 514 510 519 520 528 525 534 538 547 543 548 557 561 563 571 575 570 579 584 585 594 599 596 597 603 599 606 615 621 614 608 605 607 614 621 624 622 631 635 627 634 639 631 629 632 629 636 639 648 652 655 648 655 659 668 675 674 676 668 674 674 673 678 670 677 679
474 468 469 473 465 469 468 466 459 457 464 464 473 466 471 476 480 476 474 473 475 471 479 487 488 479 487 488 496 494 501 498 505 511 518 511 518 523 531 524 525 534 543 552 557 554 554 559 565 566 567 571 575 577 586 595 604 606 608 608 607 616 621 622 616 608 616 623 625 626 630 633 641 635 640 644 639 630 638 638 640 648 654 658 658 650 659 668 672 680 683 680 675 681 680 682 686 679 683 680
477 477 471 474 470 477 469 467 466 466 466 473 475 468 477 484 489 484 475 474 477 474 482 484 493 486 487 495 498 503 510 507 507 516 523 515 517 519 522 523 525 529 537 545 551 552 553 555 564 572 573 580 583 586 589 597 604 613 616 609 615 624 625 627 622 616 625 631 632 627 632 639 642 640 643 643 642 638 646 647 649 649 657 658 659 651 658 665 673 674 681 688 681 682 689 691 690 686 691 689
