  0 329 323 328 331 327 336 338 341 349 348 344 342 350 354 353 347 348 352 351 354 363 371 371 380 378 378 383 386 387 391 388 389 398 399 405 405 412 413 414 422 425 434 435 441 441 445 447 455 459 462 464 473 482 480 488 488 495 498 503 512 504 506 514 523 521 525 533 534 540 549 558 565 567 574 576 579 577 582 577 582 590 594 602 604 613 621 630 627 633 639 640 641 647 655 661 662 658 664 673
  8 322 321 322 322 326 327 334 339 340 343 335 340 341 345 352 346 349 347 348 351 357 362 370 378 376 374 376 382 390 382 384 388 395 396 405 404 410 416 423 423 424 430 434 442 437 440 442 447 451 453 459 467 474 474 481 484 487 489 497 506 498 506 515 519 518 525 528 536 544 552 551 556 559 566 571 571 568 577 574 576 585 594 598 606 615 620 628 625 632 630 636 643 643 652 652 653 654 663 670
 16 314 312 321 319 328 320 326 331 333 335 333 331 334 339 345 338 341 342 349 358 364 371 365 369 371 370 376 379 383 377 381 389 396 405 410 403 408 408 416 423 429 421 426 433 431 439 445 453 451 455 464 465 467 472 480 483 482 489 496 504 496 504 507 511 516 523 525 531 537 546 548 556 556 557 565 566 567 568 572 575 584 593 594 601 610 611 620 616 623 628 633 634 642 643 646 653 654 655 661
 17 318 311 313 314 319 317 318 322 330 332 327 329 330 332 338 336 341 343 352 357 357 362 357 363 364 369 371 372 374 376 385 393 398 407 401 401 402 407 408 414 420 418 420 429 428 436 441 444 450 455 455 459 466 472 475 476 480 488 487 495 495 496 502 511 515 522 524 532 541 541 550 552 552 561 561 570 567 573 576 584 588 586 587 593 602 604 613 612 614 619 627 630 633 637 641 649 658 659 667
 26 318 310 307 313 314 316 323 328 327 323 324 332 333 331 329 333 342 346 347 355 350 353 353 356 360 360 362 364 367 372 381 388 389 398 395 394 403 408 400 409 411 412 419 420 427 436 441 449 454 460 452 454 463 465 472 481 482 482 484 490 489 497 506 508 512 519 524 528 536 533 541 543 551 553 554 563 564 566 567 576 584 585 588 594 596 604 605 606 610 617 619 621 630 636 644 648 657 664 667
 28 312 303 301 304 305 314 323 322 318 316 318 327 324 322 328 336 336 341 341 349 346 352 351 355 361 359 364 363 364 369 372 379 388 389 396 391 396 402 397 402 405 411 419 420 426 429 435 441 446 453 449 457 458 467 471 473 477 478 481 485 488 492 497 506 508 512 516 525 527 532 533 542 548 556 554 563 572 572 575 576 585 592 589 598 597 605 610 615 619 619 625 622 627 633 636 645 654 656 658
 29 304 295 295 300 304 313 319 314 316 307 314 319 315 316 322 329 330 332 339 341 337 344 348 346 353 357 359 360 367 375 369 376 383 390 387 389 390 393 394 401 402 410 414 418 426 427 430 437 439 448 447 451 456 458 464 466 471 480 483 484 487 492 501 509 516 515 519 523 524 525 532 539 540 548 553 557 563 570 574 576 579 584 592 601 606 614 618 617 624 626 627 626 634 640 637 639 647 651 650
 33 297 291 294 303 306 310 313 306 314 306 311 317 314 322 322 328 323 332 335 338 335 343 350 345 344 349 350 358 363 367 368 372 379 382 386 395 398 400 397 406 410 418 423 419 422 424 428 434 443 445 446 454 463 460 464 467 469 475 478 480 482 484 493 501 510 517 516 519 525 534 540 548 541 550 550 551 556 565 567 568 576 581 587 596 602 610 619 623 631 627 632 635 639 643 639 647 644 644 647
 41 291 290 292 296 297 302 305 304 312 304 304 313 313 316 321 320 322 330 326 331 333 341 343 347 341 345 352 361 370 366 366 370 374 381 390 387 392 399 406 412 409 412 414 417 426 430 437 440 442 441 444 449 456 463 469 476 477 483 487 483 489 487 496 505 511 513 515 522 524 532 541 543 543 546 548 551 555 556 559 566 574 580 585 590 599 607 610 614 622 619 628 631 635 642 644 647 643 635 643
 42 283 287 284 289 292 301 299 298 307 300 301 306 312 318 327 319 315 324 325 333 329 338 345 338 340 344 353 360 364 357 365 370 373 379 387 380 386 394 403 405 405 413 415 419 421 430 439 437 439 438 447 449 456 464 472 476 478 482 483 483 492 493 498 498 506 510 516 516 524 525 532 537 545 551 548 549 558 565 563 572 573 582 586 591 595 601 609 611 613 613 621 630 626 634 636 638 641 634 640
 51 278 285 277 285 287 293 293 295 301 299 305 306 304 310 319 319 310 315 317 324 328 334 337 336 345 345 349 351 358 356 361 363 370 371 378 378 382 389 398 402 404 411 419 426 423 426 430 432 432 437 445 446 451 456 465 468 470 473 474 477 484 490 491 492 498 504 507 513 516 524 526 532 541 542 546 552 561 567 568 576 581 573 577 586 592 598 602 603 611 612 613 622 625 626 628 631 632 633 641
 56 273 282 276 284 292 285 292 293 294 292 296 297 300 301 310 313 308 317 318 327 323 330 338 334 343 348 351 360 355 354 360 359 368 376 380 376 379 386 390 393 395 403 410 418 417 417 421 423 431 439 447 447 456 457 465 467 474 475 481 486 491 495 496 495 502 508 503 506 511 515 524 530 539 537 545 554 558 559 568 572 572 571 574 582 587 595 594 594 603 604 612 613 617 626 627 635 641 641 644
 58 270 273 275 277 283 277 286 293 289 290 297 302 296 302 303 304 305 314 317 318 322 324 331 333 334 342 351 360 357 350 352 358 361 368 377 375 377 386 388 391 393 397 404 412 409 410 413 422 427 431 440 447 451 456 459 462 466 470 479 488 493 495 504 499 504 503 498 506 515 521 515 524 531 532 538 545 550 559 563 572 567 569 572 575 582 590 589 592 597 601 608 614 620 627 635 630 639 647 653
 66 266 268 273 271 274 272 280 284 288 296 294 294 287 296 303 308 314 318 319 327 325 330 331 340 343 349 343 352 348 349 357 366 369 364 368 374 380 383 387 396 400 405 405 406 408 417 422 421 427 436 442 443 444 453 453 454 459 466 474 480 488 493 501 492 496 495 497 498 507 512 513 522 530 539 543 544 551 556 555 564 565 571 578 584 580 582 586 587 588 595 602 605 614 618 627 629 638 641 648
 73 265 259 265 262 266 268 277 276 284 287 292 287 283 290 298 299 305 310 311 319 328 325 326 333 342 343 341 345 347 354 363 371 364 363 369 371 372 381 385 391 400 405 399 408 403 411 416 420 423 427 435 442 451 450 447 456 463 470 471 471 479 485 494 486 487 494 496 499 508 511 516 523 525 533 535 538 545 548 554 560 567 568 576 576 578 587 585 586 594 597 605 606 608 617 622 631 640 638 643
 74 257 258 256 259 261 265 271 275 275 278 286 283 279 281 290 294 302 305 310 318 322 324 325 326 335 334 340 345 348 355 364 367 366 362 369 363 369 377 376 385 394 396 396 405 396 405 412 414 419 426 434 443 443 442 443 452 457 462 463 470 479 477 485 485 486 487 494 499 507 514 521 523 524 525 526 534 540 541 550 558 558 562 567 568 575 581 584 586 592 594 596 604 613 617 621 623 632 633 634
 83 252 249 255 256 261 263 270 272 274 272 279 286 278 282 291 300 298 306 305 310 314 321 316 323 326 330 337 341 349 358 366 359 363 361 360 360 366 371 375 381 390 399 394 397 394 397 403 410 412 417 426 435 444 441 446 453 456 461 464 469 477 475 476 484 489 495 503 500 509 517 518 521 530 532 531 540 541 549 553 561 553 554 562 571 578 579 586 592 597 601 598 606 611 616 619 622 629 632 640
 89 250 242 251 257 252 261 266 274 274 266 271 279 275 282 285 291 295 297 299 305 307 312 313 316 321 324 328 336 344 350 359 350 356 352 353 357 361 366 372 379 385 392 391 389 391 397 406 414 418 419 428 426 435 436 440 446 451 459 465 469 472 469 478 479 488 496 502 508 509 517 522 527 531 533 532 541 547 545 551 554 552 560 567 572 581 580 588 589 595 599 602 611 620 623 619 620 628 629 638
 93 244 240 246 253 250 256 263 266 265 264 270 273 274 283 283 287 292 301 302 304 302 303 307 308 317 318 319 327 335 344 352 343 347 348 356 365 367 369 375 376 381 388 396 388 395 400 409 418 423 420 420 422 426 435 440 447 445 453 459 463 468 467 474 483 484 491 500 502 510 510 519 518 523 524 533 532 538 537 542 545 548 555 564 567 574 583 592 590 597 596 603 604 611 618 618 627 631 637 642
 94 244 237 244 246 245 252 259 262 256 257 266 275 274 279 279 286 292 292 301 303 298 301 310 313 318 326 322 328 335 343 346 342 344 352 350 357 364 373 370 378 374 382 387 386 389 398 407 409 416 421 416 423 424 431 440 441 442 450 452 459 461 465 473 475 484 488 491 500 508 508 517 517 525 527 525 523 530 533 538 547 556 560 564 572 581 583 592 589 593 595 601 608 608 609 610 618 623 628 633
100 241 236 237 242 243 252 253 258 254 248 257 266 271 277 275 277 285 284 293 294 297 306 312 312 317 325 330 335 339 341 343 336 337 344 345 348 357 365 369 371 368 373 380 383 392 398 399 400 409 412 414 423 426 427 433 440 441 448 454 454 463 469 475 480 484 492 498 505 505 505 511 515 523 519 516 522 524 529 538 546 553 560 562 567 576 583 590 583 584 591 593 600 607 612 613 615 622 631 639
109 232 229 235 235 244 249 244 251 253 247 249 257 264 268 271 274 277 279 286 295 298 304 309 311 316 319 325 328 330 332 334 335 343 342 347 341 350 356 361 362 365 366 375 376 385 391 398 402 408 405 413 419 425 431 440 436 445 446 447 452 461 463 470 476 478 487 489 496 496 497 502 506 515 521 513 522 531 537 540 544 550 559 568 563 572 574 581 582 587 590 598 591 599 604 605 610 616 622 631
118 223 222 229 231 237 242 243 243 244 246 251 259 260 265 274 275 282 288 294 295 298 302 311 314 314 317 318 319 321 329 329 336 334 336 339 339 341 350 357 365 367 370 374 377 383 391 392 401 401 404 409 417 426 426 432 431 436 437 438 445 454 454 463 469 471 480 486 487 494 495 503 511 519 517 511 516 522 529 531 540 546 550 559 562 566 571 572 574 583 589 589 590 593 602 601 606 613 615 623
122 214 219 222 225 232 236 244 239 246 252 257 259 268 268 270 274 275 279 286 288 297 301 304 311 313 311 317 326 324 324 326 327 327 330 335 337 345 354 362 364 368 371 380 374 380 387 389 398 396 398 401 410 417 422 423 429 433 440 447 447 448 453 460 469 478 479 478 487 488 488 497 504 513 511 508 517 523 525 533 534 543 550 552 553 562 568 572 574 583 584 588 596 593 597 598 607 615 619 624
127 211 215 221 221 226 228 235 237 244 245 253 256 265 266 266 272 266 271 279 288 297 306 298 302 307 310 308 317 316 323 320 325 322 331 335 344 350 349 353 355 361 362 371 372 374 378 386 395 394 399 400 404 413 422 428 429 438 441 447 456 456 454 462 471 472 473 477 484 485 486 488 497 505 506 507 508 516 524 526 531 540 541 550 554 560 569 564 568 576 583 591 596 589 598 592 600 606 615 616
132 206 209 218 213 218 227 236 241 242 248 252 260 263 267 260 265 263 269 278 284 292 299 290 297 301 301 306 313 313 314 314 322 321 323 332 340 346 343 347 354 360 365 369 373 378 379 380 388 390 398 405 409 417 424 433 435 442 449 443 447 456 462 463 472 475 478 486 493 489 488 497 505 507 512 514 515 519 525 526 532 541 550 552 554 552 561 561 564 572 574 583 587 588 589 590 599 602 611 615
133 205 203 210 210 218 227 230 239 237 243 244 251 254 262 259 258 261 265 274 282 286 290 288 291 292 299 299 304 310 307 312 319 314 323 329 335 337 338 339 348 351 358 361 366 373 381 381 382 390 399 408 411 414 423 426 435 443 448 440 443 451 453 457 466 468 471 479 487 488 495 502 511 515 520 513 522 521 526 534 541 544 547 543 545 548 554 555 564 572 581 588 587 590 593 599 600 604 606 611
141 207 200 206 204 213 222 223 230 235 244 246 251 255 254 263 257 265 268 272 273 278 284 280 282 288 290 298 299 301 303 304 312 313 319 328 337 346 347 346 355 359 359 368 375 374 383 384 384 393 400 404 407 415 420 428 434 440 439 438 446 449 457 464 460 459 468 474 482 489 490 499 507 511 511 505 513 522 527 532 535 540 547 540 544 546 555 564 566 568 577 585 584 586 594 597 606 607 615 614
142 206 198 197 199 208 215 216 223 227 236 243 243 250 252 256 256 256 265 268 274 269 277 278 276 285 291 300 308 308 312 311 320 322 325 334 339 348 348 349 358 364 366 370 376 381 385 386 393 400 408 412 408 409 415 420 426 433 438 434 443 445 454 455 456 457 464 471 473 480 489 492 501 503 503 504 511 519 523 524 528 532 539 537 546 552 553 560 561 563 571 579 580 584 591 598 607 608 617 617
151 203 199 190 194 202 209 205 214 223 231 233 234 239 247 248 250 251 254 259 263 265 266 272 275 283 289 293 302 305 314 312 317 318 326 335 344 350 350 350 359 367 371 377 383 390 391 393 402 403 412 419 415 411 412 419 424 425 429 430 439 448 450 459 458 460 462 471 472 479 480 489 494 497 498 505 512 513 515 516 522 523 530 536 543 552 556 557 558 566 572 575 577 585 592 600 609 617 619 619
155 194 196 185 186 195 198 204 211 219 227 235 242 244 250 257 257 253 262 260 268 272 274 274 276 277 287 296 299 306 315 315 321 327 332 337 340 347 354 352 358 362 368 376 384 393 395 402 411 412 407 416 418 412 419 428 425 433 438 439 442 450 459 467 460 463 470 476 481 487 484 486 495 501 504 510 517 521 521 522 529 528 537 539 543 548 550 559 557 565 573 576 585 593 601 606 608 608 614 610
162 169 174 184 190 199 207 210 218 221 230 238 239 248 241 250 254 254 263 269 275 273 276 280 284 282 290 296 302 305 307 308 314 323 332 332 341 347 354 358 364 370 373 380 386 387 395 402 402 405 406 413 414 414 423 432 430 437 446 447 449 456 460 465 469 470 478 481 489 491 484 491 497 498 500 509 517 518 525 525 523 530 536 531 537 539 546 551 553 558 564 570 579 587 596 603 606 604 609 606
171 176 181 183 190 191 200 209 217 225 226 229 238 239 240 248 257 257 266 275 270 273 274 283 292 284 291 292 299 303 309 309 316 324 326 331 333 341 348 355 358 362 367 372 377 385 386 394 400 409 408 417 422 423 431 437 435 437 442 451 453 453 459 463 472 477 479 479 480 482 483 488 489 498 499 505 514 523 524 524 521 529 527 530 535 539 540 549 557 564 570 572 577 581 588 595 597 601 606 604
176 182 190 192 196 199 207 216 221 224 232 238 242 248 242 247 255 256 265 267 269 276 281 290 293 287 292 296 302 308 309 317 317 322 331 340 342 342 350 356 361 366 375 378 378 387 395 399 405 407 414 421 418 424 433 437 439 446 450 448 444 452 456 459 465 469 471 478 479 476 478 483 492 495 498 501 510 519 525 519 519 527 526 534 537 539 548 554 555 564 573 578 583 589 586 587 592 593 601 603
180 189 198 198 197 198 203 211 220 222 227 235 237 244 243 252 258 265 273 268 271 277 283 288 293 290 298 302 307 316 316 323 319 320 323 333 342 351 353 354 360 361 370 375 375 382 390 399 397 405 407 415 416 424 428 429 438 439 446 447 440 449 456 457 466 467 471 470 470 468 469 478 485 487 490 499 504 511 517 510 511 518 523 529 533 534 540 549 557 562 566 571 574 583 579 587 592 601 604 596
184 191 194 202 205 207 208 216 224 229 228 235 237 245 246 250 259 268 269 271 277 286 288 297 296 299 300 301 306 315 317 321 328 329 324 332 337 345 346 350 352 360 368 369 370 377 382 391 394 403 409 409 417 419 421 422 429 433 437 438 439 440 449 452 457 462 466 464 465 467 469 473 478 479 488 496 497 506 511 509 514 512 515 524 528 536 539 548 556 553 562 563 569 575 571 578 585 592 601 594
193 199 203 203 209 213 216 225 225 231 234 235 237 245 248 255 259 268 267 272 276 280 288 297 301 307 306 302 311 312 320 322 331 331 326 334 339 348 352 359 361 367 374 371 379 378 383 384 393 395 400 405 414 423 427 429 436 440 437 442 448 449 451 458 458 460 462 463 472 476 476 479 480 487 488 497 506 504 504 505 506 511 520 516 525 529 537 542 551 552 558 564 560 567 568 577 578 583 592 593
201 200 206 211 218 215 224 228 229 231 232 241 244 249 252 255 257 265 266 271 273 282 282 289 292 298 307 305 308 311 319 324 329 336 333 343 343 350 358 367 363 372 376 368 373 379 379 381 389 393 402 407 415 418 419 425 429 432 434 438 445 451 460 460 467 467 464 465 466 468 469 472 480 482 487 495 497 495 503 510 507 508 514 515 523 527 531 536 545 552 549 555 556 565 573 577 585 591 598 602
206 207 212 220 226 224 231 231 230 237 233 242 246 251 256 262 262 264 271 277 274 277 279 288 290 297 304 306 309 317 324 333 338 338 336 343 349 354 361 369 361 365 371 365 366 374 378 386 388 396 399 400 409 417 425 426 434 431 436 441 445 454 462 462 470 467 466 467 475 470 478 473 480 486 486 493 488 489 496 504 508 515 517 518 527 531 538 541 549 544 546 552 556 565 570 571 579 588 597 601
214 210 213 215 224 230 239 240 233 239 238 240 249 253 256 258 260 268 276 285 280 284 285 290 299 298 299 308 314 322 328 329 336 341 338 339 340 350 355 361 360 362 364 363 370 371 379 385 392 399 403 401 407 416 424 425 429 430 436 445 453 459 459 465 468 467 472 475 483 479 479 474 475 477 484 485 487 492 501 506 513 516 517 521 524 526 530 539 542 543 552 559 557 566 573 573 575 584 589 592
219 217 216 217 225 234 236 242 242 246 243 249 258 261 264 259 263 270 278 287 281 287 289 296 301 299 305 313 314 319 321 329 336 345 340 341 341 347 350 351 353 356 358 362 364 373 378 386 388 397 406 405 406 407 416 419 420 429 431 440 444 453 450 458 466 464 465 474 476 484 487 479 484 485 492 489 496 501 502 506 512 513 520 526 531 535 536 545 545 550 559 563 562 570 571 579 576 580 589 598
224 218 224 220 227 234 235 244 248 249 251 250 258 263 265 267 270 272 281 282 285 291 296 297 305 302 307 313 318 327 328 331 337 341 347 346 350 356 351 352 360 358 365 370 373 381 387 381 389 392 398 396 397 400 409 411 420 424 425 432 441 446 445 454 457 458 459 466 469 478 486 488 484 486 488 496 503 508 508 513 513 516 524 526 530 539 545 552 551 559 562 571 568 574 580 588 584 582 584 591
226 219 220 227 231 236 244 249 255 258 258 252 258 264 267 276 271 272 280 287 287 295 302 305 308 307 309 315 321 330 337 340 342 349 356 355 353 357 356 356 364 359 361 362 365 373 382 376 383 386 389 392 395 403 410 414 423 427 433 433 435 440 443 452 453 459 468 475 470 472 480 481 482 491 490 495 502 508 514 522 518 525 529 535 536 545 553 557 558 564 571 580 577 583 588 591 587 583 584 593
235 226 229 236 233 242 250 254 250 258 260 255 264 265 266 270 271 273 275 283 289 297 301 304 307 310 311 320 324 330 338 339 348 355 360 356 358 355 361 365 371 365 368 364 368 370 372 373 374 379 382 391 395 400 401 408 414 423 429 438 439 447 444 452 458 461 470 473 472 480 477 472 475 484 487 495 496 500 509 516 520 527 532 537 538 547 555 558 565 565 572 573 580 588 594 596 595 592 591 600
244 235 230 231 233 238 242 248 249 257 266 257 263 271 271 272 274 279 284 290 298 301 302 303 312 316 316 321 328 329 331 333 341 348 354 362 353 354 363 366 375 374 369 373 376 371 380 381 382 380 381 383 391 400 401 410 419 422 428 435 438 446 447 448 457 457 464 466 473 480 472 471 479 488 491 499 502 508 513 522 521 526 533 540 546 543 552 556 562 567 576 577 586 595 603 605 598 601 593 597
238 233 232 238 240 239 247 255 256 264 271 263 266 270 278 277 282 287 291 299 305 310 310 305 314 316 322 329 337 330 331 333 342 343 347 353 348 357 365 367 374 372 370 377 375 374 381 382 391 385 386 385 387 396 403 411 413 414 420 429 431 439 446 449 458 455 463 471 466 471 468 470 479 485 492 497 506 514 521 518 518 519 527 531 540 541 550 559 567 576 585 581 590 599 604 612 607 605 601 598
239 240 241 244 244 244 251 259 264 273 275 269 274 273 282 281 284 288 294 296 303 310 311 311 319 325 323 327 335 331 337 334 335 340 344 345 347 354 358 367 375 374 379 386 383 383 383 391 392 393 387 391 388 396 400 408 412 413 419 425 432 436 439 440 449 452 461 462 464 466 467 475 478 485 494 495 504 511 512 513 516 520 529 534 536 545 554 555 561 569 576 585 591 594 601 605 604 604 606 604
244 245 248 253 253 253 260 262 269 278 278 270 276 278 283 290 289 296 303 301 310 315 315 320 322 328 327 331 337 340 343 341 344 346 346 352 353 357 360 361 366 368 371 377 386 392 392 400 401 393 388 396 395 396 398 400 408 417 425 433 433 437 442 446 452 461 468 466 472 474 476 483 486 494 503 501 510 517 518 521 525 521 530 531 540 545 554 563 567 575 584 580 588 593 600 601 602 603 611 609
253 254 249 258 262 262 266 263 272 272 273 272 281 280 287 287 288 293 302 310 319 319 322 328 331 330 332 340 345 347 347 345 348 354 354 359 357 364 369 370 374 370 372 380 389 394 394 403 399 398 397 400 400 401 403 407 414 422 426 430 439 446 443 449 458 462 465 472 479 475 483 485 490 492 500 509 518 521 527 528 524 523 531 540 549 549 558 567 575 580 575 577 583 584 591 599 608 612 619 611
258 256 257 266 263 271 272 266 267 271 280 276 278 280 285 286 294 302 309 313 314 315 321 327 332 338 335 344 353 351 348 354 356 355 355 364 363 372 373 374 379 372 380 389 390 398 396 405 406 401 398 407 407 410 412 414 423 431 435 435 441 446 445 452 457 463 471 476 474 475 478 481 490 497 506 513 514 523 531 532 526 529 530 535 541 544 553 562 566 572 573 582 591 591 597 604 605 613 612 619
259 263 265 273 266 270 271 273 269 270 271 277 286 284 287 291 297 304 313 315 320 318 327 334 336 339 338 340 348 356 357 360 364 362 358 366 372 379 377 375 384 381 387 388 389 394 403 412 407 407 407 416 414 414 414 419 421 428 434 435 444 452 452 456 464 465 471 472 473 478 487 489 498 501 506 507 516 521 527 528 533 530 538 543 550 553 554 559 562 567 576 585 586 593 601 608 606 614 610 619
260 269 266 272 273 271 279 282 278 278 278 280 289 293 294 299 306 309 314 320 322 326 331 340 337 345 343 344 353 360 362 368 369 370 365 374 377 384 379 383 387 383 384 392 396 402 405 406 407 416 413 416 417 415 416 421 430 432 437 444 453 456 461 465 468 473 480 479 481 486 488 497 498 502 503 511 517 524 532 537 535 536 542 547 551 560 562 560 565 570 575 580 581 590 596 603 609 612 606 615
267 276 271 275 282 274 276 284 281 284 279 282 291 300 300 306 312 310 312 313 322 328 330 337 342 349 352 348 352 353 356 359 360 361 370 371 380 388 380 382 384 392 393 395 398 405 414 407 414 423 420 424 423 417 425 428 436 441 444 451 456 462 462 466 471 479 488 487 482 488 496 498 506 509 511 518 519 521 529 530 531 538 546 554 555 556 558 563 564 570 578 584 590 599 596 597 600 603 604 609
274 275 280 284 288 283 279 288 286 286 283 289 293 301 303 309 313 311 315 318 327 333 334 342 344 353 360 357 357 356 362 367 365 370 374 372 380 386 389 384 386 387 389 398 399 408 415 408 409 414 422 431 428 418 427 436 445 448 451 452 453 460 464 464 465 470 479 480 485 488 497 505 511 514 517 519 523 525 533 535 536 537 539 547 548 556 559 562 571 576 577 584 589 592 595 594 601 610 609 612
283 284 289 288 289 292 287 296 287 290 292 290 299 302 309 318 322 320 323 325 331 334 340 348 345 348 356 363 364 362 368 369 370 378 377 381 383 386 392 392 394 392 397 398 406 414 422 417 417 422 430 431 424 422 429 434 438 439 448 455 454 455 463 462 470 479 486 488 494 489 492 498 506 511 516 521 522 531 540 539 544 539 548 555 554 561 562 564 565 567 568 577 580 583 590 591 600 609 616 621
292 293 298 297 297 294 290 295 294 299 301 298 307 303 307 316 318 327 326 326 329 330 337 346 354 356 361 364 372 365 373 375 372 380 386 382 389 387 392 400 395 396 401 407 414 422 423 423 426 426 428 437 432 430 435 442 446 448 457 456 455 456 458 460 468 471 479 483 490 497 497 504 509 516 525 530 525 534 536 537 545 540 542 546 551 560 562 568 566 575 576 584 589 592 599 596 602 603 612 619
294 302 303 300 304 295 291 297 303 300 300 299 301 307 308 317 326 333 335 335 335 337 341 345 351 352 361 367 373 372 379 377 377 379 380 388 394 395 398 407 404 405 410 411 419 423 428 431 434 429 431 435 441 434 441 448 451 457 459 457 457 465 467 464 465 474 480 482 491 495 498 500 507 514 517 526 530 536 542 545 548 548 551 549 550 554 560 567 571 575 579 581 584 585 594 603 611 607 611 615
302 310 307 304 301 297 298 305 304 308 308 301 303 308 312 317 326 331 336 344 337 345 343 350 359 354 363 369 371 375 380 386 384 388 381 385 386 392 401 409 409 406 414 418 419 420 427 428 431 432 440 443 442 437 439 445 446 455 460 466 466 466 468 469 472 479 483 488 489 498 506 509 514 517 520 521 526 535 544 545 554 549 552 550 558 563 568 574 580 580 588 584 588 594 599 600 605 614 613 622
303 306 315 313 306 302 307 307 311 310 311 302 303 306 313 316 325 332 334 338 343 352 347 356 363 363 372 374 380 379 388 393 388 388 387 394 395 401 405 407 413 411 420 420 428 429 436 437 436 436 444 449 451 446 447 454 453 459 460 469 475 474 470 472 481 480 482 488 495 504 505 510 519 518 519 520 529 538 547 553 554 556 556 557 560 569 571 572 580 589 597 593 592 595 597 599 607 609 618 627
306 315 324 321 313 310 310 315 314 318 315 306 304 311 317 321 322 327 334 340 348 352 354 361 366 366 374 375 383 382 386 395 397 393 394 397 396 399 406 405 407 411 412 421 424 430 432 434 443 437 440 448 455 451 449 455 456 460 469 471 475 482 478 481 483 489 491 490 493 501 510 516 517 520 520 529 538 540 541 547 555 563 557 563 567 575 580 579 584 592 597 597 599 597 599 604 612 618 627 636
315 322 330 325 320 319 313 321 318 322 315 314 305 310 318 327 331 335 334 340 343 349 358 365 371 371 379 383 392 388 395 404 402 394 395 399 398 399 403 404 405 414 414 415 416 425 433 441 444 446 444 452 461 458 456 463 465 465 472 477 477 480 484 490 492 497 499 492 500 507 508 516 524 526 521 523 529 536 544 553 561 560 564 568 576 582 587 588 593 596 603 602 603 603 608 612 620 625 632 635
322 331 338 333 325 317 314 315 324 326 322 313 306 310 315 322 328 331 332 340 346 352 361 369 364 373 376 381 384 392 398 407 402 397 402 400 400 406 411 408 410 416 421 424 423 425 431 436 445 451 445 453 456 464 458 465 472 469 474 478 482 483 488 494 496 497 499 494 500 509 514 523 525 534 529 532 537 540 548 552 553 557 563 565 572 581 587 590 591 599 608 609 610 607 612 614 622 629 638 643
327 336 342 338 332 323 317 324 332 328 326 319 315 315 317 322 325 334 341 343 344 353 354 361 362 371 372 373 375 384 391 399 402 401 408 408 407 413 415 414 418 422 429 432 427 428 433 442 451 460 454 458 458 459 462 470 473 478 475 480 481 483 491 498 497 499 497 495 503 504 513 522 530 534 536 538 540 548 549 551 552 554 561 570 572 576 583 591 594 595 603 608 612 615 613 621 629 637 644 650
333 340 345 336 335 328 320 321 323 332 324 317 316 320 321 329 330 337 339 348 353 362 355 360 369 372 380 374 381 382 391 397 405 410 414 415 415 419 423 422 423 423 425 430 436 429 435 443 452 460 463 461 464 468 471 471 478 481 476 477 479 487 488 491 497 502 499 504 512 513 521 524 525 530 539 547 544 546 548 557 558 555 564 568 571 576 585 591 597 596 601 607 614 611 615 624 624 630 639 644
336 344 337 336 334 332 326 329 331 327 322 320 317 322 324 330 338 344 341 344 352 360 356 360 362 371 379 380 382 390 399 406 408 415 422 419 421 428 425 427 429 430 426 431 440 437 443 450 452 457 464 463 471 473 473 480 484 483 483 480 483 485 489 492 499 501 504 505 513 519 524 528 529 538 539 548 548 547 554 556 565 559 560 562 571 575 584 593 594 595 598 607 606 609 615 619 623 632 640 647
340 348 344 345 341 336 327 336 340 333 325 326 325 326 332 335 338 346 347 350 359 360 362 369 370 373 382 389 390 394 396 405 407 415 424 422 428 435 426 434 434 432 433 439 440 445 450 456 455 456 465 468 477 482 474 476 477 480 486 489 484 493 496 499 507 502 510 514 520 528 525 527 534 537 546 555 556 548 551 557 565 566 568 571 579 576 583 591 600 600 598 600 603 608 616 620 629 632 637 646
346 355 353 353 347 343 336 344 335 328 327 329 329 335 333 342 342 351 356 357 363 367 366 370 371 379 383 385 386 387 396 397 400 409 417 418 423 426 435 440 435 433 442 447 449 454 457 465 456 460 469 477 486 478 475 484 484 481 490 490 486 495 504 503 512 511 516 515 517 526 532 531 532 535 541 550 552 556 558 561 563 570 576 580 588 581 582 586 594 596 597 606 612 609 616 620 622 629 630 638
347 356 360 354 354 345 342 340 333 331 331 331 337 340 340 342 344 352 353 357 366 372 371 378 380 388 387 387 388 394 400 406 408 417 421 426 431 435 436 444 443 437 446 452 450 459 465 472 463 468 477 480 484 480 482 483 491 489 495 498 492 497 507 510 512 516 518 523 522 524 532 533 535 544 543 545 554 563 565 570 564 572 573 576 585 585 585 594 601 599 601 607 613 610 619 627 630 632 639 640
355 364 363 362 353 352 349 342 334 338 334 335 341 341 349 343 345 349 351 359 366 375 378 379 380 384 391 395 396 403 409 407 414 418 426 432 439 442 438 441 450 443 444 452 453 458 464 471 468 471 478 483 481 481 490 490 497 498 504 499 500 499 500 503 511 515 524 524 523 532 541 534 540 547 547 551 560 562 566 569 572 573 581 580 584 589 590 593 600 608 605 609 610 618 620 626 627 636 638 647
364 373 364 361 357 351 350 345 338 347 339 338 347 348 356 351 352 357 359 368 374 378 379 382 381 389 398 403 404 412 412 416 418 427 430 431 435 436 442 442 445 447 452 455 459 467 465 467 475 473 474 477 478 484 491 491 492 494 495 504 509 506 506 508 518 524 526 525 529 531 538 539 543 544 546 555 564 567 574 577 574 574 580 588 586 587 596 594 603 609 614 612 618 623 629 627 629 630 637 644
373 373 371 362 360 360 357 348 342 345 342 347 352 349 355 360 361 366 361 362 370 379 388 391 389 397 406 411 413 418 421 420 423 424 429 433 434 438 440 441 450 450 452 461 460 468 469 471 477 477 483 480 481 484 492 500 500 502 496 497 501 510 512 509 510 515 522 526 533 540 547 541 549 552 549 552 556 558 566 570 574 579 583 588 588 596 602 603 607 614 615 620 619 626 627 630 630 635 642 649
382 376 378 369 362 363 360 355 346 350 346 351 360 357 362 364 364 372 363 367 376 377 385 386 390 391 400 409 415 420 425 424 426 432 438 439 439 447 444 444 448 456 459 468 464 465 474 475 476 485 483 482 490 485 493 499 505 510 502 498 504 505 509 518 515 524 530 528 538 542 548 542 550 556 556 553 558 566 573 579 583 583 589 595 597 598 603 608 614 621 616 622 628 634 632 631 631 637 639 645
386 385 384 378 371 370 362 355 351 352 351 352 361 366 371 367 372 369 365 373 382 381 387 392 397 399 407 410 419 420 428 425 431 439 446 441 446 453 451 452 453 461 465 469 466 474 481 480 485 490 492 490 490 487 493 502 511 512 505 505 513 513 514 517 521 524 531 529 535 540 547 551 551 556 565 562 559 563 564 570 575 583 587 596 605 606 612 609 617 624 625 626 629 637 640 640 638 646 645 646
394 394 393 384 380 379 371 364 355 353 360 353 355 364 369 375 381 378 373 375 376 385 388 397 398 407 411 411 416 425 434 433 436 440 449 447 448 456 458 458 459 468 473 477 474 483 483 481 487 496 496 499 492 488 497 503 505 507 507 508 516 521 522 524 529 531 537 538 537 546 551 557 560 565 566 571 564 571 571 573 580 585 593 601 607 614 621 615 616 624 628 634 635 643 647 649 646 655 654 650
397 389 388 384 381 384 375 366 361 362 357 356 359 360 365 366 375 377 379 383 385 387 391 399 401 410 412 417 424 433 435 438 438 439 447 455 457 458 461 467 462 463 472 479 483 485 491 482 483 490 499 505 501 495 504 512 510 513 508 514 521 527 530 531 538 533 542 543 538 546 554 563 568 573 574 580 571 580 572 575 583 590 595 596 604 613 614 616 625 630 636 643 642 643 650 657 648 653 662 654
405 396 395 387 379 378 376 368 365 361 360 365 360 369 367 375 382 380 387 389 394 388 397 405 408 415 419 425 432 440 444 444 447 441 444 448 454 456 464 465 463 464 469 470 478 486 492 491 490 494 502 503 510 504 513 518 515 522 516 522 530 533 537 539 546 540 549 548 545 553 561 563 563 572 578 582 574 577 578 584 587 588 595 601 602 604 611 619 627 635 643 645 650 644 651 652 657 661 662 663
412 403 395 395 387 384 375 368 367 363 365 374 369 376 369 370 373 380 381 384 387 395 399 406 408 412 421 427 436 445 449 453 445 443 444 451 460 461 468 469 469 465 468 472 475 482 490 495 492 501 502 506 507 505 513 521 519 528 520 521 529 534 538 540 549 545 549 549 547 556 564 561 562 564 572 573 577 586 586 586 587 590 598 604 606 607 616 624 625 632 640 648 648 646 652 660 658 667 671 669
405 402 393 393 384 375 374 373 373 369 367 375 377 374 372 375 380 386 390 386 390 392 401 404 410 418 419 426 433 442 447 450 453 444 445 447 453 462 469 478 478 474 477 474 482 490 495 498 499 500 509 514 516 512 521 524 524 529 529 524 531 538 541 545 553 554 557 553 550 552 554 558 561 562 571 575 585 588 591 590 588 593 602 609 615 612 621 628 634 640 645 651 651 655 660 661 664 669 674 677
397 393 390 388 387 379 381 374 374 375 376 383 378 379 376 383 387 395 397 388 389 392 400 401 402 409 412 421 425 434 443 444 445 447 454 456 462 469 476 485 484 483 485 483 491 499 504 500 505 503 504 513 514 515 524 528 529 534 536 532 539 547 549 554 562 561 557 555 552 558 562 566 570 571 577 579 589 596 598 598 597 597 602 610 618 621 629 631 638 643 652 660 660 661 669 667 667 668 672 680
406 399 399 396 389 387 379 375 381 379 380 382 387 387 384 391 388 389 398 397 393 400 405 410 403 412 420 425 432 438 439 446 452 454 452 460 469 468 472 479 483 492 493 490 497 498 503 501 508 512 511 515 516 524 525 527 535 543 545 539 547 553 558 563 563 568 563 563 555 564 570 567 573 580 584 581 591 599 606 601 600 606 605 613 621 630 633 634 636 639 646 655 652 653 660 669 671 672 679 685
410 402 402 398 389 385 384 384 389 380 385 389 392 393 388 397 389 398 404 406 401 402 407 414 411 414 421 427 434 439 442 440 443 448 450 454 463 465 471 472 480 489 494 491 496 504 505 510 517 521 513 522 518 523 529 534 540 548 549 546 555 555 560 563 570 576 569 566 558 567 575 569 572 579 583 585 589 594 602 602 604 605 608 617 622 629 634 641 645 645 638 647 651 653 662 671 680 679 682 691
413 406 403 406 398 394 393 393 390 389 392 396 400 394 397 393 390 398 406 407 409 404 413 416 414 419 420 425 429 430 434 438 446 455 453 454 461 465 470 471 480 489 495 493 496 505 511 513 516 525 522 531 527 524 532 539 540 541 543 547 551 558 566 564 573 575 569 565 561 565 573 577 573 579 587 592 590 592 593 596 598 607 614 618 619 626 625 633 640 641 636 645 648 657 663 667 676 680 681 690
420 414 411 413 404 399 402 400 399 392 393 402 407 400 406 400 399 400 405 412 418 413 422 417 419 427 429 428 437 439 439 447 450 458 462 460 469 474 477 480 483 484 493 496 503 511 519 516 524 531 529 536 529 533 535 540 544 544 551 555 554 560 569 573 577 582 576 571 562 571 573 578 575 584 591 598 592 594 601 603 601 606 607 614 616 620 624 626 631 632 633 642 647 650 657 666 671 672 680 682
428 423 420 422 413 406 404 401 402 393 402 405 413 405 412 403 408 402 411 413 422 414 416 423 422 431 432 429 431 435 444 453 455 459 468 467 474 481 481 487 492 493 500 501 508 513 517 520 524 533 531 536 531 540 536 545 552 546 553 562 559 567 573 582 578 582 575 574 566 575 582 586 579 586 590 590 599 602 609 604 606 611 613 622 623 622 626 627 635 635 636 645 647 656 665 669 674 680 686 683
436 430 424 415 414 413 411 402 404 396 405 411 417 414 414 405 411 405 412 417 425 423 425 432 429 435 441 438 434 443 446 448 457 458 467 475 482 488 487 488 490 498 505 504 508 515 517 523 532 541 532 541 540 549 541 549 554 555 558 567 565 569 575 582 587 582 582 575 574 581 589 587 581 582 583 588 597 605 612 607 610 614 617 625 630 623 630 636 642 638 644 645 653 661 662 671 680 681 686 689
433 426 417 416 421 421 412 403 411 403 410 414 420 417 423 414 414 411 418 419 422 423 429 435 431 432 436 444 436 445 447 456 462 463 472 480 481 490 496 494 499 507 512 513 510 512 518 527 533 540 533 534 536 544 542 544 550 551 559 565 566 560 569 576 581 574 583 581 583 590 598 589 586 589 587 591 599 603 610 613 619 622 625 630 627 625 627 632 634 641 644 650 657 660 667 676 685 688 695 698
433 424 423 424 428 419 414 405 412 412 418 423 424 419 426 421 423 420 419 420 423 424 432 441 439 434 443 441 438 439 442 449 458 464 469 478 481 485 492 499 500 508 512 513 511 516 519 528 530 532 540 543 537 546 549 545 548 551 555 557 558 559 563 572 578 573 581 588 590 599 603 596 595 593 590 593 601 609 615 622 625 631 632 639 635 630 634 641 641 647 647 648 657 664 673 681 688 689 698 705
439 430 432 429 429 420 420 414 413 421 419 422 429 420 429 430 431 429 428 429 424 432 438 447 440 435 443 445 447 441 450 458 465 465 469 475 476 483 486 491 498 507 515 516 519 524 528 536 531 539 540 545 545 553 555 553 553 555 563 562 562 560 568 569 570 572 577 583 584 590 599 604 603 602 598 601 604 608 617 621 622 626 632 641 636 631 634 641 644 649 653 655 656 665 673 675 681 688 691 696
436 433 435 436 430 429 422 415 419 421 424 424 427 428 435 433 437 434 429 429 427 428 430 439 448 444 448 453 449 450 458 462 471 474 476 477 482 487 488 492 501 508 512 515 524 532 531 540 538 544 549 554 548 554 560 561 554 562 570 564 571 569 573 576 577 574 575 581 590 593 597 600 606 603 600 604 605 607 612 614 623 631 638 639 638 638 637 638 642 647 649 658 663 667 668 676 678 687 695 699
445 437 442 445 439 438 431 424 425 426 432 432 428 431 440 434 439 436 434 437 428 437 438 447 455 451 449 458 451 457 466 471 480 483 481 485 487 492 497 493 498 504 505 514 519 526 530 539 541 542 545 550 556 555 557 563 563 569 578 569 576 577 580 582 586 582 584 590 598 601 602 607 611 608 602 611 607 614 613 622 628 632 635 644 644 646 641 646 643 651 658 667 666 667 676 682 680 685 687 690
446 445 451 446 447 443 434 430 426 431 435 433 431 432 440 442 446 438 437 445 436 437 438 447 453 452 456 465 456 465 466 475 483 492 488 486 495 498 497 496 497 503 512 519 528 535 535 543 549 543 544 553 559 564 564 570 570 570 578 577 582 580 582 591 590 583 589 592 593 594 595 601 609 609 610 614 616 616 622 624 630 635 639 640 642 650 650 650 644 648 650 659 660 669 675 676 680 681 690 698
452 450 458 453 445 442 436 434 433 432 440 441 438 438 445 451 451 447 439 448 442 446 447 448 452 456 460 461 458 467 471 480 485 494 493 487 493 500 506 503 503 509 517 524 528 537 541 543 552 547 553 555 562 567 568 571 575 572 576 579 584 588 588 591 594 585 594 600 602 598 600 602 607 614 613 622 624 625 625 625 627 636 645 641 648 655 656 652 648 654 656 657 659 660 666 674 675 680 688 692
461 459 459 451 447 438 437 442 441 437 438 439 444 443 449 458 455 446 445 454 449 455 456 453 461 459 460 461 461 469 474 483 489 490 499 492 499 508 505 504 512 510 515 524 533 539 548 551 560 555 561 564 570 576 577 577 584 581 582 580 585 592 597 597 596 587 589 593 598 603 608 605 609 610 613 620 629 626 630 626 630 631 638 646 654 660 664 655 653 657 664 663 668 662 669 675 680 679 680 683
468 459 451 450 441 440 445 446 442 445 443 441 450 444 452 453 462 455 450 453 450 454 463 457 465 460 468 469 469 470 472 480 483 489 498 501 508 512 514 507 511 519 523 532 541 548 555 558 559 557 559 568 571 579 578 585 591 590 587 588 594 596 602 598 600 596 590 597 601 605 606 614 617 617 622 627 636 634 631 630 638 633 636 638 646 655 655 664 659 664 670 672 673 664 665 666 671 677 685 684
465 458 451 450 442 446 454 450 451 449 452 450 455 447 454 454 459 462 453 457 452 461 470 464 473 467 476 471 473 477 478 486 485 491 500 504 513 513 518 512 518 526 529 537 546 551 560 567 566 562 566 575 579 584 585 588 594 598 590 589 598 605 607 607 603 595 593 601 608 611 614 620 625 626 630 632 636 635 640 635 643 634 637 638 646 648 651 659 667 665 670 671 670 667 671 669 679 679 683 691
470 464 455 451 451 449 451 451 460 451 457 459 457 448 457 463 462 461 454 461 460 463 470 469 474 473 480 475 476 481 483 492 494 500 501 510 513 522 523 519 527 531 536 538 545 546 555 564 571 570 567 576 584 585 590 595 600 607 598 592 598 607 616 616 607 600 599 607 611 620 622 627 634 627 635 635 636 638 645 636 645 642 646 647 655 652 660 668 674 673 671 679 675 674 679 675 678 680 689 696
470 462 456 459 457 456 453 456 459 452 456 465 460 457 466 464 464 470 463 466 466 472 479 473 480 474 483 480 485 483 485 492 499 504 506 509 518 525 525 528 533 538 539 539 545 549 556 565 569 576 568 576 585 594 594 597 602 609 607 601 607 614 619 618 616 608 608 613 619 628 623 632 637 633 640 641 642 639 648 641 650 650 655 656 661 653 662 670 679 682 679 685 676 679 682 682 685 681 682 686
472 465 465 466 465 462 462 463 454 453 461 464 467 458 463 468 472 471 470 468 468 470 476 481 480 479 480 489 493 490 494 493 501 509 515 511 520 521 529 526 535 539 548 544 549 558 562 564 572 576 575 581 585 586 595 604 603 604 610 606 613 622 628 621 615 612 614 621 628 631 629 638 642 634 641 649 644 642 645 642 649 652 661 665 668 661 668 672 681 688 687 689 681 687 687 686 691 683 690 692
475 469 470 474 466 470 469 467 460 458 465 465 474 467 472 477 481 477 475 474 476 472 480 488 489 480 488 489 497 495 502 499 506 512 519 512 519 524 532 525 526 535 544 553 558 555 555 560 566 567 568 572 576 578 587 596 605 613 615 615 614 623 628 629 623 615 623 630 632 633 637 640 648 642 647 652 652 643 651 651 653 661 667 671 671 663 672 681 685 693 696 693 688 694 693 695 699 692 696 693
478 478 472 475 471 478 470 468 467 467 467 474 476 469 478 485 490 485 476 475 478 475 483 485 494 487 488 496 499 504 511 508 508 517 524 516 518 520 523 524 526 530 538 546 552 553 554 556 565 573 574 581 584 587 590 598 605 614 622 616 622 631 632 634 629 623 632 638 639 634 639 646 649 647 650 651 655 651 659 660 662 662 670 671 672 664 671 678 686 687 694 701 694 695 702 704 703 699 704 702
