  0 477 471 476 479 475 484 486 489 495 488 484 478 483 484 482 476 477 481 480 483 492 500 496 505 500 498 503 506 507 511 508 509 518 519 522 516 523 524 525 533 536 545 546 552 549 553 555 563 567 570 572 581 585 582 590 590 597 600 605 614 606 608 616 625 623 627 635 636 642 651 660 667 669 676 678 681 679 684 679 684 692 696 704 706 715 723 732 729 735 741 742 743 749 757 9223372036854775808 9223372036854775808 9223372036854775808 9223372036854775808 9223372036854775808
  8 470 469 470 470 474 475 482 487 486 483 475 476 474 475 481 475 478 476 477 480 486 491 495 500 498 494 496 502 510 502 504 508 515 516 524 515 521 527 534 534 535 541 545 553 545 548 550 555 559 561 567 575 576 576 583 586 589 591 599 608 600 608 617 621 620 627 630 638 646 654 653 658 661 668 673 673 670 679 676 678 687 696 700 708 717 722 730 727 734 732 738 745 745 754 754 9223372036854775808 9223372036854775808 9223372036854775808 9223372036854775808
 16 462 460 469 467 476 468 474 479 479 476 473 467 467 469 474 467 470 471 478 487 486 493 487 491 493 490 496 499 503 497 501 509 516 525 521 514 519 519 527 534 540 532 537 544 539 547 553 561 559 563 566 567 569 574 582 585 584 591 598 606 598 606 609 613 618 625 627 633 639 648 650 658 658 659 667 668 669 670 674 677 686 695 696 703 712 713 722 718 725 730 735 736 744 745 748 755 9223372036854775808 9223372036854775808 9223372036854775808
 17 466 459 461 462 467 465 466 470 477 474 468 465 463 462 467 465 470 472 481 484 479 484 479 485 486 489 491 492 494 496 503 509 511 520 512 512 513 518 519 525 531 529 531 537 536 544 549 552 558 562 557 561 568 574 577 578 582 590 589 597 597 598 604 613 617 624 626 634 643 643 652 654 654 663 663 672 669 675 678 686 690 688 689 695 704 706 715 714 716 721 729 732 735 739 743 751 760 753 9223372036854775808
 26 466 458 455 461 462 464 471 474 469 465 466 466 462 460 458 462 471 475 475 479 472 475 475 478 482 480 482 484 487 492 494 501 502 511 506 505 514 519 511 520 522 523 530 528 535 541 544 552 556 562 554 556 565 567 574 583 584 584 586 592 591 599 608 610 614 621 626 630 638 635 643 645 653 655 656 665 666 668 669 678 686 687 690 696 698 706 707 708 712 719 721 723 732 738 743 747 755 749 752
 28 460 451 449 452 453 462 471 468 460 458 460 458 453 451 457 465 465 470 469 471 468 474 473 475 481 479 484 483 484 489 485 492 501 502 509 502 507 513 508 513 516 522 530 527 533 532 538 544 548 555 551 559 560 569 573 575 579 580 583 587 590 594 599 608 610 614 618 627 629 634 635 644 650 658 656 665 674 674 677 678 687 693 691 700 699 707 712 717 721 721 725 724 729 735 735 743 746 741 743
 29 452 443 443 448 452 461 466 460 458 449 456 449 444 445 451 458 459 461 467 463 459 466 470 466 473 477 479 480 487 490 482 489 496 503 500 500 501 504 505 512 513 521 525 525 532 529 532 539 541 550 549 553 558 560 566 568 573 582 585 586 589 594 603 611 618 617 621 625 626 627 634 641 642 650 655 659 665 672 675 677 680 685 693 702 707 714 715 711 718 719 719 723 731 736 732 734 737 736 735
 33 445 439 442 451 454 458 460 452 456 448 453 449 443 451 451 457 452 461 460 463 457 465 472 465 464 469 470 478 483 483 481 485 492 495 499 498 502 508 508 517 519 522 525 521 524 526 530 536 545 547 548 556 565 562 566 569 571 577 580 582 584 586 595 603 612 619 618 621 627 636 642 650 643 652 652 653 658 666 668 669 677 681 685 693 698 705 707 709 716 712 717 725 725 729 731 737 729 729 732
 41 439 438 440 444 445 450 453 450 454 446 446 451 442 445 450 449 451 459 451 456 455 463 465 467 461 465 472 481 486 479 479 483 487 494 498 489 494 501 510 514 511 514 516 519 528 532 539 542 544 543 546 551 558 565 571 578 579 585 589 585 591 589 598 607 613 615 617 623 625 633 641 643 645 648 650 652 656 657 660 667 675 676 679 684 692 697 698 700 707 704 713 716 720 727 729 732 728 720 728
 42 431 435 432 437 440 449 447 444 451 442 443 444 441 447 456 448 444 453 450 458 451 460 466 458 460 464 473 480 477 470 478 483 486 490 491 482 488 496 505 507 507 515 517 521 523 532 541 539 541 540 549 551 558 566 574 578 580 584 585 585 594 595 600 600 608 612 616 616 624 625 632 637 645 651 648 649 658 666 664 673 670 670 674 679 683 689 695 696 698 698 706 715 711 719 721 723 726 719 725
 51 426 433 425 433 435 441 441 441 445 441 443 439 433 439 448 448 439 444 442 449 450 456 459 456 465 465 469 471 475 469 474 476 483 482 487 480 484 491 500 504 506 513 521 528 525 528 532 534 534 539 547 548 553 558 567 570 572 575 576 579 586 592 593 594 600 606 607 613 616 624 626 632 641 642 646 652 661 664 668 672 669 661 665 674 680 686 687 688 696 697 698 707 710 711 713 716 717 718 726
 56 421 430 424 432 440 433 440 439 438 434 434 430 429 430 439 442 437 446 440 449 445 452 459 454 463 468 468 477 468 467 473 472 481 481 482 478 481 488 492 495 497 505 512 520 519 519 523 525 533 541 549 549 558 559 567 569 576 577 583 588 593 597 598 597 604 609 603 606 611 615 624 630 639 637 645 651 655 656 663 664 660 659 662 670 675 683 679 679 688 689 697 698 702 711 712 716 725 726 729
 58 418 421 423 425 431 425 434 441 433 432 431 431 425 431 432 433 434 443 439 440 444 446 451 453 454 462 465 474 470 463 465 471 474 473 479 477 479 488 490 493 495 499 506 514 511 512 515 524 529 533 542 549 553 558 561 564 568 572 581 590 595 595 604 599 604 603 598 606 615 621 615 624 631 632 638 642 647 656 654 663 655 657 660 663 670 675 674 677 682 686 693 699 705 712 716 708 717 720 728
 66 414 416 421 419 422 420 428 432 432 433 424 423 416 425 432 436 438 439 436 445 447 444 444 453 462 463 456 465 461 462 470 479 474 466 470 476 482 485 489 498 502 507 507 508 510 519 524 523 529 538 544 545 546 555 555 556 561 568 576 582 590 593 601 592 596 595 597 598 607 612 613 622 625 633 634 635 642 647 646 655 653 659 666 670 665 667 671 672 673 680 687 690 699 703 711 707 716 712 719
 73 413 407 413 410 414 416 425 424 428 431 422 416 412 419 427 427 429 431 428 436 444 438 439 446 455 456 454 458 460 467 476 474 466 465 471 473 474 483 487 493 502 507 501 510 505 513 518 522 525 529 537 544 553 552 549 558 565 572 573 573 581 585 594 586 587 594 596 599 608 611 616 621 617 624 626 629 636 639 645 651 652 653 661 661 663 672 670 671 679 682 690 691 693 702 702 705 714 709 714
 74 405 406 404 407 409 413 419 423 419 422 420 412 408 410 419 422 423 426 427 435 435 437 438 439 448 447 453 458 461 468 477 469 468 464 471 465 471 479 478 487 496 498 498 507 498 507 514 516 521 528 536 545 545 544 545 554 559 564 565 572 581 577 585 585 586 587 594 599 607 614 616 614 615 616 617 625 631 632 641 649 643 647 652 653 660 666 669 671 677 679 681 689 698 701 697 696 705 704 705
 83 400 397 403 404 409 411 418 420 418 416 423 415 407 411 414 418 415 423 422 427 427 434 429 436 439 443 450 454 462 471 469 461 465 463 462 462 468 473 477 483 492 501 496 499 496 499 505 512 514 519 528 537 546 543 548 555 558 563 566 571 579 575 576 584 589 595 603 600 609 611 609 612 621 623 622 631 632 638 640 646 638 639 647 656 663 664 671 671 676 681 680 688 693 698 693 694 701 703 711
 89 398 390 399 405 400 409 414 418 418 410 415 412 404 411 405 409 412 414 416 422 420 425 426 429 434 437 441 449 457 463 461 452 458 454 455 459 463 468 474 481 487 494 493 491 493 499 508 516 520 521 530 528 537 538 542 548 553 561 567 571 573 569 578 579 588 596 601 605 604 603 608 612 616 618 619 626 632 630 636 639 637 645 652 657 666 665 673 665 671 674 678 687 694 697 690 691 699 700 709
 93 392 388 394 401 398 404 411 410 409 408 412 406 403 411 402 403 408 414 417 417 415 416 420 421 430 431 432 440 448 457 454 445 449 450 458 467 469 471 477 478 483 490 498 490 497 502 511 520 525 522 522 524 528 537 542 549 547 555 561 565 570 567 574 583 584 591 595 597 603 595 604 603 608 609 618 617 623 622 627 630 633 640 649 652 659 668 673 664 671 670 677 678 685 690 689 698 702 708 713
 94 392 385 392 394 393 400 407 406 400 401 410 411 402 402 398 399 405 405 414 416 411 414 423 425 430 438 435 441 448 451 448 444 446 454 452 459 466 475 472 480 476 484 489 488 491 500 509 511 518 523 518 525 526 533 542 543 544 552 554 561 563 565 573 574 583 587 586 595 598 593 602 602 610 612 610 608 615 618 623 632 641 645 649 655 664 664 672 663 667 669 675 681 680 681 681 689 694 699 704
100 389 384 385 390 391 400 401 405 398 392 401 408 399 397 394 390 398 397 406 407 410 419 425 420 425 430 435 437 441 443 445 438 439 446 447 450 459 467 471 473 470 475 482 485 494 500 501 502 511 514 516 525 528 529 535 542 543 550 556 555 564 561 567 572 576 584 583 590 590 590 596 600 608 604 601 607 609 614 623 631 638 645 647 647 656 662 664 657 658 665 667 673 679 684 680 682 689 698 706
109 380 377 383 383 392 397 392 399 400 391 393 400 392 388 390 387 390 392 399 408 410 416 421 419 421 422 427 430 432 434 436 437 445 444 449 443 452 458 463 464 467 468 477 478 487 493 500 504 510 507 515 521 527 533 542 538 547 548 549 553 558 555 562 568 570 579 574 581 581 582 587 591 600 606 598 607 616 622 625 629 635 644 651 642 651 653 655 656 661 664 671 664 671 676 672 677 683 689 698
118 371 370 377 379 385 390 391 391 391 390 395 393 385 384 388 384 391 397 403 404 407 411 417 417 416 419 420 421 423 431 431 438 436 438 441 441 443 452 459 467 469 472 476 479 485 493 494 503 503 506 511 519 528 528 534 533 538 539 540 546 549 546 555 561 563 572 571 572 579 580 588 596 604 602 596 601 607 614 616 625 631 635 643 641 645 650 646 648 657 663 662 663 663 672 668 673 680 682 690
122 362 367 370 373 380 384 392 387 394 388 390 390 388 379 379 383 384 388 395 397 406 410 408 414 415 413 419 428 426 426 428 429 429 432 437 439 447 456 464 466 470 473 482 476 482 489 491 500 498 500 503 512 519 524 525 531 535 540 539 539 540 545 552 561 566 564 563 572 573 573 582 589 598 596 593 602 608 610 618 618 627 634 634 632 641 647 645 647 656 657 661 668 660 664 665 674 682 686 691
127 359 363 369 369 374 376 383 385 387 381 384 387 385 376 375 381 375 380 388 397 406 411 402 405 409 412 410 419 418 425 422 427 424 433 437 446 452 451 455 457 463 464 473 474 476 480 488 497 496 501 502 506 515 524 530 531 540 533 530 537 545 544 552 561 557 558 562 569 570 571 573 582 590 591 592 593 601 609 610 615 624 625 634 631 633 642 637 641 649 656 664 664 656 665 659 667 673 682 683
132 354 357 366 361 366 375 384 385 380 380 376 384 381 376 369 374 372 378 387 393 399 403 394 400 403 403 408 415 415 416 416 424 423 425 434 442 448 445 449 456 462 467 471 475 480 481 482 490 492 500 507 506 512 519 524 530 536 532 524 528 537 543 544 553 556 559 568 577 573 572 581 589 591 597 593 600 601 607 608 614 623 629 625 627 625 634 634 637 645 647 656 655 655 656 657 666 669 678 682
133 353 351 358 358 366 375 378 384 375 374 368 375 372 372 368 367 370 374 383 388 391 395 392 393 394 401 401 406 412 409 414 421 416 425 431 437 439 440 441 450 453 460 463 468 475 483 483 484 492 501 510 501 504 513 515 524 529 529 521 524 532 534 538 547 549 552 560 568 569 570 577 586 592 593 586 595 597 602 610 617 617 620 616 618 621 627 628 637 640 649 656 651 654 658 666 667 671 673 678
141 355 348 354 352 361 370 371 378 373 376 367 369 369 364 373 366 371 374 378 379 383 389 384 384 390 392 400 401 403 405 406 414 415 421 430 439 448 449 448 457 461 461 470 477 476 485 486 486 495 502 501 497 501 504 512 518 521 520 519 527 530 538 545 541 540 549 555 563 570 563 572 580 584 584 578 586 595 600 605 608 613 620 613 617 619 628 637 630 632 641 649 648 650 658 661 670 673 682 681
142 354 346 345 347 356 363 364 371 365 372 364 361 368 362 366 365 362 371 374 380 374 382 382 378 387 393 402 410 410 414 413 422 424 427 436 441 450 449 451 460 466 468 472 478 483 482 484 493 497 497 502 494 493 499 504 510 514 519 515 524 526 535 536 537 538 545 552 554 561 562 565 574 576 576 577 584 592 596 597 601 605 612 610 619 625 621 628 625 627 635 643 644 648 655 662 671 672 681 684
151 356 347 338 342 350 357 355 364 361 363 356 354 359 359 360 361 359 362 367 371 372 373 379 377 385 391 395 404 407 416 412 417 418 426 435 442 446 448 449 458 466 470 476 474 478 478 485 493 490 489 496 499 492 493 500 505 506 510 511 520 529 531 540 539 541 543 552 553 560 553 562 567 570 571 578 585 586 588 589 595 596 603 609 614 621 620 621 622 630 636 639 641 649 656 664 673 681 683 683
155 350 344 335 336 345 348 354 359 352 355 358 353 356 351 360 362 358 367 368 374 370 374 374 376 377 386 395 398 405 413 411 417 426 432 430 433 440 447 449 455 459 465 469 467 469 472 481 484 487 480 489 493 490 497 506 506 514 519 520 523 531 536 540 541 544 551 554 562 560 552 554 563 568 570 576 583 590 594 595 594 599 608 603 607 612 614 623 621 629 637 640 649 657 665 670 672 672 678 674
162 341 339 334 340 342 351 357 352 344 347 350 345 351 342 351 355 356 365 374 366 363 366 372 380 382 390 394 400 402 404 405 410 419 428 425 434 440 447 453 457 461 464 461 459 460 468 475 475 478 479 486 487 489 498 507 511 518 526 528 524 524 527 532 541 548 551 548 553 555 548 555 561 562 564 573 581 582 589 590 587 594 600 595 601 603 610 615 617 622 628 634 643 651 660 667 670 668 673 670
171 334 340 333 336 333 342 351 345 341 338 341 344 342 341 349 358 357 366 365 359 362 363 372 381 383 390 388 395 399 405 406 413 417 419 424 426 434 441 448 451 453 458 453 450 458 459 467 473 482 481 490 492 498 506 507 510 512 517 521 517 517 523 527 536 541 543 543 544 546 547 552 553 562 563 569 578 587 588 588 585 593 591 594 599 603 604 613 621 628 634 636 641 645 652 659 661 665 670 668
176 327 333 331 329 332 337 346 337 333 337 344 335 344 340 345 353 354 363 356 358 365 370 379 385 385 390 387 393 399 400 408 406 410 418 427 435 435 443 443 448 449 457 448 445 454 463 468 471 473 480 487 484 490 499 501 505 512 518 512 508 516 520 523 529 533 535 542 543 540 542 547 556 559 562 565 574 583 589 583 583 591 590 598 601 603 612 618 619 628 637 642 647 653 650 651 656 657 665 667
180 321 324 322 323 324 329 337 332 330 329 337 330 337 338 347 353 362 358 354 357 363 369 374 379 382 387 383 387 396 399 403 405 406 409 418 427 436 436 437 443 444 451 442 442 449 457 466 463 471 473 481 482 490 492 493 502 503 510 511 504 513 520 521 530 531 535 534 534 532 533 542 549 551 554 563 568 575 581 574 575 582 587 593 597 598 604 613 621 626 630 635 638 647 643 651 656 665 668 660
184 312 315 316 322 329 329 330 323 328 324 331 328 336 339 343 352 359 350 353 357 364 366 375 375 384 379 377 382 391 392 396 405 414 408 415 420 428 429 433 435 443 444 436 437 444 449 457 460 468 473 473 481 483 485 486 493 497 501 502 503 504 513 516 521 526 530 528 529 531 533 537 542 543 552 560 561 570 575 573 578 576 579 588 592 600 603 612 620 617 626 627 633 639 635 642 649 656 665 658
193 305 312 308 314 320 324 322 315 321 323 324 326 334 337 344 343 352 348 353 351 355 361 369 372 378 382 376 385 382 390 392 401 405 407 414 419 428 434 442 436 443 442 435 444 444 448 448 457 459 464 469 478 487 491 493 500 504 501 506 512 513 515 522 522 524 526 527 536 540 540 543 544 551 552 561 570 568 568 569 570 575 584 580 589 593 601 606 615 616 622 628 624 631 632 641 642 647 656 657
201 297 303 307 316 314 316 313 314 316 317 326 333 338 339 340 339 347 347 352 347 356 353 360 363 369 378 375 378 381 389 394 399 406 413 421 419 426 434 436 427 436 440 432 437 443 443 445 453 457 466 471 479 482 483 489 493 496 498 502 509 515 524 524 531 531 528 529 530 532 533 536 544 546 551 559 561 559 567 574 571 572 578 579 587 591 595 600 609 616 613 619 620 629 637 641 649 655 662 666
206 296 297 299 307 312 307 309 310 317 318 326 330 335 335 337 337 339 346 351 345 348 350 359 361 368 370 372 375 383 390 399 407 405 408 412 415 420 427 433 425 429 435 429 430 438 442 450 452 460 463 464 473 481 489 490 498 495 500 505 509 518 526 526 534 531 530 531 539 534 542 537 544 550 550 557 552 553 560 568 572 579 581 582 591 595 602 605 613 608 610 616 620 629 634 635 643 652 661 665
214 289 291 290 299 303 300 306 309 315 320 317 326 330 330 330 332 338 346 351 344 351 354 359 368 362 363 372 378 386 390 391 398 403 405 406 407 416 421 425 424 426 428 427 434 435 443 449 456 463 467 465 471 480 488 489 493 494 500 509 517 523 523 529 532 531 536 539 547 543 543 538 539 541 548 549 551 556 565 570 577 580 581 585 588 590 594 603 606 607 616 623 621 630 637 637 639 648 653 656
219 286 288 288 291 297 291 297 306 310 315 315 323 327 327 328 331 330 338 342 338 344 348 355 360 361 367 375 376 381 383 391 398 407 407 408 408 414 417 416 418 421 422 426 428 437 442 450 452 461 470 469 470 471 480 483 484 493 495 504 508 517 514 522 530 528 529 538 540 548 551 543 548 549 556 553 560 565 566 570 576 577 584 590 595 599 600 609 609 614 623 627 626 634 635 643 640 644 653 662
225 279 285 286 283 288 289 298 300 303 311 306 314 319 319 327 327 323 332 333 337 343 350 351 359 362 367 373 378 387 390 393 399 403 410 413 417 417 414 415 423 423 429 434 437 445 451 445 453 456 462 460 461 464 473 475 484 488 489 496 505 510 509 518 521 522 523 530 533 542 550 552 548 550 552 560 567 572 572 577 577 580 588 590 594 603 609 616 615 623 626 635 632 638 644 652 648 646 648 655
232 278 277 283 276 281 290 295 294 303 307 305 311 317 317 326 320 321 329 336 338 346 353 359 358 363 362 368 374 383 392 397 402 410 418 417 410 408 413 417 425 424 426 427 429 437 446 440 447 450 453 456 459 467 474 478 487 491 497 497 499 504 507 516 517 523 532 539 534 536 544 545 546 555 554 559 566 572 578 586 582 589 593 599 600 609 617 621 622 628 635 644 641 647 652 655 651 647 648 657
241 280 276 277 272 281 287 291 287 295 300 303 312 313 314 318 319 321 323 331 337 345 349 352 355 358 360 369 373 379 387 388 397 404 409 408 407 404 410 419 426 430 433 429 433 435 437 438 439 444 446 455 459 464 465 472 478 487 493 502 503 511 508 516 522 525 534 537 536 544 541 536 539 548 551 559 560 564 573 580 584 591 596 601 602 611 619 622 629 629 636 637 644 652 658 660 659 656 655 664
250 273 267 268 270 275 279 285 286 294 303 305 311 319 319 320 322 327 332 338 346 349 350 351 360 364 365 370 377 378 380 382 390 397 403 411 402 403 412 415 424 433 427 436 441 436 445 446 447 445 446 448 455 464 465 474 483 486 492 499 502 510 511 512 521 521 528 530 537 544 536 535 543 552 555 563 566 572 577 586 585 590 597 604 610 607 616 620 626 631 640 641 650 659 667 669 662 665 657 661
255 256 258 265 277 276 284 292 293 301 309 311 314 318 326 325 330 335 339 347 353 358 358 353 362 364 370 378 386 379 380 382 391 392 396 402 397 406 414 416 423 425 426 433 434 437 444 445 454 450 451 450 452 460 467 475 477 478 484 493 495 503 510 513 522 519 527 535 530 535 532 534 543 549 556 561 570 578 585 582 582 583 591 595 604 605 614 623 631 640 649 645 654 663 668 676 671 669 665 662
256 263 267 271 275 280 287 295 301 310 315 317 322 321 330 329 332 336 342 344 351 358 359 359 367 373 371 375 383 380 386 383 384 389 393 394 396 403 407 416 424 423 429 435 442 446 446 454 455 458 452 456 453 460 464 472 476 477 483 489 496 500 503 504 513 516 525 526 528 530 531 539 542 549 558 559 568 575 576 577 580 584 593 598 600 609 618 619 625 633 640 649 655 658 665 669 668 668 670 668
261 266 273 280 284 289 296 298 306 315 318 313 319 324 329 336 333 341 350 349 358 363 363 368 370 376 375 379 385 389 392 390 393 395 395 401 402 406 409 410 415 417 420 426 435 444 453 462 464 458 453 461 460 461 462 464 472 481 489 497 497 501 506 510 516 525 532 530 536 538 540 547 550 558 567 565 574 581 582 585 589 585 594 595 604 609 618 627 631 639 648 644 652 657 664 665 666 667 675 673
270 275 274 283 292 298 302 299 309 308 309 311 321 322 329 326 327 332 342 351 360 359 366 374 379 378 380 388 393 396 396 394 397 403 403 408 406 413 418 419 423 419 421 429 438 443 445 454 455 460 462 465 465 466 467 471 478 486 490 494 503 510 507 513 522 526 529 536 543 539 547 549 554 556 564 573 582 585 591 592 588 587 595 604 613 613 622 631 639 644 639 641 647 648 655 663 672 676 683 675
275 277 282 291 292 301 306 302 303 307 316 315 317 319 324 325 333 341 348 352 353 354 360 366 371 380 383 392 401 400 397 403 405 404 404 413 412 421 422 423 428 421 429 438 439 447 447 456 462 463 463 472 472 475 476 478 487 495 499 499 505 510 509 516 521 527 535 540 538 539 542 545 554 561 570 577 578 587 595 596 590 593 594 599 605 608 617 626 630 636 637 646 655 655 661 668 669 677 676 683
276 283 290 298 295 299 300 307 305 306 307 313 322 323 326 330 336 343 352 354 359 357 366 373 375 378 381 383 392 400 406 409 413 411 407 415 421 428 426 424 433 430 436 437 438 443 452 461 457 463 472 481 479 479 478 483 485 492 498 499 508 516 516 520 528 529 535 536 537 542 551 553 562 565 570 571 580 585 591 592 597 594 602 607 614 617 618 623 626 631 640 649 650 657 665 672 670 678 674 683
277 286 287 293 300 300 308 316 314 314 314 316 325 332 333 338 345 348 353 359 361 365 370 379 376 384 386 387 397 404 406 412 413 414 414 423 426 433 428 432 436 432 433 441 445 451 454 455 456 465 471 474 477 478 480 485 494 496 501 508 517 520 525 529 532 537 544 543 545 550 552 561 562 566 567 575 581 588 596 601 599 600 606 611 615 624 626 624 629 634 639 644 645 654 660 667 673 676 670 679
284 293 292 296 305 303 305 313 316 320 315 318 327 336 339 345 351 349 351 352 361 367 369 376 381 388 395 391 395 396 399 402 403 405 414 415 424 432 429 431 433 441 442 444 447 454 463 456 463 472 478 482 483 480 489 492 500 505 508 515 520 526 526 530 535 543 552 551 546 552 560 562 570 573 575 582 583 585 593 594 595 602 610 618 619 620 622 627 628 634 642 648 654 663 660 661 664 667 668 673
291 292 301 305 311 312 308 317 321 322 319 325 329 337 340 346 350 350 354 357 366 372 373 381 383 392 400 400 400 399 405 410 408 414 418 416 424 430 438 433 435 436 438 447 448 457 464 457 458 463 471 480 489 481 489 498 507 510 515 516 517 524 528 528 529 534 543 544 549 552 561 569 575 578 581 583 587 589 597 599 600 601 603 611 612 620 623 626 635 640 641 648 653 656 659 658 665 674 673 676
300 301 310 309 310 319 316 325 322 326 328 326 335 338 345 354 359 359 362 364 370 373 379 387 384 387 395 402 407 405 411 412 413 422 421 425 427 430 436 441 443 441 446 447 455 463 471 466 466 471 479 486 486 485 491 496 500 501 510 517 518 519 527 526 534 543 550 552 558 553 556 562 570 575 580 585 586 595 604 603 608 603 612 619 618 625 626 628 629 631 632 641 644 647 654 655 664 673 680 685
309 310 319 318 318 322 319 324 329 335 337 334 343 339 343 352 354 363 365 365 368 369 376 385 393 395 400 403 411 408 416 418 415 424 430 426 433 431 436 444 444 445 450 456 463 471 472 472 475 475 477 486 494 493 497 504 508 510 519 518 519 520 522 524 532 535 543 547 554 561 561 568 573 580 589 594 589 598 600 601 609 604 606 610 615 624 626 632 630 639 640 648 653 656 663 660 666 667 676 683
311 319 324 321 327 324 320 326 335 336 336 335 337 343 344 353 362 369 374 374 374 376 380 384 390 391 400 406 412 415 422 420 420 422 423 432 438 439 442 451 453 454 459 460 468 472 477 480 483 478 480 484 493 497 503 510 513 519 521 519 521 529 531 528 529 538 544 546 555 559 562 564 571 578 581 590 594 600 606 609 612 612 615 613 614 618 624 631 635 639 643 645 648 649 658 667 675 671 675 679
319 327 328 325 329 326 327 334 335 343 344 337 339 344 348 353 362 367 372 381 376 384 382 389 398 393 402 408 410 414 419 428 427 431 424 428 429 436 445 453 458 455 463 467 468 469 476 477 480 481 489 492 496 499 501 507 508 516 521 528 530 530 532 533 536 543 547 552 553 562 570 573 578 581 584 585 590 599 608 609 618 613 616 614 622 627 632 638 644 644 652 648 652 658 663 664 669 678 677 686
320 323 332 334 334 331 336 336 342 344 347 338 339 342 349 352 361 368 370 374 380 389 386 395 402 402 411 413 419 418 427 434 431 431 430 437 438 445 449 451 457 460 465 467 476 478 485 486 485 485 493 498 505 508 509 516 515 520 521 530 539 538 534 536 545 544 546 552 559 568 569 574 583 582 583 584 593 602 611 617 618 620 620 621 624 633 635 636 644 653 661 657 656 659 661 663 671 673 682 691
323 332 341 342 341 339 339 344 345 352 351 342 340 347 353 357 358 363 370 376 384 388 393 400 405 405 413 414 422 421 425 434 440 436 437 440 439 443 450 449 450 454 455 465 468 474 476 478 487 486 489 497 504 509 511 517 518 522 530 532 536 544 542 545 547 553 555 554 557 565 574 580 581 584 584 593 602 604 605 611 619 627 621 627 631 639 644 643 648 656 661 661 663 661 663 668 676 682 691 700
332 339 347 347 348 348 342 350 349 356 351 350 341 346 354 363 367 371 370 376 379 385 394 401 407 410 418 422 429 427 434 443 445 437 438 442 441 442 446 447 448 457 457 458 459 469 477 485 488 495 493 501 510 516 518 525 527 527 533 538 538 541 547 554 556 561 563 556 564 571 572 580 588 590 585 587 593 600 608 617 625 624 628 632 640 646 651 652 657 660 667 666 667 667 672 676 684 689 696 699
339 348 355 355 354 346 343 344 353 357 358 349 342 346 351 358 364 367 368 376 382 388 397 405 400 409 412 417 420 428 434 443 443 440 445 443 443 449 454 451 453 459 464 467 466 468 475 480 489 495 494 502 505 513 514 521 528 531 536 539 542 542 547 553 557 557 562 558 564 573 578 587 589 598 593 596 601 604 612 616 617 621 627 629 636 645 651 654 655 663 672 673 674 671 676 678 686 693 702 707
344 353 359 361 361 352 346 353 361 359 362 355 351 351 353 358 361 370 377 379 380 389 390 397 398 407 408 409 411 420 427 435 438 442 449 451 450 456 458 457 461 465 472 475 470 471 477 486 495 504 503 507 507 508 512 520 523 532 533 537 537 539 547 554 554 556 558 559 567 568 577 586 594 598 600 602 604 612 613 615 616 618 625 634 636 640 647 655 658 659 667 672 676 679 677 685 693 701 708 714
350 357 366 362 364 357 349 350 352 361 360 353 352 356 357 365 366 373 375 384 389 398 391 396 405 408 416 410 417 418 427 433 441 450 455 458 458 462 466 465 466 466 468 473 479 472 478 487 496 504 512 510 513 517 521 521 528 532 533 534 536 543 544 547 553 558 560 568 576 577 585 588 589 594 603 611 608 610 612 621 622 619 628 632 635 640 649 655 661 660 665 671 678 675 679 688 688 694 703 708
353 361 362 364 363 361 355 358 360 363 358 356 353 358 360 366 374 380 377 380 388 396 392 396 398 407 415 416 418 426 435 442 444 451 459 462 464 471 468 470 472 473 469 474 483 480 486 493 495 501 508 510 518 522 523 530 534 533 540 537 540 541 545 548 555 557 562 563 571 577 582 586 590 599 600 609 612 611 618 620 629 623 624 626 635 639 648 657 658 659 662 671 670 673 679 683 687 696 704 711
357 365 369 373 370 365 356 365 369 369 361 362 361 362 368 371 374 382 383 386 395 396 398 405 406 409 418 425 426 430 432 441 443 451 460 458 465 471 469 477 477 475 476 482 483 488 493 499 498 500 509 514 523 531 524 526 527 530 536 545 541 549 552 555 563 558 566 572 578 586 583 585 592 595 604 613 618 612 615 621 629 630 632 635 643 640 647 655 664 664 662 664 667 672 680 684 693 696 701 710
363 372 378 381 376 372 365 374 371 364 363 365 365 371 369 378 378 387 392 393 399 403 402 406 407 415 419 421 422 423 432 433 436 445 453 454 459 462 471 477 478 476 485 490 492 497 500 508 499 504 513 522 531 528 525 534 534 531 540 543 543 551 560 559 568 567 572 573 575 584 590 589 590 593 599 608 610 618 622 625 627 634 640 644 652 645 646 650 658 660 661 670 676 673 680 684 686 693 694 702
364 373 380 381 383 374 371 376 369 367 367 367 373 376 376 378 380 388 389 393 402 408 407 414 416 424 423 423 424 430 436 442 444 453 457 462 467 471 472 480 486 480 489 495 493 502 508 516 506 512 521 524 528 528 532 533 541 539 545 551 549 554 563 566 568 572 574 581 580 582 590 591 593 602 601 603 612 621 628 634 628 636 637 640 649 649 649 658 665 663 665 671 677 674 683 691 694 696 703 704
372 381 383 390 382 381 378 378 370 374 370 371 377 377 385 379 381 385 387 395 402 411 414 415 416 420 427 431 432 439 445 443 450 454 462 468 475 478 474 477 486 486 487 495 496 501 507 514 511 514 522 527 525 526 535 540 544 548 549 550 557 556 557 560 567 571 580 579 580 589 598 592 598 605 605 609 618 620 624 627 635 636 644 644 648 653 654 657 664 672 669 673 674 682 684 690 691 700 702 711
381 390 386 390 388 382 383 381 374 383 375 374 383 384 392 387 388 393 395 404 410 414 415 418 417 425 434 439 440 448 448 452 454 463 466 467 471 472 478 478 481 485 493 496 502 510 508 510 518 516 517 520 521 527 534 535 536 538 539 549 555 562 563 565 571 576 577 578 584 586 593 597 601 602 604 613 622 625 632 635 634 635 641 649 650 651 660 658 667 673 678 676 682 687 693 691 693 694 701 708
390 392 395 392 391 391 392 384 378 381 378 383 388 385 391 396 397 402 397 398 406 415 424 427 425 433 442 447 449 454 457 456 459 460 465 469 470 474 476 477 486 488 490 499 500 508 512 514 520 520 526 523 524 527 535 544 544 546 540 541 546 555 560 561 562 567 574 578 584 593 602 599 607 610 607 610 614 616 624 628 632 637 641 646 648 657 663 667 671 678 679 684 683 690 691 694 694 699 706 713
399 395 404 399 393 394 396 391 382 386 382 387 396 393 398 400 400 408 399 403 412 413 421 422 426 427 436 445 451 456 461 460 462 468 474 475 475 483 480 480 484 492 497 506 504 505 514 518 519 528 526 525 533 528 536 542 548 554 546 542 548 549 553 563 567 576 582 580 589 593 599 600 608 614 614 611 616 624 631 637 641 641 647 653 657 659 664 669 676 683 680 686 692 698 696 695 695 701 703 709
403 404 410 408 402 402 398 391 387 388 387 388 397 402 407 403 408 405 401 409 418 417 423 428 433 435 443 446 455 456 464 461 467 475 482 477 482 489 487 488 489 497 503 507 506 514 521 523 528 533 535 533 533 530 536 545 554 556 549 549 557 557 558 561 567 570 577 578 584 589 596 605 606 611 620 620 617 621 622 628 633 641 645 654 663 667 673 670 678 685 689 690 693 701 704 704 702 710 709 710
411 413 419 414 411 411 407 400 391 389 396 389 391 400 405 411 417 414 409 411 412 421 424 433 434 443 447 447 452 461 470 469 472 476 485 483 484 492 494 494 495 504 511 515 514 523 523 524 530 539 539 542 535 531 540 546 548 550 551 552 560 565 566 568 575 577 583 587 586 595 600 606 615 620 621 629 622 629 629 631 638 643 651 659 665 673 681 676 677 685 689 697 699 707 711 713 710 719 718 714
419 414 418 416 413 420 411 402 397 398 393 392 395 396 401 402 411 413 415 419 421 423 427 435 437 446 448 453 460 469 471 474 474 475 483 491 493 494 497 503 498 499 508 515 523 524 532 525 526 533 542 548 544 538 547 555 553 556 552 558 565 571 574 575 584 579 588 592 587 595 603 612 620 628 629 638 629 638 630 633 641 648 653 654 662 671 672 674 683 689 697 706 706 707 714 721 712 717 726 718
428 421 426 422 414 414 412 404 401 397 396 401 396 405 403 411 418 416 423 425 430 424 433 441 444 451 455 461 468 476 480 480 483 477 480 484 490 492 500 501 499 500 505 506 514 522 528 534 533 537 545 546 553 547 556 561 558 565 560 566 574 577 581 583 591 586 595 597 594 602 610 612 612 621 627 631 629 632 636 642 645 646 653 659 660 662 669 677 685 693 701 703 711 708 715 716 721 725 726 727
437 429 428 430 422 420 411 404 403 399 401 410 405 412 405 406 409 416 417 420 423 431 435 442 444 448 457 463 472 481 485 489 481 479 480 487 496 497 504 505 505 501 504 508 511 518 526 531 533 542 543 547 549 548 556 564 562 571 564 565 573 578 582 584 593 591 595 596 596 605 613 610 611 613 621 622 626 635 643 644 645 648 656 662 664 665 674 682 683 690 698 706 708 710 716 724 722 731 735 733
441 438 429 429 420 411 410 409 409 405 403 411 413 410 408 411 416 422 426 422 426 428 437 440 446 454 455 462 469 478 483 486 489 480 481 483 489 498 505 514 514 510 513 510 518 526 531 534 540 541 550 555 558 555 564 567 567 572 573 568 575 582 585 589 597 600 603 600 599 601 603 607 610 611 620 624 634 637 642 646 646 651 660 667 673 670 679 686 692 698 703 709 711 719 724 725 728 731 735 741
433 429 426 424 423 415 417 410 410 411 412 419 414 415 412 419 423 431 433 424 425 428 436 437 438 445 448 457 461 470 479 480 481 483 490 492 498 505 512 521 520 519 521 519 527 535 540 536 542 544 545 554 555 558 567 571 572 577 580 576 583 591 593 598 606 607 605 603 601 607 611 615 619 620 626 628 638 645 649 654 655 655 660 668 676 679 687 689 696 700 704 713 710 710 718 724 725 726 730 738
442 435 435 432 425 423 415 411 417 415 416 418 423 423 420 427 424 425 434 433 429 436 441 446 439 448 456 461 468 474 475 482 488 490 488 496 505 504 508 515 519 528 529 526 533 534 539 537 544 553 552 556 557 566 567 569 577 586 589 583 591 597 602 607 607 614 611 611 604 613 619 616 622 629 633 630 640 648 656 654 656 663 660 668 676 685 687 690 692 695 695 704 701 702 709 718 722 726 733 739
446 438 438 434 425 421 420 420 425 416 421 425 428 429 424 433 425 434 440 442 437 438 443 450 447 450 457 463 470 475 478 476 479 484 486 490 499 501 507 508 516 525 530 527 532 540 541 546 553 562 554 563 559 564 570 576 582 590 590 590 599 599 604 607 614 622 617 615 607 616 624 618 621 628 632 634 638 643 651 651 653 654 657 666 671 678 683 690 698 694 687 696 700 702 711 720 729 733 733 742
449 442 439 442 434 430 429 429 426 425 428 432 436 430 433 429 426 434 442 443 445 440 449 452 450 455 456 461 465 466 470 474 482 491 489 490 497 501 506 507 516 525 531 529 532 541 547 549 552 561 563 572 568 565 573 580 581 582 584 588 592 599 607 608 617 623 618 614 610 614 622 626 622 628 636 641 639 641 642 645 647 656 663 667 668 675 674 682 689 690 685 694 697 706 712 716 725 729 730 739
456 450 447 449 440 435 438 436 435 428 429 438 443 436 442 436 435 436 441 448 454 449 458 453 455 463 465 464 473 475 475 483 486 494 498 496 505 510 513 516 519 520 529 532 539 547 555 552 560 567 570 577 570 574 576 581 585 585 592 596 595 601 610 617 621 628 625 620 611 620 622 627 624 633 640 647 641 643 650 652 650 655 656 663 665 669 673 675 680 681 682 691 696 699 706 715 720 721 729 731
464 459 456 458 449 442 440 437 438 429 438 441 449 441 448 439 444 438 447 449 458 450 452 459 458 467 468 465 467 471 480 489 491 495 504 503 510 517 517 523 528 529 536 537 544 549 553 556 560 569 571 576 572 581 577 586 593 587 594 603 600 608 614 623 622 629 624 623 615 624 631 635 628 635 639 639 648 651 658 653 655 660 662 671 672 671 675 676 684 684 685 694 696 705 714 718 723 729 735 732
472 466 460 451 450 449 447 438 440 432 441 447 453 450 450 441 447 441 448 453 461 459 461 468 465 471 477 474 470 479 482 484 493 494 503 511 518 524 523 524 526 534 541 540 544 551 553 559 568 577 572 581 581 590 582 590 595 596 599 608 606 610 616 623 631 623 630 624 623 630 638 636 630 631 632 637 646 654 661 656 659 663 666 674 679 672 679 685 691 687 693 694 702 710 711 720 729 730 735 738
469 462 453 452 457 457 448 439 447 439 446 450 456 453 459 450 450 447 454 455 458 459 465 471 467 468 472 480 472 481 483 492 498 499 508 516 517 526 532 530 535 543 548 549 546 548 554 563 569 576 573 574 576 584 583 585 591 592 600 606 607 601 610 617 622 615 624 630 632 639 647 638 635 638 636 640 648 652 659 662 668 671 674 679 676 674 676 681 683 690 693 699 706 709 716 725 734 737 744 747
469 460 459 460 464 455 450 441 448 448 454 459 460 455 462 457 459 456 455 456 459 460 468 477 475 470 479 477 474 475 478 485 494 500 505 514 517 521 528 535 536 544 548 549 547 552 555 564 566 568 576 583 577 586 590 586 589 592 596 598 599 600 604 613 619 614 622 629 632 640 647 645 644 642 639 642 650 658 664 671 674 680 681 688 684 679 683 690 690 696 696 697 706 713 722 730 737 738 747 754
475 466 468 465 465 456 456 450 449 457 455 458 465 456 465 466 467 465 464 465 460 468 474 483 476 471 479 481 483 477 486 494 501 501 505 511 512 519 522 527 534 543 551 552 555 560 564 572 567 575 576 581 585 593 596 594 594 596 604 603 603 601 609 610 611 613 618 624 625 631 640 648 652 651 647 650 653 657 666 670 671 675 681 690 685 680 683 690 693 698 702 704 705 714 722 724 730 737 740 745
472 469 471 472 466 465 458 451 455 457 460 460 463 464 471 469 473 470 465 465 463 464 466 475 484 480 484 489 485 486 494 498 507 510 512 513 518 523 524 528 537 544 548 551 560 568 567 576 574 580 585 590 588 594 600 602 595 603 611 605 612 610 614 617 618 615 616 622 631 634 638 641 647 650 649 653 654 656 661 663 672 680 687 688 687 687 686 687 691 696 698 707 712 716 717 725 727 736 744 748
481 473 478 481 475 474 467 460 461 462 468 468 464 467 476 470 475 472 470 473 464 473 474 483 491 487 485 494 487 493 502 507 516 519 517 521 523 528 533 529 534 540 541 550 555 562 566 575 577 578 581 586 594 595 597 603 604 610 619 610 617 618 621 623 627 623 625 631 639 642 643 648 652 656 651 660 656 663 662 671 677 681 684 693 693 695 690 695 692 700 707 716 715 716 725 731 729 734 736 739
482 481 487 482 483 479 470 466 462 467 471 469 467 468 476 478 482 474 473 481 472 473 474 483 489 488 492 501 492 501 502 511 519 528 524 522 531 534 533 532 533 539 548 555 564 571 571 579 585 579 580 589 595 604 604 610 611 611 619 618 623 621 623 632 631 624 630 633 634 635 636 642 650 651 659 663 665 665 671 673 679 684 688 689 691 699 699 699 693 697 699 708 709 718 724 725 729 730 739 747
488 486 494 489 481 478 472 470 469 468 476 477 474 474 481 487 487 483 475 484 478 482 483 484 488 492 496 497 494 503 507 516 521 530 529 523 529 536 542 539 539 545 553 560 564 573 577 579 588 583 589 591 598 603 607 610 615 613 617 620 625 629 629 632 635 626 635 641 643 639 641 643 648 655 657 666 673 674 674 674 676 685 694 690 697 704 705 701 697 703 705 706 708 709 715 723 724 729 737 741
497 495 495 487 483 474 473 478 477 473 474 475 480 479 485 494 491 482 481 490 485 491 492 489 497 495 496 497 497 505 510 519 525 526 535 528 535 544 541 540 548 546 551 560 569 575 584 587 596 591 597 600 606 612 616 616 624 622 623 621 626 633 638 638 637 628 630 634 639 644 649 646 650 651 654 661 670 671 676 675 679 680 687 695 703 709 713 704 702 706 713 712 717 711 718 724 729 728 729 732
504 495 487 486 477 476 481 482 478 481 479 477 486 480 488 489 498 491 486 489 486 490 499 493 501 496 504 505 505 506 508 516 519 525 534 537 544 548 550 543 547 555 559 568 577 584 591 594 595 593 595 604 607 615 616 624 631 631 628 629 635 637 643 639 641 637 631 638 642 646 647 655 658 658 663 668 677 679 677 679 687 682 685 687 695 704 704 713 708 713 719 721 722 713 714 715 720 726 734 733
501 494 487 486 478 482 490 486 487 485 488 486 491 483 490 490 495 498 489 493 488 497 506 500 509 503 512 507 509 513 514 522 521 527 536 540 549 549 554 548 554 562 565 573 582 587 596 603 602 598 602 611 615 620 623 626 632 639 631 630 639 646 648 648 644 636 634 642 649 652 655 661 666 667 671 673 677 678 686 684 692 683 686 687 695 697 700 708 716 714 719 720 719 716 720 718 728 728 732 740
506 500 491 487 487 485 487 487 496 487 493 495 493 484 493 499 498 497 490 497 496 499 506 505 510 509 516 511 512 517 519 528 530 536 537 546 549 558 559 555 563 567 572 574 581 582 591 600 607 606 603 612 620 621 626 633 638 647 639 633 639 648 657 657 648 641 640 648 652 661 663 668 675 668 676 676 677 680 689 685 694 691 695 696 704 701 709 717 723 722 720 728 724 723 728 724 727 729 738 745
506 498 492 495 493 492 489 492 495 488 492 501 496 493 502 500 500 506 499 502 502 508 515 509 516 510 519 516 521 519 521 528 535 540 542 545 554 561 561 564 569 574 575 575 581 585 592 601 605 612 604 612 621 630 630 633 638 645 648 642 648 655 660 659 657 649 649 654 660 669 664 673 678 674 681 682 683 681 690 690 699 699 704 705 710 702 711 719 728 731 728 734 725 728 731 731 734 730 731 735
508 501 501 502 501 498 498 499 490 489 497 500 503 494 499 504 508 507 506 504 504 506 512 517 516 515 516 525 529 526 530 529 537 545 551 547 556 557 565 562 571 575 584 580 585 594 598 600 608 612 611 617 621 622 631 640 639 640 646 647 654 663 669 662 656 653 655 662 669 672 670 679 683 675 682 690 685 684 687 688 695 698 707 714 717 710 717 721 730 737 736 738 730 736 736 735 740 732 739 741
511 505 506 510 502 506 505 503 496 494 501 501 510 503 508 513 517 513 511 510 512 508 516 524 525 516 524 525 533 531 538 535 542 548 555 548 555 560 568 561 562 571 580 589 594 591 591 596 602 603 604 608 612 614 623 632 641 649 651 656 655 664 669 670 664 656 664 671 673 674 678 681 689 683 688 693 694 685 693 697 699 707 713 719 720 712 721 730 734 742 745 742 737 743 742 744 748 741 745 742
514 514 508 511 507 514 506 504 503 503 503 510 512 505 514 521 526 521 512 511 514 511 519 521 530 523 524 532 535 540 547 544 544 553 560 552 554 556 559 560 562 566 574 582 588 589 590 592 601 609 610 617 620 623 626 634 641 650 658 657 663 672 673 675 670 664 673 679 680 675 680 687 690 688 691 692 696 693 701 706 708 708 716 717 721 713 720 727 735 736 743 750 743 744 751 753 752 748 753 751
