  0 250 244 249 252 248 257 259 262 270 269 265 263 271 275 275 269 270 274 273 276 285 293 293 302 301 301 306 309 310 314 311 312 321 322 328 328 335 336 337 345 348 357 358 364 364 368 370 378 382 385 387 396 405 405 413 413 421 424 429 438 430 432 440 449 447 451 459 460 466 475 484 491 493 500 502 505 503 508 503 508 516 520 528 530 539 547 556 553 559 565 566 567 573 581 587 588 584 590 599
  8 243 242 243 243 247 248 255 260 261 264 256 261 262 266 273 268 271 269 270 273 279 284 292 301 299 297 299 305 313 305 307 311 318 319 328 327 333 339 346 346 347 353 357 365 360 363 365 370 374 376 382 390 397 399 406 409 413 415 423 432 424 432 441 445 444 451 454 462 470 478 477 482 485 492 497 497 494 503 500 502 511 520 524 532 541 546 554 551 558 556 562 569 569 578 578 579 580 589 596
 16 235 233 242 240 249 241 247 252 254 256 254 252 255 260 267 260 263 264 271 280 286 293 288 292 294 293 299 302 306 300 304 312 319 328 333 326 331 331 339 346 352 344 349 356 354 362 368 376 374 378 387 391 393 398 406 409 408 415 422 430 422 430 433 437 442 449 451 457 463 472 474 482 482 483 491 492 493 494 498 501 510 519 520 527 536 537 546 542 549 554 559 560 568 569 572 579 580 581 587
 17 239 232 234 235 240 238 239 243 251 253 248 250 251 253 260 258 263 265 274 279 280 285 280 286 287 292 294 295 297 299 308 316 321 330 324 324 325 330 331 337 343 341 343 352 351 359 364 367 373 378 381 385 392 398 401 402 406 414 413 421 421 422 428 437 441 448 450 458 467 467 476 478 478 487 487 496 493 499 502 510 514 512 513 519 528 530 539 538 540 545 553 556 559 563 567 575 584 585 593
 26 239 231 228 234 235 237 244 249 248 244 245 253 255 253 251 255 264 269 270 278 273 276 276 279 283 283 285 287 290 295 304 311 312 321 318 317 326 331 323 332 334 335 342 343 350 359 364 372 378 385 378 380 389 391 398 407 408 408 410 416 415 423 432 434 438 445 450 454 462 459 467 469 477 479 480 489 490 492 493 502 510 511 514 520 522 530 531 532 536 543 545 547 556 562 570 574 583 591 600
 28 233 224 222 225 226 235 244 243 239 237 239 248 246 244 250 258 259 264 264 272 269 275 274 278 284 282 287 286 287 292 295 302 311 312 319 314 319 325 320 325 328 334 342 343 349 352 358 364 370 377 375 383 384 393 397 399 403 404 407 411 414 418 423 432 434 438 442 451 453 458 459 468 474 482 480 489 498 498 501 502 511 518 515 524 523 531 536 541 545 545 551 548 553 559 562 571 580 585 591
 29 225 216 216 221 225 234 240 235 237 228 235 240 237 238 244 251 253 255 262 264 260 267 271 269 276 280 282 283 290 298 292 299 306 313 310 312 313 316 317 324 325 333 337 341 349 351 354 361 363 372 373 377 382 384 390 392 397 406 409 410 413 418 427 435 442 441 445 449 450 451 458 465 466 474 479 483 489 496 500 502 505 510 518 527 532 540 544 543 550 552 553 552 560 566 563 565 573 580 583
 33 218 212 215 224 227 231 234 227 235 227 232 238 236 244 244 251 246 255 258 261 258 266 273 268 267 272 273 281 286 290 291 295 302 305 309 318 321 323 320 329 333 341 346 343 346 348 352 358 367 371 373 381 390 386 390 393 395 401 404 406 408 410 419 427 436 443 443 446 452 460 466 474 467 476 476 477 482 491 493 494 502 507 513 522 528 536 545 549 558 560 558 561 565 569 565 573 574 583 587
 41 212 211 213 217 218 223 226 225 233 225 225 234 235 238 243 243 245 253 249 254 256 264 266 270 264 268 275 284 293 289 289 293 297 304 313 312 317 324 329 336 335 338 340 343 352 354 361 364 367 370 373 378 385 392 396 402 403 409 413 409 415 413 422 431 437 440 442 449 451 459 468 474 469 472 474 477 481 482 485 492 500 506 511 516 525 533 536 540 549 555 564 564 573 577 573 582 582 582 590
 42 204 208 205 210 213 222 220 219 228 221 222 227 234 240 249 242 238 247 248 256 252 261 268 261 263 267 276 283 287 280 288 293 296 302 310 305 311 319 328 331 331 339 341 345 347 356 365 367 369 368 377 379 386 394 402 406 408 412 413 413 422 419 426 428 436 440 447 448 456 457 464 469 477 481 476 477 486 491 489 498 499 508 517 521 525 531 539 547 549 550 558 567 568 576 581 585 588 581 587
 51 199 206 198 206 208 214 214 216 222 220 226 227 226 232 241 242 233 238 240 247 251 257 260 259 268 268 272 274 281 279 284 286 293 294 301 303 307 314 323 328 330 337 345 352 353 356 360 362 362 367 375 376 381 386 395 398 400 403 404 407 414 420 421 422 428 434 438 445 450 459 461 467 476 481 480 483 492 499 494 502 508 510 514 523 529 535 543 550 557 558 559 568 572 573 575 578 579 580 588
 56 194 203 197 205 213 206 213 214 215 213 217 218 222 223 232 236 231 240 241 250 246 253 261 257 266 271 274 283 278 277 283 282 291 299 303 302 305 312 316 319 321 329 336 344 347 347 351 353 361 369 377 377 386 387 395 400 408 408 411 416 421 425 426 425 432 438 443 446 451 455 464 470 479 480 488 492 500 500 503 506 511 512 515 523 528 536 541 541 550 551 559 560 564 573 574 582 588 588 591
 58 191 194 196 198 204 198 207 214 210 211 218 225 219 225 226 227 228 237 240 241 245 247 254 256 257 265 274 283 280 273 275 281 284 291 300 301 303 312 314 317 319 323 330 338 339 340 343 352 357 361 370 377 384 389 395 401 405 409 418 425 426 427 435 432 440 446 441 449 458 464 458 467 474 475 481 488 493 502 506 515 510 512 515 518 525 533 536 539 544 548 555 561 567 574 582 577 586 594 600
 66 187 189 194 192 195 193 201 205 209 218 217 217 210 219 226 231 237 241 242 250 248 253 254 263 266 272 266 275 271 272 280 289 292 292 296 302 310 313 317 326 326 331 336 337 342 349 352 353 359 368 375 376 377 386 392 393 398 405 413 419 427 434 443 435 439 438 440 441 450 455 456 465 473 482 486 487 494 499 498 507 508 514 521 527 527 529 533 534 535 542 549 552 561 565 574 576 585 588 595
 73 186 180 186 183 187 189 198 197 206 210 215 210 206 213 221 222 228 233 234 242 251 248 249 256 265 266 264 268 270 277 286 294 293 293 299 301 302 311 315 321 330 335 331 340 339 347 352 356 359 363 371 378 386 389 386 395 402 409 410 410 418 426 435 429 430 437 439 442 451 454 459 466 468 476 478 481 488 491 497 503 512 518 527 527 529 538 534 535 543 545 554 554 556 565 570 579 588 589 594
 74 178 179 177 180 182 186 192 196 197 201 209 206 202 204 213 217 225 228 233 241 245 247 248 249 258 257 263 268 271 278 287 295 296 292 299 293 299 307 306 315 324 326 328 337 332 341 348 350 355 362 370 379 380 381 382 391 396 401 402 409 418 420 428 428 429 430 437 442 450 457 464 466 467 468 469 477 483 484 493 501 506 513 518 519 526 532 535 537 543 545 547 555 564 568 572 574 583 584 585
 83 173 170 176 177 183 185 192 194 196 195 202 209 201 205 214 223 221 229 228 233 237 244 239 246 249 253 260 264 272 281 289 289 293 291 290 290 296 301 305 311 320 329 327 333 330 333 339 346 348 353 362 371 380 381 386 393 397 402 405 410 418 418 419 427 432 438 446 443 452 460 461 464 473 475 474 483 484 492 496 504 504 505 513 522 529 530 537 543 548 552 549 557 562 567 570 573 580 583 591
 89 171 163 172 178 174 183 188 196 197 189 194 202 198 205 208 214 218 220 222 228 230 235 236 239 244 247 251 259 267 273 282 280 286 282 283 287 291 296 302 309 315 322 324 325 327 333 342 350 354 355 364 366 375 376 380 386 392 400 406 412 415 412 421 422 431 439 445 451 452 460 465 473 478 480 475 484 493 496 502 505 503 511 518 523 532 531 539 540 546 550 553 562 571 574 570 571 579 580 589
 93 165 161 167 174 172 178 185 188 188 187 193 196 197 206 206 210 215 224 225 227 225 226 230 231 240 241 242 250 258 267 276 273 277 278 286 295 297 299 305 306 313 320 329 327 334 338 347 356 361 356 360 362 366 375 380 387 388 396 402 406 411 410 417 426 427 434 443 445 453 455 464 465 470 471 480 483 489 488 493 496 499 506 515 518 525 534 543 541 548 547 554 555 562 569 569 578 582 588 593
 94 165 158 165 168 167 174 179 184 179 180 189 198 197 202 202 209 215 215 224 226 221 224 233 236 241 249 245 251 258 266 270 272 274 282 280 289 296 305 306 314 317 325 330 329 332 341 350 352 359 365 362 369 367 374 383 384 385 393 395 402 404 408 416 418 427 431 434 443 451 454 463 465 473 478 476 474 481 484 489 498 507 511 515 523 532 534 543 540 544 546 552 559 559 560 561 569 574 579 584
100 162 157 158 164 165 174 172 178 177 171 180 189 194 200 198 200 208 207 216 217 220 229 235 235 240 248 253 258 266 268 273 266 267 274 275 282 291 300 308 314 311 316 323 326 335 341 342 343 352 359 361 370 370 371 377 384 385 392 399 401 410 414 420 423 429 437 443 452 456 456 462 466 474 470 467 473 475 480 489 497 504 511 513 518 527 534 541 534 535 542 544 551 558 563 564 566 573 582 590
109 153 150 156 157 166 170 163 171 176 170 172 180 187 191 194 197 200 202 209 218 221 227 232 234 239 242 249 255 257 259 264 265 274 280 283 284 293 299 304 305 308 309 318 319 328 334 341 345 352 353 361 367 373 377 386 387 394 397 398 403 412 414 421 427 429 438 440 447 447 448 453 457 466 472 464 473 482 488 491 495 501 510 519 514 523 525 532 533 538 541 549 542 550 555 556 561 567 573 582
118 144 143 150 153 159 158 159 163 164 166 171 179 180 185 197 198 205 211 217 224 224 228 237 237 238 244 245 246 248 256 259 268 275 279 282 282 284 293 300 308 310 313 317 320 326 334 337 346 351 355 360 368 377 377 383 382 387 388 389 396 405 405 414 420 422 431 437 438 445 446 454 462 470 468 462 467 473 480 482 491 497 501 510 513 517 522 523 525 534 540 540 541 544 553 552 557 564 566 574
122 125 130 133 137 144 152 161 163 170 173 177 180 189 188 195 199 208 216 223 225 233 232 238 246 244 245 254 255 256 257 263 265 270 273 278 280 288 297 306 315 317 322 326 322 328 337 340 349 347 349 352 361 368 373 374 380 384 391 398 398 399 404 411 420 429 430 429 438 439 439 448 455 464 462 459 468 474 476 484 485 494 501 503 504 513 519 523 525 534 535 539 547 544 548 549 558 566 570 575
127 130 136 139 145 152 154 161 163 170 171 179 182 191 189 195 205 207 212 220 229 238 241 246 251 250 254 256 264 259 266 269 270 271 280 282 289 294 300 306 308 314 315 324 323 325 329 337 346 345 350 351 355 364 373 379 380 389 392 398 407 407 405 413 422 423 424 428 435 436 437 439 448 456 457 458 459 467 475 477 482 491 492 501 505 511 520 515 519 527 534 542 547 540 549 543 551 557 566 567
132 131 137 146 148 153 162 170 168 173 177 185 191 200 196 196 204 204 210 219 225 233 242 242 249 255 255 260 267 262 268 268 276 275 277 286 294 300 297 301 308 314 319 323 327 330 330 331 339 341 349 356 360 368 375 384 386 393 400 394 398 407 413 414 423 426 429 437 444 440 439 448 456 458 463 465 466 470 476 477 483 492 501 503 505 503 512 512 515 523 525 534 538 539 540 541 550 553 562 566
133 133 136 143 149 157 166 173 177 175 181 182 189 192 200 197 198 202 206 215 223 231 236 240 245 246 253 253 258 264 261 266 273 268 277 283 289 291 292 293 302 305 312 315 320 327 335 332 333 341 350 359 362 365 374 377 386 394 399 391 394 402 404 408 417 419 422 430 438 439 446 453 462 466 471 464 473 472 477 485 492 495 498 494 496 499 505 506 515 523 532 539 540 543 544 550 551 555 557 562
141 140 138 147 152 161 170 177 184 183 190 185 193 197 199 206 199 209 209 213 214 223 230 232 236 242 244 252 253 255 257 258 266 267 273 282 291 300 301 300 309 313 313 322 329 328 337 335 335 344 351 355 358 366 371 379 385 391 390 389 397 400 408 415 411 410 419 425 433 440 441 450 458 462 462 456 464 473 478 483 486 491 498 491 495 497 506 515 519 521 530 538 537 539 547 550 559 558 566 565
142 147 139 146 151 160 167 176 183 187 196 193 200 206 202 208 203 207 216 220 223 223 231 232 230 239 245 254 262 262 266 265 274 276 279 288 293 302 302 303 312 318 320 324 330 335 339 337 344 351 359 363 359 360 366 371 377 384 389 385 394 396 405 406 407 408 415 422 424 431 440 443 452 454 454 455 462 470 474 475 479 483 490 488 497 503 504 511 514 516 524 532 533 537 544 551 560 559 568 568
151 156 148 149 155 163 172 170 179 188 196 195 196 201 209 207 205 206 209 214 218 220 221 227 228 237 243 247 256 259 268 266 271 272 280 289 298 304 304 304 313 321 325 331 337 344 345 344 353 354 363 370 366 362 363 370 375 376 380 381 390 399 401 410 409 411 413 422 423 430 431 440 445 448 449 456 463 464 466 467 473 474 481 487 494 503 509 510 511 519 525 528 530 538 545 553 562 568 573 573
155 164 157 150 151 160 163 169 176 184 192 200 204 206 215 216 212 208 217 215 223 227 229 229 230 231 241 250 253 260 269 269 275 281 286 291 294 301 308 306 312 316 322 330 338 347 349 353 362 363 361 370 369 363 370 379 376 384 389 390 393 401 410 418 411 414 421 427 432 438 435 437 446 452 455 461 468 472 472 473 480 479 488 493 497 502 504 513 511 519 527 530 539 546 554 559 561 562 568 564
162 163 156 151 157 166 172 175 183 186 195 204 205 214 210 219 213 209 218 224 230 228 231 235 238 236 244 250 256 259 261 262 268 277 286 286 295 301 308 312 318 324 327 334 340 341 349 356 356 359 360 367 366 365 374 383 381 388 397 398 400 407 411 416 420 421 429 432 441 445 436 443 451 452 454 463 471 472 479 476 477 484 490 485 491 493 500 505 507 512 518 524 533 541 550 557 560 558 563 560
171 167 160 153 160 161 170 179 187 194 195 198 207 208 209 217 221 212 221 230 227 230 231 240 247 238 245 246 253 257 263 263 270 278 280 285 287 295 302 309 312 316 321 326 331 339 340 348 354 363 362 371 374 374 382 388 386 388 393 402 407 407 413 417 426 429 433 433 434 436 437 442 443 452 453 459 468 477 478 478 475 483 481 484 489 493 494 503 511 518 524 526 531 535 542 549 551 555 560 558
176 173 169 162 166 169 177 186 191 194 202 207 212 217 211 216 221 213 222 224 226 233 238 247 247 241 246 250 256 262 263 271 271 276 285 294 296 296 304 310 315 320 329 332 332 341 349 353 359 361 368 375 372 378 387 391 390 397 401 402 398 406 410 413 419 423 425 432 433 430 432 437 446 449 452 455 464 473 479 473 473 481 480 488 491 493 502 508 509 518 527 532 537 543 540 541 546 547 555 557
180 182 177 168 167 168 173 181 190 192 197 205 207 214 212 221 227 222 230 225 228 234 240 245 249 244 252 256 261 270 270 277 273 274 277 287 296 305 307 308 314 315 324 329 329 336 344 353 351 359 361 369 370 378 382 383 392 393 400 401 394 403 410 411 420 421 425 424 424 422 423 432 439 441 444 453 458 465 471 464 465 472 477 483 487 488 494 503 511 516 520 525 528 537 533 541 546 555 558 550
184 186 179 176 175 177 178 186 194 199 198 205 207 215 215 219 228 231 230 228 234 243 245 254 252 253 254 255 260 269 271 275 282 283 278 286 291 299 300 304 306 314 322 323 324 331 336 345 348 357 363 363 371 373 375 376 383 387 391 392 393 394 403 406 411 416 420 418 419 421 423 427 432 433 442 450 451 460 465 463 468 466 469 478 482 490 493 502 510 507 516 517 523 529 525 532 539 546 555 548
193 194 186 177 181 183 186 195 195 201 204 205 207 215 218 225 229 238 231 233 237 241 249 258 261 262 260 256 265 266 274 276 285 285 280 288 293 302 306 313 315 321 328 325 333 332 337 338 347 349 354 359 368 377 381 383 390 394 391 396 402 403 405 412 412 414 416 417 426 430 430 433 434 441 442 451 460 458 458 459 460 465 474 470 479 483 491 496 505 506 512 518 514 521 522 531 532 537 546 547
200 192 191 185 190 185 194 198 199 201 202 211 214 219 222 225 227 235 232 237 239 248 248 255 258 264 268 259 262 265 273 278 283 290 287 297 297 304 312 321 317 326 330 322 327 333 333 335 343 347 356 361 369 372 373 379 383 386 388 392 399 405 414 414 421 421 418 419 420 422 423 426 434 436 441 449 451 449 457 464 461 462 468 469 477 481 485 490 499 506 503 509 510 519 527 531 539 545 552 556
204 199 197 194 198 194 201 201 200 207 203 212 216 221 226 232 232 234 239 243 240 243 245 254 256 263 268 261 264 272 279 287 292 292 290 297 303 308 315 323 315 319 325 319 320 328 332 340 342 350 353 354 363 371 379 380 388 385 390 395 399 408 416 416 424 421 420 421 429 424 432 427 434 440 440 447 442 443 450 458 462 469 471 472 481 485 492 495 503 498 500 506 510 519 524 525 533 542 551 555
210 202 199 196 205 200 209 210 203 209 208 210 219 223 226 228 230 238 246 252 246 250 251 256 265 264 265 270 270 278 285 286 293 297 292 293 294 304 309 315 314 316 318 317 324 325 333 339 346 353 357 355 361 370 378 379 383 384 390 399 407 413 413 419 422 421 426 429 437 433 433 428 429 431 438 439 441 446 455 460 467 470 471 475 478 480 484 493 496 497 506 513 511 520 527 527 529 538 543 546
213 208 201 198 206 209 211 216 212 216 213 219 228 231 234 229 233 240 248 256 247 253 255 262 267 265 271 278 271 276 278 286 293 302 294 295 295 301 304 305 307 310 312 316 318 327 332 340 342 351 360 359 360 361 370 373 374 383 385 394 398 407 404 412 420 418 419 428 430 438 441 433 438 439 446 443 450 455 456 460 466 467 474 480 485 489 490 499 499 504 513 517 516 524 525 533 530 534 543 552
215 209 209 201 208 215 212 221 218 219 221 220 228 233 235 237 240 242 251 252 251 257 262 263 271 268 273 279 276 285 285 288 294 298 301 300 304 310 305 306 314 312 319 324 327 335 341 335 343 346 352 350 351 354 363 365 374 378 379 386 395 400 399 408 411 412 413 420 423 432 440 442 438 440 442 450 457 462 462 467 467 470 478 480 484 493 499 506 505 513 516 525 522 528 534 542 538 536 538 545
217 210 209 208 212 217 221 226 225 228 228 222 228 234 237 246 241 242 250 257 253 261 268 271 274 273 275 281 282 291 294 297 299 306 310 309 307 311 310 310 318 313 315 316 319 327 336 330 337 340 343 346 349 357 364 368 377 381 387 387 389 394 397 406 407 413 422 429 424 426 434 435 436 445 444 449 456 462 468 476 472 479 483 489 490 499 507 511 512 518 525 534 531 537 542 545 541 537 538 547
226 217 218 217 214 223 229 232 226 234 230 225 234 235 236 240 241 243 245 253 259 267 271 274 277 276 277 286 286 292 300 303 308 313 316 310 312 312 316 319 325 319 322 318 322 324 326 327 328 333 336 345 349 354 355 362 368 377 383 392 393 401 398 406 412 415 424 427 426 434 431 426 429 438 441 449 450 454 463 470 474 481 486 491 492 501 509 512 519 519 526 527 534 542 548 550 549 546 545 554
235 226 218 217 216 221 225 231 227 235 236 227 233 241 241 242 244 249 254 260 268 271 272 273 282 282 282 287 293 293 295 297 305 312 318 319 317 313 322 322 331 328 323 327 330 325 334 335 336 334 335 337 345 354 355 364 373 376 382 389 392 400 401 402 411 411 418 420 427 434 426 425 433 442 445 453 456 462 467 476 475 480 487 494 500 497 506 510 516 521 530 531 540 549 557 559 552 555 547 551
226 221 220 224 223 222 230 238 234 242 241 233 236 240 248 247 252 257 261 269 275 280 280 275 284 284 288 295 302 294 295 297 306 307 311 317 312 321 329 324 331 326 324 331 329 328 335 336 345 339 340 339 341 350 357 365 367 368 374 383 385 393 400 403 412 409 417 425 420 425 422 424 433 439 446 451 460 468 475 472 472 473 481 485 494 495 504 513 521 530 539 535 544 553 558 566 561 559 555 552
227 228 229 230 227 227 234 242 242 251 245 239 244 243 252 251 254 258 264 266 273 280 281 281 289 293 289 293 301 295 301 298 299 304 308 309 311 318 322 331 339 332 333 340 337 337 337 345 346 347 341 345 342 350 354 362 366 367 373 379 386 390 393 394 403 406 415 416 418 420 421 429 432 439 448 449 458 465 466 467 470 474 483 488 490 499 508 509 515 523 530 539 545 548 555 559 558 558 560 558
232 233 236 239 236 236 243 245 249 253 248 240 246 248 253 260 259 266 273 271 280 285 285 290 292 298 293 297 303 304 307 305 308 310 310 316 317 321 324 325 330 332 335 341 346 346 346 354 355 347 342 350 349 350 352 354 362 371 379 387 387 391 396 400 406 415 422 420 426 428 430 437 440 448 457 455 464 471 472 475 479 475 484 485 494 499 508 517 521 529 538 534 542 547 554 555 556 557 565 563
241 242 237 246 245 245 249 246 253 244 243 242 251 250 257 257 258 263 272 280 289 289 292 298 301 300 298 306 311 311 311 309 312 318 318 323 321 328 333 334 338 334 336 344 353 351 348 357 353 352 351 354 354 355 357 361 368 376 380 384 393 400 397 403 412 416 419 426 433 429 437 439 444 446 454 463 472 475 481 482 478 477 485 494 503 503 512 521 529 534 529 531 537 538 545 553 562 566 573 565
246 244 245 254 246 254 255 249 249 248 252 246 248 250 255 256 264 272 279 283 284 285 291 297 302 308 301 310 319 315 312 318 320 319 319 328 327 336 337 338 343 336 344 353 354 358 350 359 360 355 352 361 361 364 366 368 377 385 389 389 395 400 399 406 411 417 425 430 428 429 432 435 444 451 460 467 468 477 485 486 480 483 484 489 495 498 507 516 520 526 527 536 545 545 551 558 559 567 566 573
247 251 253 257 249 253 254 256 251 249 250 252 257 254 257 261 267 274 283 285 290 288 297 304 306 307 304 306 314 322 321 324 328 326 322 330 336 343 341 339 348 345 351 352 353 358 359 368 361 361 361 370 368 368 368 373 375 382 388 389 398 406 406 410 418 419 425 426 427 432 441 443 452 455 460 461 470 475 481 482 487 484 492 497 504 507 508 513 516 521 530 539 540 547 555 562 560 568 564 573
248 257 254 260 256 254 262 265 260 257 257 255 264 263 264 269 276 279 284 290 292 296 301 310 307 315 309 310 319 326 327 333 335 335 329 338 341 348 343 347 351 347 348 356 360 366 362 363 362 370 367 370 371 369 370 375 384 386 391 398 407 410 415 419 422 427 434 433 435 440 442 451 452 456 457 465 471 478 486 491 489 490 496 501 505 514 516 514 519 524 529 534 535 544 550 557 563 566 560 569
255 264 259 263 265 257 259 267 263 263 258 258 267 272 270 276 282 280 282 283 292 298 300 307 312 319 318 314 318 319 322 325 326 327 336 337 346 352 344 346 348 356 357 359 362 369 371 364 369 378 374 378 377 371 379 382 390 395 398 405 410 416 416 420 425 433 442 441 436 442 450 452 460 463 465 472 473 475 483 484 485 492 500 508 509 510 512 517 518 524 532 538 544 553 550 551 554 557 558 563
262 263 268 272 271 266 262 271 268 265 262 265 269 277 273 279 283 281 285 288 297 303 304 312 314 323 326 323 323 322 328 333 331 336 340 338 346 352 353 348 350 351 353 362 363 372 372 365 366 371 379 387 382 372 381 390 399 402 405 406 407 414 418 418 419 424 433 434 439 442 451 459 465 468 471 473 477 479 487 489 490 491 493 501 502 510 513 516 525 530 531 538 543 546 549 548 555 564 563 566
271 272 277 276 272 275 270 278 269 269 271 266 275 278 280 288 292 290 293 295 301 304 310 318 315 318 326 330 330 328 334 335 336 344 343 347 349 352 358 356 358 356 361 362 370 378 380 374 374 379 387 385 378 376 383 388 392 393 402 409 408 409 417 416 424 433 440 442 448 443 446 452 460 465 470 475 476 485 494 493 498 493 502 509 508 515 516 518 519 521 522 531 534 537 544 545 554 563 570 575
280 281 286 285 280 277 273 278 276 278 280 274 283 279 283 292 294 299 296 296 299 300 307 316 324 326 331 333 338 331 339 341 338 346 352 348 355 353 358 364 359 360 365 371 378 386 381 380 383 383 385 394 386 384 389 396 400 402 411 410 409 410 412 414 422 425 433 437 444 451 451 458 463 470 479 484 479 488 490 491 499 494 496 500 505 514 516 522 520 529 530 538 543 546 553 550 556 557 566 573
282 290 291 288 287 278 274 280 285 277 276 275 277 283 284 293 302 306 305 305 305 307 311 315 321 322 331 337 343 338 345 343 343 345 346 354 360 361 364 373 368 369 374 375 383 387 386 388 391 386 388 392 395 388 395 402 405 411 413 411 411 419 421 418 419 428 434 436 445 449 452 454 461 468 471 480 484 490 496 499 502 502 505 503 504 508 514 521 525 529 533 535 538 539 548 557 565 561 565 569
290 298 292 288 284 280 281 288 286 285 284 277 279 284 288 293 302 307 310 314 307 315 313 320 329 324 333 339 341 342 347 352 350 354 347 351 352 358 367 375 373 370 378 382 383 384 391 389 392 389 397 400 396 391 393 399 400 409 414 420 420 420 422 423 426 433 437 442 443 452 460 463 468 471 474 475 480 489 498 499 508 503 506 504 512 517 522 528 534 534 542 538 542 548 553 554 559 568 567 576
291 294 301 297 289 285 290 290 293 287 287 278 279 282 289 292 301 308 310 314 313 322 317 326 333 333 342 344 350 346 355 359 354 354 353 360 361 367 371 373 379 375 384 384 392 393 400 398 397 393 401 406 405 400 401 408 407 413 414 423 429 428 424 426 435 434 436 442 449 458 459 464 473 472 473 474 483 492 501 507 508 510 510 511 514 523 525 526 534 543 551 547 546 549 551 553 561 563 572 581
294 303 310 304 296 293 293 298 296 295 291 282 280 287 293 297 298 303 310 316 321 325 324 331 336 336 344 345 353 349 353 362 363 359 360 363 362 365 372 371 373 377 378 387 390 396 398 400 403 394 397 405 412 405 403 409 410 414 423 425 429 436 432 435 437 443 445 444 447 455 464 470 471 474 474 483 492 494 495 501 509 517 511 517 521 529 534 533 538 546 551 551 553 551 553 558 566 572 581 590
303 310 316 308 303 302 296 304 300 298 291 290 281 286 294 303 307 311 310 316 319 325 333 338 343 341 349 353 362 355 362 371 368 360 361 365 364 365 369 370 371 380 380 381 382 391 399 407 406 403 401 409 418 412 410 417 419 419 426 431 431 434 438 444 446 451 453 446 454 461 462 470 478 480 475 477 483 490 498 507 515 514 518 522 530 536 541 542 547 550 557 556 557 557 562 566 574 579 586 589
310 319 324 316 308 300 297 298 307 302 298 289 282 286 291 298 304 307 308 316 322 328 337 345 340 349 352 357 360 363 369 377 368 363 368 366 366 372 377 374 376 382 387 390 389 391 397 402 411 408 402 410 413 420 412 419 426 423 428 432 436 437 442 448 450 451 453 448 454 463 468 477 479 488 483 486 491 494 502 506 507 511 517 519 526 535 541 544 545 553 562 563 564 561 566 568 576 583 592 597
315 324 327 321 315 306 300 307 313 304 302 295 291 291 293 298 301 310 317 319 320 329 330 337 338 347 348 349 351 360 367 375 370 367 374 374 373 379 381 380 384 388 395 398 393 394 399 408 417 417 411 415 415 416 416 424 427 432 429 434 435 437 445 452 451 453 451 449 457 458 467 476 484 488 490 492 494 502 503 505 506 508 515 524 526 530 537 545 548 549 557 562 566 569 567 575 583 591 598 604
321 328 328 319 318 311 303 304 306 309 300 293 292 296 297 305 306 313 315 324 329 338 331 336 345 348 356 350 357 358 367 373 378 376 380 381 381 385 389 388 389 389 391 396 402 395 401 409 418 425 420 418 421 425 425 425 432 435 430 431 433 441 442 445 451 456 453 458 466 467 475 478 479 484 493 501 498 500 502 511 512 509 518 522 525 530 539 545 551 550 555 561 568 565 569 578 578 584 593 598
324 328 320 319 317 315 309 312 311 303 298 296 293 298 300 306 314 320 317 320 328 336 332 336 338 347 355 356 358 366 375 382 381 383 388 385 387 394 391 393 395 396 392 397 406 403 409 416 418 423 427 420 428 430 427 434 438 437 437 434 437 439 443 446 453 455 458 459 467 473 478 482 483 492 493 502 502 501 508 510 519 513 514 516 525 529 538 547 548 549 552 561 560 563 569 573 577 586 594 601
328 335 327 328 324 319 310 319 318 309 301 302 301 302 308 311 314 322 323 326 335 336 338 345 346 349 358 365 366 370 372 381 383 391 397 389 394 401 392 400 400 398 399 405 406 411 416 422 421 422 431 425 434 437 428 430 431 434 440 443 438 447 450 453 461 456 464 468 474 482 479 481 488 491 500 509 510 502 505 511 519 520 522 525 533 530 537 545 554 554 552 554 557 562 570 574 583 586 591 600
334 343 336 336 330 326 319 320 311 304 303 305 305 311 309 318 318 327 332 333 339 343 342 346 347 355 359 361 362 363 372 373 376 385 393 390 395 398 401 406 401 399 408 413 415 420 423 431 422 426 435 434 441 432 429 438 438 435 444 444 440 449 458 457 466 465 470 469 471 480 486 485 486 489 495 504 506 510 512 515 517 524 530 534 542 535 536 540 548 550 551 560 566 563 570 574 576 583 584 592
335 344 342 335 334 325 322 316 309 307 307 307 313 316 316 318 320 328 329 333 342 348 347 354 356 364 363 363 364 370 376 382 384 393 397 398 403 407 402 410 409 403 412 418 416 425 431 438 429 434 443 437 438 434 436 437 445 443 449 452 446 451 461 464 466 470 472 477 476 478 486 487 489 498 497 499 508 517 519 524 518 526 527 530 539 539 539 548 555 553 555 561 567 564 573 581 584 586 593 594
343 352 343 342 333 332 325 318 310 314 310 311 317 317 325 319 321 325 327 335 342 351 354 355 356 360 367 371 372 379 385 383 390 394 402 404 411 411 404 407 416 409 410 418 419 424 430 437 434 437 444 443 438 435 444 444 451 452 458 453 454 453 454 457 465 469 478 478 477 486 495 488 494 501 501 505 514 516 520 523 526 527 535 534 538 543 544 547 554 562 559 563 564 572 574 580 581 590 592 601
352 349 340 337 333 327 326 321 314 323 315 314 323 324 332 327 328 333 335 344 350 354 355 358 357 365 374 379 380 388 388 392 394 403 406 405 409 410 410 408 411 413 418 421 425 433 431 433 441 439 440 442 439 441 448 445 446 448 449 458 463 460 460 462 472 478 480 479 483 485 492 493 497 498 500 509 518 521 528 531 528 528 534 542 540 541 550 548 557 563 568 566 572 577 583 581 583 584 591 598
358 349 347 338 336 336 333 324 318 321 318 323 328 325 331 336 337 342 337 338 346 355 364 367 365 373 382 387 389 394 397 396 399 400 405 409 410 414 411 409 418 416 418 427 426 434 435 437 443 443 449 445 442 444 452 454 454 456 450 451 455 464 466 463 464 469 476 480 487 494 501 495 503 506 503 506 510 512 520 524 528 533 537 542 542 550 556 557 561 568 569 574 573 580 581 584 584 589 596 603
361 352 354 345 338 339 336 331 322 326 322 327 336 333 338 340 340 348 339 343 352 353 361 362 366 367 376 385 391 396 401 400 402 408 414 415 415 423 415 412 416 424 425 434 430 431 440 441 442 451 448 447 451 445 453 459 460 464 456 452 458 459 463 472 469 478 484 482 492 496 502 496 504 510 510 507 512 520 527 533 537 537 543 549 551 552 557 562 568 575 570 576 582 588 586 585 585 591 593 599
365 361 360 354 347 346 338 331 327 328 327 328 337 342 347 343 348 345 341 349 358 357 363 368 373 375 383 386 395 396 404 401 407 415 422 417 422 429 422 420 421 429 431 435 432 440 447 446 451 456 457 455 450 447 453 462 469 466 459 459 467 467 468 471 475 478 485 483 489 494 501 505 505 510 519 516 513 517 518 524 529 537 541 550 559 560 566 563 571 578 579 580 583 591 594 594 592 600 599 600
373 370 369 360 356 355 347 340 331 329 336 329 331 340 345 351 357 354 349 351 352 361 364 373 374 383 387 387 392 401 410 409 412 416 425 423 424 432 429 426 427 436 439 443 440 449 449 447 453 462 461 461 452 448 457 463 465 463 461 462 470 475 476 478 483 485 491 492 491 500 505 511 514 519 520 525 518 525 525 527 534 539 547 555 561 568 575 569 570 578 582 588 589 597 601 603 600 609 608 604
373 365 364 360 357 360 351 342 337 338 333 332 335 336 341 342 351 353 355 359 361 363 367 375 377 386 388 393 400 409 411 414 414 415 423 431 433 434 432 435 430 431 440 447 449 451 457 448 449 456 465 467 461 455 464 472 470 468 462 468 475 481 484 485 492 487 496 497 492 500 508 517 522 527 528 534 525 534 526 529 537 544 549 550 558 567 568 570 579 584 590 597 596 597 604 611 602 607 616 608
381 372 371 363 355 354 352 344 341 337 336 341 336 345 343 351 358 356 363 365 370 364 373 381 384 391 395 401 408 416 420 420 423 417 420 424 430 432 440 433 431 432 437 438 446 454 460 457 456 460 468 468 470 464 473 478 475 477 470 476 484 487 491 493 500 494 503 502 499 507 515 517 517 526 532 536 528 531 532 538 541 542 549 555 556 558 565 573 581 589 597 599 604 598 605 606 611 615 616 617
388 379 371 371 363 360 351 344 343 339 341 350 345 352 345 346 349 356 357 360 363 371 375 382 384 388 397 403 412 421 425 429 421 419 420 427 436 437 444 437 437 433 436 440 443 450 458 462 458 467 468 471 467 465 473 481 479 483 474 475 483 488 492 494 503 499 503 503 501 510 518 515 516 518 526 527 531 540 540 540 541 544 552 558 560 561 570 578 579 586 594 602 602 600 606 614 612 621 625 623
381 378 369 369 360 351 350 349 349 345 343 351 353 350 348 351 356 362 366 362 366 368 377 380 386 394 395 402 409 418 423 426 429 420 421 423 429 438 445 446 446 442 445 442 450 458 463 465 465 466 475 479 476 472 481 484 484 488 483 478 485 492 495 499 507 508 511 507 504 506 508 512 515 516 525 529 539 542 545 544 542 547 556 563 569 566 575 582 588 594 599 605 605 609 614 615 618 623 628 631
373 369 366 364 363 355 357 350 350 351 352 359 354 355 352 359 363 371 373 364 365 368 376 377 378 385 388 397 401 410 419 420 421 423 430 432 438 445 452 455 452 451 453 451 459 467 472 467 471 469 470 479 476 475 484 488 489 493 490 486 493 501 503 508 516 515 511 509 506 512 516 520 524 525 531 533 543 550 552 552 551 551 556 564 572 575 583 585 592 597 606 614 614 615 623 621 621 622 626 634
382 375 375 372 365 363 355 351 357 355 356 358 363 363 360 367 364 365 374 373 369 376 381 386 379 388 396 401 408 414 415 422 428 430 428 436 445 444 448 455 456 460 461 458 465 466 471 468 475 478 477 481 478 484 485 487 495 502 499 493 501 507 512 517 517 522 517 517 509 518 524 521 527 534 538 535 545 553 560 555 554 560 559 567 575 584 587 588 590 593 600 609 606 607 614 623 625 626 633 639
386 378 378 374 365 361 360 360 365 356 361 365 368 369 364 373 365 374 380 382 377 378 383 390 387 390 397 403 410 415 418 416 419 424 426 430 439 441 447 448 456 465 464 459 464 472 473 477 484 487 479 488 480 485 491 494 500 508 505 500 509 509 514 517 524 530 523 520 512 521 529 523 526 533 537 539 543 548 556 556 558 559 562 571 576 583 588 595 599 599 592 601 605 607 616 625 634 633 636 645
389 382 379 382 374 370 369 369 366 365 368 372 376 370 373 369 366 374 382 383 385 380 389 392 390 395 396 401 405 406 410 414 422 431 429 430 437 441 446 447 456 465 467 461 464 473 479 480 483 492 488 497 489 486 494 501 501 502 504 504 508 515 522 518 527 529 523 519 515 519 527 531 527 533 541 546 544 546 547 550 552 561 568 572 573 580 579 587 594 595 590 599 602 611 617 621 630 634 635 644
396 390 387 389 380 375 378 376 375 368 369 378 383 376 382 376 375 376 381 388 394 389 398 393 395 403 405 404 413 415 415 423 426 434 438 436 445 450 453 456 459 460 469 464 471 479 487 483 491 498 495 498 491 495 497 502 505 505 512 512 511 517 526 527 531 536 530 525 516 525 527 532 529 538 545 552 546 548 555 557 555 560 561 568 570 574 578 580 585 586 587 596 601 604 611 620 625 626 634 636
404 399 396 398 389 382 380 377 378 369 378 381 389 381 388 379 384 378 387 389 398 390 392 399 398 407 408 405 407 411 420 429 431 435 444 443 450 457 457 463 468 469 476 469 476 481 485 487 491 500 497 498 493 502 498 507 513 507 514 521 516 524 530 536 532 536 529 528 520 529 536 540 533 540 544 544 553 556 563 558 560 565 567 576 577 576 580 581 589 589 590 599 601 610 619 623 628 634 640 637
412 406 400 391 390 389 387 378 380 372 381 387 393 390 390 381 387 381 388 393 401 399 401 408 405 411 417 414 410 419 422 424 433 434 443 451 458 464 463 464 466 474 479 472 476 483 485 491 500 507 498 507 502 511 503 511 516 516 519 528 522 531 536 543 541 544 536 529 528 535 543 541 535 536 537 542 551 559 566 561 564 568 571 579 584 577 584 590 596 592 598 599 607 615 616 625 634 635 640 643
409 402 393 392 397 397 388 379 387 379 386 390 396 393 399 390 390 387 394 395 398 399 405 411 407 408 412 420 412 421 423 432 438 439 448 456 457 466 472 470 475 483 486 481 478 480 486 495 501 507 499 500 502 510 504 506 512 513 521 527 528 522 531 538 543 536 544 535 537 544 552 543 540 543 541 545 553 557 564 567 573 576 579 584 581 579 581 586 588 595 598 604 611 614 621 630 639 642 649 652
409 400 399 400 404 395 390 381 388 388 394 399 400 395 402 397 399 396 395 396 399 400 408 417 415 410 419 417 414 415 418 425 434 440 445 454 457 461 468 475 476 484 485 481 479 484 487 496 498 500 507 509 503 512 511 507 510 513 517 519 520 521 525 534 540 535 543 542 544 553 557 550 549 547 544 547 555 563 569 576 579 585 586 593 589 584 588 595 595 601 601 602 611 618 627 635 642 643 652 659
415 406 408 405 405 396 396 390 389 397 395 398 405 396 405 406 407 405 404 405 400 408 414 423 416 411 419 421 423 417 426 434 441 441 445 451 452 459 462 467 474 483 491 484 487 492 496 504 499 507 508 513 511 519 517 515 515 517 525 524 524 522 530 531 532 534 539 545 545 551 560 558 557 556 552 555 558 562 571 575 576 580 586 595 590 585 588 595 598 603 607 609 610 619 627 629 635 642 645 650
412 409 411 412 406 405 398 391 395 397 400 400 403 404 411 409 413 410 405 405 403 404 406 415 424 420 424 429 425 426 434 438 447 450 452 453 458 463 464 468 477 484 488 487 496 500 499 508 506 512 517 522 514 520 523 523 516 524 532 526 533 531 535 538 539 536 537 543 552 554 558 561 563 557 554 558 559 561 566 568 577 585 592 593 592 592 591 592 596 601 603 612 617 621 622 630 632 641 649 653
421 413 418 421 415 414 407 400 401 402 408 408 404 407 416 410 415 412 410 413 404 413 414 423 431 427 425 434 427 433 442 447 456 459 457 461 463 468 473 469 474 480 481 490 495 502 503 512 509 510 513 518 522 521 523 529 525 531 540 531 538 539 542 544 548 544 546 552 560 562 564 568 567 562 556 565 561 568 567 576 582 586 589 598 598 600 595 600 597 605 612 621 620 621 630 636 634 639 641 644
422 421 427 422 423 419 410 406 402 407 411 409 407 408 416 418 422 414 413 421 412 413 414 423 429 428 432 441 432 441 442 451 459 468 464 462 471 474 473 472 473 479 488 495 504 511 508 516 517 511 512 521 527 530 530 536 532 532 540 539 544 542 544 553 552 545 551 554 555 556 557 563 571 563 564 568 570 570 576 578 584 589 593 594 596 604 604 604 598 602 604 613 614 623 629 630 634 635 644 652
428 426 434 429 421 418 412 410 409 408 416 417 414 414 421 427 427 423 415 424 418 422 423 424 428 432 436 437 434 443 447 456 461 470 469 463 469 476 482 479 479 485 493 500 504 513 514 516 524 515 521 523 530 535 534 537 537 534 538 541 546 550 550 553 556 547 556 562 564 560 562 564 569 570 567 576 578 579 579 579 581 590 599 595 602 609 610 606 602 608 610 611 613 614 620 628 629 634 642 646
437 435 435 427 423 414 413 418 417 413 414 415 420 419 425 434 431 422 421 430 425 431 432 429 437 435 436 437 437 445 450 459 465 466 475 468 475 484 481 480 488 486 491 500 509 515 523 524 532 523 529 532 538 544 543 543 546 543 544 542 547 554 559 559 558 549 551 555 560 565 570 567 571 571 570 577 586 580 584 580 584 585 592 600 608 614 618 609 607 611 618 617 622 616 623 629 634 633 634 637
444 435 427 426 417 416 421 422 418 421 419 417 426 420 428 429 438 431 426 429 426 430 439 433 441 436 444 445 445 446 448 456 459 465 474 477 484 488 490 483 487 495 499 508 517 524 530 531 527 525 527 536 539 547 544 551 553 552 549 550 556 558 564 560 562 558 552 559 563 567 568 576 579 578 579 584 593 588 585 584 592 587 590 592 600 609 609 618 613 618 624 626 627 618 619 620 625 631 639 638
441 434 427 426 418 422 430 426 427 425 428 426 431 423 430 430 435 438 429 433 428 437 446 440 449 443 452 447 449 453 454 462 461 467 476 480 489 489 494 488 494 502 505 513 522 527 536 540 534 530 534 543 547 552 551 554 559 560 552 551 560 567 569 569 565 557 555 563 570 573 576 582 587 587 587 589 593 589 594 589 597 588 591 592 600 602 605 613 621 619 624 625 624 621 625 623 633 633 637 645
446 440 431 427 427 425 427 427 436 427 433 435 433 424 433 439 438 437 430 437 436 439 446 445 450 449 456 451 452 457 459 468 470 476 477 486 489 498 499 495 503 507 512 514 521 522 531 540 541 538 535 544 552 553 556 561 565 569 560 554 560 569 578 578 569 562 561 569 573 582 584 589 596 588 595 592 593 592 599 590 599 596 600 601 609 606 614 622 628 627 625 633 629 628 633 629 632 634 643 650
446 438 432 435 433 432 429 432 435 428 432 441 436 433 442 440 440 446 439 442 442 448 455 449 456 450 459 456 461 459 461 468 475 480 482 485 494 501 501 504 509 514 515 515 521 525 532 541 545 544 536 544 553 562 560 563 568 575 569 563 569 576 581 580 578 570 570 575 581 590 585 594 599 594 601 598 599 593 602 595 604 604 609 610 615 607 616 624 633 636 633 639 630 633 636 636 639 635 636 640
448 441 441 442 441 438 438 439 430 429 437 440 443 434 439 444 448 447 446 444 444 446 452 457 456 455 456 465 469 466 470 469 477 485 491 487 496 497 505 502 511 515 524 520 525 534 538 540 548 552 543 552 561 562 569 572 569 570 574 568 575 584 590 583 577 574 576 583 590 593 591 600 603 595 602 606 598 596 599 596 603 606 615 619 622 615 622 626 635 642 641 643 635 641 641 640 645 637 644 646
451 445 446 450 442 446 445 443 436 434 441 441 450 443 448 453 457 453 451 450 452 448 456 464 465 456 464 465 473 471 478 475 482 488 495 488 495 500 508 501 502 511 520 529 534 531 531 536 542 543 544 548 552 554 563 572 578 579 579 577 576 585 590 591 585 577 585 592 594 595 599 602 610 603 608 611 606 597 605 605 607 615 621 625 625 617 626 635 639 647 650 647 642 648 647 649 653 646 650 647
454 454 448 451 447 454 446 444 443 443 443 450 452 445 454 461 466 461 452 451 454 451 459 461 470 463 464 472 475 480 487 484 484 493 500 492 494 496 499 500 502 506 514 522 528 529 530 532 541 549 550 557 560 563 566 574 581 588 586 578 584 593 594 596 591 585 594 600 601 596 601 608 611 608 611 610 609 605 613 614 616 616 624 625 626 618 625 632 640 641 648 655 648 649 656 658 657 653 658 656
