  0 483 477 482 485 481 490 492 495 501 494 490 484 489 490 488 482 483 487 486 489 498 506 502 511 506 504 509 512 513 517 514 515 524 525 528 522 529 530 531 539 542 551 552 558 555 559 561 569 573 576 578 587 591 588 596 596 603 606 611 620 612 614 622 631 629 633 641 642 648 657 666 673 675 682 684 687 685 690 685 690 698 702 710 712 721 729 738 735 741 747 748 749 755 763 9223372036854775808 9223372036854775808 9223372036854775808 9223372036854775808 9223372036854775808
  8 476 475 476 476 480 481 488 493 492 489 481 482 480 481 487 481 484 482 483 486 492 497 501 506 504 500 502 508 516 508 510 514 521 522 530 521 527 533 540 540 541 547 551 559 551 554 556 561 565 567 573 581 582 582 589 592 595 597 605 614 606 614 623 627 626 633 636 644 652 660 659 664 667 674 679 679 676 685 682 684 693 702 706 714 723 728 736 733 740 738 744 751 751 760 760 9223372036854775808 9223372036854775808 9223372036854775808 9223372036854775808
 16 468 466 475 473 482 474 480 485 485 482 479 473 473 475 480 473 476 477 484 493 492 499 493 497 499 496 502 505 509 503 507 515 522 531 527 520 525 525 533 540 546 538 543 550 545 553 559 567 565 569 572 573 575 580 588 591 590 597 604 612 604 612 615 619 624 631 633 639 645 654 656 664 664 665 673 674 675 676 680 683 692 701 702 709 718 719 728 724 731 736 741 742 750 751 754 761 9223372036854775808 9223372036854775808 9223372036854775808
 17 472 465 467 468 473 471 472 476 483 480 474 471 469 468 473 471 476 478 487 490 485 490 485 491 492 495 497 498 500 502 509 515 517 526 518 518 519 524 525 531 537 535 537 543 542 550 555 558 564 568 563 567 574 580 583 584 588 596 595 603 603 604 610 619 623 630 632 640 649 649 658 660 660 669 669 678 675 681 684 692 696 694 695 701 710 712 721 720 722 727 735 738 741 745 749 757 9223372036854775808 759 9223372036854775808
 26 472 464 461 467 468 470 477 480 475 471 472 472 468 466 464 468 477 481 481 485 478 481 481 484 488 486 488 490 493 498 500 507 508 517 512 511 520 525 517 526 528 529 536 534 541 547 550 558 562 568 560 562 571 573 580 589 590 590 592 598 597 605 614 616 620 627 632 636 644 641 649 651 659 661 662 671 672 674 675 684 692 693 696 702 704 712 713 714 718 725 727 729 738 744 749 753 761 755 758
 28 466 457 455 458 459 468 477 474 466 464 466 464 459 457 463 471 471 476 475 477 474 480 479 481 487 485 490 489 490 495 491 498 507 508 515 508 513 519 514 519 522 528 536 533 539 538 544 550 554 561 557 565 566 575 579 581 585 586 589 593 596 600 605 614 616 620 624 633 635 640 641 650 656 664 662 671 680 680 683 684 693 699 697 706 705 713 718 723 727 727 731 730 735 741 741 749 752 747 749
 29 458 449 449 454 458 467 472 466 464 455 462 455 450 451 457 464 465 467 473 469 465 472 476 472 479 483 485 486 493 496 488 495 502 509 506 506 507 510 511 518 519 527 531 531 538 535 538 545 547 556 555 559 564 566 572 574 579 588 591 592 595 600 609 617 624 623 627 631 632 633 640 647 648 656 661 665 671 678 681 683 686 691 699 708 713 720 721 717 724 725 725 729 737 742 738 740 743 742 741
 33 451 445 448 457 460 464 466 458 462 454 459 455 449 457 457 463 458 467 466 469 463 471 478 471 470 475 476 484 489 489 487 491 498 501 505 504 508 514 514 523 525 528 531 527 530 532 536 542 551 553 554 562 571 568 572 575 577 583 586 588 590 592 601 609 618 625 624 627 633 642 648 656 649 658 658 659 664 672 674 675 683 687 691 699 704 711 713 715 722 718 723 731 731 735 737 743 735 735 738
 41 445 444 446 450 451 456 459 456 460 452 452 457 448 451 456 455 457 465 457 462 461 469 471 473 467 471 478 487 492 485 485 489 493 500 504 495 500 507 516 520 517 520 522 525 534 538 545 548 550 549 552 557 564 571 577 584 585 591 595 591 597 595 604 613 619 621 623 629 631 639 647 649 651 654 656 658 662 663 666 673 681 682 685 690 698 703 704 706 713 710 719 722 726 733 735 738 734 726 734
 42 437 441 438 443 446 455 453 450 457 448 449 450 447 453 462 454 450 459 456 464 457 466 472 464 466 470 479 486 483 476 484 489 492 496 497 488 494 502 511 513 513 521 523 527 529 538 547 545 547 546 555 557 564 572 580 584 586 590 591 591 600 601 606 606 614 618 622 622 630 631 638 643 651 657 654 655 664 672 670 679 676 676 680 685 689 695 701 702 704 704 712 721 717 725 727 729 732 725 731
 51 432 439 431 439 441 447 447 447 451 447 449 445 439 445 454 454 445 450 448 455 456 462 465 462 471 471 475 477 481 475 480 482 489 488 493 486 490 497 506 510 512 519 527 534 531 534 538 540 540 545 553 554 559 564 573 576 578 581 582 585 592 598 599 600 606 612 613 619 622 630 632 638 647 648 652 658 667 670 674 678 675 667 671 680 686 692 693 694 702 703 704 713 716 717 719 722 723 724 732
 56 427 436 430 438 446 439 446 445 444 440 440 436 435 436 445 448 443 452 446 455 451 458 465 460 469 474 474 483 474 473 479 478 487 487 488 484 487 494 498 501 503 511 518 526 525 525 529 531 539 547 555 555 564 565 573 575 582 583 589 594 599 603 604 603 610 615 609 612 617 621 630 636 645 643 651 657 661 662 669 670 666 665 668 676 681 689 685 685 694 695 703 704 708 717 718 722 731 732 735
 58 424 427 429 431 437 431 440 447 439 438 437 437 431 437 438 439 440 449 445 446 450 452 457 459 460 468 471 480 476 469 471 477 480 479 485 483 485 494 496 499 501 505 512 520 517 518 521 530 535 539 548 555 559 564 567 570 574 578 587 596 601 601 610 605 610 609 604 612 621 627 621 630 637 638 644 648 653 662 660 669 661 663 666 669 676 681 680 683 688 692 699 705 711 718 722 714 723 726 734
 66 420 422 427 425 428 426 434 438 438 439 430 429 422 431 438 442 444 445 442 451 453 450 450 459 468 469 462 471 467 468 476 485 480 472 476 482 488 491 495 504 508 513 513 514 516 525 530 529 535 544 550 551 552 561 561 562 567 574 582 588 596 599 607 598 602 601 603 604 613 618 619 628 631 639 640 641 648 653 652 661 659 665 672 676 671 673 677 678 679 686 693 696 705 709 717 713 722 718 725
 73 419 413 419 416 420 422 431 430 434 437 428 422 418 425 433 433 435 437 434 442 450 444 445 452 461 462 460 464 466 473 482 480 472 471 477 479 480 489 493 499 508 513 507 516 511 519 524 528 531 535 543 550 559 558 555 564 571 578 579 579 587 591 600 592 593 600 602 605 614 617 622 627 623 630 632 635 642 645 651 657 658 659 667 667 669 678 676 677 685 688 696 697 699 708 708 711 720 715 720
 74 411 412 410 413 415 419 425 429 425 428 426 418 414 416 425 428 429 432 433 441 441 443 444 445 454 453 459 464 467 474 483 475 474 470 477 471 477 485 484 493 502 504 504 513 504 513 520 522 527 534 542 551 551 550 551 560 565 570 571 578 587 583 591 591 592 593 600 605 613 620 622 620 621 622 623 631 637 638 647 655 649 653 658 659 666 672 675 677 683 685 687 695 704 707 703 702 711 710 711
 83 406 403 409 410 415 417 424 426 424 422 429 421 413 417 420 424 421 429 428 433 433 440 435 442 445 449 456 460 468 477 475 467 471 469 468 468 474 479 483 489 498 507 502 505 502 505 511 518 520 525 534 543 552 549 554 561 564 569 572 577 585 581 582 590 595 601 609 606 615 617 615 618 627 629 628 637 638 644 646 652 644 645 653 662 669 670 677 677 682 687 686 694 699 704 699 700 707 709 717
 89 404 396 405 411 406 415 420 424 424 416 421 418 410 417 411 415 418 420 422 428 426 431 432 435 440 443 447 455 463 469 467 458 464 460 461 465 469 474 480 487 493 500 499 497 499 505 514 522 526 527 536 534 543 544 548 554 559 567 573 577 579 575 584 585 594 602 607 611 610 609 614 618 622 624 625 632 638 636 642 645 643 651 658 663 672 671 679 671 677 680 684 693 700 703 696 697 705 706 715
 93 398 394 400 407 404 410 417 416 415 414 418 412 409 417 408 409 414 420 423 423 421 422 426 427 436 437 438 446 454 463 460 451 455 456 464 473 475 477 483 484 489 496 504 496 503 508 517 526 531 528 528 530 534 543 548 555 553 561 567 571 576 573 580 589 590 597 601 603 609 601 610 609 614 615 624 623 629 628 633 636 639 646 655 658 665 674 679 670 677 676 683 684 691 696 695 704 708 714 719
 94 398 391 398 400 399 406 413 412 406 407 416 417 408 408 404 405 411 411 420 422 417 420 429 431 436 444 441 447 454 457 454 450 452 460 458 465 472 481 478 486 482 490 495 494 497 506 515 517 524 529 524 531 532 539 548 549 550 558 560 567 569 571 579 580 589 593 592 601 604 599 608 608 616 618 616 614 621 624 629 638 647 651 655 661 670 670 678 669 673 675 681 687 686 687 687 695 700 705 710
100 395 390 391 396 397 406 407 411 404 398 407 414 405 403 400 396 404 403 412 413 416 425 431 426 431 436 441 443 447 449 451 444 445 452 453 456 465 473 477 479 476 481 488 491 500 506 507 508 517 520 522 531 534 535 541 548 549 556 562 561 570 567 573 578 582 590 589 596 596 596 602 606 614 610 607 613 615 620 629 637 644 651 653 653 662 668 670 663 664 671 673 679 685 690 686 688 695 704 712
109 386 383 389 389 398 403 398 405 406 397 399 406 398 394 396 393 396 398 405 414 416 422 427 425 427 428 433 436 438 440 442 443 451 450 455 449 458 464 469 470 473 474 483 484 493 499 506 510 516 513 521 527 533 539 548 544 553 554 555 559 564 561 568 574 576 585 580 587 587 588 593 597 606 612 604 613 622 628 631 635 641 650 657 648 657 659 661 662 667 670 677 670 677 682 678 683 689 695 704
118 377 376 383 385 391 396 397 397 397 396 401 399 391 390 394 390 397 403 409 410 413 417 423 423 422 425 426 427 429 437 437 444 442 444 447 447 449 458 465 473 475 478 482 485 491 499 500 509 509 512 517 525 534 534 540 539 544 545 546 552 555 552 561 567 569 578 577 578 585 586 594 602 610 608 602 607 613 620 622 631 637 641 649 647 651 656 652 654 663 669 668 669 669 678 674 679 686 688 696
122 368 373 376 379 386 390 398 393 400 394 396 396 394 385 385 389 390 394 401 403 412 416 414 420 421 419 425 434 432 432 434 435 435 438 443 445 453 462 470 472 476 479 488 482 488 495 497 506 504 506 509 518 525 530 531 537 541 546 545 545 546 551 558 567 572 570 569 578 579 579 588 595 604 602 599 608 614 616 624 624 633 640 640 638 647 653 651 653 662 663 667 674 666 670 671 680 688 692 697
127 365 369 375 375 380 382 389 391 393 387 390 393 391 382 381 387 381 386 394 403 412 417 408 411 415 418 416 425 424 431 428 433 430 439 443 452 458 457 461 463 469 470 479 480 482 486 494 503 502 507 508 512 521 530 536 537 546 539 536 543 551 550 558 567 563 564 568 575 576 577 579 588 596 597 598 599 607 615 616 621 630 631 640 637 639 648 643 647 655 662 670 670 662 671 665 673 679 688 689
132 360 363 372 367 372 381 390 391 386 386 382 390 387 382 375 380 378 384 393 399 405 409 400 406 409 409 414 421 421 422 422 430 429 431 440 448 454 451 455 462 468 473 477 481 486 487 488 496 498 506 513 512 518 525 530 536 542 538 530 534 543 549 550 559 562 565 574 583 579 578 587 595 597 603 599 606 607 613 614 620 629 635 631 633 631 640 640 643 651 653 662 661 661 662 663 672 675 684 688
133 359 357 364 364 372 381 384 390 381 380 374 381 378 378 374 373 376 380 389 394 397 401 398 399 400 407 407 412 418 415 420 427 422 431 437 443 445 446 447 456 459 466 469 474 481 489 489 490 498 507 516 507 510 519 521 530 535 535 527 530 538 540 544 553 555 558 566 574 575 576 583 592 598 599 592 601 603 608 616 623 623 626 622 624 627 633 634 643 646 655 662 657 660 664 672 673 677 679 684
141 361 354 360 358 367 376 377 384 379 382 373 375 375 370 379 372 377 380 384 385 389 395 390 390 396 398 406 407 409 411 412 420 421 427 436 445 454 455 454 463 467 467 476 483 482 491 492 492 501 508 507 503 507 510 518 524 527 526 525 533 536 544 551 547 546 555 561 569 576 569 578 586 590 590 584 592 601 606 611 614 619 626 619 623 625 634 643 636 638 647 655 654 656 664 667 676 679 688 687
142 360 352 351 353 362 369 370 377 371 378 370 367 374 368 372 371 368 377 380 386 380 388 388 384 393 399 408 416 416 420 419 428 430 433 442 447 456 455 457 466 472 474 478 484 489 488 490 499 503 503 508 500 499 505 510 516 520 525 521 530 532 541 542 543 544 551 558 560 567 568 571 580 582 582 583 590 598 602 603 607 611 618 616 625 631 627 634 631 633 641 649 650 654 661 668 677 678 687 690
151 362 353 344 348 356 363 361 370 367 369 362 360 365 365 366 367 365 368 373 377 378 379 385 383 391 397 401 410 413 422 418 423 424 432 441 448 452 454 455 464 472 476 482 480 484 484 491 499 496 495 502 505 498 499 506 511 512 516 517 526 535 537 546 545 547 549 558 559 566 559 568 573 576 577 584 591 592 594 595 601 602 609 615 620 627 626 627 628 636 642 645 647 655 662 670 679 687 689 689
155 358 350 341 342 351 354 360 365 358 361 364 359 362 357 366 368 364 373 374 380 376 380 380 382 383 392 401 404 411 419 417 423 432 438 436 439 446 453 455 461 465 471 475 473 475 478 487 490 493 486 495 499 496 503 512 512 520 525 526 529 537 542 546 547 550 557 560 568 566 558 560 569 574 576 582 589 596 600 601 600 605 614 609 613 618 620 629 627 635 643 646 655 663 671 676 678 678 684 680
162 349 345 340 346 348 357 363 358 350 353 356 351 357 348 357 361 362 371 380 372 369 372 378 386 388 396 400 406 408 410 411 416 425 434 431 440 446 453 459 463 467 470 467 465 466 474 481 481 484 485 492 493 495 504 513 517 524 532 534 530 530 533 538 547 554 557 554 559 561 554 561 567 568 570 579 587 588 595 596 593 600 606 601 607 609 616 621 623 628 634 640 649 657 666 673 676 674 679 676
171 342 346 339 342 339 348 357 351 347 344 347 350 348 347 355 364 363 372 371 365 368 369 378 387 389 396 394 401 405 411 412 419 423 425 430 432 440 447 454 457 459 464 459 456 464 465 473 479 488 487 496 498 504 512 513 516 518 523 527 523 523 529 533 542 547 549 549 550 552 553 558 559 568 569 575 584 593 594 594 591 599 597 600 605 609 610 619 627 634 640 642 647 651 658 665 667 671 676 674
176 335 341 337 335 338 343 352 343 339 343 350 341 350 346 351 359 360 369 362 364 371 376 385 391 391 396 393 399 405 406 414 412 416 424 433 441 441 449 449 454 455 463 454 451 460 469 474 477 479 486 493 490 496 505 507 511 518 524 518 514 522 526 529 535 539 541 548 549 546 548 553 562 565 568 571 580 589 595 589 589 597 596 604 607 609 618 624 625 634 643 648 653 659 656 657 662 663 671 673
180 329 332 328 329 330 335 343 338 336 335 343 336 343 344 353 359 368 364 360 363 369 375 380 385 388 393 389 393 402 405 409 411 412 415 424 433 442 442 443 449 450 457 448 448 455 463 472 469 477 479 487 488 496 498 499 508 509 516 517 510 519 526 527 536 537 541 540 540 538 539 548 555 557 560 569 574 581 587 580 581 588 593 599 603 604 610 619 627 632 636 641 644 653 649 657 662 671 674 666
184 320 323 322 328 335 335 336 329 334 330 337 334 342 345 349 358 365 356 359 363 370 372 381 381 390 385 383 388 397 398 402 411 420 414 421 426 434 435 439 441 449 450 442 443 450 455 463 466 474 479 479 487 489 491 492 499 503 507 508 509 510 519 522 527 532 536 534 535 537 539 543 548 549 558 566 567 576 581 579 584 582 585 594 598 606 609 618 626 623 632 633 639 645 641 648 655 662 671 664
193 313 320 314 320 326 330 328 321 327 329 330 332 340 343 350 349 358 354 359 357 361 367 375 378 384 388 382 391 388 396 398 407 411 413 420 425 434 440 448 442 449 448 441 450 450 454 454 463 465 470 475 484 493 497 499 506 510 507 512 518 519 521 528 528 530 532 533 542 546 546 549 550 557 558 567 576 574 574 575 576 581 590 586 595 599 607 612 621 622 628 634 630 637 638 647 648 653 662 663
201 305 311 313 322 320 322 319 320 322 323 332 339 344 345 346 345 353 353 358 353 362 359 366 369 375 384 381 384 387 395 400 405 412 419 427 425 432 440 442 433 442 446 438 443 449 449 451 459 463 472 477 485 488 489 495 499 502 504 508 515 521 530 530 537 537 534 535 536 538 539 542 550 552 557 565 567 565 573 580 577 578 584 585 593 597 601 606 615 622 619 625 626 635 643 647 655 661 668 672
206 304 305 305 313 318 313 315 316 323 324 332 336 341 341 343 343 345 352 357 351 354 356 365 367 374 376 378 381 389 396 405 413 411 414 418 421 426 433 439 431 435 441 435 436 444 448 456 458 466 469 470 479 487 495 496 504 501 506 511 515 524 532 532 540 537 536 537 545 540 548 543 550 556 556 563 558 559 566 574 578 585 587 588 597 601 608 611 619 614 616 622 626 635 640 641 649 658 667 671
214 297 299 296 305 309 306 312 315 321 326 323 332 336 336 336 338 344 352 357 350 357 360 365 374 368 369 378 384 392 396 397 404 409 411 412 413 422 427 431 430 432 434 433 440 441 449 455 462 469 473 471 477 486 494 495 499 500 506 515 523 529 529 535 538 537 542 545 553 549 549 544 545 547 554 555 557 562 571 576 583 586 587 591 594 596 600 609 612 613 622 629 627 636 643 643 645 654 659 662
219 294 296 294 297 303 297 303 312 316 321 321 329 333 333 334 337 336 344 348 344 350 354 361 366 367 373 381 382 387 389 397 404 413 413 414 414 420 423 422 424 427 428 432 434 443 448 456 458 467 476 475 476 477 486 489 490 499 501 510 514 523 520 528 536 534 535 544 546 554 557 549 554 555 562 559 566 571 572 576 582 583 590 596 601 605 606 615 615 620 629 633 632 640 641 649 646 650 659 668
225 287 293 292 289 294 295 304 306 309 317 312 320 325 325 333 333 329 338 339 343 349 356 357 365 368 373 379 384 393 396 399 405 409 416 419 423 423 420 421 429 429 435 440 443 451 457 451 459 462 468 466 467 470 479 481 490 494 495 502 511 516 515 524 527 528 529 536 539 548 556 558 554 556 558 566 573 578 578 583 583 586 594 596 600 609 615 622 621 629 632 641 638 644 650 658 654 652 654 661
232 286 285 289 282 287 296 301 300 309 313 311 317 323 323 332 326 327 335 342 344 352 359 365 364 369 368 374 380 389 398 403 408 416 424 423 416 414 419 423 431 430 432 433 435 443 452 446 453 456 459 462 465 473 480 484 493 497 503 503 505 510 513 522 523 529 538 545 540 542 550 551 552 561 560 565 572 578 584 592 588 595 599 605 606 615 623 627 628 634 641 650 647 653 658 661 657 653 654 663
241 290 284 283 278 287 293 297 293 301 306 309 318 319 320 324 325 327 329 337 343 351 355 358 361 364 366 375 379 385 393 394 403 410 415 414 413 410 416 425 432 436 439 435 439 441 443 444 445 450 452 461 465 470 471 478 484 493 499 508 509 517 514 522 528 531 540 543 542 550 547 542 545 554 557 565 566 570 579 586 590 597 602 607 608 617 625 628 635 635 642 643 650 658 664 666 665 662 661 670
250 283 267 268 270 281 285 291 292 300 309 311 317 325 325 326 328 333 338 344 352 355 356 357 366 370 371 376 383 384 386 388 396 403 409 417 408 409 418 421 430 439 433 442 447 442 451 452 453 451 452 454 461 470 471 480 489 492 498 505 508 516 517 518 527 527 534 536 543 550 542 541 549 558 561 569 572 578 583 592 591 596 603 610 616 613 622 626 632 637 646 647 656 665 673 675 668 671 663 667
255 264 266 273 277 278 289 297 299 307 315 317 320 324 332 331 336 341 345 353 359 364 364 359 368 370 376 384 392 385 386 388 397 398 402 408 403 412 420 422 429 431 432 439 440 443 450 451 460 456 457 456 458 466 473 481 483 484 490 499 501 509 516 519 528 525 533 541 536 541 538 540 549 555 562 567 576 584 591 588 588 589 597 601 610 611 620 629 637 646 655 651 660 669 674 682 677 675 671 668
256 263 272 278 281 283 290 298 307 316 321 322 328 327 336 335 338 342 348 350 357 364 365 365 373 379 377 381 389 386 392 389 390 395 399 400 402 409 413 422 430 429 435 441 448 452 452 460 461 464 458 462 459 466 470 478 482 483 489 495 502 506 509 510 519 522 531 532 534 536 537 545 548 555 564 565 574 581 582 583 586 590 599 604 606 615 624 625 631 639 646 655 661 664 671 675 674 674 676 674
261 266 273 282 290 292 299 301 309 318 321 316 322 327 332 339 336 344 353 355 364 367 369 374 376 382 381 385 391 395 398 396 399 401 401 407 408 412 415 416 421 423 426 432 441 450 459 468 470 464 459 467 466 467 468 470 478 487 495 503 503 507 512 516 522 531 538 536 542 544 546 553 556 564 573 571 580 587 588 591 595 591 600 601 610 615 624 633 637 645 654 650 658 663 670 671 672 673 681 679
270 275 274 283 292 301 305 302 312 311 312 314 324 325 332 329 330 335 345 354 363 362 369 377 384 384 386 394 399 402 402 400 403 409 409 414 412 419 424 425 429 425 427 435 444 449 451 460 461 466 468 471 471 472 473 477 484 492 496 500 509 516 513 519 528 532 535 542 549 545 553 555 560 562 570 579 588 591 597 598 594 593 601 610 619 619 628 637 645 650 645 647 653 654 661 669 678 682 689 681
275 277 282 291 292 301 306 305 306 310 319 318 320 322 327 328 336 344 351 355 356 357 363 369 374 383 386 395 404 406 403 409 411 410 410 419 418 427 428 429 434 427 435 444 445 453 453 462 468 469 469 478 478 481 482 484 493 501 505 505 511 516 515 522 527 533 541 546 544 545 548 551 560 567 576 583 584 593 601 602 596 599 600 605 611 614 623 632 636 642 643 652 661 661 667 674 675 683 682 689
276 283 290 298 295 299 300 307 308 309 310 316 325 326 329 333 339 346 355 357 362 360 369 376 378 381 384 386 395 403 412 415 419 417 413 421 427 434 432 430 439 436 442 443 444 449 458 467 463 469 478 487 485 485 484 489 491 498 504 505 514 522 522 526 534 535 541 542 543 548 557 559 568 571 576 577 586 591 597 598 603 600 608 613 620 623 624 629 632 637 646 655 656 663 671 678 676 684 680 689
277 286 287 293 300 300 308 316 317 317 317 319 328 335 336 341 348 351 356 362 364 368 373 382 379 387 389 390 400 407 409 415 416 417 420 427 432 439 434 438 442 438 439 447 451 457 460 461 462 471 477 480 483 484 486 491 500 502 507 514 523 526 531 535 538 543 550 549 551 556 558 567 568 572 573 581 587 594 602 607 605 606 612 617 621 630 632 630 635 640 645 650 651 660 666 673 679 682 676 685
284 293 292 296 305 303 305 313 316 322 318 321 330 339 342 348 354 352 354 355 364 370 372 379 384 391 398 394 398 399 402 405 406 408 417 418 427 435 435 437 439 447 448 450 453 460 469 462 469 478 484 488 489 486 495 498 506 511 514 521 526 532 532 536 541 549 558 557 552 558 566 568 576 579 581 588 589 591 599 600 601 608 616 624 625 626 628 633 634 640 648 654 660 669 666 667 670 673 674 679
291 292 301 305 311 312 308 317 321 324 322 328 332 340 343 349 353 353 357 360 369 375 376 384 386 395 403 403 403 402 408 413 411 417 421 419 427 433 442 439 441 442 444 453 454 463 470 463 464 469 477 486 495 487 495 504 513 516 521 522 523 530 534 534 535 540 549 550 555 558 567 575 581 584 587 589 593 595 603 605 606 607 609 617 618 626 629 632 641 646 647 654 659 662 665 664 671 680 679 682
300 301 310 309 310 319 316 325 322 326 331 329 338 341 348 357 362 362 365 367 373 376 382 390 387 390 398 405 410 408 414 415 416 425 424 428 430 433 439 447 449 447 452 453 461 469 477 472 472 477 485 492 492 491 497 502 506 507 516 523 524 525 533 532 540 549 556 558 564 559 562 568 576 581 586 591 592 601 610 609 614 609 618 625 624 631 632 634 635 637 638 647 650 653 660 661 670 679 686 691
309 310 319 318 318 322 319 324 329 335 340 337 346 342 346 355 357 366 368 368 371 372 379 388 396 398 403 406 414 411 419 421 418 427 433 429 436 434 439 447 448 451 456 462 469 477 478 478 481 481 483 492 500 499 503 510 514 516 525 524 525 526 528 530 538 541 549 553 560 567 567 574 579 586 595 600 595 604 606 607 615 610 612 616 621 630 632 638 636 645 646 654 659 662 669 666 672 673 682 689
311 319 324 321 327 324 320 326 335 336 337 338 340 346 347 356 365 372 377 377 377 379 383 387 393 394 403 409 415 418 425 423 423 425 426 435 441 442 445 454 457 460 465 466 474 478 483 486 489 484 486 490 499 503 509 516 519 525 527 525 527 535 537 534 535 544 550 552 561 565 568 570 577 584 587 596 600 606 612 615 618 618 621 619 620 624 630 637 641 645 649 651 654 655 664 673 681 677 681 685
319 327 328 325 329 326 327 334 335 343 345 340 342 347 351 356 365 370 375 384 379 387 385 392 401 396 405 411 413 417 422 431 430 434 427 431 432 439 448 456 461 461 469 473 474 475 482 483 486 487 495 498 502 505 507 513 514 522 527 534 536 536 538 539 542 549 553 558 559 568 576 579 584 587 590 591 596 605 614 615 624 619 622 620 628 633 638 644 650 650 658 654 658 664 669 670 675 684 683 692
320 323 332 334 334 331 336 336 342 344 350 341 342 345 352 355 364 371 373 377 383 392 389 398 405 405 414 416 422 421 430 437 434 434 433 440 441 448 452 454 460 463 468 470 479 484 488 490 491 491 499 504 511 514 515 522 521 526 527 536 545 544 540 542 551 550 552 558 565 574 575 580 589 588 589 590 599 608 617 623 624 626 626 627 630 639 641 642 650 659 667 663 662 665 667 669 677 679 688 697
323 332 341 342 341 339 339 344 345 352 354 345 343 350 356 360 361 366 373 379 387 391 396 403 408 408 416 417 425 424 428 437 443 439 440 443 442 446 453 452 453 457 458 468 471 477 479 481 490 491 494 502 509 514 516 522 524 528 536 538 542 550 548 551 553 559 561 560 563 571 580 586 587 590 590 599 608 610 611 617 625 633 627 633 637 645 650 649 654 662 667 667 669 667 669 674 682 688 697 706
332 339 347 347 348 348 342 350 349 356 354 353 344 349 357 366 370 374 373 379 382 388 397 404 410 413 421 425 432 430 437 446 448 440 441 445 444 445 449 450 451 460 460 461 462 472 480 488 491 500 498 506 515 521 523 530 533 533 539 544 544 547 553 560 562 567 569 562 570 577 578 586 594 596 591 593 599 606 614 623 631 630 634 638 646 652 657 658 663 666 673 672 673 673 678 682 690 695 702 705
339 348 355 355 354 346 343 344 353 357 361 352 345 349 354 361 367 370 371 379 385 391 400 408 403 412 415 420 423 431 437 446 446 443 448 446 446 452 457 454 456 462 467 470 469 471 478 483 492 498 499 507 510 518 519 526 533 537 542 545 547 547 552 558 562 562 567 564 570 579 584 593 595 604 599 602 607 610 618 622 623 627 633 635 642 651 657 660 661 669 678 679 680 677 682 684 692 699 708 713
344 353 359 361 361 352 346 353 361 359 365 358 354 354 356 361 364 373 380 382 383 392 393 400 401 410 411 412 414 423 430 438 441 445 452 454 453 459 461 460 464 468 475 478 473 474 480 489 498 507 508 512 512 513 517 525 528 537 538 542 542 544 552 559 559 561 563 564 572 573 582 591 599 603 606 608 610 618 619 621 622 624 631 640 642 646 653 661 664 665 673 678 682 685 683 691 699 707 714 720
350 357 366 362 364 357 349 350 352 361 363 356 355 359 360 368 369 376 378 387 392 401 394 399 408 411 419 413 420 421 430 436 444 453 458 461 461 465 469 468 469 469 471 476 482 475 481 490 499 507 516 515 518 522 526 526 533 537 538 539 541 548 549 552 558 563 565 573 581 582 590 593 594 599 608 617 614 616 618 627 628 625 634 638 641 646 655 661 667 666 671 677 684 681 685 694 694 700 709 714
353 361 362 364 363 361 355 358 360 365 361 359 356 361 363 369 377 383 380 383 391 399 395 399 401 410 418 419 421 429 438 445 447 454 462 465 467 474 471 473 475 476 472 477 486 483 489 496 498 504 511 513 521 526 528 535 539 538 545 542 545 546 550 553 560 562 567 568 576 582 587 591 595 604 605 614 618 617 624 626 635 629 630 632 641 645 654 663 664 665 668 677 676 679 685 689 693 702 710 717
357 365 369 373 370 365 356 365 369 372 364 365 364 365 371 374 377 385 386 389 398 399 401 408 409 412 421 428 429 433 435 444 446 454 463 461 468 474 472 480 480 478 479 485 486 491 496 502 501 503 512 517 526 535 529 531 532 535 541 550 546 554 557 560 568 563 571 577 583 591 588 590 597 600 609 618 623 618 621 627 635 636 638 641 649 646 653 661 670 670 668 670 673 678 686 690 699 702 707 716
363 372 378 381 376 372 365 374 374 367 366 368 368 374 372 381 381 390 395 396 402 406 405 409 410 418 422 424 425 426 435 436 439 448 456 457 462 465 474 480 481 479 488 493 495 500 503 511 502 507 516 525 534 533 530 539 539 536 545 548 548 556 565 564 573 572 577 578 580 589 595 594 595 598 604 613 615 623 628 631 633 640 646 650 658 651 652 656 664 666 667 676 682 679 686 690 692 699 700 708
364 373 380 381 383 374 371 378 372 370 370 370 376 379 379 381 383 391 392 396 405 411 410 417 419 427 426 426 427 433 439 445 447 456 460 465 470 474 475 483 489 483 492 498 496 505 511 519 509 515 524 527 531 531 537 538 546 544 550 556 554 559 568 571 573 577 579 586 585 587 595 596 598 607 606 608 617 626 633 640 634 642 643 646 655 655 655 664 671 669 671 677 683 680 689 697 700 702 709 710
372 381 383 390 382 381 378 381 373 377 373 374 380 380 388 382 384 388 390 398 405 414 417 418 419 423 430 434 435 442 448 446 453 457 465 471 478 481 477 480 489 489 490 498 499 504 510 517 514 517 525 530 528 529 538 545 547 551 552 553 561 561 562 565 572 576 585 582 583 592 601 597 603 610 610 614 623 625 629 632 640 640 648 650 654 659 660 663 670 678 675 679 680 688 690 696 697 706 708 717
381 390 386 390 388 382 383 384 377 386 378 377 386 387 395 390 391 396 398 407 413 417 418 421 420 428 437 442 443 451 451 455 457 466 469 470 474 475 481 481 484 488 496 499 505 513 511 513 521 519 520 523 524 530 537 538 539 541 542 552 558 565 568 569 574 579 580 581 587 589 596 601 605 606 608 617 626 629 636 640 638 639 645 653 654 655 664 664 673 679 684 682 688 693 699 697 699 700 707 714
390 392 395 392 391 391 392 387 381 384 381 386 391 388 394 399 400 405 400 401 409 418 427 430 428 436 445 450 452 457 460 459 462 463 468 472 473 477 479 480 489 491 493 502 503 511 515 517 523 523 529 526 527 530 538 547 547 549 543 544 549 558 563 564 565 570 577 581 587 596 605 603 611 614 611 614 618 620 628 632 636 641 645 650 652 661 667 673 677 684 685 690 689 696 697 700 700 705 712 719
399 395 404 399 393 394 397 394 385 389 385 390 399 396 401 403 403 411 402 406 415 416 424 425 429 430 439 448 454 459 464 463 465 471 477 478 478 486 483 483 487 495 500 509 507 508 517 521 522 531 529 528 536 531 539 545 551 557 549 545 551 552 556 566 570 579 585 583 592 596 602 603 611 617 618 615 620 628 635 641 645 645 651 657 661 663 668 673 680 687 686 692 698 704 702 701 701 707 709 715
403 404 410 408 402 402 401 394 390 391 390 391 400 405 410 406 411 408 404 412 421 420 426 431 436 438 446 449 458 459 467 464 470 478 485 480 485 492 490 491 492 500 506 510 509 517 524 526 531 536 538 536 536 533 539 548 557 559 552 552 560 560 561 564 570 573 580 581 587 592 599 608 609 614 623 624 621 625 626 632 637 645 649 658 667 671 677 674 682 689 695 696 699 707 710 710 708 716 715 716
411 413 419 414 411 411 410 403 394 392 399 392 394 403 408 414 420 417 412 414 415 424 427 436 437 446 450 450 455 464 473 472 475 479 488 486 487 495 497 497 498 507 514 518 517 526 526 527 533 542 542 545 538 534 543 549 551 553 554 555 563 568 569 571 578 580 586 590 589 598 603 609 618 623 624 633 626 633 633 635 642 647 655 663 669 677 685 680 681 689 693 701 705 713 717 719 716 725 724 720
419 414 418 416 413 420 414 405 400 401 396 395 398 399 404 405 414 416 418 422 424 426 430 438 440 449 451 456 463 472 474 477 477 478 486 494 496 497 500 506 501 502 511 518 526 527 535 528 529 536 545 551 547 541 550 558 556 559 555 561 568 574 577 578 587 582 591 595 590 598 606 615 623 631 632 641 633 642 634 637 645 652 657 658 666 675 676 678 687 693 701 710 712 713 720 727 718 723 732 724
428 421 426 422 414 416 415 407 404 400 399 404 399 408 406 414 421 419 426 428 433 427 436 444 447 454 458 464 471 479 483 483 486 480 483 487 493 495 503 504 502 503 508 509 517 525 531 537 536 540 548 549 556 550 559 564 561 568 563 569 577 580 584 586 594 589 598 600 597 605 613 615 615 624 630 634 632 635 640 646 649 650 657 663 664 666 673 681 689 697 705 707 715 714 721 722 727 731 732 733
437 429 428 430 422 423 414 407 406 402 404 413 408 415 408 409 412 419 420 423 426 434 438 445 447 451 460 466 475 484 488 492 484 482 483 490 499 500 507 508 508 504 507 511 514 521 529 534 536 545 546 550 552 551 559 567 565 574 567 568 576 581 585 587 596 594 598 599 599 608 616 613 614 616 624 625 629 638 646 648 649 652 660 666 668 669 678 686 687 694 702 710 712 714 720 728 728 737 741 739
444 438 431 432 423 414 413 412 412 408 406 414 416 413 411 414 419 425 429 425 429 431 440 443 449 457 458 465 472 481 486 489 492 483 484 486 492 501 508 517 517 513 516 513 521 529 534 537 543 544 553 558 561 558 567 570 570 575 576 571 578 585 588 592 600 603 606 603 602 604 606 610 613 614 623 627 637 640 645 649 650 655 664 671 677 674 683 690 696 702 707 713 715 722 728 728 734 734 738 746
436 432 429 427 426 418 420 413 413 414 415 422 417 418 415 422 426 434 436 427 428 431 439 440 441 448 451 460 464 473 482 483 484 486 493 495 501 508 515 524 523 522 524 522 530 538 543 539 545 547 548 557 558 561 570 574 575 580 583 579 586 594 596 601 609 610 608 606 604 610 614 618 622 623 629 631 641 648 652 657 659 659 664 672 680 683 691 693 700 703 707 716 713 713 721 727 728 729 733 741
445 438 438 435 428 426 418 414 420 418 419 421 426 426 423 430 427 428 437 436 432 439 444 449 442 451 459 464 471 477 478 485 491 493 491 499 508 507 511 518 522 531 532 529 536 537 542 540 547 556 555 559 560 569 570 572 580 589 592 586 594 600 605 610 610 617 614 614 607 616 622 619 625 632 636 633 643 651 659 657 659 666 663 671 679 688 690 693 695 698 698 707 704 705 712 721 725 729 736 742
449 441 441 437 428 424 423 423 428 419 424 428 431 432 427 436 428 437 443 445 440 441 446 453 450 453 460 466 473 478 481 479 482 487 489 493 502 504 510 511 519 528 533 530 535 543 544 549 556 565 557 566 562 567 573 579 585 593 593 593 602 602 607 610 617 625 620 618 610 619 627 621 624 631 635 637 641 646 654 654 656 657 660 669 674 681 686 693 701 697 690 699 703 705 714 723 732 736 736 745
452 445 442 445 437 433 432 432 429 428 431 435 439 433 436 432 429 437 445 446 448 443 452 455 453 458 459 464 468 469 473 477 485 494 492 493 500 504 509 510 519 528 534 532 535 544 550 552 555 564 566 575 571 568 576 583 584 585 587 591 595 602 610 611 620 626 621 617 613 617 625 629 625 631 639 644 642 644 645 648 650 659 666 670 671 678 677 685 692 693 688 697 700 709 715 719 728 732 733 742
459 453 450 452 443 438 441 439 438 431 432 441 446 439 445 439 438 439 444 451 457 452 461 456 458 466 468 467 476 478 478 486 489 497 501 499 508 513 516 519 522 523 532 535 542 550 558 555 563 570 573 580 573 577 579 584 588 588 595 599 598 604 613 620 624 631 628 623 614 623 625 630 627 636 643 650 644 646 653 655 653 658 659 666 668 672 676 678 683 684 685 694 699 702 709 718 723 724 732 734
467 462 459 461 452 445 443 440 441 432 441 444 452 444 451 442 447 441 450 452 461 453 455 462 461 470 471 468 470 474 483 492 494 498 507 506 513 520 520 526 531 532 539 540 547 552 556 559 563 572 574 579 575 584 580 589 596 590 597 606 603 611 617 626 625 632 627 626 618 627 634 638 631 638 642 642 651 654 661 656 658 663 665 674 675 674 678 679 687 687 688 697 699 708 717 721 726 732 738 735
475 469 463 454 453 452 450 441 443 435 444 450 456 453 453 444 450 444 451 456 464 462 464 471 468 474 480 477 473 482 485 487 496 497 506 514 521 527 526 527 529 537 544 543 547 554 556 562 571 580 575 584 584 593 585 593 598 599 602 611 609 613 619 626 634 626 633 627 626 633 641 639 633 634 635 640 649 657 664 659 662 666 669 677 682 675 682 688 694 690 696 697 705 713 714 723 732 733 738 741
472 465 456 455 460 460 451 442 450 442 449 453 459 456 462 453 453 450 457 458 461 462 468 474 470 471 475 483 475 484 486 495 501 502 511 519 520 529 535 533 538 546 551 552 549 551 557 566 572 579 576 577 579 587 586 588 594 595 603 609 610 604 613 620 625 618 627 633 635 642 650 641 638 641 639 643 651 655 662 665 671 674 677 682 679 677 679 684 686 693 696 702 709 712 719 728 737 740 747 750
472 463 462 463 467 458 453 444 451 451 457 462 463 458 465 460 462 459 458 459 462 463 471 480 478 473 482 480 477 478 481 488 497 503 508 517 520 524 531 538 539 547 551 552 550 555 558 567 569 571 579 586 580 589 593 589 592 595 599 601 602 603 607 616 622 617 625 632 635 643 650 648 647 645 642 645 653 661 667 674 677 683 684 691 687 682 686 693 693 699 699 700 709 716 725 733 740 741 750 757
478 469 471 468 468 459 459 453 452 460 458 461 468 459 468 469 470 468 467 468 463 471 477 486 479 474 482 484 486 480 489 497 504 504 508 514 515 522 525 530 537 546 554 555 558 563 567 575 570 578 579 584 588 596 599 597 597 599 607 606 606 604 612 613 614 616 621 627 628 634 643 651 655 654 650 653 656 660 669 673 674 678 684 693 688 683 686 693 696 701 705 707 708 717 725 727 733 740 743 748
475 472 474 475 469 468 461 454 458 460 463 463 466 467 474 472 476 473 468 468 466 467 469 478 487 483 487 492 488 489 497 501 510 513 515 516 521 526 527 531 540 547 551 554 563 571 570 579 577 583 588 593 591 597 603 605 598 606 614 608 615 613 617 620 621 618 619 625 634 637 641 644 650 653 652 656 657 659 664 666 675 683 690 691 690 690 689 690 694 699 701 710 715 719 720 728 730 739 747 751
484 476 481 484 478 477 470 463 464 465 471 471 467 470 479 473 478 475 473 476 467 476 477 486 494 490 488 497 490 496 505 510 519 522 520 524 526 531 536 532 537 543 544 553 558 565 569 578 580 581 584 589 597 598 600 606 607 613 622 613 620 621 624 626 630 626 628 634 642 645 646 651 655 659 654 663 659 666 665 674 680 684 687 696 696 698 693 698 695 703 710 719 718 719 728 734 732 737 739 742
485 484 490 485 486 482 473 469 465 470 474 472 470 471 479 481 485 477 476 484 475 476 477 486 492 491 495 504 495 504 505 514 522 531 527 525 534 537 536 535 536 542 551 558 567 574 574 582 588 582 583 592 598 607 607 613 614 614 622 621 626 624 626 635 634 627 633 636 637 638 639 645 653 654 662 666 668 668 674 676 682 687 691 692 694 702 702 702 696 700 702 711 712 721 727 728 732 733 742 750
491 489 497 492 484 481 475 473 472 471 479 480 477 477 484 490 490 486 478 487 481 485 486 487 491 495 499 500 497 506 510 519 524 533 532 526 532 539 545 542 542 548 556 563 567 576 580 582 591 586 592 594 601 606 610 613 618 616 620 623 628 632 632 635 638 629 638 644 646 642 644 646 651 658 660 669 676 677 677 677 679 688 697 693 700 707 708 704 700 706 708 709 711 712 718 726 727 732 740 744
500 498 498 490 486 477 476 481 480 476 477 478 483 482 488 497 494 485 484 493 488 494 495 492 500 498 499 500 500 508 513 522 528 529 538 531 538 547 544 543 551 549 554 563 572 578 587 590 599 594 600 603 609 615 619 619 627 625 626 624 629 636 641 641 640 631 633 637 642 647 652 649 653 654 657 664 673 674 679 678 682 683 690 698 706 712 716 707 705 709 716 715 720 714 721 727 732 731 732 735
507 498 490 489 480 479 484 485 481 484 482 480 489 483 491 492 501 494 489 492 489 493 502 496 504 499 507 508 508 509 511 519 522 528 537 540 547 551 553 546 550 558 562 571 580 587 594 597 598 596 598 607 610 618 619 627 634 634 631 632 638 640 646 642 644 640 634 641 645 649 650 658 661 661 666 671 680 682 680 682 690 685 688 690 698 707 707 716 711 716 722 724 725 716 717 718 723 729 737 736
504 497 490 489 481 485 493 489 490 488 491 489 494 486 493 493 498 501 492 496 491 500 509 503 512 506 515 510 512 516 517 525 524 530 539 543 552 552 557 551 557 565 568 576 585 590 599 606 605 601 605 614 618 623 626 629 635 642 634 633 642 649 651 651 647 639 637 645 652 655 658 664 669 670 674 676 680 681 689 687 695 686 689 690 698 700 703 711 719 717 722 723 722 719 723 721 731 731 735 743
509 503 494 490 490 488 490 490 499 490 496 498 496 487 496 502 501 500 493 500 499 502 509 508 513 512 519 514 515 520 522 531 533 539 540 549 552 561 562 558 566 570 575 577 584 585 594 603 610 609 606 615 623 624 629 636 641 650 642 636 642 651 660 660 651 644 643 651 655 664 666 671 678 671 679 679 680 683 692 688 697 694 698 699 707 704 712 720 726 725 723 731 727 726 731 727 730 732 741 748
509 501 495 498 496 495 492 495 498 491 495 504 499 496 505 503 503 509 502 505 505 511 518 512 519 513 522 519 524 522 524 531 538 543 545 548 557 564 564 567 572 577 578 578 584 588 595 604 608 615 607 615 624 633 633 636 641 648 651 645 651 658 663 662 660 652 652 657 663 672 667 676 681 677 684 685 686 684 693 693 702 702 707 708 713 705 714 722 731 734 731 737 728 731 734 734 737 733 734 738
511 504 504 505 504 501 501 502 493 492 500 503 506 497 502 507 511 510 509 507 507 509 515 520 519 518 519 528 532 529 533 532 540 548 554 550 559 560 568 565 574 578 587 583 588 597 601 603 611 615 614 620 624 625 634 643 642 643 649 650 657 666 672 665 659 656 658 665 672 675 673 682 686 678 685 693 688 687 690 691 698 701 710 717 720 713 720 724 733 740 739 741 733 739 739 738 743 735 742 744
514 508 509 513 505 509 508 506 499 497 504 504 513 506 511 516 520 516 514 513 515 511 519 527 528 519 527 528 536 534 541 538 545 551 558 551 558 563 571 564 565 574 583 592 597 594 594 599 605 606 607 611 615 617 626 635 644 652 654 659 658 667 672 673 667 659 667 674 676 677 681 684 692 686 691 696 697 688 696 700 702 710 716 722 723 715 724 733 737 745 748 745 740 746 745 747 751 744 748 745
517 517 511 514 510 517 509 507 506 506 506 513 515 508 517 524 529 524 515 514 517 514 522 524 533 526 527 535 538 543 550 547 547 556 563 555 557 559 562 563 565 569 577 585 591 592 593 595 604 612 613 620 623 626 629 637 644 653 661 660 666 675 676 678 673 667 676 682 683 678 683 690 693 691 694 695 699 696 704 709 711 711 719 720 724 716 723 730 738 739 746 753 746 747 754 756 755 751 756 754
