  0 253 247 252 255 251 260 262 265 273 272 268 266 274 278 278 272 273 277 276 279 288 296 296 305 307 308 313 316 317 321 318 319 328 329 335 335 342 343 344 352 355 364 365 371 371 375 377 385 389 392 394 403 412 412 420 420 428 431 436 445 437 439 447 456 454 458 466 467 473 482 491 498 500 507 509 512 510 515 510 515 523 527 535 537 546 554 563 560 566 572 573 574 580 588 594 595 591 597 606
  8 246 245 246 246 250 251 258 263 264 267 259 264 265 269 276 271 274 272 273 276 282 287 295 304 306 304 306 312 320 312 314 318 325 326 335 334 340 346 353 353 354 360 364 372 367 370 372 377 381 383 389 397 404 406 413 416 420 422 430 439 431 439 448 452 451 458 461 469 477 485 484 489 492 499 504 504 501 510 507 509 518 527 531 539 548 553 561 558 565 563 569 576 576 585 585 586 587 596 603
 16 238 236 245 243 252 244 250 255 257 259 257 255 258 263 270 263 266 267 274 283 289 296 295 299 301 300 306 309 313 307 311 319 326 335 340 333 338 338 346 353 359 351 356 363 361 369 375 383 381 385 394 398 400 405 413 416 415 422 429 437 429 437 440 444 449 456 458 464 470 479 481 489 489 490 498 499 500 501 505 508 517 526 527 534 543 544 553 549 556 561 566 567 575 576 579 586 587 588 594
 17 242 235 237 238 243 241 242 246 254 256 251 253 254 256 263 261 266 268 277 282 287 292 287 293 294 299 301 302 304 306 315 323 328 337 331 331 332 337 338 344 350 348 350 359 358 366 371 374 380 385 388 392 399 405 408 409 413 421 420 428 428 429 435 444 448 455 457 465 474 474 483 485 485 494 494 503 500 506 509 517 521 519 520 526 535 537 546 545 547 552 560 563 566 570 574 582 591 592 600
 26 242 234 231 237 238 240 247 252 251 247 248 256 258 256 254 258 267 272 277 285 280 283 283 286 290 290 292 294 297 302 311 318 319 328 325 324 333 338 330 339 341 342 349 350 357 366 371 379 385 392 385 387 396 398 405 414 415 415 417 423 422 430 439 441 445 452 457 461 469 466 474 476 484 486 487 496 497 499 500 509 517 518 521 527 529 537 538 539 543 550 552 554 563 569 577 581 590 598 607
 28 236 227 225 228 229 238 247 246 242 240 242 251 249 247 253 261 266 271 271 279 276 282 281 285 291 289 294 293 294 299 302 309 318 319 326 321 326 332 327 332 335 341 349 350 356 359 365 371 377 384 382 390 391 400 404 406 410 411 414 418 421 425 430 439 441 445 449 458 460 465 466 475 481 489 487 496 505 505 508 509 518 525 522 531 530 538 543 548 552 552 558 555 560 566 569 578 587 592 598
 29 228 219 219 224 228 237 243 238 240 231 238 243 240 241 247 254 260 262 269 271 267 274 278 276 283 287 289 290 297 305 299 306 313 320 317 319 320 323 324 331 332 340 344 348 356 358 361 368 370 379 380 384 389 391 397 399 404 413 416 417 420 425 434 442 449 448 452 456 457 458 465 472 473 481 486 490 496 503 507 509 512 517 525 534 539 547 551 550 557 559 560 559 567 573 570 572 580 587 590
 33 221 215 218 227 230 234 237 230 238 230 235 241 239 247 247 255 253 262 265 268 265 273 280 275 274 279 280 288 293 297 298 302 309 312 316 325 328 330 327 336 340 348 353 350 353 355 359 365 374 378 380 388 397 393 397 400 402 408 411 413 415 417 426 434 443 450 450 453 459 467 473 481 474 483 483 484 489 498 500 501 509 514 520 529 535 543 552 556 565 567 565 568 572 576 572 580 581 590 594
 41 215 214 216 220 221 226 229 228 236 228 228 237 238 241 246 247 252 260 256 261 263 271 273 277 271 275 282 291 300 296 296 300 304 311 320 319 324 331 336 343 342 345 347 350 359 361 368 371 374 377 380 385 392 399 403 409 410 416 420 416 422 420 429 438 444 447 449 456 458 466 475 481 476 479 481 484 488 489 492 499 507 513 518 523 532 540 543 547 556 562 571 571 580 584 580 589 589 589 597
 42 207 211 208 213 216 225 223 222 231 224 225 230 237 243 252 249 245 254 255 263 259 268 275 268 270 274 283 290 294 287 295 300 303 309 317 312 318 326 335 338 338 346 348 352 354 363 372 374 376 375 384 386 393 401 409 413 415 419 420 420 429 426 433 435 443 447 454 455 463 464 471 476 484 488 483 484 493 498 496 505 506 515 524 528 532 538 546 554 556 557 565 574 575 583 588 592 595 588 594
 51 202 209 201 209 211 217 217 219 225 223 229 230 229 235 244 249 240 245 247 254 258 264 267 266 275 275 279 281 288 286 291 293 300 301 308 310 314 321 330 335 337 344 352 359 360 363 367 369 369 374 382 383 388 393 402 405 407 410 411 414 421 427 428 429 435 441 445 452 457 466 468 474 483 488 487 490 499 506 501 509 515 517 521 530 536 542 550 557 564 565 566 575 579 580 582 585 586 587 595
 56 197 206 200 208 216 209 216 217 218 216 220 221 225 226 235 243 238 247 248 257 253 260 268 264 273 278 281 290 285 284 290 289 298 306 310 309 312 319 323 326 328 336 343 351 354 354 358 360 368 376 384 384 393 394 402 407 415 415 418 423 428 432 433 432 439 445 450 453 458 462 471 477 486 487 495 499 507 507 510 513 518 519 522 530 535 543 548 548 557 558 566 567 571 580 581 589 595 595 598
 58 194 197 199 201 207 201 210 217 213 214 221 229 226 232 233 234 235 244 247 248 252 254 261 263 264 272 281 290 287 280 282 288 291 298 307 308 310 319 321 324 326 330 337 345 346 347 350 359 364 368 377 384 391 396 402 408 412 416 425 432 433 434 442 439 447 453 448 456 465 471 465 474 481 482 488 495 500 509 513 522 517 519 522 525 532 540 543 546 551 555 562 568 574 581 589 584 593 601 607
 66 190 192 197 195 198 196 204 208 212 221 222 224 217 226 233 238 244 248 249 257 255 260 261 270 273 279 273 282 278 279 287 296 299 299 303 309 317 320 324 333 333 338 343 344 349 356 359 360 366 375 382 383 384 393 399 400 405 412 420 426 434 441 450 442 446 445 447 448 457 462 463 472 480 489 493 494 501 506 505 514 515 521 528 534 534 536 540 541 542 549 556 559 568 572 581 583 592 595 602
 73 189 183 189 186 190 192 201 200 209 215 220 217 213 220 228 229 235 240 241 249 258 255 256 263 272 273 271 275 277 284 293 301 300 300 306 308 309 318 322 328 337 342 338 347 346 354 359 363 366 370 378 385 393 396 393 402 409 416 417 417 425 433 442 436 437 444 446 449 458 461 466 473 475 483 485 488 495 498 504 510 519 525 534 534 536 545 541 542 550 552 561 561 563 572 577 586 595 596 601
 74 181 182 180 183 185 189 195 199 200 206 214 213 209 211 220 224 232 235 240 248 252 254 255 256 265 264 270 275 278 285 294 302 303 299 306 300 306 314 313 322 331 333 335 344 339 348 355 357 362 369 377 386 387 388 389 398 403 408 409 416 425 427 435 435 436 437 444 449 457 464 471 473 474 475 476 484 490 491 500 508 513 520 525 526 533 539 542 544 550 552 554 562 571 575 579 581 590 591 592
 83 176 173 179 180 186 188 195 197 199 202 209 216 208 212 221 230 228 236 235 240 244 251 246 253 256 260 267 271 279 288 296 296 300 298 297 297 303 308 312 318 327 336 334 340 337 340 346 353 355 360 369 378 387 388 393 400 404 409 412 417 425 425 426 434 439 445 453 450 459 467 468 471 480 482 481 490 491 499 503 511 511 512 520 529 536 537 544 550 555 559 556 564 569 574 577 580 587 590 598
 89 174 166 175 181 177 186 191 199 204 196 201 209 205 212 215 221 225 227 229 235 237 242 243 246 251 254 258 266 274 280 289 287 293 289 290 294 298 303 309 316 322 329 331 332 334 340 349 357 361 362 371 373 382 383 387 393 399 407 413 419 422 419 428 429 438 446 452 458 459 467 472 480 485 487 482 491 500 503 509 512 510 518 525 530 539 538 546 547 553 557 560 569 578 581 577 578 586 587 596
 93 168 164 170 177 175 181 188 192 195 194 200 203 204 213 213 217 222 231 232 234 232 233 237 238 247 248 249 257 265 274 283 280 284 285 293 302 304 306 312 313 320 327 336 334 341 345 354 363 368 363 367 369 373 382 387 394 395 403 409 413 418 417 424 433 434 441 450 452 460 462 471 472 477 478 487 490 496 495 500 503 506 513 522 525 532 541 550 548 555 554 561 562 569 576 576 585 589 595 600
 94 168 161 168 171 170 177 184 190 186 187 196 205 204 209 209 216 222 222 231 233 228 231 240 243 248 256 252 258 265 273 277 279 281 289 287 296 303 312 313 321 324 332 337 336 339 348 357 359 366 372 369 376 374 381 390 391 392 400 402 409 411 415 423 425 434 438 441 450 458 461 470 472 480 485 483 481 488 491 496 505 514 518 522 530 539 541 550 547 551 553 559 566 566 567 568 576 581 586 591
100 168 160 161 167 168 177 179 185 184 178 187 196 201 207 205 207 215 214 223 224 227 236 242 242 247 255 260 265 273 275 280 273 274 281 282 289 298 307 315 321 318 323 330 333 342 348 349 350 359 366 368 377 377 378 384 391 392 399 406 408 417 421 427 430 436 444 450 459 463 463 469 473 481 477 474 480 482 487 496 504 511 518 520 525 534 541 548 541 542 549 551 558 565 570 571 573 580 589 597
109 159 153 159 160 169 175 170 178 183 177 179 187 194 198 201 204 207 209 216 225 228 234 239 241 246 249 256 262 264 266 271 272 281 287 290 291 300 306 311 312 315 316 325 326 335 341 348 352 359 360 368 374 380 384 393 394 401 404 405 410 419 421 428 434 436 445 447 454 454 455 460 464 473 479 471 480 489 495 498 502 508 517 526 521 530 532 539 540 545 548 556 549 557 562 563 568 574 580 589
118 150 146 153 156 160 166 167 171 172 174 179 187 188 193 204 205 212 218 224 231 231 235 244 244 245 251 252 253 255 263 266 275 282 286 289 289 291 300 307 315 317 320 324 327 333 341 344 353 358 362 367 375 384 384 390 389 394 395 396 403 412 412 421 427 429 438 444 445 452 453 461 469 477 475 469 474 480 487 489 498 504 508 517 520 524 529 530 532 541 547 547 548 551 560 559 564 571 573 581
122 135 140 143 147 154 162 171 173 179 181 185 188 197 196 202 206 215 223 230 232 240 239 245 253 251 252 261 262 263 264 270 272 277 280 285 287 295 304 313 322 324 329 333 329 335 344 347 356 354 356 359 368 375 380 381 387 391 398 405 405 406 411 418 427 436 437 436 445 446 446 455 462 471 469 466 475 481 483 491 492 501 508 510 511 520 526 530 532 541 542 546 554 551 555 556 565 573 577 582
127 132 138 144 152 160 162 169 171 178 179 187 190 199 197 205 212 215 220 228 237 246 248 253 258 257 261 263 271 266 273 276 277 278 287 289 296 301 307 313 315 321 322 331 330 332 336 344 353 352 357 358 362 371 380 386 387 396 399 405 414 414 412 420 429 430 431 435 442 443 444 446 455 463 464 465 466 474 482 484 489 498 499 508 512 518 527 522 526 534 541 549 554 547 556 550 558 564 573 574
132 133 139 148 151 156 165 174 176 181 185 193 199 208 204 205 213 213 219 228 234 242 251 251 258 264 263 269 276 269 276 277 285 284 286 295 303 309 306 310 317 323 328 332 336 337 337 338 346 348 356 363 367 375 382 391 393 400 407 401 405 414 420 421 430 433 436 444 451 447 446 455 463 465 470 472 473 477 483 484 490 499 508 510 512 510 519 519 522 530 532 541 545 546 547 548 557 560 569 573
133 135 138 145 151 159 168 175 184 183 189 190 197 200 208 206 207 211 215 224 232 240 245 249 254 255 262 262 267 273 270 275 282 277 286 292 298 300 301 302 311 314 321 324 329 336 344 339 340 348 357 366 369 372 381 384 393 401 406 398 401 409 411 415 424 426 429 437 445 446 453 460 469 473 478 471 480 479 484 492 499 502 505 501 503 506 512 513 522 530 539 546 547 550 551 557 558 562 564 569
141 142 140 149 154 163 172 179 186 191 198 193 201 205 207 215 208 218 218 222 223 232 239 241 245 251 253 261 262 264 266 267 275 276 282 291 300 309 310 309 318 322 322 331 338 337 346 342 342 351 358 362 365 373 378 386 392 398 397 396 404 407 415 422 418 417 426 432 440 447 448 457 465 469 469 463 471 480 485 490 493 498 505 498 502 504 513 522 526 528 537 545 544 546 554 557 566 565 573 572
142 149 141 148 153 162 169 178 185 189 198 201 208 214 210 216 212 216 225 229 232 232 240 241 239 248 254 263 271 271 275 274 283 285 288 297 302 311 311 312 321 327 329 333 339 344 348 344 351 358 366 370 366 367 373 378 384 391 396 392 401 403 412 413 414 415 422 429 431 438 447 450 459 461 461 462 469 477 481 482 486 490 497 495 504 510 511 518 521 523 531 539 540 544 551 558 567 566 575 575
151 158 150 151 157 165 174 172 181 190 198 200 201 206 214 215 214 215 218 223 227 229 230 236 237 246 252 256 265 268 277 275 280 281 289 298 307 313 313 313 322 330 334 340 346 353 354 351 360 361 370 377 373 369 370 377 382 383 387 388 397 406 408 417 416 418 420 429 430 437 438 447 452 455 456 463 470 471 473 474 480 481 488 494 501 510 516 517 518 526 532 535 537 545 552 560 569 575 580 582
155 164 159 152 153 162 165 171 178 186 194 202 209 211 220 224 221 217 226 224 232 236 238 238 239 240 250 259 262 269 278 278 284 290 295 300 303 310 317 315 321 325 331 339 347 356 358 360 369 370 370 379 376 370 377 386 383 391 396 397 400 408 417 425 418 421 428 434 439 445 442 444 453 459 462 468 475 479 479 480 487 486 495 502 506 511 513 522 520 528 536 539 546 553 561 566 568 571 577 573
162 165 158 153 159 168 174 177 185 188 197 206 207 216 212 221 222 218 227 233 239 237 240 244 247 245 253 259 265 268 270 271 277 286 295 295 304 310 317 321 327 333 336 343 349 350 358 365 365 368 369 376 373 372 381 390 388 395 404 405 407 414 418 423 427 428 436 439 448 452 443 450 458 459 461 470 478 479 486 483 485 492 499 494 500 502 509 514 516 521 527 533 542 550 559 566 569 567 572 569
171 169 162 155 162 163 172 181 189 196 197 200 209 210 211 219 228 221 230 239 236 239 240 249 256 247 254 255 262 266 272 272 279 287 289 294 296 304 311 318 321 325 330 335 340 348 349 357 363 372 371 380 381 381 389 395 393 395 400 409 416 415 421 425 434 436 442 440 441 445 446 451 452 461 462 468 477 486 487 487 484 492 490 493 498 502 503 512 520 527 533 535 540 544 551 558 560 564 569 567
176 175 171 164 168 171 179 188 193 196 204 209 214 219 213 218 226 222 231 233 235 242 247 256 256 250 255 259 265 271 272 280 280 285 294 303 305 305 313 319 324 329 338 341 341 350 358 362 368 370 377 384 381 387 396 400 397 404 408 411 407 415 419 422 428 432 434 441 442 439 441 446 455 458 461 464 473 482 488 482 482 490 489 497 500 502 511 517 518 527 536 541 546 552 549 550 555 556 564 566
180 184 179 170 169 170 175 183 192 194 199 207 209 216 214 223 229 231 239 234 237 243 249 254 258 253 261 265 270 279 279 286 282 283 286 296 305 314 316 317 323 324 333 338 338 345 353 362 360 368 370 378 379 387 391 392 401 402 409 410 403 412 419 420 429 430 434 433 433 431 432 441 448 450 453 462 467 474 480 473 474 481 486 492 496 497 503 512 520 525 529 534 537 546 542 550 555 564 567 559
184 188 181 178 177 179 180 188 196 201 200 207 209 217 217 221 230 239 239 237 243 252 254 263 261 262 263 264 269 278 280 284 291 292 287 295 300 308 309 313 315 323 331 332 333 340 345 354 357 366 372 372 380 382 384 385 392 396 400 401 402 403 412 415 420 425 429 427 428 430 432 436 441 442 451 459 460 469 474 472 477 475 478 487 491 499 502 511 519 516 525 526 532 538 534 541 548 555 564 557
193 196 188 179 183 185 188 197 197 203 206 207 209 217 220 227 231 240 239 242 246 250 258 267 270 271 269 265 274 275 283 285 294 294 289 297 302 311 315 322 324 330 337 334 342 341 346 347 356 358 363 368 377 386 390 392 399 403 400 405 411 412 414 421 421 423 425 426 435 439 439 442 443 450 451 460 469 467 467 468 469 474 483 479 488 492 500 505 514 515 521 527 523 530 531 540 541 546 555 556
201 194 193 187 192 187 196 200 201 203 204 213 216 221 224 227 229 237 238 243 245 254 254 261 264 270 277 268 271 274 282 287 292 299 296 306 306 313 321 330 326 335 339 331 336 342 342 344 352 356 365 370 378 381 382 388 392 395 397 401 408 414 423 423 430 430 427 428 429 431 432 435 443 445 450 458 460 458 466 473 470 471 477 478 486 490 494 499 508 515 512 518 519 528 536 540 548 554 561 565
206 201 199 196 200 196 203 203 202 209 205 214 218 223 228 234 234 236 243 249 246 249 251 260 262 269 276 270 273 281 288 296 301 301 299 306 312 317 324 332 324 328 334 328 329 337 341 349 351 359 362 363 372 380 388 389 397 394 399 404 408 417 425 425 433 430 429 430 438 433 441 436 443 449 449 456 451 452 459 467 471 478 480 481 490 494 501 504 512 507 509 515 519 528 533 534 542 551 560 564
212 204 201 198 207 202 211 212 205 211 210 212 221 225 228 230 232 240 248 257 252 256 257 262 271 270 271 279 279 287 294 295 302 306 301 302 303 313 318 324 323 325 327 326 333 334 342 348 355 362 366 364 370 379 387 388 392 393 399 408 416 422 422 428 431 430 435 438 446 442 442 437 438 440 447 448 450 455 464 469 476 479 480 484 487 489 493 502 505 506 515 522 520 529 536 536 538 547 552 555
215 210 203 200 208 211 213 218 214 218 215 221 230 233 236 231 235 242 250 259 253 259 261 268 273 271 277 285 280 285 287 295 302 311 303 304 304 310 313 314 316 319 321 325 327 336 341 349 351 360 369 368 369 370 379 382 383 392 394 403 407 416 413 421 429 427 428 437 439 447 450 442 447 448 455 452 459 464 465 469 475 476 483 489 494 498 499 508 508 513 522 526 525 533 534 542 539 543 552 561
217 211 211 203 210 217 214 223 220 221 223 222 230 235 237 239 242 244 253 254 257 263 268 269 277 274 279 285 285 294 294 297 303 307 310 309 313 319 314 315 323 321 328 333 336 344 350 344 352 355 361 359 360 363 372 374 383 387 388 395 404 409 408 417 420 421 422 429 432 441 449 451 447 449 451 459 466 471 471 476 476 479 487 489 493 502 508 515 514 522 525 534 531 537 543 551 547 545 547 554
219 212 211 210 214 219 223 228 227 230 230 224 230 236 239 248 243 244 252 259 259 267 274 277 280 279 281 287 291 300 303 306 308 315 319 318 316 320 319 319 327 322 324 325 328 336 345 339 346 349 352 355 358 366 373 377 386 390 396 396 398 403 406 415 416 422 431 438 433 435 443 444 445 454 453 458 465 471 477 485 481 488 492 498 499 508 516 520 521 527 534 543 540 546 551 554 550 546 547 556
228 219 220 219 216 225 231 234 228 236 232 227 236 237 238 242 243 245 247 255 261 269 273 276 279 282 283 292 295 301 309 311 317 322 325 319 321 321 325 328 334 328 331 327 331 333 335 336 337 342 345 354 358 363 364 371 377 386 392 401 402 410 407 415 421 424 433 436 435 443 440 435 438 447 450 458 459 463 472 479 483 490 495 500 501 510 518 521 528 528 535 536 543 551 557 559 558 555 554 563
237 228 220 219 218 223 227 233 229 237 238 229 235 243 243 244 246 251 256 262 270 273 274 275 284 288 288 293 300 301 303 305 313 320 326 328 325 322 331 331 340 337 332 336 339 334 343 344 345 343 344 346 354 363 364 373 382 385 391 398 401 409 410 411 420 420 427 429 436 443 435 434 442 451 454 462 465 471 476 485 484 489 496 503 509 506 515 519 525 530 539 540 549 558 566 568 561 564 556 560
228 223 222 226 225 224 232 240 236 244 243 235 238 242 250 249 254 259 263 271 277 282 282 277 286 288 294 301 309 302 303 305 314 315 319 325 320 329 337 333 340 335 333 340 338 337 344 345 354 348 349 348 350 359 366 374 376 377 383 392 394 402 409 412 421 418 426 434 429 434 431 433 442 448 455 460 469 477 484 481 481 482 490 494 503 504 513 522 530 539 548 544 553 562 567 575 570 568 564 561
229 230 231 232 229 229 236 244 244 253 247 241 246 245 254 253 256 260 266 268 275 282 283 283 291 297 295 299 307 303 309 306 307 312 316 317 319 326 330 339 347 341 342 349 346 346 346 354 355 356 350 354 351 359 363 371 375 376 382 388 395 399 402 403 412 415 424 425 427 429 430 438 441 448 457 458 467 474 475 476 479 483 492 497 499 508 517 518 524 532 539 548 554 557 564 568 567 567 569 567
234 235 238 241 238 238 245 247 251 255 250 242 248 250 255 262 261 268 275 273 282 287 287 292 294 300 299 303 309 312 315 313 316 318 318 324 325 329 332 333 338 340 343 349 355 355 355 363 364 356 351 359 358 359 361 363 371 380 388 396 396 400 405 409 415 424 431 429 435 437 439 446 449 457 466 464 473 480 481 484 488 484 493 494 503 508 517 526 530 538 547 543 551 556 563 564 565 566 574 572
243 244 239 248 247 247 251 248 255 246 245 244 253 252 259 259 260 265 274 282 291 291 294 300 303 302 304 312 317 319 319 317 320 326 326 331 329 336 341 342 346 342 344 352 361 360 357 366 362 361 360 363 363 364 366 370 377 385 389 393 402 409 406 412 421 425 428 435 442 438 446 448 453 455 463 472 481 484 490 491 487 486 494 503 512 512 521 530 538 543 538 540 546 547 554 562 571 575 582 574
248 246 247 256 248 256 257 251 251 250 254 248 250 252 257 258 266 274 281 285 286 287 293 299 304 310 307 316 325 323 320 326 328 327 327 336 335 344 345 346 351 344 352 361 362 367 359 368 369 364 361 370 370 373 375 377 386 394 398 398 404 409 408 415 420 426 434 439 437 438 441 444 453 460 469 476 477 486 494 495 489 492 493 498 504 507 516 525 529 535 536 545 554 554 560 567 568 576 575 582
249 253 255 259 251 255 256 258 253 251 252 254 259 256 259 263 269 276 285 287 292 290 299 306 308 311 310 312 320 328 329 332 336 334 330 338 344 351 349 347 356 353 359 360 361 366 368 377 370 370 370 379 377 377 377 382 384 391 397 398 407 415 415 419 427 428 434 435 436 441 450 452 461 464 469 470 479 484 490 491 496 493 501 506 513 516 517 522 525 530 539 548 549 556 564 571 569 577 573 582
250 259 256 262 258 256 264 267 262 259 259 257 266 265 266 271 278 281 286 292 294 298 303 312 309 317 315 316 325 332 334 340 341 342 337 346 349 356 351 355 359 355 356 364 368 374 371 372 371 379 376 379 380 378 379 384 393 395 400 407 416 419 424 428 431 436 443 442 444 449 451 460 461 465 466 474 480 487 495 500 498 499 505 510 514 523 525 523 528 533 538 543 544 553 559 566 572 575 569 578
257 266 261 265 267 259 261 269 265 265 260 260 269 274 272 278 284 282 284 285 294 300 302 309 314 321 324 320 324 325 328 331 332 333 342 343 352 360 352 354 356 364 365 367 370 377 380 373 378 387 383 387 386 380 388 391 399 404 407 414 419 425 425 429 434 442 451 450 445 451 459 461 469 472 474 481 482 484 492 493 494 501 509 517 518 519 521 526 527 533 541 547 553 562 559 560 563 566 567 572
264 265 270 274 273 268 264 273 270 267 264 267 271 279 275 281 285 283 287 290 299 305 306 314 316 325 332 329 329 328 334 339 337 342 346 344 352 358 361 356 358 359 361 370 371 380 381 374 375 380 388 396 391 381 390 399 408 411 414 415 416 423 427 427 428 433 442 443 448 451 460 468 474 477 480 482 486 488 496 498 499 500 502 510 511 519 522 525 534 539 540 547 552 555 558 557 564 573 572 575
273 274 279 278 274 277 272 280 271 271 273 268 277 280 282 290 294 292 295 297 303 306 312 320 317 320 328 335 336 334 340 341 342 350 349 353 355 358 364 364 366 364 369 370 378 386 389 383 383 388 396 394 387 385 392 397 401 402 411 418 417 418 426 425 433 442 449 451 457 452 455 461 469 474 479 484 485 494 503 502 507 502 511 518 517 524 525 527 528 530 531 540 543 546 553 554 563 572 579 584
282 283 288 287 282 279 275 280 278 280 282 276 285 281 285 294 296 301 298 298 301 302 309 318 326 328 333 336 344 337 345 347 344 352 358 354 361 359 364 372 367 368 373 379 386 394 390 389 392 392 394 403 395 393 398 405 409 411 420 419 418 419 421 423 431 434 442 446 453 460 460 467 472 479 488 493 488 497 499 500 508 503 505 509 514 523 525 531 529 538 539 547 552 555 562 559 565 566 575 582
284 292 293 290 289 280 276 282 287 279 278 277 279 285 286 295 304 308 307 307 307 309 313 317 323 324 333 339 345 344 351 349 349 351 352 360 366 367 370 379 376 377 382 383 391 395 395 397 400 395 397 401 404 397 404 411 414 420 422 420 420 428 430 427 428 437 443 445 454 458 461 463 470 477 480 489 493 499 505 508 511 511 514 512 513 517 523 530 534 538 542 544 547 548 557 566 574 570 574 578
292 300 294 290 286 282 283 290 288 287 286 279 281 286 290 295 304 309 312 316 309 317 315 322 331 326 335 341 343 347 352 358 356 360 353 357 358 364 373 381 381 378 386 390 391 392 399 398 401 398 406 409 405 400 402 408 409 418 423 429 429 429 431 432 435 442 446 451 452 461 469 472 477 480 483 484 489 498 507 508 517 512 515 513 521 526 531 537 543 543 551 547 551 557 562 563 568 577 576 585
293 296 303 299 291 287 292 292 295 289 289 280 281 284 291 294 303 310 312 316 315 324 319 328 335 335 344 346 352 351 360 365 360 360 359 366 367 373 377 379 385 383 392 392 400 401 408 407 406 402 410 415 414 409 410 417 416 422 423 432 438 437 433 435 444 443 445 451 458 467 468 473 482 481 482 483 492 501 510 516 517 519 519 520 523 532 534 535 543 552 560 556 555 558 560 562 570 572 581 590
296 305 312 306 298 295 295 300 298 297 293 284 282 289 295 299 300 305 312 318 323 327 326 333 338 338 346 347 355 354 358 367 369 365 366 369 368 371 378 377 379 383 384 393 396 402 404 406 412 403 406 414 421 414 412 418 419 423 432 434 438 445 441 444 446 452 454 453 456 464 473 479 480 483 483 492 501 503 504 510 518 526 520 526 530 538 543 542 547 555 560 560 562 560 562 567 575 581 590 599
305 312 318 310 305 304 298 306 302 300 293 292 283 288 296 305 309 313 312 318 321 327 335 340 345 343 351 355 364 360 367 376 374 366 367 371 370 371 375 376 377 386 386 387 388 397 405 413 415 412 410 418 427 421 419 426 428 428 435 440 440 443 447 453 455 460 462 455 463 470 471 479 487 489 484 486 492 499 507 516 524 523 527 531 539 545 550 551 556 559 566 565 566 566 571 575 583 588 595 598
312 321 326 318 310 302 299 300 309 304 300 291 284 288 293 300 306 309 310 318 324 330 339 347 342 351 354 359 362 368 374 383 374 369 374 372 372 378 383 380 382 388 393 396 395 397 403 408 417 417 411 419 422 429 421 428 435 432 437 441 445 446 451 457 459 460 462 457 463 472 477 486 488 497 492 495 500 503 511 515 516 520 526 528 535 544 550 553 554 562 571 572 573 570 575 577 585 592 601 606
317 326 329 323 317 308 302 309 315 306 304 297 293 293 295 300 303 312 319 321 322 331 332 339 340 349 350 351 353 362 369 377 376 373 380 380 379 385 387 386 390 394 401 404 399 400 405 414 423 426 420 424 424 425 425 433 436 441 438 443 444 446 454 461 460 462 460 458 466 467 476 485 493 497 499 501 503 511 512 514 515 517 524 533 535 539 546 554 557 558 566 571 575 578 576 584 592 600 607 613
323 330 330 321 320 313 305 306 308 311 302 295 294 298 299 307 308 315 317 326 331 340 333 338 347 350 358 352 359 360 369 375 383 382 386 387 387 391 395 394 395 395 397 402 408 401 407 415 424 432 429 427 430 434 434 434 441 444 439 440 442 450 451 454 460 465 462 467 475 476 484 487 488 493 502 510 507 509 511 520 521 518 527 531 534 539 548 554 560 559 564 570 577 574 578 587 587 593 602 607
326 330 322 321 319 317 311 314 313 305 300 298 295 300 302 308 316 322 319 322 330 338 334 338 340 349 357 358 360 368 377 384 386 389 394 391 393 400 397 399 401 402 398 403 412 409 415 422 424 429 436 429 437 439 436 443 447 446 446 443 446 448 452 455 462 464 467 468 476 482 487 491 492 501 502 511 511 510 517 519 528 522 523 525 534 538 547 556 557 558 561 570 569 572 578 582 586 595 603 610
330 337 329 330 326 321 312 321 320 311 303 304 303 304 310 313 316 324 325 328 337 338 340 347 348 351 360 367 368 372 374 383 385 393 402 395 400 407 398 406 406 404 405 411 412 417 422 428 427 428 437 434 443 446 437 439 440 443 449 452 447 456 459 462 470 465 473 477 483 491 488 490 497 500 509 518 519 511 514 520 528 529 531 534 542 539 546 554 563 563 561 563 566 571 579 583 592 595 600 609
336 345 338 338 332 328 321 322 313 306 305 307 307 313 311 320 320 329 334 335 341 345 344 348 349 357 361 363 364 365 374 375 378 387 395 396 401 404 407 412 407 405 414 419 421 426 429 437 428 432 441 443 450 441 438 447 447 444 453 453 449 458 467 466 475 474 479 478 480 489 495 494 495 498 504 513 515 519 521 524 526 533 539 543 551 544 545 549 557 559 560 569 575 572 579 583 585 592 593 601
337 346 344 337 336 327 324 318 311 309 309 309 315 318 318 320 322 330 331 335 344 350 349 356 358 366 365 365 366 372 378 384 386 395 399 404 409 413 408 416 415 409 418 424 422 431 437 444 435 440 449 446 447 443 445 446 454 452 458 461 455 460 470 473 475 479 481 486 485 487 495 496 498 507 506 508 517 526 528 533 527 535 536 539 548 548 548 557 564 562 564 570 576 573 582 590 593 595 602 603
345 354 345 344 335 334 327 320 312 316 312 313 319 319 327 321 323 327 329 337 344 353 356 357 358 362 369 373 374 381 387 385 392 396 404 410 417 417 410 413 422 415 416 424 425 430 436 443 440 443 450 452 447 444 453 453 460 461 467 462 463 462 463 466 474 478 487 487 486 495 504 497 503 510 510 514 523 525 529 532 535 536 544 543 547 552 553 556 563 571 568 572 573 581 583 589 590 599 601 610
354 351 342 339 335 329 328 323 316 325 317 316 325 326 334 329 330 335 337 346 352 356 357 360 359 367 376 381 382 390 390 394 396 405 408 409 413 414 416 414 417 419 424 427 431 439 437 439 447 445 446 449 448 450 457 454 455 457 458 467 472 469 469 471 481 487 489 488 492 494 501 502 506 507 509 518 527 530 537 540 537 537 543 551 549 550 559 557 566 572 577 575 581 586 592 590 592 593 600 607
360 351 349 340 338 338 335 326 320 323 320 325 330 327 333 338 339 344 339 340 348 357 366 369 367 375 384 389 391 396 399 398 401 402 407 411 412 416 417 415 424 422 424 433 432 440 441 443 449 449 455 452 451 453 461 463 463 465 459 460 464 473 475 472 473 478 485 489 496 503 510 504 512 515 512 515 519 521 529 533 537 542 546 551 551 559 565 566 570 577 578 583 582 589 590 593 593 598 605 612
363 354 356 347 340 341 338 333 324 328 324 329 338 335 340 342 342 350 341 345 354 355 363 364 368 369 378 387 393 398 403 402 404 410 416 417 417 425 421 418 422 430 431 440 436 437 446 447 448 457 455 454 460 454 462 468 469 473 465 461 467 468 472 481 478 487 493 491 501 505 511 505 513 519 519 516 521 529 536 542 546 546 552 558 560 561 566 571 577 584 579 585 591 597 595 594 594 600 602 608
367 363 362 356 349 348 340 333 329 330 329 330 339 344 349 345 350 347 343 351 360 359 365 370 375 377 385 388 397 398 406 403 409 417 424 419 424 431 428 426 427 435 437 441 438 446 453 452 457 462 464 462 459 456 462 471 478 475 468 468 476 476 477 480 484 487 494 492 498 503 510 514 514 519 528 525 522 526 527 533 538 546 550 559 568 569 575 572 580 587 588 589 592 600 603 603 601 609 608 609
375 372 371 362 358 357 349 342 333 331 338 331 333 342 347 353 359 356 351 353 354 363 366 375 376 385 389 389 394 403 412 411 414 418 427 425 426 434 435 432 433 442 445 449 446 455 455 453 459 468 468 470 461 457 466 472 474 472 470 471 479 484 485 487 492 494 500 501 500 509 514 520 523 528 529 534 527 534 534 536 543 548 556 564 570 577 584 578 579 587 591 597 598 606 610 612 609 618 617 613
375 367 366 362 359 362 353 344 339 340 335 334 337 338 343 344 353 355 357 361 363 365 369 377 379 388 390 395 402 411 413 416 416 417 425 433 435 436 438 441 436 437 446 453 455 457 463 454 455 462 471 476 470 464 473 481 479 477 471 477 484 490 493 494 501 496 505 506 501 509 517 526 531 536 537 543 534 543 535 538 546 553 558 559 567 576 577 579 588 593 599 606 605 606 613 620 611 616 625 617
383 374 373 365 357 356 354 346 343 339 338 343 338 347 345 353 360 358 365 367 372 366 375 383 386 393 397 403 410 418 422 422 425 419 422 426 432 434 442 439 437 438 443 444 452 460 466 463 462 466 474 475 479 473 482 487 484 486 479 485 493 496 500 502 509 503 512 511 508 516 524 526 526 535 541 545 537 540 541 547 550 551 558 564 565 567 574 582 590 598 606 608 613 607 614 615 620 624 625 626
390 381 373 373 365 362 353 346 345 341 343 352 347 354 347 348 351 358 359 362 365 373 377 384 386 390 399 405 414 423 427 431 423 421 422 429 438 439 446 443 443 439 442 446 449 456 464 468 464 473 474 478 476 474 482 490 488 492 483 484 492 497 501 503 512 508 512 512 510 519 527 524 525 527 535 536 540 549 549 549 550 553 561 567 569 570 579 587 588 595 603 611 611 609 615 623 621 630 634 632
383 380 371 371 362 353 352 351 351 347 345 353 355 352 350 353 358 364 368 364 368 370 379 382 388 396 397 404 411 420 425 428 431 422 423 425 431 440 447 452 452 448 451 448 456 464 469 471 471 472 481 486 485 481 490 493 493 497 492 487 494 501 504 508 516 517 520 516 513 515 517 521 524 525 534 538 548 551 554 553 551 556 565 572 578 575 584 591 597 603 608 614 614 618 623 624 627 632 637 640
375 371 368 366 365 357 359 352 352 353 354 361 356 357 354 361 365 373 375 366 367 370 378 379 380 387 390 399 403 412 421 422 423 425 432 434 440 447 454 461 458 457 459 457 465 473 478 473 477 475 476 485 485 484 493 497 498 502 499 495 502 510 512 517 525 524 520 518 515 521 525 529 533 534 540 542 552 559 561 561 560 560 565 573 581 584 592 594 601 606 615 623 623 624 632 630 630 631 635 643
384 377 377 374 367 365 357 353 359 357 358 360 365 365 362 369 366 367 376 375 371 378 383 388 381 390 398 403 410 416 417 424 430 432 430 438 447 446 450 457 461 466 467 464 471 472 477 474 481 484 483 487 487 493 494 496 504 511 508 502 510 516 521 526 526 531 526 526 518 527 533 530 536 543 547 544 554 562 569 564 563 569 568 576 584 593 596 597 599 602 609 618 615 616 623 632 634 635 642 648
388 380 380 376 367 363 362 362 367 358 363 367 370 371 366 375 367 376 382 384 379 380 385 392 389 392 399 405 412 417 420 418 421 426 428 432 441 443 449 450 458 467 470 465 470 478 479 483 490 493 485 494 489 494 500 503 509 517 514 509 518 518 523 526 533 539 532 529 521 530 538 532 535 542 546 548 552 557 565 565 567 568 571 580 585 592 597 604 608 608 601 610 614 616 625 634 643 642 645 654
391 384 381 384 376 372 371 371 368 367 370 374 378 372 375 371 368 376 384 385 387 382 391 394 392 397 398 403 407 408 412 416 424 433 431 432 439 443 448 449 458 467 473 467 470 479 485 486 489 498 494 503 498 495 503 510 510 511 513 513 517 524 531 527 536 538 532 528 524 528 536 540 536 542 550 555 553 555 556 559 561 570 577 581 582 589 588 596 603 604 599 608 611 620 626 630 639 643 644 653
398 392 389 391 382 377 380 378 377 370 371 380 385 378 384 378 377 378 383 390 396 391 400 395 397 405 407 406 415 417 417 425 428 436 440 438 447 452 455 458 461 462 471 470 477 485 493 489 497 504 501 507 500 504 506 511 514 514 521 521 520 526 535 536 540 545 539 534 525 534 536 541 538 547 554 561 555 557 564 566 564 569 570 577 579 583 587 589 594 595 596 605 610 613 620 629 634 635 643 645
406 401 398 400 391 384 382 379 380 371 380 383 391 383 390 381 386 380 389 391 400 392 394 401 400 409 410 407 409 413 422 431 433 437 446 445 452 459 459 465 470 471 478 475 482 487 491 493 497 506 503 507 502 511 507 516 522 516 523 530 525 533 539 545 541 545 538 537 529 538 545 549 542 549 553 553 562 565 572 567 569 574 576 585 586 585 589 590 598 598 599 608 610 619 628 632 637 643 649 646
414 408 402 393 392 391 389 380 382 374 383 389 395 392 392 383 389 383 390 395 403 401 403 410 407 413 419 416 412 421 424 426 435 436 445 453 460 466 465 466 468 476 483 478 482 489 491 497 506 513 504 513 511 520 512 520 525 525 528 537 531 540 545 552 550 553 545 538 537 544 552 550 544 545 546 551 560 568 575 570 573 577 580 588 593 586 593 599 605 601 607 608 616 624 625 634 643 644 649 652
411 404 395 394 399 399 390 381 389 381 388 392 398 395 401 392 392 389 396 397 400 401 407 413 409 410 414 422 414 423 425 434 440 441 450 458 459 468 474 472 477 485 490 487 484 486 492 501 507 513 505 506 508 516 513 515 521 522 530 536 537 531 540 547 552 545 553 544 546 553 561 552 549 552 550 554 562 566 573 576 582 585 588 593 590 588 590 595 597 604 607 613 620 623 630 639 648 651 658 661
411 402 401 402 406 397 392 383 390 390 396 401 402 397 404 399 401 398 397 398 401 402 410 419 417 412 421 419 416 417 420 427 436 442 447 456 459 463 470 477 478 486 490 487 485 490 493 502 504 506 513 515 509 518 520 516 519 522 526 528 529 530 534 543 549 544 552 551 553 562 566 559 558 556 553 556 564 572 578 585 588 594 595 602 598 593 597 604 604 610 610 611 620 627 636 644 651 652 661 668
417 408 410 407 407 398 398 392 391 399 397 400 407 398 407 408 409 407 406 407 402 410 416 425 418 413 421 423 425 419 428 436 443 443 447 453 454 461 464 469 476 485 493 490 493 498 502 510 505 513 514 519 517 525 526 524 524 526 534 533 533 531 539 540 541 543 548 554 554 560 569 567 566 565 561 564 567 571 580 584 585 589 595 604 599 594 597 604 607 612 616 618 619 628 636 638 644 651 654 659
414 411 413 414 408 407 400 393 397 399 402 402 405 406 413 411 415 412 407 407 405 406 408 417 426 422 426 431 427 428 436 440 449 452 454 455 460 465 466 470 479 486 490 493 502 506 505 514 512 518 523 528 520 526 532 532 525 533 541 535 542 540 544 547 548 545 546 552 561 563 567 570 572 566 563 567 568 570 575 577 586 594 601 602 601 601 600 601 605 610 612 621 626 630 631 639 641 650 658 662
423 415 420 423 417 416 409 402 403 404 410 410 406 409 418 412 417 414 412 415 406 415 416 425 433 429 427 436 429 435 444 449 458 461 459 463 465 470 475 471 476 482 483 492 497 504 508 517 515 516 519 524 528 527 529 535 534 540 549 540 547 548 551 553 557 553 555 561 569 571 573 577 576 571 565 574 570 577 576 585 591 595 598 607 607 609 604 609 606 614 621 630 629 630 639 645 643 648 650 653
424 423 429 424 425 421 412 408 404 409 413 411 409 410 418 420 424 416 415 423 414 415 416 425 431 430 434 443 434 443 444 453 461 470 466 464 473 476 475 474 475 481 490 497 506 513 513 521 523 517 518 527 533 536 536 542 541 541 549 548 553 551 553 562 561 554 560 563 564 565 566 572 580 572 573 577 579 579 585 587 593 598 602 603 605 613 613 613 607 611 613 622 623 632 638 639 643 644 653 661
430 428 436 431 423 420 414 412 411 410 418 419 416 416 423 429 429 425 417 426 420 424 425 426 430 434 438 439 436 445 449 458 463 472 471 465 471 478 484 481 481 487 495 502 506 515 519 521 530 521 527 529 536 541 540 543 546 543 547 550 555 559 559 562 565 556 565 571 573 569 571 573 578 579 576 585 587 588 588 588 590 599 608 604 611 618 619 615 611 617 619 620 622 623 629 637 638 643 651 655
439 437 437 429 425 416 415 420 419 415 416 417 422 421 427 436 433 424 423 432 427 433 434 431 439 437 438 439 439 447 452 461 467 468 477 470 477 486 483 482 490 488 493 502 511 517 526 529 538 529 535 538 544 550 549 549 555 552 553 551 556 563 568 568 567 558 560 564 569 574 579 576 580 580 579 586 595 589 593 589 593 594 601 609 617 623 627 618 616 620 627 626 631 625 632 638 643 642 643 646
446 437 429 428 419 418 423 424 420 423 421 419 428 422 430 431 440 433 428 431 428 432 441 435 443 438 446 447 447 448 450 458 461 467 476 479 486 490 492 485 489 497 501 510 519 526 533 536 533 531 533 542 545 553 550 557 562 561 558 559 565 567 573 569 571 567 561 568 572 576 577 585 588 587 588 593 602 597 594 593 601 596 599 601 609 618 618 627 622 627 633 635 636 627 628 629 634 640 648 647
443 436 429 428 420 424 432 428 429 427 430 428 433 425 432 432 437 440 431 435 430 439 448 442 451 445 454 449 451 455 456 464 463 469 478 482 491 491 496 490 496 504 507 515 524 529 538 545 540 536 540 549 553 558 557 560 566 569 561 560 569 576 578 578 574 566 564 572 579 582 585 591 596 596 596 598 602 598 603 598 606 597 600 601 609 611 614 622 630 628 633 634 633 630 634 632 642 642 646 654
448 442 433 429 429 427 429 429 438 429 435 437 435 426 435 441 440 439 432 439 438 441 448 447 452 451 458 453 454 459 461 470 472 478 479 488 491 500 501 497 505 509 514 516 523 524 533 542 547 544 541 550 558 559 562 567 572 578 569 563 569 578 587 587 578 571 570 578 582 591 593 598 605 597 604 601 602 601 608 599 608 605 609 610 618 615 623 631 637 636 634 642 638 637 642 638 641 643 652 659
448 440 434 437 435 434 431 434 437 430 434 443 438 435 444 442 442 448 441 444 444 450 457 451 458 452 461 458 463 461 463 470 477 482 484 487 496 503 503 506 511 516 517 517 523 527 534 543 547 550 542 550 559 568 566 569 574 581 578 572 578 585 590 589 587 579 579 584 590 599 594 603 608 603 610 607 608 602 611 604 613 613 618 619 624 616 625 633 642 645 642 648 639 642 645 645 648 644 645 649
450 443 443 444 443 440 440 441 432 431 439 442 445 436 441 446 450 449 448 446 446 448 454 459 458 457 458 467 471 468 472 471 479 487 493 489 498 499 507 504 513 517 526 522 527 536 540 542 550 554 549 558 563 564 573 578 575 576 582 577 584 593 599 592 586 583 585 592 599 602 600 609 612 604 611 615 607 605 608 605 612 615 624 628 631 624 631 635 644 651 650 652 644 650 650 649 654 646 653 655
453 447 448 452 444 448 447 445 438 436 443 443 452 445 450 455 459 455 453 452 454 450 458 466 467 458 466 467 475 473 480 477 484 490 497 490 497 502 510 503 504 513 522 531 536 533 533 538 544 545 546 550 554 556 565 574 583 585 587 586 585 594 599 600 594 586 594 601 603 604 608 611 619 612 617 620 615 606 614 614 616 624 630 634 634 626 635 644 648 656 659 656 651 657 656 658 662 655 659 656
456 456 450 453 449 456 448 446 445 445 445 452 454 447 456 463 468 463 454 453 456 453 461 463 472 465 466 474 477 482 489 486 486 495 502 494 496 498 501 502 504 508 516 524 530 531 532 534 543 551 552 559 562 565 568 576 583 592 595 587 593 602 603 605 600 594 603 609 610 605 610 617 620 617 620 619 618 614 622 623 625 625 633 634 635 627 634 641 649 650 657 664 657 658 665 667 666 662 667 665
