  0 331 325 330 333 329 338 340 343 351 350 346 344 352 356 355 349 350 354 353 356 365 373 373 382 380 380 385 388 389 393 390 391 400 401 407 407 414 415 416 424 427 436 437 443 443 447 449 457 461 464 466 475 484 482 490 490 497 500 505 514 506 508 516 525 523 527 535 536 542 551 560 567 569 576 578 581 579 584 579 584 592 596 604 606 615 623 632 629 635 641 642 643 649 657 663 664 660 666 675
  8 324 323 324 324 328 329 336 341 342 345 337 342 343 347 354 348 351 349 350 353 359 364 372 380 378 376 378 384 392 384 386 390 397 398 407 406 412 418 425 425 426 432 436 444 439 442 444 449 453 455 461 469 476 476 483 486 489 491 499 508 500 508 517 521 520 527 530 538 546 554 553 558 561 568 573 573 570 579 576 578 587 596 600 608 617 622 630 627 634 632 638 645 645 654 654 655 656 665 672
 16 316 314 323 321 330 322 328 333 335 337 335 333 336 341 347 340 343 344 351 360 366 373 367 371 373 372 378 381 385 379 383 391 398 407 412 405 410 410 418 425 431 423 428 435 433 441 447 455 453 457 466 467 469 474 482 485 484 491 498 506 498 506 509 513 518 525 527 533 539 548 550 558 558 559 567 568 569 570 574 577 586 595 596 603 612 613 622 618 625 630 635 636 644 645 648 655 656 657 663
 17 320 313 315 316 321 319 320 324 332 334 329 331 332 334 340 338 343 345 354 359 359 364 359 365 366 371 373 374 376 378 387 395 400 409 403 403 404 409 410 416 422 420 422 431 430 438 443 446 452 457 457 461 468 474 477 478 482 490 489 497 497 498 504 513 517 524 526 534 543 543 552 554 554 563 563 572 569 575 578 586 590 588 589 595 604 606 615 614 616 621 629 632 635 639 643 651 660 661 669
 26 320 312 309 315 316 318 325 330 329 325 326 334 335 333 331 335 344 348 349 357 352 355 355 358 362 362 364 366 369 374 383 390 391 400 397 396 405 410 402 411 413 414 421 422 429 438 443 451 456 462 454 456 465 467 474 483 484 484 486 492 491 499 508 510 514 521 526 530 538 535 543 545 553 555 556 565 566 568 569 578 586 587 590 596 598 606 607 608 612 619 621 623 632 638 646 650 659 666 669
 28 314 305 303 306 307 316 325 324 320 318 320 329 326 324 330 338 338 343 343 351 348 354 353 357 363 361 366 365 366 371 374 381 390 391 398 393 398 404 399 404 407 413 421 422 428 431 437 443 448 455 451 459 460 469 473 475 479 480 483 487 490 494 499 508 510 514 518 527 529 534 535 544 550 558 556 565 574 574 577 578 587 594 591 600 599 607 612 617 621 621 627 624 629 635 638 647 656 658 660
 29 306 297 297 302 306 315 321 316 318 309 316 321 317 318 324 331 332 334 341 343 339 346 350 348 355 359 361 362 369 377 371 378 385 392 389 391 392 395 396 403 404 412 416 420 428 429 432 439 441 450 449 453 458 460 466 468 473 482 485 486 489 494 503 511 518 517 521 525 526 527 534 541 542 550 555 559 565 572 576 578 581 586 594 603 608 616 620 619 626 628 629 628 636 642 639 641 649 653 652
 33 299 293 296 305 308 312 315 308 316 308 313 319 316 324 324 330 325 334 337 340 337 345 352 347 346 351 352 360 365 369 370 374 381 384 388 397 400 402 399 408 412 420 425 421 424 426 430 436 445 447 448 456 465 462 466 469 471 477 480 482 484 486 495 503 512 519 518 521 527 536 542 550 543 552 552 553 558 567 569 570 578 583 589 598 604 612 621 625 633 629 634 637 641 645 641 649 646 646 649
 41 293 292 294 298 299 304 307 306 314 306 306 315 315 318 323 322 324 332 328 333 335 343 345 349 343 347 354 363 372 368 368 372 376 383 392 389 394 401 408 414 411 414 416 419 428 432 439 442 444 443 446 451 458 465 471 478 479 485 489 485 491 489 498 507 513 515 517 524 526 534 543 545 545 548 550 553 557 558 561 568 576 582 587 592 601 609 612 616 624 621 630 633 637 644 646 649 645 637 645
 42 285 289 286 291 294 303 301 300 309 302 303 308 314 320 329 321 317 326 327 335 331 340 347 340 342 346 355 362 366 359 367 372 375 381 389 382 388 396 405 407 407 415 417 421 423 432 441 439 441 440 449 451 458 466 474 478 480 484 485 485 494 495 500 500 508 512 518 518 526 527 534 539 547 553 550 551 560 567 565 574 575 584 588 593 597 603 611 613 615 615 623 632 628 636 638 640 643 636 642
 51 280 287 279 287 289 295 295 297 303 301 307 308 306 312 321 321 312 317 319 326 330 336 339 338 347 347 351 353 360 358 363 365 372 373 380 380 384 391 400 404 406 413 421 428 425 428 432 434 434 439 447 448 453 458 467 470 472 475 476 479 486 492 493 494 500 506 509 515 518 526 528 534 543 544 548 554 563 569 570 578 583 575 579 588 594 600 604 605 613 614 615 624 627 628 630 633 634 635 643
 56 275 284 278 286 294 287 294 295 296 294 298 299 302 303 312 315 310 319 320 329 325 332 340 336 345 350 353 362 357 356 362 361 370 378 382 378 381 388 392 395 397 405 412 420 419 419 423 425 433 441 449 449 458 459 467 469 476 477 483 488 493 497 498 497 504 510 505 508 513 517 526 532 541 539 547 556 560 561 570 574 574 573 576 584 589 597 596 596 605 606 614 615 619 628 629 637 643 643 646
 58 272 275 277 279 285 279 288 295 291 292 299 304 298 304 305 306 307 316 319 320 324 326 333 335 336 344 353 362 359 352 354 360 363 370 379 377 379 388 390 393 395 399 406 414 411 412 415 424 429 433 442 449 453 458 461 464 468 472 481 490 495 497 506 501 506 505 500 508 517 523 517 526 533 534 540 547 552 561 565 574 569 571 574 577 584 592 591 594 599 603 610 616 622 629 637 632 641 649 655
 66 268 270 275 273 276 274 282 286 290 298 296 296 289 298 305 310 316 320 321 329 327 332 333 342 345 351 345 354 350 351 359 368 371 366 370 376 382 385 389 398 402 407 407 408 410 419 424 423 429 438 444 445 446 455 455 456 461 468 476 482 490 495 503 494 498 497 499 500 509 514 515 524 532 541 545 546 553 558 557 566 567 573 580 586 582 584 588 589 590 597 604 607 616 620 629 631 640 643 650
 73 267 261 267 264 268 270 279 278 286 289 294 289 285 292 300 301 307 312 313 321 330 327 328 335 344 345 343 347 349 356 365 373 366 365 371 373 374 383 387 393 402 407 401 410 405 413 418 422 425 429 437 444 453 452 449 458 465 472 473 473 481 487 496 488 489 496 498 501 510 513 518 525 527 535 537 540 547 550 556 562 569 570 578 578 580 589 587 588 596 599 607 608 610 619 624 633 642 640 645
 74 259 260 258 261 263 267 273 277 277 280 288 285 281 283 292 296 304 307 312 320 324 326 327 328 337 336 342 347 350 357 366 369 368 364 371 365 371 379 378 387 396 398 398 407 398 407 414 416 421 428 436 445 445 444 445 454 459 464 465 472 481 479 487 487 488 489 496 501 509 516 523 525 526 527 528 536 542 543 552 560 560 564 569 570 577 583 586 588 594 596 598 606 615 619 623 625 634 635 636
 83 254 251 257 258 263 265 272 274 276 274 281 288 280 284 293 302 300 308 307 312 316 323 318 325 328 332 339 343 351 360 368 361 365 363 362 362 368 373 377 383 392 401 396 399 396 399 405 412 414 419 428 437 446 443 448 455 458 463 466 471 479 477 478 486 491 497 505 502 511 519 520 523 532 534 533 542 543 551 555 563 555 556 564 573 580 581 588 594 599 603 600 608 613 618 621 624 631 634 642
 89 252 244 253 259 254 263 268 276 276 268 273 281 277 284 287 293 297 299 301 307 309 314 315 318 323 326 330 338 346 352 361 352 358 354 355 359 363 368 374 381 387 394 393 391 393 399 408 416 420 421 430 428 437 438 442 448 453 461 467 471 474 471 480 481 490 498 504 510 511 519 524 529 533 535 534 543 549 547 553 556 554 562 569 574 583 582 590 591 597 601 604 613 622 625 621 622 630 631 640
 93 246 242 248 255 252 258 265 268 267 266 272 275 276 285 285 289 294 303 304 306 304 305 309 310 319 320 321 329 337 346 354 345 349 350 358 367 369 371 377 378 383 390 398 390 397 402 411 420 425 422 422 424 428 437 442 449 447 455 461 465 470 469 476 485 486 493 502 504 512 512 521 520 525 526 535 534 540 539 544 547 550 557 566 569 576 585 594 592 599 598 605 606 613 620 620 629 633 639 644
 94 246 239 246 248 247 254 261 264 258 259 268 277 276 281 281 288 294 294 303 305 300 303 312 315 320 328 324 330 337 345 348 344 346 354 352 359 366 375 372 380 376 384 389 388 391 400 409 411 418 423 418 425 426 433 442 443 444 452 454 461 463 467 475 477 486 490 493 502 510 510 519 519 527 529 527 525 532 535 540 549 558 562 566 574 583 585 594 591 595 597 603 610 610 611 612 620 625 630 635
100 243 238 239 244 245 254 255 260 256 250 259 268 273 279 277 279 287 286 295 296 299 308 314 314 319 327 332 337 341 343 345 338 339 346 347 350 359 367 371 373 370 375 382 385 394 400 401 402 411 414 416 425 428 429 435 442 443 450 456 456 465 471 477 482 486 494 500 507 507 507 513 517 525 521 518 524 526 531 540 548 555 562 564 569 578 585 592 585 586 593 595 602 609 614 615 617 624 633 641
109 234 231 237 237 246 251 246 253 255 249 251 259 266 270 273 276 279 281 288 297 300 306 311 313 318 321 327 330 332 334 336 337 345 344 349 343 352 358 363 364 367 368 377 378 387 393 400 404 410 407 415 421 427 433 442 438 447 448 449 454 463 465 472 478 480 489 491 498 498 499 504 508 517 523 515 524 533 539 542 546 552 561 570 565 574 576 583 584 589 592 600 593 601 606 607 612 618 624 633
118 225 224 231 233 239 244 245 245 246 248 253 261 262 267 276 277 284 290 296 297 300 304 313 316 316 319 320 321 323 331 331 338 336 338 341 341 343 352 359 367 369 372 376 379 385 393 394 403 403 406 411 419 428 428 434 433 438 439 440 447 456 456 465 471 473 482 488 489 496 497 505 513 521 519 513 518 524 531 533 542 548 552 561 564 568 573 574 576 585 591 591 592 595 604 603 608 615 617 625
122 216 221 224 227 234 238 246 241 248 254 259 261 270 270 272 276 277 281 288 290 299 303 306 313 315 313 319 328 326 326 328 329 329 332 337 339 347 356 364 366 370 373 382 376 382 389 391 400 398 400 403 412 419 424 425 431 435 442 449 449 450 455 462 471 480 481 480 489 490 490 499 506 515 513 510 519 525 527 535 536 545 552 554 555 564 570 574 576 585 586 590 598 595 599 600 609 617 621 626
127 213 217 223 223 228 230 237 239 246 247 255 258 267 268 268 274 268 273 281 290 299 308 300 304 309 312 310 319 318 325 322 327 324 333 337 346 352 351 355 357 363 364 373 374 376 380 388 397 396 401 402 406 415 424 430 431 440 443 449 458 458 456 464 473 474 475 479 486 487 488 490 499 507 508 509 510 518 526 528 533 542 543 552 556 562 571 566 570 578 585 593 598 591 600 594 602 608 617 618
132 208 211 220 215 220 229 238 243 244 250 254 262 265 269 262 267 265 271 280 286 294 301 292 299 303 303 308 315 315 316 316 324 323 325 334 342 348 345 349 356 362 367 371 375 380 381 382 390 392 400 407 411 419 426 435 437 444 451 445 449 458 464 465 474 477 480 488 495 491 490 499 507 509 514 516 517 521 527 528 534 543 552 554 556 554 563 563 566 574 576 585 589 590 591 592 601 604 613 617
133 207 205 212 212 220 229 232 241 239 245 246 253 256 264 261 260 263 267 276 284 288 292 290 293 294 301 301 306 312 309 314 321 316 325 331 337 339 340 341 350 353 360 363 368 375 383 383 384 392 401 410 413 416 425 428 437 445 450 442 445 453 455 459 468 470 473 481 489 490 497 504 513 517 522 515 524 523 528 536 543 546 549 545 547 550 556 557 566 574 583 590 588 591 595 601 602 606 608 613
141 209 202 208 206 215 224 225 232 237 246 248 253 257 256 265 259 267 270 274 275 280 286 282 284 290 292 300 301 303 305 306 314 315 321 330 339 348 349 348 357 361 361 370 377 376 385 386 386 395 402 406 409 417 422 430 436 442 441 440 448 451 459 466 462 461 470 476 484 491 492 501 509 513 513 507 515 524 529 534 537 542 549 542 546 548 557 566 567 569 578 586 585 587 595 598 607 609 617 616
142 208 200 199 201 210 217 218 225 229 238 245 245 252 254 258 258 258 267 270 276 271 279 280 278 287 293 302 310 310 314 313 322 324 327 336 341 350 350 351 360 366 368 372 378 383 387 388 395 402 410 414 410 411 417 422 428 435 440 436 445 447 456 457 458 459 466 473 475 482 491 494 503 505 505 506 513 521 525 526 530 534 541 539 548 554 555 562 562 564 572 580 581 585 592 599 608 609 618 619
151 203 201 192 196 204 211 207 216 225 233 235 236 241 249 250 252 253 256 261 265 267 268 274 275 285 291 295 304 307 316 314 319 320 328 337 346 352 352 352 361 369 373 379 385 392 393 395 404 405 414 421 417 413 414 421 426 427 431 432 441 450 452 461 460 462 464 473 474 481 482 491 496 499 500 507 514 515 517 518 524 525 532 538 545 554 557 558 559 567 573 576 578 586 593 601 610 618 620 620
155 194 198 187 188 197 200 206 213 221 229 237 244 246 252 259 259 255 264 262 270 274 276 276 277 278 288 297 300 307 316 316 322 329 334 338 341 348 355 354 360 364 370 378 386 395 397 404 412 414 408 417 420 414 421 430 427 435 440 441 444 452 461 469 462 465 472 478 483 489 486 488 497 503 506 512 519 523 523 524 531 530 539 540 544 549 551 560 558 566 574 577 586 594 602 607 609 609 615 611
162 169 190 186 192 201 209 212 220 223 232 240 241 250 243 252 256 256 265 271 277 275 278 282 285 283 291 297 303 306 308 309 315 324 333 333 342 348 355 360 365 371 374 381 387 388 396 403 403 406 407 414 415 416 425 434 432 439 448 449 451 458 462 467 471 472 480 483 490 492 485 492 498 499 501 510 518 519 526 527 524 531 537 532 538 540 547 552 554 559 565 571 580 588 597 604 607 605 610 607
171 176 183 185 192 193 202 211 219 227 228 231 240 241 242 250 259 259 268 277 272 275 276 285 294 285 292 293 300 304 310 310 317 325 327 332 334 342 349 356 359 363 368 373 378 386 387 395 401 410 409 418 423 425 433 439 437 439 444 453 454 454 460 464 473 478 480 480 481 483 484 489 490 499 500 506 515 524 525 525 522 530 528 531 536 540 541 550 558 565 571 573 578 582 589 596 598 602 607 605
176 182 191 194 198 201 209 218 223 226 234 240 244 250 244 249 257 258 267 269 271 278 283 292 294 288 293 297 303 309 310 318 318 323 332 341 343 343 351 357 362 367 376 379 379 388 396 400 406 408 415 422 419 425 434 438 441 448 452 449 445 453 457 460 466 470 472 479 480 477 479 484 493 496 499 502 511 520 526 520 520 528 527 535 538 540 549 555 556 565 574 579 584 590 587 588 593 594 602 604
180 189 198 200 199 200 205 213 222 224 229 237 239 246 245 254 260 267 275 270 273 279 285 290 295 291 299 303 308 317 317 324 320 321 324 334 343 352 354 355 361 362 371 376 376 383 391 400 398 406 408 416 417 425 429 430 439 440 447 448 441 450 457 458 467 468 472 471 471 469 470 479 486 488 491 500 505 512 518 511 512 519 524 530 534 535 541 550 558 563 567 572 575 584 580 588 593 602 605 597
184 191 194 202 207 209 210 218 226 231 230 237 239 247 248 252 261 270 271 273 279 288 290 299 298 300 301 302 307 316 318 322 329 330 325 333 338 346 347 351 353 361 369 370 371 378 383 392 395 404 410 410 418 420 422 423 430 434 438 439 440 441 450 453 458 463 467 465 466 468 470 474 479 480 489 497 498 507 512 510 515 513 516 525 529 537 540 549 557 554 563 564 570 576 572 579 586 593 602 595
193 199 203 203 209 215 218 227 227 233 236 237 239 247 250 257 261 270 269 274 278 282 290 299 303 309 307 303 312 313 321 323 332 332 327 335 340 349 353 360 362 368 375 372 380 379 384 385 394 396 401 406 415 424 428 430 437 441 438 443 449 450 452 459 459 461 463 464 473 477 477 480 481 488 489 498 507 505 505 506 507 512 521 517 526 530 538 543 552 553 559 565 561 568 569 578 579 584 593 594
201 200 206 211 218 217 226 230 231 233 234 243 246 251 254 257 259 267 268 273 275 284 284 291 294 300 309 306 309 312 320 325 330 337 334 344 344 351 359 368 364 373 377 369 374 380 380 382 390 394 403 408 416 419 420 426 430 433 435 439 446 452 461 461 468 468 465 466 467 469 470 473 481 483 488 496 498 496 504 511 508 509 515 516 524 528 532 537 546 553 550 556 557 566 574 578 586 592 599 603
206 207 212 220 226 226 233 233 232 239 235 244 248 253 258 264 264 266 273 279 276 279 281 290 292 299 306 308 311 319 326 334 339 339 337 344 350 355 362 370 362 366 372 366 367 375 379 387 389 397 400 401 410 418 426 427 435 432 437 442 446 455 463 463 471 468 467 468 476 471 479 474 481 487 487 494 489 490 497 505 509 516 518 519 528 532 539 542 550 545 547 553 557 566 571 572 580 589 598 602
214 210 213 215 224 230 239 242 235 241 240 242 251 255 258 260 262 270 278 287 282 286 287 292 301 300 301 310 316 324 330 331 338 343 339 340 341 351 356 362 361 363 365 364 371 372 380 386 393 400 404 402 408 417 425 426 430 431 437 446 454 460 460 466 469 468 473 476 484 480 480 475 476 478 485 486 488 493 502 507 514 517 518 522 525 527 531 540 543 544 553 560 558 567 574 574 576 585 590 593
219 217 216 217 225 234 236 242 244 248 245 251 260 263 266 261 265 272 280 289 283 289 291 298 303 301 307 315 316 321 323 331 338 347 341 342 342 348 351 352 354 357 359 363 365 374 379 387 389 398 407 406 407 408 417 420 421 430 432 441 445 454 451 459 467 465 466 475 477 485 488 480 485 486 493 490 497 502 503 507 513 514 521 527 532 536 537 546 546 551 560 564 563 571 572 580 577 581 590 599
224 218 224 220 227 234 235 244 250 251 253 252 260 265 267 269 272 274 283 284 287 293 298 299 307 304 309 315 320 329 330 333 339 343 348 347 351 357 352 353 361 359 366 371 374 382 388 382 390 393 399 397 398 401 410 412 421 425 426 433 442 447 446 455 458 459 460 467 470 479 487 489 485 487 489 497 504 509 509 514 514 517 525 527 531 540 546 553 552 560 563 572 569 575 581 589 585 583 585 592
226 219 220 227 231 236 244 249 256 260 260 254 260 266 269 278 273 274 282 289 289 297 304 307 310 309 311 317 323 332 339 342 344 351 357 356 354 358 357 357 365 360 362 363 366 374 383 377 384 387 390 393 396 404 411 415 424 428 434 434 436 441 444 453 454 460 469 476 471 473 481 482 483 492 491 496 503 509 515 523 519 526 530 536 537 546 554 558 559 565 572 581 578 584 589 592 588 584 585 594
235 226 229 236 233 242 250 254 250 258 262 257 266 267 268 272 273 275 277 285 291 299 303 306 309 312 313 322 326 332 340 341 350 357 362 357 359 357 363 366 372 366 369 365 369 371 373 374 375 380 383 392 396 401 402 409 415 424 430 439 440 448 445 453 459 462 471 474 473 481 478 473 476 485 488 496 497 501 510 517 521 528 533 538 539 548 556 559 566 566 573 574 581 589 595 597 596 593 592 601
244 235 230 231 233 238 242 248 249 257 266 259 265 273 273 274 276 281 286 292 300 303 304 305 314 318 318 323 330 331 333 335 343 350 356 364 355 356 365 368 377 375 370 374 377 372 381 382 383 381 382 384 392 401 402 411 420 423 429 436 439 447 448 449 458 458 465 467 474 481 473 472 480 489 492 500 503 509 514 523 522 527 534 541 547 544 553 557 563 568 577 578 587 596 604 606 599 602 594 598
238 233 232 238 240 239 247 255 256 264 272 265 268 272 280 279 284 289 293 301 307 312 312 307 316 318 324 331 339 332 333 335 344 345 349 355 350 359 367 369 376 373 371 378 376 375 382 383 392 386 387 386 388 397 404 412 414 415 421 430 432 440 447 450 459 456 464 472 467 472 469 471 480 486 493 498 507 515 522 519 519 520 528 532 541 542 551 560 568 577 586 582 591 600 605 613 608 606 602 599
239 240 241 244 244 244 251 259 264 273 277 271 276 275 284 283 286 290 296 298 305 312 313 313 321 327 325 329 337 333 339 336 337 342 346 347 349 356 360 369 377 376 380 387 384 384 384 392 393 394 388 392 389 397 401 409 413 414 420 426 433 437 440 441 450 453 462 463 465 467 468 476 479 486 495 496 505 512 513 514 517 521 530 535 537 546 555 556 562 570 577 586 592 595 602 606 605 605 607 605
244 245 248 253 253 253 260 262 269 278 280 272 278 280 285 292 291 298 305 303 312 317 317 322 324 330 329 333 339 342 345 343 346 348 348 354 355 359 362 363 368 370 373 379 388 393 393 401 402 394 389 397 396 397 399 401 409 418 426 434 434 438 443 447 453 462 469 467 473 475 477 484 487 495 504 502 511 518 519 522 526 522 531 532 541 546 555 564 568 576 585 581 589 594 601 602 603 604 612 610
253 254 249 258 262 262 266 263 272 272 273 274 283 282 289 289 290 295 304 312 321 321 324 330 333 332 334 342 347 349 349 347 350 356 356 361 359 366 371 372 376 372 374 382 391 396 395 404 400 399 398 401 401 402 404 408 415 423 427 431 440 447 444 450 459 463 466 473 480 476 484 486 491 493 501 510 519 522 528 529 525 524 532 541 550 550 559 568 576 581 576 578 584 585 592 600 609 613 620 612
258 256 257 266 263 271 272 266 267 271 280 278 280 282 287 288 296 304 311 315 316 317 323 329 334 340 337 346 355 353 350 356 358 357 357 366 365 374 375 376 381 374 382 391 392 400 397 406 407 402 399 408 408 411 413 415 424 432 436 436 442 447 446 453 458 464 472 477 475 476 479 482 491 498 507 514 515 524 532 533 527 530 531 536 542 545 554 563 567 573 574 583 592 592 598 605 606 614 613 620
259 263 265 273 266 270 271 273 269 270 271 277 286 286 289 293 299 306 315 317 322 320 329 336 338 341 340 342 350 358 359 362 366 364 360 368 374 381 379 377 386 383 389 390 391 396 405 414 408 408 408 417 415 415 415 420 422 429 435 436 445 453 453 457 465 466 472 473 474 479 488 490 499 502 507 508 517 522 528 529 534 531 539 544 551 554 555 560 563 568 577 586 587 594 602 609 607 615 611 620
260 269 266 272 273 271 279 282 278 278 278 280 289 295 296 301 308 311 316 322 324 328 333 342 339 347 345 346 355 362 364 370 371 372 367 376 379 386 381 385 389 385 386 394 398 404 407 408 409 417 414 417 418 416 417 422 431 433 438 445 454 457 462 466 469 474 481 480 482 487 489 498 499 503 504 512 518 525 533 538 536 537 543 548 552 561 563 561 566 571 576 581 582 591 597 604 610 613 607 616
267 276 271 275 282 274 276 284 281 284 279 282 291 300 302 308 314 312 314 315 324 330 332 339 344 351 354 350 354 355 358 361 362 363 372 373 382 390 382 384 386 394 395 397 400 407 416 409 416 425 421 425 424 418 426 429 437 442 445 452 457 463 463 467 472 480 489 488 483 489 497 499 507 510 512 519 520 522 530 531 532 539 547 555 556 557 559 564 565 571 579 585 591 600 597 598 601 604 605 610
274 275 280 284 288 283 279 288 286 286 283 289 293 301 304 310 314 313 317 320 329 335 336 344 346 355 362 359 359 358 364 369 367 372 376 374 382 388 391 386 388 389 391 400 401 410 417 410 411 416 424 433 429 419 428 437 446 449 452 453 454 461 465 465 466 471 480 481 486 489 498 506 512 515 518 520 524 526 534 536 537 538 540 548 549 557 560 563 572 577 578 585 590 593 596 595 602 611 610 613
283 284 289 288 289 292 287 296 287 290 292 290 299 302 309 318 323 322 325 327 333 336 342 350 347 350 358 365 366 364 370 371 372 380 379 383 385 388 394 394 396 394 399 400 408 416 424 419 419 424 432 432 425 423 430 435 439 440 449 456 455 456 464 463 471 480 487 489 495 490 493 499 507 512 517 522 523 532 541 540 545 540 549 556 555 562 563 565 566 568 569 578 581 584 591 592 601 610 617 622
292 293 298 297 297 294 290 295 294 299 301 298 307 303 307 316 318 327 328 328 331 332 339 348 356 358 363 366 374 367 375 377 374 382 388 384 391 389 394 402 397 398 403 409 416 424 425 425 428 428 430 439 433 431 436 443 447 449 458 457 456 457 459 461 469 472 480 484 491 498 498 505 510 517 526 531 526 535 537 538 546 541 543 547 552 561 563 569 567 576 577 585 590 593 600 597 603 604 613 620
294 302 303 300 304 295 291 297 303 300 300 299 301 307 308 317 326 333 337 337 337 339 343 347 353 354 363 369 375 374 381 379 379 381 382 390 396 397 400 409 406 407 412 413 421 425 430 433 436 431 433 437 442 435 442 449 452 458 460 458 458 466 468 465 466 475 481 483 492 496 499 501 508 515 518 527 531 537 543 546 549 549 552 550 551 555 561 568 572 576 580 582 585 586 595 604 612 608 612 616
302 310 307 304 301 297 298 305 304 308 308 301 303 308 312 317 326 331 336 345 339 347 345 352 361 356 365 371 373 377 382 388 386 390 383 387 388 394 403 411 411 408 416 420 421 422 429 430 433 434 442 445 443 438 440 446 447 456 461 467 467 467 469 470 473 480 484 489 490 499 507 510 515 518 521 522 527 536 545 546 555 550 553 551 559 564 569 575 581 581 589 585 589 595 600 601 606 615 614 623
303 306 315 313 306 302 307 307 311 310 311 302 303 306 313 316 325 332 334 338 344 353 349 358 365 365 374 376 382 381 390 395 390 390 389 396 397 403 407 409 415 413 422 422 430 431 438 439 438 438 446 451 452 447 448 455 454 460 461 470 476 475 471 473 482 481 483 489 496 505 506 511 520 519 520 521 530 539 548 554 555 557 557 558 561 570 572 573 581 590 598 594 593 596 598 600 608 610 619 628
306 315 324 321 313 310 310 315 314 318 315 306 304 311 317 321 322 327 334 340 348 352 356 363 368 368 376 377 385 384 388 397 399 395 396 399 398 401 408 407 409 413 414 423 426 432 434 436 445 439 442 450 457 452 450 456 457 461 470 472 476 483 479 482 484 490 492 491 494 502 511 517 518 521 521 530 539 541 542 548 556 564 558 564 568 576 581 580 585 593 598 598 600 598 600 605 613 619 628 637
315 322 330 325 320 319 313 321 318 322 315 314 305 310 318 327 331 335 334 340 343 349 358 365 371 373 381 385 393 390 397 406 404 396 397 401 400 401 405 406 407 416 416 417 418 427 435 443 446 448 446 454 463 459 457 464 466 466 473 478 478 481 485 491 493 498 500 493 501 508 509 517 525 527 522 524 530 537 545 554 562 561 565 569 577 583 588 589 594 597 604 603 604 604 609 613 621 626 633 636
322 331 338 333 325 317 314 315 324 326 322 313 306 310 315 322 328 331 332 340 346 352 361 369 364 373 376 381 384 392 398 407 404 399 404 402 402 408 413 410 412 418 423 426 425 427 433 438 447 453 447 455 458 466 459 466 473 470 475 479 483 484 489 495 497 498 500 495 501 510 515 524 526 535 530 533 538 541 549 553 554 558 564 566 573 582 588 591 592 600 609 610 611 608 613 615 623 630 639 644
327 336 342 338 332 323 317 324 332 328 326 319 315 315 317 322 325 334 341 343 344 353 354 361 362 371 372 373 375 384 391 399 402 403 410 410 409 415 417 416 420 424 431 434 429 430 435 444 453 462 456 460 460 461 463 471 474 479 476 481 482 484 492 499 498 500 498 496 504 505 514 523 531 535 537 539 541 549 550 552 553 555 562 571 573 577 584 592 595 596 604 609 613 616 614 622 630 638 645 651
333 340 345 336 335 328 320 321 323 332 324 317 316 320 321 329 330 337 339 348 353 362 355 360 369 372 380 374 381 382 391 397 405 412 416 417 417 421 425 424 425 425 427 432 438 431 437 445 454 462 465 463 466 470 472 472 479 482 477 478 480 488 489 492 498 503 500 505 513 514 522 525 526 531 540 548 545 547 549 558 559 556 565 569 572 577 586 592 598 597 602 608 615 612 616 625 625 631 640 645
336 344 337 336 334 332 326 329 331 327 322 320 317 322 324 330 338 344 341 344 352 360 356 360 362 371 379 380 382 390 399 406 408 415 423 421 423 430 427 429 431 432 428 433 442 439 445 452 454 459 466 465 473 475 474 481 485 484 484 481 484 486 490 493 500 502 505 506 514 520 525 529 530 539 540 549 549 548 555 557 566 560 561 563 572 576 585 594 595 596 599 608 607 610 616 620 624 633 641 648
340 348 344 345 341 336 327 336 340 333 325 326 325 326 332 335 338 346 347 350 359 360 362 369 370 373 382 389 390 394 396 405 407 415 424 422 429 435 428 436 436 434 435 441 442 447 452 458 457 458 467 470 479 484 475 477 478 481 487 490 485 494 497 500 508 503 511 515 521 529 526 528 535 538 547 556 557 549 552 558 566 567 569 572 580 577 584 592 601 601 599 601 604 609 617 621 630 633 638 647
346 355 353 353 347 343 336 344 335 328 327 329 329 335 333 342 342 351 356 357 363 367 366 370 371 379 383 385 386 387 396 397 400 409 417 418 423 426 435 441 437 435 444 449 451 456 459 467 458 462 471 479 488 479 476 485 485 482 491 491 487 496 505 504 513 512 517 516 518 527 533 532 533 536 542 551 553 557 559 562 564 571 577 581 589 582 583 587 595 597 598 607 613 610 617 621 623 630 631 639
347 356 360 354 354 345 342 340 333 331 331 331 337 340 340 342 344 352 353 357 366 372 371 378 380 388 387 387 388 394 400 406 408 417 421 426 431 435 436 444 445 439 448 454 452 461 467 474 465 470 479 482 485 481 483 484 492 490 496 499 493 498 508 511 513 517 519 524 523 525 533 534 536 545 544 546 555 564 566 571 565 573 574 577 586 586 586 595 602 600 602 608 614 611 620 628 631 633 640 641
355 364 363 362 353 352 349 342 334 338 334 335 341 341 349 343 345 349 351 359 366 375 378 379 380 384 391 395 396 403 409 407 414 418 426 432 439 442 438 441 450 445 446 454 455 460 466 473 470 473 480 485 483 482 491 491 498 499 505 500 501 500 501 504 512 516 525 525 524 533 542 535 541 548 548 552 561 563 567 570 573 574 582 581 585 590 591 594 601 609 606 610 611 619 621 627 628 637 639 648
364 373 364 361 357 351 350 345 338 347 339 338 347 348 356 351 352 357 359 368 374 378 379 382 381 389 398 403 404 412 412 416 418 427 430 431 435 436 442 442 445 449 454 457 461 469 467 469 477 475 476 479 480 486 493 492 493 495 496 505 510 507 507 509 519 525 527 526 530 532 539 540 544 545 547 556 565 568 575 578 575 575 581 589 587 588 597 595 604 610 615 613 619 624 630 628 630 631 638 645
373 373 371 362 360 360 357 348 342 345 342 347 352 349 355 360 361 366 361 362 370 379 388 391 389 397 406 411 413 418 421 420 423 424 429 433 434 438 440 441 450 452 454 463 462 470 471 473 479 479 485 482 483 486 494 501 501 503 497 498 502 511 513 510 511 516 523 527 534 541 548 542 550 553 550 553 557 559 567 571 575 580 584 589 589 597 603 604 608 615 616 621 620 627 628 631 631 636 643 650
382 376 378 369 362 363 360 355 346 350 346 351 360 357 362 364 364 372 363 367 376 377 385 386 390 391 400 409 415 420 425 424 426 432 438 439 439 447 444 444 448 456 461 470 466 467 476 477 478 487 485 484 492 487 495 501 507 511 503 499 505 506 510 519 516 525 531 529 539 543 549 543 551 557 557 554 559 567 574 580 584 584 590 596 598 599 604 609 615 622 617 623 629 635 633 632 632 638 640 646
386 385 384 378 371 370 362 355 351 352 351 352 361 366 371 367 372 369 365 373 382 381 387 392 397 399 407 410 419 420 428 425 431 439 446 441 446 453 451 452 453 461 467 471 468 476 483 482 487 492 494 492 492 489 495 504 513 513 506 506 514 514 515 518 522 525 532 530 536 541 548 552 552 557 566 563 560 564 565 571 576 584 588 597 606 607 613 610 618 625 626 627 630 638 641 641 639 647 646 647
394 394 393 384 380 379 371 364 355 353 360 353 355 364 369 375 381 378 373 375 376 385 388 397 398 407 411 411 416 425 434 433 436 440 449 447 448 456 458 458 459 468 475 479 476 485 485 483 489 498 498 501 494 490 499 505 507 509 508 509 517 522 523 525 530 532 538 539 538 547 552 558 561 566 567 572 565 572 572 574 581 586 594 602 608 615 622 616 617 625 629 635 636 644 648 650 647 656 655 651
397 389 388 384 381 384 375 366 361 362 357 356 359 360 365 366 375 377 379 383 385 387 391 399 401 410 412 417 424 433 435 438 438 439 447 455 457 458 461 467 462 463 472 479 485 487 493 484 485 492 501 507 503 497 506 514 512 515 509 515 522 528 531 532 539 534 543 544 539 547 555 564 569 574 575 581 572 581 573 576 584 591 596 597 605 614 615 617 626 631 637 644 643 644 651 658 649 654 663 655
405 396 395 387 379 378 376 368 365 361 360 365 360 369 367 375 382 380 387 389 394 388 397 405 408 415 419 425 432 440 444 444 447 441 444 448 454 456 464 465 463 464 469 470 478 486 492 493 492 496 504 505 512 506 515 520 517 524 517 523 531 534 538 540 547 541 550 549 546 554 562 564 564 573 579 583 575 578 579 585 588 589 596 602 603 605 612 620 628 636 644 646 651 645 652 653 658 662 663 664
412 403 395 395 387 384 375 368 367 363 365 374 369 376 369 370 373 380 381 384 387 395 399 406 408 412 421 427 436 445 449 453 445 443 444 451 460 461 468 469 469 465 468 472 475 482 490 495 494 503 504 508 509 507 515 523 521 530 521 522 530 535 539 541 550 546 550 550 548 557 565 562 563 565 573 574 578 587 587 587 588 591 599 605 607 608 617 625 626 633 641 649 649 647 653 661 659 668 672 670
405 402 393 393 384 375 374 373 373 369 367 375 377 374 372 375 380 386 390 386 390 392 401 404 410 418 419 426 433 442 447 450 453 444 445 447 453 462 469 478 478 474 477 474 482 490 495 498 501 502 511 516 518 514 523 526 526 531 530 525 532 539 542 546 554 555 558 554 551 553 555 559 562 563 572 576 586 589 592 591 589 594 603 610 616 613 622 629 635 641 646 652 652 656 661 662 665 670 675 678
397 393 390 388 387 379 381 374 374 375 376 383 378 379 376 383 387 395 397 388 389 392 400 401 402 409 412 421 425 434 443 444 445 447 454 456 462 469 476 485 484 483 485 483 491 499 504 500 506 505 506 515 516 517 526 530 531 536 537 533 540 548 550 555 563 562 558 556 553 559 563 567 571 572 578 580 590 597 599 599 598 598 603 611 619 622 630 632 639 644 653 661 661 662 670 668 668 669 673 681
406 399 399 396 389 387 379 375 381 379 380 382 387 387 384 391 388 389 398 397 393 400 405 410 403 412 420 425 432 438 439 446 452 454 452 460 469 468 472 479 483 492 493 490 497 498 503 501 508 514 513 517 518 526 527 529 537 545 546 540 548 554 559 564 564 569 564 564 556 565 571 568 574 581 585 582 592 600 607 602 601 607 606 614 622 631 634 635 637 640 647 656 653 654 661 670 672 673 680 686
410 402 402 398 389 385 384 384 389 380 385 389 392 393 388 397 389 398 404 406 401 402 407 414 411 414 421 427 434 439 442 440 443 448 450 454 463 465 471 472 480 489 494 491 496 504 505 510 517 523 515 524 520 525 531 536 542 550 551 547 556 556 561 564 571 577 570 567 559 568 576 570 573 580 584 586 590 595 603 603 605 606 609 618 623 630 635 642 646 646 639 648 652 654 663 672 681 680 683 692
413 406 403 406 398 394 393 393 390 389 392 396 400 394 397 393 390 398 406 407 409 404 413 416 414 419 420 425 429 430 434 438 446 455 453 454 461 465 470 471 480 489 495 493 496 505 511 513 516 525 524 533 529 526 534 541 542 543 545 549 553 560 568 565 574 576 570 566 562 566 574 578 574 580 588 593 591 593 594 597 599 608 615 619 620 627 626 634 641 642 637 646 649 658 664 668 677 681 682 691
420 414 411 413 404 399 402 400 399 392 393 402 407 400 406 400 399 400 405 412 418 413 422 417 419 427 429 428 437 439 439 447 450 458 462 460 469 474 477 480 483 484 493 496 503 511 519 516 524 531 531 538 531 535 537 542 546 546 553 557 556 562 571 574 578 583 577 572 563 572 574 579 576 585 592 599 593 595 602 604 602 607 608 615 617 621 625 627 632 633 634 643 648 651 658 667 672 673 681 683
428 423 420 422 413 406 404 401 402 393 402 405 413 405 412 403 408 402 411 413 422 414 416 423 422 431 432 429 431 435 444 453 455 459 468 467 474 481 481 487 492 493 500 501 508 513 517 520 524 533 533 538 533 542 538 547 554 548 555 564 561 569 575 583 579 583 576 575 567 576 583 587 580 587 591 591 600 603 610 605 607 612 614 623 624 623 627 628 636 636 637 646 648 657 666 670 675 681 687 684
436 430 424 415 414 413 411 402 404 396 405 411 417 414 414 405 411 405 412 417 425 423 425 432 429 435 441 438 434 443 446 448 457 458 467 475 482 488 487 488 490 498 505 504 508 515 517 523 532 541 534 543 542 551 543 551 556 557 560 569 567 571 577 584 588 584 583 576 575 582 590 588 582 583 584 589 598 606 613 608 611 615 618 626 631 624 631 637 643 639 645 646 654 662 663 672 681 682 687 690
433 426 417 416 421 421 412 403 411 403 410 414 420 417 423 414 414 411 418 419 422 423 429 435 431 432 436 444 436 445 447 456 462 463 472 480 481 490 496 494 499 507 512 513 510 512 518 527 533 540 535 536 538 546 544 546 552 553 561 567 568 562 571 578 583 576 585 582 584 591 599 590 587 590 588 592 600 604 611 614 620 623 626 631 628 626 628 633 635 642 645 651 658 661 668 677 686 689 696 699
433 424 423 424 428 419 414 405 412 412 418 423 424 419 426 421 423 420 419 420 423 424 432 441 439 434 443 441 438 439 442 449 458 464 469 478 481 485 492 499 500 508 512 513 511 516 519 528 530 532 540 545 539 548 551 547 550 553 557 559 560 561 565 574 580 575 583 589 591 600 604 597 596 594 591 594 602 610 616 623 626 632 633 640 636 631 635 642 642 648 648 649 658 665 674 682 689 690 699 706
439 430 432 429 429 420 420 414 413 421 419 422 429 420 429 430 431 429 428 429 424 432 438 447 440 435 443 445 447 441 450 458 465 465 469 475 476 483 486 491 498 507 515 516 519 524 528 536 531 539 540 545 547 555 557 555 555 557 565 564 564 562 570 571 572 574 579 585 586 592 601 605 604 603 599 602 605 609 618 622 623 627 633 642 637 632 635 642 645 650 654 656 657 666 674 676 682 689 692 697
436 433 435 436 430 429 422 415 419 421 424 424 427 428 435 433 437 434 429 429 427 428 430 439 448 444 448 453 449 450 458 462 471 474 476 477 482 487 488 492 501 508 512 515 524 532 531 540 538 544 549 554 550 556 562 563 556 564 572 566 573 571 575 578 579 576 577 583 592 595 599 602 608 604 601 605 606 608 613 615 624 632 639 640 639 639 638 639 643 648 650 659 664 668 669 677 679 688 696 700
445 437 442 445 439 438 431 424 425 426 432 432 428 431 440 434 439 436 434 437 428 437 438 447 455 451 449 458 451 457 466 471 480 483 481 485 487 492 497 493 498 504 505 514 519 526 530 539 541 542 545 550 558 557 559 565 565 571 580 571 578 579 582 584 588 584 586 592 600 603 604 609 613 609 603 612 608 615 614 623 629 633 636 645 645 647 642 647 644 652 659 668 667 668 677 683 681 686 688 691
446 445 451 446 447 443 434 430 426 431 435 433 431 432 440 442 446 438 437 445 436 437 438 447 453 452 456 465 456 465 466 475 483 492 488 486 495 498 497 496 497 503 512 519 528 535 535 543 549 543 544 553 559 566 566 572 572 572 580 579 584 582 584 593 592 585 591 594 595 596 597 603 611 610 611 615 617 617 623 625 631 636 640 641 643 651 651 651 645 649 651 660 661 670 676 677 681 682 691 699
452 450 458 453 445 442 436 434 433 432 440 441 438 438 445 451 451 447 439 448 442 446 447 448 452 456 460 461 458 467 471 480 485 494 493 487 493 500 506 503 503 509 517 524 528 537 541 543 552 547 553 555 562 567 570 573 577 574 578 581 586 590 590 593 596 587 596 602 604 600 602 604 609 616 614 623 625 626 626 626 628 637 646 642 649 656 657 653 649 655 657 658 660 661 667 675 676 681 689 693
461 459 459 451 447 438 437 442 441 437 438 439 444 443 449 458 455 446 445 454 449 455 456 453 461 459 460 461 461 469 474 483 489 490 499 492 499 508 505 504 512 510 515 524 533 539 548 551 560 555 561 564 570 576 579 579 586 583 584 582 587 594 599 599 598 589 591 595 600 605 610 607 611 612 615 622 631 627 631 627 631 632 639 647 655 661 665 656 654 658 665 664 669 663 670 676 681 680 681 684
468 459 451 450 441 440 445 446 442 445 443 441 450 444 452 453 462 455 450 453 450 454 463 457 465 460 468 469 469 470 472 480 483 489 498 501 508 512 514 507 511 519 523 532 541 548 555 558 559 557 559 568 571 579 580 587 593 592 589 590 596 598 604 600 602 598 592 599 603 607 608 616 619 619 624 629 638 635 632 631 639 634 637 639 647 656 656 665 660 665 671 673 674 665 666 667 672 678 686 685
465 458 451 450 442 446 454 450 451 449 452 450 455 447 454 454 459 462 453 457 452 461 470 464 473 467 476 471 473 477 478 486 485 491 500 504 513 513 518 512 518 526 529 537 546 551 560 567 566 562 566 575 579 584 587 590 596 600 592 591 600 607 609 609 605 597 595 603 610 613 616 622 627 628 632 634 638 636 641 636 644 635 638 639 647 649 652 660 668 666 671 672 671 668 672 670 680 680 684 692
470 464 455 451 451 449 451 451 460 451 457 459 457 448 457 463 462 461 454 461 460 463 470 469 474 473 480 475 476 481 483 492 494 500 501 510 513 522 523 519 527 531 536 538 545 546 555 564 571 570 567 576 584 585 590 597 602 609 600 594 600 609 618 618 609 602 601 609 613 622 624 629 636 629 637 637 638 639 646 637 646 643 647 648 656 653 661 669 675 674 672 680 676 675 680 676 679 681 690 697
470 462 456 459 457 456 453 456 459 452 456 465 460 457 466 464 464 470 463 466 466 472 479 473 480 474 483 480 485 483 485 492 499 504 506 509 518 525 525 528 533 538 539 539 545 549 556 565 569 576 568 576 585 594 594 597 602 609 609 603 609 616 621 620 618 610 610 615 621 630 625 634 639 635 642 643 644 640 649 642 651 651 656 657 662 654 663 671 680 683 680 686 677 680 683 683 686 682 683 687
472 465 465 466 465 462 462 463 454 453 461 464 467 458 463 468 472 471 470 468 468 470 476 481 480 479 480 489 493 490 494 493 501 509 515 511 520 521 529 526 535 539 548 544 549 558 562 564 572 576 575 581 585 586 595 604 603 604 610 608 615 624 630 623 617 614 616 623 630 633 631 640 644 636 643 651 645 643 646 643 650 653 662 666 669 662 669 673 682 689 688 690 682 688 688 687 692 684 691 693
475 469 470 474 466 470 469 467 460 458 465 465 474 467 472 477 481 477 475 474 476 472 480 488 489 480 488 489 497 495 502 499 506 512 519 512 519 524 532 525 526 535 544 553 558 555 555 560 566 567 568 572 576 578 587 596 605 613 615 617 616 625 630 631 625 617 625 632 634 635 639 642 650 644 649 654 653 644 652 652 654 662 668 672 672 664 673 682 686 694 697 694 689 695 694 696 700 693 697 694
478 478 472 475 471 478 470 468 467 467 467 474 476 469 478 485 490 485 476 475 478 475 483 485 494 487 488 496 499 504 511 508 508 517 524 516 518 520 523 524 526 530 538 546 552 553 554 556 565 573 574 581 584 587 590 598 605 614 622 618 624 633 634 636 631 625 634 640 641 636 641 648 651 649 652 653 656 652 660 661 663 663 671 672 673 665 672 679 687 688 695 702 695 696 703 705 704 700 705 703
