  0 274 268 273 276 272 281 283 286 294 293 289 287 295 299 299 293 294 298 297 300 309 317 317 326 328 329 334 337 338 342 339 340 349 350 356 356 363 364 365 373 376 385 386 392 392 396 398 406 410 413 415 424 433 433 441 441 449 452 457 466 458 460 468 477 475 479 487 488 494 503 512 519 521 528 530 533 531 536 531 536 544 548 556 558 567 575 584 581 587 593 594 595 601 609 615 616 612 618 627
  8 267 266 267 267 271 272 279 284 285 288 280 285 286 290 297 292 295 293 294 297 303 308 316 325 327 325 327 333 341 333 335 339 346 347 356 355 361 367 374 374 375 381 385 393 388 391 393 398 402 404 410 418 425 427 434 437 441 443 451 460 452 460 469 473 472 479 482 490 498 506 505 510 513 520 525 525 522 531 528 530 539 548 552 560 569 574 582 579 586 584 590 597 597 606 606 607 608 617 624
 16 259 257 266 264 273 265 271 276 278 280 278 276 279 284 291 284 287 288 295 304 310 317 316 320 322 321 327 330 334 328 332 340 347 356 361 354 359 359 367 374 380 372 377 384 382 390 396 404 402 406 415 419 421 426 434 437 436 443 450 458 450 458 461 465 470 477 479 485 491 500 502 510 510 511 519 520 521 522 526 529 538 547 548 555 564 565 574 570 577 582 587 588 596 597 600 607 608 609 615
 17 263 256 258 259 264 262 263 267 275 277 272 274 275 277 284 282 287 289 298 303 308 313 308 314 315 320 322 323 325 327 336 344 349 358 352 352 353 358 359 365 371 369 371 380 379 387 392 395 401 406 409 413 420 426 429 430 434 442 441 449 449 450 456 465 469 476 478 486 495 495 504 506 506 515 515 524 521 527 530 538 542 540 541 547 556 558 567 566 568 573 581 584 587 591 595 603 612 613 621
 26 263 255 252 258 259 261 268 273 272 268 269 277 279 277 275 279 288 293 298 306 301 304 304 307 311 311 313 315 318 323 332 339 340 349 346 345 354 359 351 360 362 363 370 371 378 387 392 400 406 413 406 408 417 419 426 435 436 436 438 444 443 451 460 462 466 473 478 482 490 487 495 497 505 507 508 517 518 520 521 530 538 539 542 548 550 558 559 560 564 571 573 575 584 590 598 602 611 619 628
 28 257 248 246 249 250 259 268 267 263 261 263 272 270 268 274 282 287 292 292 300 297 303 302 306 312 310 315 314 315 320 323 330 339 340 347 342 347 353 348 353 356 362 370 371 377 380 386 392 398 405 403 411 412 421 425 427 431 432 435 439 442 446 451 460 462 466 470 479 481 486 487 496 502 510 508 517 526 526 529 530 539 546 543 552 551 559 564 569 573 573 579 576 581 587 590 599 608 613 619
 29 249 240 240 245 249 258 264 259 261 252 259 264 261 262 268 275 281 283 290 292 288 295 299 297 304 308 310 311 318 326 320 327 334 341 338 340 341 344 345 352 353 361 365 369 377 379 382 389 391 400 401 405 410 412 418 420 425 434 437 438 441 446 455 463 470 469 473 477 478 479 486 493 494 502 507 511 517 524 528 530 533 538 546 555 560 568 572 571 578 580 581 580 588 594 591 593 601 608 611
 33 242 236 239 248 251 255 258 251 259 251 256 262 260 268 268 276 274 283 286 289 286 294 301 296 295 300 301 309 314 318 319 323 330 333 337 346 349 351 348 357 361 369 374 371 374 376 380 386 395 399 401 409 418 414 418 421 423 429 432 434 436 438 447 455 464 471 471 474 480 488 494 502 495 504 504 505 510 519 521 522 530 535 541 550 556 564 573 577 586 588 586 589 593 597 593 601 602 611 615
 41 236 235 237 241 242 247 250 249 257 249 249 258 259 262 267 268 273 281 277 282 284 292 294 298 292 296 303 312 321 317 317 321 325 332 341 340 345 352 357 364 363 366 368 371 380 382 389 392 395 398 401 406 413 420 424 430 431 437 441 437 443 441 450 459 465 468 470 477 479 487 496 502 497 500 502 505 509 510 513 520 528 534 539 544 553 561 564 568 577 583 592 592 601 605 601 610 610 610 618
 42 228 232 229 234 237 246 244 243 252 245 246 251 258 264 273 270 266 275 276 284 280 289 296 289 291 295 304 311 315 308 316 321 324 330 338 333 339 347 356 359 359 367 369 373 375 384 393 395 397 396 405 407 414 422 430 434 436 440 441 441 450 447 454 456 464 468 475 476 484 485 492 497 505 509 504 505 514 519 517 526 527 536 545 549 553 559 567 575 577 578 586 595 596 604 609 613 616 609 615
 51 223 230 222 230 232 238 238 240 246 244 250 251 250 256 265 270 261 266 268 275 279 285 288 287 296 296 300 302 309 307 312 314 321 322 329 331 335 342 351 356 358 365 373 380 381 384 388 390 390 395 403 404 409 414 423 426 428 431 432 435 442 448 449 450 456 462 466 473 478 487 489 495 504 509 508 511 520 527 522 530 536 538 542 551 557 563 571 578 585 586 587 596 600 601 603 606 607 608 616
 56 218 227 221 229 237 230 237 238 239 237 241 242 246 247 256 264 259 268 269 278 274 281 289 285 294 299 302 311 306 305 311 310 319 327 331 330 333 340 344 347 349 357 364 372 375 375 379 381 389 397 405 405 414 415 423 428 436 436 439 444 449 453 454 453 460 466 471 474 479 483 492 498 507 508 516 520 528 528 531 534 539 540 543 551 556 564 569 569 578 579 587 588 592 601 602 610 616 616 619
 58 215 218 220 222 228 222 231 238 234 235 242 250 247 253 254 255 256 265 268 269 273 275 282 284 285 293 302 311 308 301 303 309 312 319 328 329 331 340 342 345 347 351 358 366 367 368 371 380 385 389 398 405 412 417 423 429 433 437 446 453 454 455 463 460 468 474 469 477 486 492 486 495 502 503 509 516 521 530 534 543 538 540 543 546 553 561 564 567 572 576 583 589 595 602 610 605 614 622 628
 66 211 213 218 216 219 217 225 229 233 242 243 245 238 247 254 259 265 269 270 278 276 281 282 291 294 300 294 303 299 300 308 317 320 320 324 330 338 341 345 354 354 359 364 365 370 377 380 381 387 396 403 404 405 414 420 421 426 433 441 447 455 462 471 463 467 466 468 469 478 483 484 493 501 510 514 515 522 527 526 535 536 542 549 555 555 557 561 562 563 570 577 580 589 593 602 604 613 616 623
 73 210 204 210 207 211 213 222 221 230 236 241 238 234 241 249 250 256 261 262 270 279 276 277 284 293 294 292 296 298 305 314 322 321 321 327 329 330 339 343 349 358 363 359 368 367 375 380 384 387 391 399 406 414 417 414 423 430 437 438 438 446 454 463 457 458 465 467 470 479 482 487 494 496 504 506 509 516 519 525 531 540 543 551 551 553 562 560 561 569 572 580 581 583 592 597 606 615 613 618
 74 202 203 201 204 206 210 216 220 221 227 235 234 230 232 241 245 253 256 261 269 273 275 276 277 286 285 291 296 299 306 315 323 324 320 327 321 327 335 334 343 352 354 356 365 360 369 376 378 383 390 398 407 408 409 410 419 424 429 430 437 446 448 456 456 457 458 465 470 478 485 492 494 495 496 497 505 511 512 521 529 533 537 542 543 550 556 559 561 567 569 571 579 588 592 596 598 607 608 609
 83 197 194 200 201 207 209 216 218 220 223 230 237 229 233 242 251 249 257 256 261 265 272 267 274 277 281 288 292 300 309 317 317 321 319 318 318 324 329 333 339 348 357 355 361 358 361 367 374 376 381 390 399 408 409 414 421 425 430 433 438 446 446 447 455 460 466 474 471 480 488 489 492 501 503 502 511 512 520 524 532 528 529 537 546 553 554 561 567 572 576 573 581 586 591 594 597 604 607 615
 89 195 187 196 202 198 207 212 220 225 217 222 230 226 233 236 242 246 248 250 256 258 263 264 267 272 275 279 287 295 301 310 308 314 310 311 315 319 324 330 337 343 350 352 353 355 361 370 378 382 383 392 394 403 404 408 414 420 428 434 440 443 440 449 450 459 467 473 479 480 488 493 501 506 508 503 512 521 520 526 529 527 535 542 547 556 555 563 564 570 574 577 586 595 598 594 595 603 604 613
 93 189 185 191 198 196 202 209 213 216 215 221 224 225 234 234 238 243 252 253 255 253 254 258 259 268 269 270 278 286 295 304 301 305 306 314 323 325 327 333 334 341 348 357 355 362 366 375 384 389 384 388 390 394 403 408 415 416 424 430 434 439 438 445 454 455 462 471 473 481 483 492 493 498 499 508 507 513 512 517 520 523 530 539 542 549 558 567 565 572 571 578 579 586 593 593 602 606 612 617
 94 189 182 189 192 191 198 205 211 207 208 217 226 225 230 230 237 243 243 252 254 249 252 261 264 269 277 273 279 286 294 298 300 302 310 308 317 324 333 334 342 345 353 358 357 360 369 378 380 387 393 390 397 395 402 411 412 413 421 423 430 432 436 444 446 455 459 462 471 479 482 491 492 500 502 500 498 505 508 513 522 531 535 539 547 556 558 567 564 568 570 576 583 583 584 585 593 598 603 608
100 186 181 182 188 189 198 200 206 205 199 208 217 222 228 226 228 236 235 244 245 248 257 263 263 268 276 281 286 294 296 301 294 295 302 303 310 319 328 336 342 339 344 351 354 363 369 370 371 380 387 389 398 398 399 405 412 413 420 427 429 438 442 448 451 457 465 471 480 480 480 486 490 498 494 491 497 499 504 513 521 528 535 537 542 551 558 565 558 559 566 568 575 582 587 588 590 597 606 614
109 177 174 180 181 190 196 191 199 204 198 200 208 215 219 222 225 228 230 237 246 249 255 260 262 267 270 277 283 285 287 292 293 302 308 311 312 321 327 332 333 336 337 346 347 356 362 369 373 380 380 388 394 400 405 414 411 420 421 422 427 436 438 445 451 453 462 464 471 471 472 477 481 490 496 488 497 506 512 515 519 525 534 543 538 547 549 556 557 562 565 573 566 574 579 580 585 591 597 606
118 168 167 174 177 183 189 190 194 195 197 202 210 211 216 225 226 233 239 245 252 252 256 265 265 266 272 273 274 276 284 287 296 303 307 310 310 312 321 328 336 338 341 345 348 354 362 365 374 376 379 384 392 401 401 407 406 411 412 413 420 429 429 438 444 446 455 461 462 469 470 478 486 494 492 486 491 497 504 506 515 521 525 534 537 541 546 547 549 558 564 564 565 568 577 576 581 588 590 598
122 159 164 167 171 178 186 195 195 202 204 208 211 220 219 223 227 236 244 251 253 261 260 266 274 272 273 282 283 284 285 291 293 298 301 306 308 316 325 334 339 343 346 354 349 355 362 364 373 371 373 376 385 392 397 398 404 408 415 422 422 423 428 435 444 453 454 453 462 463 463 472 479 488 486 483 492 498 500 508 509 518 525 527 528 537 543 547 549 558 559 563 571 568 572 573 582 590 594 599
127 156 162 168 176 182 184 191 193 200 201 209 212 221 220 226 233 236 241 249 258 267 269 273 277 278 282 283 292 287 294 295 298 297 306 310 317 322 324 328 330 336 337 346 347 349 353 361 370 369 374 375 379 388 397 403 404 413 416 422 431 431 429 437 446 447 448 452 459 460 461 463 472 480 481 482 483 491 499 501 506 515 516 525 529 535 544 539 543 551 558 566 571 564 573 567 575 581 590 591
132 151 157 166 169 174 183 192 197 202 207 215 221 227 227 227 234 233 239 248 254 262 271 265 272 276 276 281 288 288 289 289 297 296 298 307 315 321 318 322 329 335 340 344 348 353 354 355 363 365 373 380 384 392 399 408 410 417 424 418 422 431 437 438 447 450 453 461 468 464 463 472 480 482 487 489 490 494 500 501 507 516 525 527 529 527 536 536 539 547 549 558 562 563 564 565 574 577 586 590
133 135 153 160 166 174 183 190 199 201 207 208 215 218 226 227 228 231 235 244 252 260 265 263 266 267 274 274 279 285 282 287 294 289 298 304 310 312 313 314 323 326 333 336 341 348 356 356 357 365 374 383 386 389 398 401 410 418 423 415 418 426 428 432 441 443 446 454 462 463 470 477 486 490 495 488 497 496 501 509 516 519 522 518 520 523 529 530 539 547 556 563 561 564 568 574 575 579 581 586
141 142 144 159 164 173 182 189 196 204 213 211 219 223 225 234 229 238 238 242 243 252 259 255 257 263 265 273 274 276 278 279 287 288 294 303 312 321 322 321 330 334 334 343 350 349 358 359 359 368 375 379 382 390 395 403 409 415 414 413 421 424 432 439 435 434 443 449 457 464 465 474 482 486 486 480 488 497 502 507 510 515 522 515 519 521 530 539 540 542 551 559 558 560 568 571 580 582 590 589
142 150 145 158 163 172 179 188 195 199 208 216 218 225 227 231 231 231 240 243 249 244 252 253 251 260 266 275 283 283 287 286 295 297 300 309 314 323 323 324 333 339 341 345 351 356 360 361 368 375 383 387 383 384 390 395 401 408 413 409 418 420 429 430 431 432 439 446 448 455 464 467 476 478 478 479 486 494 498 499 503 507 514 512 521 527 528 535 535 537 545 553 554 558 565 572 581 582 591 592
151 159 154 157 167 175 184 178 187 196 204 206 207 212 220 221 223 224 227 232 236 238 239 245 250 258 264 268 277 280 289 287 292 293 301 310 319 325 325 325 334 342 346 352 358 365 366 368 377 378 387 394 390 386 387 394 399 400 404 405 414 423 425 434 433 435 437 446 447 454 455 464 469 472 473 480 487 488 490 491 497 498 505 511 518 527 530 531 532 540 546 549 551 559 566 574 583 591 593 593
155 164 163 158 159 168 171 177 184 192 200 208 215 217 226 230 230 226 235 233 241 245 247 247 249 250 261 270 273 280 289 289 295 302 307 311 314 321 328 327 333 337 343 351 359 368 370 377 385 387 381 390 393 387 394 403 400 408 413 414 417 425 434 442 435 438 445 451 456 462 459 461 470 476 479 485 492 496 496 497 504 503 512 513 517 522 524 533 531 539 547 550 559 567 575 580 582 582 588 584
162 169 164 159 165 174 180 183 191 194 203 212 213 222 218 227 231 227 236 242 248 246 249 253 257 255 265 271 277 280 282 283 288 297 306 306 315 321 328 333 338 344 347 354 360 361 369 376 376 379 380 387 388 389 398 407 405 412 421 422 424 431 435 440 444 445 453 456 463 465 458 465 471 472 474 483 491 492 499 500 497 504 510 505 511 513 520 525 527 532 538 544 553 561 570 577 580 578 583 580
171 175 168 161 168 169 178 187 195 202 203 206 215 216 217 225 234 230 239 248 245 248 249 258 266 257 266 267 274 278 284 284 291 298 300 305 307 315 322 329 332 336 341 346 351 359 360 368 374 383 382 391 396 398 406 412 410 412 417 426 427 427 433 437 446 451 453 453 454 456 457 462 463 472 473 479 488 497 498 498 495 503 501 504 509 513 514 523 531 538 544 546 551 555 562 569 571 575 580 578
176 181 177 170 174 177 185 194 199 202 210 215 220 225 219 224 232 231 240 242 244 251 256 265 268 260 265 269 275 281 282 290 291 296 305 314 316 316 324 330 335 340 349 352 352 361 369 373 379 381 388 395 392 398 407 411 414 421 425 422 418 426 430 433 439 443 445 452 453 450 452 457 466 469 472 475 484 493 499 493 493 501 500 508 511 513 522 528 529 538 547 552 557 563 560 561 566 567 575 577
180 189 185 176 175 176 181 189 198 200 205 213 215 222 220 229 235 240 248 243 246 252 258 263 268 263 271 275 280 289 289 296 293 294 297 307 316 325 327 328 334 335 344 349 349 356 364 373 371 379 381 389 390 398 402 403 412 413 420 421 414 423 430 431 440 441 445 444 444 442 443 452 459 461 464 473 478 485 491 484 485 492 497 503 507 508 514 523 531 536 540 545 548 557 553 561 566 575 578 570
184 191 187 184 183 185 186 194 202 207 206 213 215 223 223 227 236 245 247 246 252 261 263 272 271 272 273 274 279 288 290 294 302 303 298 306 311 319 320 324 326 334 342 343 344 351 356 365 368 377 383 383 391 393 395 396 403 407 411 412 413 414 423 426 431 436 440 438 439 441 443 447 452 453 462 470 471 480 485 483 488 486 489 498 502 510 513 522 530 527 536 537 543 549 545 552 559 566 575 568
193 199 194 185 189 191 194 203 203 209 212 213 215 223 226 233 237 246 245 250 254 258 266 275 279 281 279 275 284 285 293 295 304 305 300 308 313 322 326 333 335 341 348 345 353 352 357 358 367 369 374 379 388 397 401 403 410 414 411 416 422 423 425 432 432 434 436 437 446 450 450 453 454 461 462 471 480 478 478 479 480 485 494 490 499 503 511 516 525 526 532 538 534 541 542 551 552 557 566 567
201 200 199 193 198 193 202 206 207 209 210 219 222 227 230 233 235 243 244 249 251 260 260 267 270 276 285 278 281 284 292 297 302 309 307 317 317 324 332 341 337 346 350 342 347 353 353 355 363 367 376 381 389 392 393 399 403 406 408 412 419 425 434 434 441 441 438 439 440 442 443 446 454 456 461 469 471 469 477 484 481 482 488 489 497 501 505 510 519 526 523 529 530 539 547 551 559 565 572 576
206 207 205 202 206 202 209 209 208 215 211 220 224 229 234 240 240 242 249 255 252 255 257 266 268 275 282 280 283 291 298 306 311 311 310 317 323 328 335 343 335 339 345 339 340 348 352 360 362 370 373 374 383 391 399 400 408 405 410 415 419 428 436 436 444 441 440 441 449 444 452 447 454 460 460 467 462 463 470 478 482 489 491 492 501 505 512 515 523 518 520 526 530 539 544 545 553 562 571 575
214 210 207 204 213 208 217 218 211 217 216 218 227 231 234 236 238 246 254 263 258 262 263 268 277 276 277 286 289 297 304 305 312 316 312 313 314 324 329 335 334 336 338 337 344 345 353 359 366 373 377 375 381 390 398 399 403 404 410 419 427 433 433 439 442 441 446 449 457 453 453 448 449 451 458 459 461 466 475 480 487 490 491 495 498 500 504 513 516 517 526 533 531 540 547 547 549 558 563 566
219 216 209 206 214 217 219 224 220 224 221 227 236 239 242 237 241 248 256 265 259 265 267 274 279 277 283 291 290 295 297 305 312 321 314 315 315 321 324 325 327 330 332 336 338 347 352 360 362 371 380 379 380 381 390 393 394 403 405 414 418 427 424 432 440 438 439 448 450 458 461 453 458 459 466 463 470 475 476 480 486 487 494 500 505 509 510 519 519 524 533 537 536 544 545 553 550 554 563 572
223 217 217 209 216 223 220 229 226 227 229 228 236 241 243 245 248 250 259 260 263 269 274 275 283 280 285 291 295 304 304 307 313 317 321 320 324 330 325 326 334 332 339 344 347 355 361 355 363 366 372 370 371 374 383 385 394 398 399 406 415 420 419 428 431 432 433 440 443 452 460 462 458 460 462 470 477 482 482 487 487 490 498 500 504 513 519 526 525 533 536 545 542 548 554 562 558 556 558 565
225 218 217 216 220 225 229 234 233 236 236 230 236 242 245 254 249 250 258 265 265 273 280 283 286 285 287 293 299 308 313 316 318 325 330 329 327 331 330 330 338 333 335 336 339 347 356 350 357 360 363 366 369 377 384 388 397 401 407 407 409 414 417 426 427 433 442 449 444 446 454 455 456 465 464 469 476 482 488 496 492 499 503 509 510 519 527 531 532 538 545 554 551 557 562 565 561 557 558 567
234 225 226 225 222 231 237 240 234 242 238 233 242 243 244 248 249 251 253 261 267 275 279 282 285 288 289 298 302 308 316 317 326 332 336 330 332 332 336 339 345 339 342 338 342 344 346 347 348 353 356 365 369 374 375 382 388 397 403 412 413 421 418 426 432 435 444 447 446 454 451 446 449 458 461 469 470 474 483 490 494 501 506 511 512 521 529 532 539 539 546 547 554 562 568 570 569 566 565 574
243 234 226 225 224 229 233 239 235 243 244 235 241 249 249 250 252 257 262 268 276 279 280 281 290 294 294 299 306 307 309 311 319 326 332 339 331 332 341 342 351 348 343 347 350 345 354 355 356 354 355 357 365 374 375 384 393 396 402 409 412 420 421 422 431 431 438 440 447 454 446 445 453 462 465 473 476 482 487 496 495 500 507 514 520 517 526 530 536 541 550 551 560 569 577 579 572 575 567 571
234 229 228 232 231 230 238 246 242 250 249 241 244 248 256 255 260 265 269 277 283 288 288 283 292 294 300 307 315 308 309 311 320 321 325 331 326 335 343 344 351 346 344 351 349 348 355 356 365 359 360 359 361 370 377 385 387 388 394 403 405 413 420 423 432 429 437 445 440 445 442 444 453 459 466 471 480 488 495 492 492 493 501 505 514 515 524 533 541 550 559 555 564 573 578 586 581 579 575 572
235 236 237 238 235 235 242 250 250 259 253 247 252 251 260 259 262 266 272 274 281 288 289 289 297 303 301 305 313 309 315 312 313 318 322 323 325 332 336 345 353 352 353 360 357 357 357 365 366 367 361 365 362 370 374 382 386 387 393 399 406 410 413 414 423 426 435 436 438 440 441 449 452 459 468 469 478 485 486 487 490 494 503 508 510 519 528 529 535 543 550 559 565 568 575 579 578 578 580 578
240 241 244 247 244 244 251 253 257 261 256 248 254 256 261 268 267 274 281 279 288 293 293 298 300 306 305 309 315 318 321 319 322 324 324 330 331 335 338 339 344 346 349 355 364 366 366 374 375 367 362 370 369 370 372 374 382 391 399 407 407 411 416 420 426 435 442 440 446 448 450 457 460 468 477 475 484 491 492 495 499 495 504 505 514 519 528 537 541 549 558 554 562 567 574 575 576 577 585 583
249 250 245 254 253 253 257 254 261 252 251 250 259 258 265 265 266 271 280 288 297 297 300 306 309 308 310 318 323 325 325 323 326 332 332 337 335 342 347 348 352 348 350 358 367 371 368 377 373 372 371 374 374 375 377 381 388 396 400 404 413 420 417 423 432 436 439 446 453 449 457 459 464 466 474 483 492 495 501 502 498 497 505 514 523 523 532 541 549 554 549 551 557 558 565 573 582 586 593 585
254 252 253 262 254 262 263 257 257 256 260 254 256 258 263 264 272 280 287 291 292 293 299 305 310 316 313 322 331 329 326 332 334 333 333 342 341 350 351 352 357 350 358 367 368 376 370 379 380 375 372 381 381 384 386 388 397 405 409 409 415 420 419 426 431 437 445 450 448 449 452 455 464 471 480 487 488 497 505 506 500 503 504 509 515 518 527 536 540 546 547 556 565 565 571 578 579 587 586 593
255 259 261 265 257 261 262 264 259 257 258 260 265 262 265 269 275 282 291 293 298 296 305 312 314 317 316 318 326 334 335 338 342 340 336 344 350 357 355 353 362 359 365 366 367 372 379 388 381 381 381 390 388 388 388 393 395 402 408 409 418 426 426 430 438 439 445 446 447 452 461 463 472 475 480 481 490 495 501 502 507 504 512 517 524 527 528 533 536 541 550 559 560 567 575 582 580 588 584 593
256 265 262 268 264 262 270 273 268 265 265 263 272 271 272 277 284 287 292 298 300 304 309 318 315 323 321 322 331 338 340 346 347 348 343 352 355 362 357 361 365 361 362 370 374 380 382 383 382 390 387 390 391 389 390 395 404 406 411 418 427 430 435 439 442 447 454 453 455 460 462 471 472 476 477 485 491 498 506 511 509 510 516 521 525 534 536 534 539 544 549 554 555 564 570 577 583 586 580 589
263 272 267 271 273 265 267 275 271 271 266 266 275 280 278 284 290 288 290 291 300 306 308 315 320 327 330 326 330 331 334 337 338 339 348 349 358 366 358 360 362 370 371 373 376 383 391 384 389 398 394 398 397 391 399 402 410 415 418 425 430 436 436 440 445 453 462 461 456 462 470 472 480 483 485 492 493 495 503 504 505 512 520 528 529 530 532 537 538 544 552 558 564 573 570 571 574 577 578 583
270 271 276 280 279 274 270 279 276 273 270 273 277 285 281 287 291 289 293 296 305 311 312 320 322 331 338 335 335 334 340 345 343 348 352 350 358 364 367 362 364 365 367 376 377 386 392 385 386 391 399 407 402 392 401 410 419 422 425 426 427 434 438 438 439 444 453 454 459 462 471 479 485 488 491 493 497 499 507 509 510 511 513 521 522 530 533 536 545 550 551 558 563 566 569 568 575 584 583 586
279 280 285 284 280 283 278 286 277 277 279 274 283 286 288 296 300 298 301 303 309 312 318 326 323 326 334 341 342 340 346 347 348 356 355 359 361 364 370 370 372 370 375 376 384 392 400 394 394 399 407 405 398 396 403 408 412 413 422 429 428 429 437 436 444 453 460 462 468 463 466 472 480 485 490 495 496 505 514 513 518 513 522 529 528 535 536 538 539 541 542 551 554 557 564 565 574 583 590 595
288 289 294 293 288 285 281 286 284 286 288 282 291 287 291 300 302 307 304 304 307 308 315 324 332 334 339 342 350 343 351 353 350 358 364 360 367 365 370 378 373 374 379 385 392 400 401 400 403 403 405 414 406 404 409 416 420 422 431 430 429 430 432 434 442 445 453 457 464 471 471 478 483 490 499 504 499 508 510 511 519 514 516 520 525 534 536 542 540 549 550 558 563 566 573 570 576 577 586 593
290 298 299 296 295 286 282 288 293 285 284 283 285 291 292 301 310 314 313 313 313 315 319 323 329 330 339 345 351 350 357 355 355 357 358 366 372 373 376 385 382 383 388 389 397 401 406 408 411 406 408 412 415 408 415 422 425 431 433 431 431 439 441 438 439 448 454 456 465 469 472 474 481 488 491 500 504 510 516 519 522 522 525 523 524 528 534 541 545 549 553 555 558 559 568 577 585 581 585 589
298 306 300 296 292 288 289 296 294 293 292 285 287 292 296 301 310 315 318 322 315 323 321 328 337 332 341 347 349 353 358 364 362 366 359 363 364 370 379 387 387 384 392 396 397 398 405 406 409 409 417 420 416 411 413 419 420 429 434 440 440 440 442 443 446 453 457 462 463 472 480 483 488 491 494 495 500 509 518 519 528 523 526 524 532 537 542 548 554 554 562 558 562 568 573 574 579 588 587 596
299 302 309 305 297 293 298 298 301 295 295 286 287 290 297 300 309 316 318 322 321 330 325 334 341 341 350 352 358 357 366 371 366 366 365 372 373 379 383 385 391 389 398 398 406 407 414 415 414 413 421 426 425 420 421 428 427 433 434 443 449 448 444 446 455 454 456 462 469 478 479 484 493 492 493 494 503 512 521 527 528 530 530 531 534 543 545 546 554 563 571 567 566 569 571 573 581 583 592 601
302 311 318 312 304 301 301 306 304 303 299 290 288 295 301 305 306 311 318 324 329 333 332 339 344 344 352 353 361 360 364 373 375 371 372 375 374 377 384 383 385 389 390 399 402 408 410 412 421 414 417 425 432 425 423 429 430 434 443 445 449 456 452 455 457 463 465 464 467 475 484 490 491 494 494 503 512 514 515 521 529 537 531 537 541 549 554 553 558 566 571 571 573 571 573 578 586 592 601 610
311 318 324 316 311 310 304 312 308 306 299 298 289 294 302 311 315 319 318 324 327 333 341 346 351 349 357 361 370 366 373 382 380 372 373 377 376 377 381 382 383 392 392 393 394 403 411 419 422 423 421 429 438 432 430 437 439 439 446 451 451 454 458 464 466 471 473 466 474 481 482 490 498 500 495 497 503 510 518 527 535 534 538 542 550 556 561 562 567 570 577 576 577 577 582 586 594 599 606 609
318 327 332 324 316 308 305 306 315 310 306 297 290 294 299 306 312 315 316 324 330 336 345 353 348 357 360 365 368 374 380 389 380 375 380 378 378 384 389 386 388 394 399 402 401 403 409 414 423 428 422 430 433 440 432 439 446 443 448 452 456 457 462 468 470 471 473 468 474 483 488 497 499 508 503 506 511 514 522 526 527 531 537 539 546 555 561 564 565 573 582 583 584 581 586 588 596 603 612 617
323 332 335 329 323 314 308 315 321 312 310 303 299 299 301 306 309 318 325 327 328 337 338 345 346 355 356 357 359 368 375 383 382 379 386 386 385 391 393 392 396 400 407 410 405 406 411 420 429 437 431 435 435 436 436 444 447 452 449 454 455 457 465 472 471 473 471 469 477 478 487 496 504 508 510 512 514 522 523 525 526 528 535 544 546 550 557 565 568 569 577 582 586 589 587 595 603 611 618 624
329 336 336 327 326 319 311 312 314 317 308 301 300 304 305 313 314 321 323 332 337 346 339 344 353 356 364 358 365 366 375 381 389 388 392 393 393 397 401 400 401 401 403 408 414 407 413 421 430 438 440 438 441 445 445 445 452 455 450 451 453 461 462 465 471 476 473 478 486 487 495 498 499 504 513 521 518 520 522 531 532 529 538 542 545 550 559 565 571 570 575 581 588 585 589 598 598 604 613 618
332 336 328 327 325 323 317 320 319 311 306 304 301 306 308 314 322 328 325 328 336 344 340 344 346 355 363 364 366 374 383 390 392 395 400 397 399 406 403 405 407 408 404 409 418 415 421 428 430 435 442 440 448 450 447 454 458 457 457 454 457 459 463 466 473 475 478 479 487 493 498 502 503 512 513 522 522 521 528 530 539 533 534 536 545 549 558 567 568 569 572 581 580 583 589 593 597 606 614 621
336 343 335 336 332 327 318 327 326 317 309 310 309 310 316 319 322 330 331 334 343 344 346 353 354 357 366 373 374 378 380 389 391 399 408 401 406 413 404 412 412 410 411 417 418 423 428 434 433 434 443 445 454 457 448 450 451 454 460 463 458 467 470 473 481 476 484 488 494 502 499 501 508 511 520 529 530 522 525 531 539 540 542 545 553 550 557 565 574 574 572 574 577 582 590 594 603 606 611 620
342 351 344 344 338 334 327 328 319 312 311 313 313 319 317 326 326 335 340 341 347 351 350 354 355 363 367 369 370 371 380 381 384 393 401 402 407 410 413 418 413 411 420 425 427 432 435 443 434 438 447 454 461 452 449 458 458 455 464 464 460 469 478 477 486 485 490 489 491 500 506 505 506 509 515 524 526 530 532 535 537 544 550 554 562 555 556 560 568 570 571 580 586 583 590 594 596 603 604 612
343 352 350 343 342 333 330 324 317 315 315 315 321 324 324 326 328 336 337 341 350 356 355 362 364 372 371 371 372 378 384 390 392 401 405 410 415 419 414 422 421 415 424 430 428 437 443 450 441 446 455 457 458 454 456 457 465 463 469 472 466 471 481 484 486 490 492 497 496 498 506 507 509 518 517 519 528 537 539 544 538 546 547 550 559 559 559 568 575 573 575 581 587 584 593 601 604 606 613 614
351 360 351 350 341 340 333 326 318 322 318 319 325 325 333 327 329 333 335 343 350 359 362 363 364 368 375 379 380 387 393 391 398 402 410 416 423 423 416 419 428 421 422 430 431 436 442 449 446 449 456 461 458 455 464 464 471 472 478 473 474 473 474 477 485 489 498 498 497 506 515 508 514 521 521 525 534 536 540 543 546 547 555 554 558 563 564 567 574 582 579 583 584 592 594 600 601 610 612 621
360 357 348 345 341 335 334 329 322 331 323 322 331 332 340 335 336 341 343 352 358 362 363 366 365 373 382 387 388 396 396 400 402 411 414 415 419 420 422 420 423 425 430 433 437 445 443 445 453 451 452 455 456 461 468 465 466 468 469 478 483 480 480 482 492 498 500 499 503 505 512 513 517 518 520 529 538 541 548 551 548 548 554 562 560 561 570 568 577 583 588 586 592 597 603 601 603 604 611 618
366 357 355 346 344 344 341 332 326 329 326 331 336 333 339 344 345 350 345 346 354 363 372 375 373 381 390 395 397 402 405 404 407 408 413 417 418 422 423 421 430 428 430 439 438 446 447 449 455 455 461 458 459 462 470 474 474 476 470 471 475 484 486 483 484 489 496 500 507 514 521 515 523 526 523 526 530 532 540 544 548 553 557 562 562 570 576 577 581 588 589 594 593 600 601 604 604 609 616 623
369 360 362 353 346 347 344 339 330 334 330 335 344 341 346 348 348 356 347 351 360 361 369 370 374 375 384 393 399 404 409 408 410 416 422 423 423 431 427 424 428 436 437 446 442 443 452 453 454 463 461 460 468 463 471 477 480 484 476 472 478 479 483 492 489 498 504 502 512 516 522 516 524 530 530 527 532 540 547 553 557 557 563 569 571 572 577 582 588 595 590 596 602 608 606 605 605 611 613 619
373 369 368 362 355 354 346 339 335 336 335 336 345 350 355 351 356 353 349 357 366 365 371 376 381 383 391 394 403 404 412 409 415 423 430 425 430 437 434 432 433 441 443 447 444 452 459 458 463 468 470 468 468 465 471 480 489 486 479 479 487 487 488 491 495 498 505 503 509 514 521 525 525 530 539 536 533 537 538 544 549 557 561 570 579 580 586 583 591 598 599 600 603 611 614 614 612 620 619 620
381 378 377 368 364 363 355 348 339 337 344 337 339 348 353 359 365 362 357 359 360 369 372 381 382 391 395 395 400 409 418 417 420 424 433 431 432 440 441 438 439 448 451 455 452 461 461 459 465 474 474 477 470 466 475 481 483 483 481 482 490 495 496 498 503 505 511 512 511 520 525 531 534 539 540 545 538 545 545 547 554 559 567 575 581 588 595 589 590 598 602 608 609 617 621 623 620 629 628 624
381 373 372 368 365 368 359 350 345 346 341 340 343 344 349 350 359 361 363 367 369 371 375 383 385 394 396 401 408 417 419 422 422 423 431 439 441 442 444 447 442 443 452 459 461 463 469 460 461 468 477 483 479 473 482 490 488 488 482 488 495 501 504 505 512 507 516 517 512 520 528 537 542 547 548 554 545 554 546 549 557 564 569 570 578 587 588 590 599 604 610 617 616 617 624 631 622 627 636 628
389 380 379 371 363 362 360 352 349 345 344 349 344 353 351 359 366 364 371 373 378 372 381 389 392 399 403 409 416 424 428 428 431 425 428 432 438 440 448 445 443 444 449 450 458 466 472 469 468 472 480 481 488 482 491 496 493 497 490 496 504 507 511 513 520 514 523 522 519 527 535 537 537 546 552 556 548 551 552 558 561 562 569 575 576 578 585 593 601 609 617 619 624 618 625 626 631 635 636 637
396 387 379 379 371 368 359 352 351 347 349 358 353 360 353 354 357 364 365 368 371 379 383 390 392 396 405 411 420 429 433 437 429 427 428 435 444 445 452 449 449 445 448 452 455 462 470 474 470 479 480 484 485 483 491 499 497 503 494 495 503 508 512 514 523 519 523 523 521 530 538 535 536 538 546 547 551 560 560 560 561 564 572 578 580 581 590 598 599 606 614 622 622 620 626 634 632 641 645 643
389 386 377 377 368 359 358 357 357 353 351 359 361 358 356 359 364 370 374 370 374 376 385 388 394 402 403 410 417 426 431 434 437 428 429 431 437 446 453 458 458 454 457 454 462 470 475 477 477 478 487 492 494 490 499 502 502 507 503 498 505 512 515 519 527 528 531 527 524 526 528 532 535 536 545 549 559 562 565 564 562 567 576 583 589 586 595 602 608 614 619 625 625 629 634 635 638 643 648 651
381 377 374 372 371 363 365 358 358 359 360 367 362 363 360 367 371 379 381 372 373 376 384 385 386 393 396 405 409 418 427 428 429 431 438 440 446 453 460 467 464 463 465 463 471 479 484 479 483 481 482 491 492 493 502 506 507 512 510 506 513 521 523 528 536 535 531 529 526 532 536 540 544 545 551 553 563 570 572 572 571 571 576 584 592 595 603 605 612 617 626 634 634 635 643 641 641 642 646 654
390 383 383 380 373 371 363 359 365 363 364 366 371 371 368 375 372 373 382 381 377 384 389 394 387 396 404 409 416 422 423 430 436 438 436 444 453 452 456 463 467 472 473 470 477 478 483 480 487 490 489 493 494 502 503 505 513 521 519 513 521 527 532 537 537 542 537 537 529 538 544 541 547 554 558 555 565 573 580 575 574 580 579 587 595 604 607 608 610 613 620 629 626 627 634 643 645 646 653 659
394 386 386 382 373 369 368 368 373 364 369 373 376 377 372 381 373 382 388 390 385 386 391 398 395 398 405 411 418 423 426 424 427 432 434 438 447 449 455 456 464 473 476 471 476 484 485 489 496 499 491 500 496 501 507 512 518 526 525 520 529 529 534 537 544 550 543 540 532 541 549 543 546 553 557 559 563 568 576 576 578 579 582 591 596 603 608 615 619 619 612 621 625 627 636 645 654 653 656 665
397 390 387 390 382 378 377 377 374 373 376 380 384 378 381 377 374 382 390 391 393 388 397 400 398 403 404 409 413 414 418 422 430 439 437 438 445 449 454 455 464 473 479 473 476 485 491 492 495 504 500 509 505 502 510 517 518 519 521 524 528 535 542 538 547 549 543 539 535 539 547 551 547 553 561 566 564 566 567 570 572 581 588 592 593 600 599 607 614 615 610 619 622 631 637 641 650 654 655 664
404 398 395 397 388 383 386 384 383 376 377 386 391 384 390 384 383 384 389 396 402 397 406 401 403 411 413 412 421 423 423 431 434 442 446 444 453 458 461 464 467 468 477 476 483 491 499 495 503 510 507 514 507 511 513 518 522 522 529 532 531 537 546 547 551 556 550 545 536 545 547 552 549 558 565 572 566 568 575 577 575 580 581 588 590 594 598 600 605 606 607 616 621 624 631 640 645 646 654 656
412 407 404 406 397 390 388 385 386 377 386 389 397 389 396 387 392 386 395 397 406 398 400 407 406 415 416 413 415 419 428 437 439 443 452 451 458 465 465 471 476 477 484 481 488 493 497 499 503 512 509 514 509 518 514 523 530 524 531 540 536 544 550 556 552 556 549 548 540 549 556 560 553 560 564 564 573 576 583 578 580 585 587 596 597 596 600 601 609 609 610 619 621 630 639 643 648 654 660 657
420 414 408 399 398 397 395 386 388 380 389 395 401 398 398 389 395 389 396 401 409 407 409 416 413 419 425 422 418 427 430 432 441 442 451 459 466 472 471 472 474 482 489 484 488 495 497 503 512 519 510 519 518 527 519 527 532 533 536 545 542 547 553 560 561 560 556 549 548 555 563 561 555 556 557 562 571 579 586 581 584 588 591 599 604 597 604 610 616 612 618 619 627 635 636 645 654 655 660 663
417 410 401 400 405 405 396 387 395 387 394 398 404 401 407 398 398 395 402 403 406 407 413 419 415 416 420 428 420 429 431 440 446 447 456 464 465 474 480 478 483 491 496 493 490 492 498 507 513 519 511 512 514 522 520 522 528 529 537 543 544 538 547 554 559 552 561 555 557 564 572 563 560 563 561 565 573 577 584 587 593 596 599 604 601 599 601 606 608 615 618 624 631 634 641 650 659 662 669 672
417 408 407 408 412 403 398 389 396 396 402 407 408 403 410 405 407 404 403 404 407 408 416 425 423 418 427 425 422 423 426 433 442 448 453 462 465 469 476 483 484 492 496 493 491 496 499 508 510 512 519 521 515 524 527 523 526 529 533 535 536 537 541 550 556 551 559 562 564 573 577 570 569 567 564 567 575 583 589 596 599 605 606 613 609 604 608 615 615 621 621 622 631 638 647 655 662 663 672 679
423 414 416 413 413 404 404 398 397 405 403 406 413 404 413 414 415 413 412 413 408 416 422 431 424 419 427 429 431 425 434 442 449 449 453 459 460 467 470 475 482 491 499 496 499 504 508 516 511 519 520 525 523 531 533 531 531 533 541 540 540 538 546 547 548 550 555 561 562 568 577 578 577 576 572 575 578 582 591 595 596 600 606 615 610 605 608 615 618 623 627 629 630 639 647 649 655 662 665 670
420 417 419 420 414 413 406 399 403 405 408 408 411 412 419 417 421 418 413 413 411 412 414 423 432 428 432 437 433 434 442 446 455 458 460 461 466 471 472 476 485 492 496 499 508 512 511 520 518 524 529 534 526 532 538 539 532 540 548 542 549 547 551 554 555 552 553 559 568 571 575 578 583 577 574 578 579 581 586 588 597 605 612 613 612 612 611 612 616 621 623 632 637 641 642 650 652 661 669 673
429 421 426 429 423 422 415 408 409 410 416 416 412 415 424 418 423 420 418 421 412 421 422 431 439 435 433 442 435 441 450 455 464 467 465 469 471 476 481 477 482 488 489 498 503 510 514 523 521 522 525 530 534 533 535 541 541 547 556 547 554 555 558 560 564 560 562 568 576 579 580 585 587 582 576 585 581 588 587 596 602 606 609 618 618 620 615 620 617 625 632 641 640 641 650 656 654 659 661 664
430 429 435 430 431 427 418 414 410 415 419 417 415 416 424 426 430 422 421 429 420 421 422 431 437 436 440 449 440 449 450 459 467 476 472 470 479 482 481 480 481 487 496 503 512 519 519 527 529 523 524 533 539 542 542 548 548 548 556 555 560 558 560 569 568 561 567 570 571 572 573 579 587 583 584 588 590 590 596 598 604 609 613 614 616 624 624 624 618 622 624 633 634 643 649 650 654 655 664 672
436 434 442 437 429 426 420 418 417 416 424 425 422 422 429 435 435 431 423 432 426 430 431 432 436 440 444 445 442 451 455 464 469 478 477 471 477 484 490 487 487 493 501 508 512 521 525 527 536 527 533 535 542 547 546 549 553 550 554 557 562 566 566 569 572 563 572 578 580 576 578 580 585 590 587 596 598 599 599 599 601 610 619 615 622 629 630 626 622 628 630 631 633 634 640 648 649 654 662 666
445 443 443 435 431 422 421 426 425 421 422 423 428 427 433 442 439 430 429 438 433 439 440 437 445 443 444 445 445 453 458 467 473 474 483 476 483 492 489 488 496 494 499 508 517 523 532 535 544 535 541 544 550 556 555 555 562 559 560 558 563 570 575 575 574 565 567 571 576 581 586 583 587 588 590 597 606 600 604 600 604 605 612 620 628 634 638 629 627 631 638 637 642 636 643 649 654 653 654 657
452 443 435 434 425 424 429 430 426 429 427 425 434 428 436 437 446 439 434 437 434 438 447 441 449 444 452 453 453 454 456 464 467 473 482 485 492 496 498 491 495 503 507 516 525 532 539 542 539 537 539 548 551 559 556 563 569 568 565 566 572 574 580 576 578 574 568 575 579 583 584 592 595 595 599 604 613 608 605 604 612 607 610 612 620 629 629 638 633 638 644 646 647 638 639 640 645 651 659 658
449 442 435 434 426 430 438 434 435 433 436 434 439 431 438 438 443 446 437 441 436 445 454 448 457 451 460 455 457 461 462 470 469 475 484 488 497 497 502 496 502 510 513 521 530 535 544 551 546 542 546 555 559 564 563 566 572 576 568 567 576 583 585 585 581 573 571 579 586 589 592 598 603 604 607 609 613 609 614 609 617 608 611 612 620 622 625 633 641 639 644 645 644 641 645 643 653 653 657 665
454 448 439 435 435 433 435 435 444 435 441 443 441 432 441 447 446 445 438 445 444 447 454 453 458 457 464 459 460 465 467 476 478 484 485 494 497 506 507 503 511 515 520 522 529 530 539 548 553 550 547 556 564 565 568 573 578 585 576 570 576 585 594 594 585 578 577 585 589 598 600 605 612 605 613 612 613 612 619 610 619 616 620 621 629 626 634 642 648 647 645 653 649 648 653 649 652 654 663 670
454 446 440 443 441 440 437 440 443 436 440 449 444 441 450 448 448 454 447 450 450 456 463 457 464 458 467 464 469 467 469 476 483 488 490 493 502 509 509 512 517 522 523 523 529 533 540 549 553 556 548 556 565 574 572 575 580 587 585 579 585 592 597 596 594 586 586 591 597 606 601 610 615 611 618 618 619 613 622 615 624 624 629 630 635 627 636 644 653 656 653 659 650 653 656 656 659 655 656 660
456 449 449 450 449 446 446 447 438 437 445 448 451 442 447 452 456 455 454 452 452 454 460 465 464 463 464 473 477 474 478 477 485 493 499 495 504 505 513 510 519 523 532 528 533 542 546 548 556 560 555 564 569 570 579 584 581 582 588 584 591 600 606 599 593 590 592 599 606 609 607 616 620 612 619 626 618 616 619 616 623 626 635 639 642 635 642 646 655 662 661 663 655 661 661 660 665 657 664 666
459 453 454 458 450 454 453 451 444 442 449 449 458 451 456 461 465 461 459 458 460 456 464 472 473 464 472 473 481 479 486 483 490 496 503 496 503 508 516 509 510 519 528 537 542 539 539 544 550 551 552 556 560 562 571 580 589 591 593 593 592 601 606 607 601 593 601 608 610 611 615 618 626 620 625 630 626 617 625 625 627 635 641 645 645 637 646 655 659 667 670 667 662 668 667 669 673 666 670 667
462 462 456 459 455 462 454 452 451 451 451 458 460 453 462 469 474 469 460 459 462 459 467 469 478 471 472 480 483 488 495 492 492 501 508 500 502 504 507 508 510 514 522 530 536 537 538 540 549 557 558 565 568 571 574 582 589 598 601 594 600 609 610 612 607 601 610 616 617 612 617 624 627 625 628 629 629 625 633 634 636 636 644 645 646 638 645 652 660 661 668 675 668 669 676 678 677 673 678 676
