  0 300 294 299 302 298 307 309 312 320 319 315 313 321 325 325 319 320 324 323 326 335 343 343 352 354 355 360 363 364 368 365 366 375 376 382 382 389 390 391 399 402 411 412 418 418 422 424 432 436 439 441 450 459 459 467 467 475 478 483 492 484 486 494 503 501 505 513 514 520 529 538 545 547 554 556 559 557 562 557 562 570 574 582 584 593 601 610 607 613 619 620 621 627 635 641 642 638 644 653
  8 293 292 293 293 297 298 305 310 311 314 306 311 312 316 323 318 321 319 320 323 329 334 342 351 353 351 353 359 367 359 361 365 372 373 382 381 387 393 400 400 401 407 411 419 414 417 419 424 428 430 436 444 451 453 460 463 467 469 477 486 478 486 495 499 498 505 508 516 524 532 531 536 539 546 551 551 548 557 554 556 565 574 578 586 595 600 608 605 612 610 616 623 623 632 632 633 634 643 650
 16 285 283 292 290 299 291 297 302 304 306 304 302 305 310 317 310 313 314 321 330 336 343 342 346 348 347 353 356 360 354 358 366 373 382 387 380 385 385 393 400 406 398 403 410 408 416 422 430 428 432 441 445 447 452 460 463 462 469 476 484 476 484 487 491 496 503 505 511 517 526 528 536 536 537 545 546 547 548 552 555 564 573 574 581 590 591 600 596 603 608 613 614 622 623 626 633 634 635 641
 17 289 282 284 285 290 288 289 293 301 303 298 300 301 303 310 308 313 315 324 329 334 339 334 340 341 346 348 349 351 353 362 370 375 384 378 378 379 384 385 391 397 395 397 406 405 413 418 421 427 432 435 439 446 452 455 456 460 468 467 475 475 476 482 491 495 502 504 512 521 521 530 532 532 541 541 550 547 553 556 564 568 566 567 573 582 584 593 592 594 599 607 610 613 617 621 629 638 639 647
 26 289 281 278 284 285 287 294 299 298 294 295 303 305 303 301 305 314 319 324 332 327 330 330 333 337 337 339 341 344 349 358 365 366 375 372 371 380 385 377 386 388 389 396 397 404 413 418 426 432 439 432 434 443 445 452 461 462 462 464 470 469 477 486 488 492 499 504 508 516 513 521 523 531 533 534 543 544 546 547 556 564 565 568 574 576 584 585 586 590 597 599 601 610 616 624 628 637 645 650
 28 283 274 272 275 276 285 294 293 289 287 289 298 296 294 300 308 313 318 318 326 323 329 328 332 338 336 341 340 341 346 349 356 365 366 373 368 373 379 374 379 382 388 396 397 403 406 412 418 424 431 429 437 438 447 451 453 457 458 461 465 468 472 477 486 488 492 496 505 507 512 513 522 528 536 534 543 552 552 555 556 565 572 569 578 577 585 590 595 599 599 605 602 607 613 616 625 634 639 641
 29 275 266 266 271 275 284 290 285 287 278 285 290 287 288 294 301 307 309 316 318 314 321 325 323 330 334 336 337 344 352 346 353 360 367 364 366 367 370 371 378 379 387 391 395 403 405 408 415 417 426 427 431 436 438 444 446 451 460 463 464 467 472 481 489 496 495 499 503 504 505 512 519 520 528 533 537 543 550 554 556 559 564 572 581 586 594 598 597 604 606 607 606 614 620 617 619 627 634 633
 33 268 262 265 274 277 281 284 277 285 277 282 288 286 294 294 302 300 309 312 315 312 320 327 322 321 326 327 335 340 344 345 349 356 359 363 372 375 377 374 383 387 395 400 397 400 402 406 412 421 425 427 435 444 440 444 447 449 455 458 460 462 464 473 481 490 497 497 500 506 514 520 528 521 530 530 531 536 545 547 548 556 561 567 576 582 590 599 603 612 610 612 615 619 623 619 627 627 627 630
 41 262 261 263 267 268 273 276 275 283 275 275 284 285 288 293 294 299 307 303 308 310 318 320 324 318 322 329 338 347 343 343 347 351 358 367 366 371 378 383 390 389 392 394 397 406 408 415 418 421 424 427 432 439 446 450 456 457 463 467 463 469 467 476 485 491 494 496 503 505 513 522 526 523 526 528 531 535 536 539 546 554 560 565 570 579 587 590 594 603 602 611 614 618 625 627 630 626 618 626
 42 254 258 255 260 263 272 270 269 278 271 272 277 284 290 299 296 292 301 302 310 306 315 322 315 317 321 330 337 341 334 342 347 350 356 364 359 365 373 382 385 385 393 395 399 401 410 419 420 422 421 430 432 439 447 455 459 461 465 466 466 475 473 480 481 489 493 499 499 507 508 515 520 528 534 530 531 540 545 543 552 553 562 569 574 578 584 592 594 596 596 604 613 609 617 619 621 624 617 623
 51 249 256 248 256 258 264 264 266 272 270 276 277 276 282 291 296 287 292 294 301 305 311 314 313 322 322 326 328 335 333 338 340 347 348 355 357 361 368 377 382 384 391 399 406 406 409 413 415 415 420 428 429 434 439 448 451 453 456 457 460 467 473 474 475 481 487 490 496 499 507 509 515 524 525 529 535 544 550 548 556 562 556 560 569 575 581 585 586 594 595 596 605 608 609 611 614 615 616 624
 56 244 253 247 255 263 256 263 264 265 263 267 268 272 273 282 290 285 294 295 304 300 307 315 311 320 325 328 337 332 331 337 336 345 353 357 356 359 366 370 373 375 383 390 398 400 400 404 406 414 422 430 430 439 440 448 450 457 458 464 469 474 478 479 478 485 491 486 489 494 498 507 513 522 520 528 537 541 542 551 555 555 554 557 565 570 578 577 577 586 587 595 596 600 609 610 618 624 624 627
 58 241 244 246 248 254 248 257 264 260 261 268 276 273 279 280 281 282 291 294 295 299 301 308 310 311 319 328 337 334 327 329 335 338 345 354 355 357 366 368 371 373 377 384 392 392 393 396 405 410 414 423 430 434 439 442 445 449 453 462 471 476 478 487 482 487 486 481 489 498 504 498 507 514 515 521 528 533 542 546 555 550 552 555 558 565 573 572 575 580 584 591 597 603 610 618 613 622 630 636
 66 237 239 244 242 245 243 251 255 259 268 269 271 264 273 280 285 291 295 296 304 302 307 308 317 320 326 320 329 325 326 334 343 346 346 350 356 363 366 370 379 380 385 388 389 391 400 405 404 410 419 425 426 427 436 436 437 442 449 457 463 471 476 484 475 479 478 480 481 490 495 496 505 513 522 526 527 534 539 538 547 548 554 561 567 563 565 569 570 571 578 585 588 597 601 610 612 621 624 631
 73 236 230 236 233 237 239 248 247 256 262 267 264 260 267 275 276 282 287 288 296 305 302 303 310 319 320 318 322 324 331 340 348 347 346 352 354 355 364 368 374 383 388 382 391 386 394 399 403 406 410 418 425 434 433 430 439 446 453 454 454 462 468 477 469 470 477 479 482 491 494 499 506 508 516 518 521 528 531 537 543 550 551 559 559 561 570 568 569 577 580 588 589 591 600 605 614 623 621 626
 74 228 229 227 230 232 236 242 246 247 253 261 260 256 258 267 271 279 282 287 295 299 301 302 303 312 311 317 322 325 332 341 349 349 345 352 346 352 360 359 368 377 379 379 388 379 388 395 397 402 409 417 426 426 425 426 435 440 445 446 453 462 460 468 468 469 470 477 482 490 497 504 506 507 508 509 517 523 524 533 541 541 545 550 551 558 564 567 569 575 577 579 587 596 600 604 606 615 616 617
 83 223 220 226 227 233 235 242 244 246 249 256 263 255 259 268 277 275 283 282 287 291 298 293 300 303 307 314 318 326 335 343 342 346 344 343 343 349 354 358 364 373 382 377 380 377 380 386 393 395 400 409 418 427 424 429 436 439 444 447 452 460 458 459 467 472 478 486 483 492 500 501 504 513 515 514 523 524 532 536 544 536 537 545 554 561 562 569 575 580 584 581 589 594 599 602 605 612 615 623
 89 221 213 222 228 224 233 238 246 251 243 248 256 252 259 262 268 272 274 276 282 284 289 290 293 298 301 305 313 321 327 336 333 339 335 336 340 344 349 355 362 368 375 374 372 374 380 389 397 401 402 411 409 418 419 423 429 434 442 448 452 455 452 461 462 471 479 485 491 492 500 505 510 514 516 515 524 530 528 534 537 535 543 550 555 564 563 571 572 578 582 585 594 603 606 602 603 611 612 621
 93 215 211 217 224 222 228 235 239 242 241 247 250 251 260 260 264 269 278 279 281 279 280 284 285 294 295 296 304 312 321 330 326 330 331 339 348 350 352 358 359 364 371 379 371 378 383 392 401 406 403 403 405 409 418 423 430 428 436 442 446 451 450 457 466 467 474 483 485 493 493 502 501 506 507 516 515 521 520 525 528 531 538 547 550 557 566 575 573 580 579 586 587 594 601 601 610 614 620 625
 94 215 208 215 218 217 224 231 237 233 234 243 252 251 256 256 263 269 269 278 280 275 278 287 290 295 303 299 305 312 320 324 325 327 335 333 340 347 356 353 361 357 365 370 369 372 381 390 392 399 404 399 406 407 414 423 424 425 433 435 442 444 448 456 458 467 471 474 483 491 491 500 500 508 510 508 506 513 516 521 530 539 543 547 555 564 566 575 572 576 578 584 591 591 592 593 601 606 611 616
100 212 207 208 214 215 224 226 232 231 225 234 243 248 254 252 254 262 261 270 271 274 283 289 289 294 302 307 312 320 322 326 319 320 327 328 331 340 348 352 354 351 356 363 366 375 381 382 383 392 395 397 406 409 410 416 423 424 431 437 437 446 452 458 463 467 475 481 488 488 488 494 498 506 502 499 505 507 512 521 529 536 543 545 550 559 566 573 566 567 574 576 583 590 595 596 598 605 614 622
109 203 200 206 207 216 222 217 225 230 224 226 234 241 245 248 251 254 256 263 272 275 281 286 288 293 296 303 309 311 313 317 318 326 325 330 324 333 339 344 345 348 349 358 359 368 374 381 385 391 388 396 402 408 414 423 419 428 429 430 435 444 446 453 459 461 470 472 479 479 480 485 489 498 504 496 505 514 520 523 527 533 542 551 546 555 557 564 565 570 573 581 574 582 587 588 593 599 605 614
118 194 193 200 203 209 215 216 220 221 223 228 236 237 242 251 252 259 265 271 278 278 282 291 291 292 298 299 300 302 310 312 319 317 319 322 322 324 333 340 348 350 353 357 360 366 374 375 384 384 387 392 400 409 409 415 414 419 420 421 428 437 437 446 452 454 463 469 470 477 478 486 494 502 500 494 499 505 512 514 523 529 533 542 545 549 554 555 557 566 572 572 573 576 585 584 589 596 598 606
122 185 190 193 197 204 212 221 216 223 229 234 236 245 245 249 253 258 262 269 271 280 284 287 294 296 294 300 309 307 307 309 310 310 313 318 320 328 337 345 347 351 354 363 357 363 370 372 381 379 381 384 393 400 405 406 412 416 423 430 430 431 436 443 452 461 462 461 470 471 471 480 487 496 494 491 500 506 508 516 517 526 533 535 536 545 551 555 557 566 567 571 579 576 580 581 590 598 602 607
127 182 186 192 198 203 205 212 214 221 222 230 233 242 243 249 255 249 254 262 271 280 289 281 285 290 293 291 300 299 306 303 308 305 314 318 327 333 332 336 338 344 345 354 355 357 361 369 378 377 382 383 387 396 405 411 412 421 424 430 439 439 437 445 454 455 456 460 467 468 469 471 480 488 489 490 491 499 507 509 514 523 524 533 537 543 552 547 551 559 566 574 579 572 581 575 583 589 598 599
132 177 180 189 190 195 204 213 218 223 228 235 242 246 250 243 248 246 252 261 267 275 282 273 280 284 284 289 296 296 297 297 305 304 306 315 323 329 326 330 337 343 348 352 356 361 362 363 371 373 381 388 392 400 407 416 418 425 432 426 430 439 445 446 455 458 461 469 476 472 471 480 488 490 495 497 498 502 508 509 515 524 533 535 537 535 544 544 547 555 557 566 570 571 572 573 582 585 594 598
133 176 174 181 187 195 204 211 220 220 226 227 234 237 245 242 241 244 248 257 265 269 273 271 274 275 282 282 287 293 290 295 302 297 306 312 318 320 321 322 331 334 341 344 349 356 364 364 365 373 382 391 394 397 406 409 418 426 431 423 426 434 436 440 449 451 454 462 470 471 478 485 494 498 503 496 505 504 509 517 524 527 530 526 528 531 537 538 547 555 564 571 570 573 576 582 583 587 589 594
141 175 171 180 185 194 203 206 213 218 227 229 234 238 237 246 240 248 251 255 256 261 267 263 265 271 273 281 282 284 286 287 295 296 302 311 320 329 330 329 338 342 342 351 358 357 366 367 367 376 383 387 390 398 403 411 417 423 422 421 429 432 440 447 443 442 451 457 465 472 473 482 490 494 494 488 496 505 510 515 518 523 530 523 527 529 538 547 549 551 560 568 567 569 577 580 589 590 598 597
142 150 151 176 181 190 197 199 206 210 219 226 226 233 235 239 239 239 248 251 257 252 260 261 259 268 274 283 291 291 295 294 303 305 308 317 322 331 331 332 341 347 349 353 359 364 368 369 376 383 391 395 391 392 398 403 409 416 421 417 426 428 437 438 439 440 447 454 456 463 472 475 484 486 486 487 494 502 506 507 511 515 522 520 529 535 536 543 544 546 554 562 563 567 574 581 590 591 600 600
151 159 160 163 177 185 192 190 199 208 216 216 217 222 230 231 233 234 237 242 246 248 249 255 258 266 272 276 285 288 297 295 300 301 309 318 327 333 333 333 342 350 354 360 366 373 374 376 385 386 395 402 398 394 395 402 407 408 412 413 422 431 433 442 441 443 445 454 455 462 463 472 477 480 481 488 495 496 498 499 505 506 513 519 526 535 539 540 541 549 555 558 560 568 575 583 592 600 602 602
155 164 169 164 165 174 177 183 190 198 206 214 222 227 233 240 240 236 245 243 251 255 257 257 259 260 270 279 282 289 298 298 304 310 315 320 323 330 337 335 341 345 351 359 367 376 378 385 394 395 390 399 401 395 402 411 408 416 421 422 425 433 442 450 443 446 453 459 464 470 467 469 478 484 487 493 500 504 504 505 512 511 520 522 526 531 533 542 540 548 556 559 568 576 584 589 591 591 597 593
162 169 170 165 171 180 186 189 197 200 209 218 219 228 224 233 237 237 246 252 258 256 259 263 267 265 273 279 285 288 290 291 297 306 315 315 324 330 337 341 347 353 356 363 369 370 378 385 385 388 389 396 397 397 406 415 413 420 429 430 432 439 443 448 452 453 461 464 472 474 467 474 480 481 483 492 500 501 508 508 506 513 519 514 520 522 529 534 536 541 547 553 562 570 579 586 589 587 592 589
171 176 174 167 174 175 184 193 201 208 209 212 221 222 223 231 240 240 249 258 253 256 257 266 275 267 274 275 282 286 292 292 299 307 309 314 316 324 331 338 341 345 350 355 360 368 369 377 383 392 391 400 405 406 414 420 418 420 425 434 436 436 442 446 455 460 462 462 463 465 466 471 472 481 482 488 497 506 507 507 504 512 510 513 518 522 523 532 540 547 553 555 560 564 571 578 580 584 589 587
176 182 183 176 180 183 191 200 205 208 216 221 226 231 225 230 238 239 248 250 252 259 264 273 276 270 275 279 285 291 292 300 300 305 314 323 325 325 333 339 344 349 358 361 361 370 378 382 388 390 397 404 401 407 416 420 422 429 433 431 427 435 439 442 448 452 454 461 462 459 461 466 475 478 481 484 493 502 508 502 502 510 509 517 520 522 531 537 538 547 556 561 566 572 569 570 575 576 584 586
180 189 191 182 181 182 187 195 204 206 211 219 221 228 226 235 241 248 256 251 254 260 266 271 276 273 281 285 290 299 299 306 302 303 306 316 325 334 336 337 343 344 353 358 358 365 373 382 380 388 390 398 399 407 411 412 421 422 429 430 423 432 439 440 449 450 454 453 453 451 452 461 468 470 473 482 487 494 500 493 494 501 506 512 516 517 523 532 540 545 549 554 557 566 562 570 575 584 587 579
184 191 193 190 189 191 192 200 208 213 212 219 221 229 229 233 242 251 253 254 260 269 271 280 279 282 283 284 289 298 300 304 311 312 307 315 320 328 329 333 335 343 351 352 353 360 365 374 377 386 392 392 400 402 404 405 412 416 420 421 422 423 432 435 440 445 449 447 448 450 452 456 461 462 471 479 480 489 494 492 497 495 498 507 511 519 522 531 539 536 545 546 552 558 554 561 568 575 584 577
193 199 200 191 195 197 200 209 209 215 218 219 221 229 232 239 243 252 251 256 260 264 272 281 285 291 289 285 294 295 303 305 314 314 309 317 322 331 335 342 344 350 357 354 362 361 366 367 376 378 383 388 397 406 410 412 419 423 420 425 431 432 434 441 441 443 445 446 455 459 459 462 463 470 471 480 489 487 487 488 489 494 503 499 508 512 520 525 534 535 541 547 543 550 551 560 561 566 575 576
201 200 205 199 204 199 208 212 213 215 216 225 228 233 236 239 241 249 250 255 257 266 266 273 276 282 291 288 291 294 302 307 312 319 316 326 326 333 341 350 346 355 359 351 356 362 362 364 372 376 385 390 398 401 402 408 412 415 417 421 428 434 443 443 450 450 447 448 449 451 452 455 463 465 470 478 480 478 486 493 490 491 497 498 506 510 514 519 528 535 532 538 539 548 556 560 568 574 581 585
206 207 211 208 212 208 215 215 214 221 217 226 230 235 240 246 246 248 255 261 258 261 263 272 274 281 288 290 293 301 308 316 321 321 319 326 332 337 344 352 344 348 354 348 349 357 361 369 371 379 382 383 392 400 408 409 417 414 419 424 428 437 445 445 453 450 449 450 458 453 461 456 463 469 469 476 471 472 479 487 491 498 500 501 510 514 521 524 532 527 529 535 539 548 553 554 562 571 580 584
214 210 213 210 219 214 223 224 217 223 222 224 233 237 240 242 244 252 260 269 264 268 269 274 283 282 283 292 298 306 312 313 320 325 321 322 323 333 338 344 343 345 347 346 353 354 362 368 375 382 386 384 390 399 407 408 412 413 419 428 436 442 442 448 451 450 455 458 466 462 462 457 458 460 467 468 470 475 484 489 496 499 500 504 507 509 513 522 525 526 535 542 540 549 556 556 558 567 572 575
219 217 215 212 220 223 225 230 226 230 227 233 242 245 248 243 247 254 262 271 265 271 273 280 285 283 289 297 298 303 305 313 320 329 323 324 324 330 333 334 336 339 341 345 347 356 361 369 371 380 389 388 389 390 399 402 403 412 414 423 427 436 433 441 449 447 448 457 459 467 470 462 467 468 475 472 479 484 485 489 495 496 503 509 514 518 519 528 528 533 542 546 545 553 554 562 559 563 572 581
224 218 223 215 222 229 226 235 232 233 235 234 242 247 249 251 254 256 265 266 269 275 280 281 289 286 291 297 302 311 312 315 321 325 330 329 333 339 334 335 343 341 348 353 356 364 370 364 372 375 381 379 380 383 392 394 403 407 408 415 424 429 428 437 440 441 442 449 452 461 469 471 467 469 471 479 486 491 491 496 496 499 507 509 513 522 528 535 534 542 545 554 551 557 563 571 567 565 567 574
226 219 220 222 226 231 235 240 239 242 242 236 242 248 251 260 255 256 264 271 271 279 286 289 292 291 293 299 305 314 321 324 326 333 339 338 336 340 339 339 347 342 344 345 348 356 365 359 366 369 372 375 378 386 393 397 406 410 416 416 418 423 426 435 436 442 451 458 453 455 463 464 465 474 473 478 485 491 497 505 501 508 512 518 519 528 536 540 541 547 554 563 560 566 571 574 570 566 567 576
235 226 229 231 228 237 243 246 240 248 244 239 248 249 250 254 255 257 259 267 273 281 285 288 291 294 295 304 308 314 322 323 332 339 344 339 341 339 345 348 354 348 351 347 351 353 355 356 357 362 365 374 378 383 384 391 397 406 412 421 422 430 427 435 441 444 453 456 455 463 460 455 458 467 470 478 479 483 492 499 503 510 515 520 521 530 538 541 548 548 555 556 563 571 577 579 578 575 574 583
244 235 230 231 230 235 239 245 241 249 250 241 247 255 255 256 258 263 268 274 282 285 286 287 296 300 300 305 312 313 315 317 325 332 338 346 337 338 347 350 359 357 352 356 359 354 363 364 365 363 364 366 374 383 384 393 402 405 411 418 421 429 430 431 440 440 447 449 456 463 455 454 462 471 474 482 485 491 496 505 504 509 516 523 529 526 535 539 545 550 559 560 569 578 586 588 581 584 576 580
238 233 232 238 237 236 244 252 248 256 255 247 250 254 262 261 266 271 275 283 289 294 294 289 298 300 306 313 321 314 315 317 326 327 331 337 332 341 349 351 358 355 353 360 358 357 364 365 374 368 369 368 370 379 386 394 396 397 403 412 414 422 429 432 441 438 446 454 449 454 451 453 462 468 475 480 489 497 504 501 501 502 510 514 523 524 533 542 550 559 568 564 573 582 587 595 590 588 584 581
239 240 241 244 241 241 248 256 256 265 259 253 258 257 266 265 268 272 278 280 287 294 295 295 303 309 307 311 319 315 321 318 319 324 328 329 331 338 342 351 359 358 362 369 366 366 366 374 375 376 370 374 371 379 383 391 395 396 402 408 415 419 422 423 432 435 444 445 447 449 450 458 461 468 477 478 487 494 495 496 499 503 512 517 519 528 537 538 544 552 559 568 574 577 584 588 587 587 589 587
244 245 248 253 250 250 257 259 263 267 262 254 260 262 267 274 273 280 287 285 294 299 299 304 306 312 311 315 321 324 327 325 328 330 330 336 337 341 344 345 350 352 355 361 370 375 375 383 384 376 371 379 378 379 381 383 391 400 408 416 416 420 425 429 435 444 451 449 455 457 459 466 469 477 486 484 493 500 501 504 508 504 513 514 523 528 537 546 550 558 567 563 571 576 583 584 585 586 594 592
253 254 249 258 259 259 263 260 267 258 257 256 265 264 271 271 272 277 286 294 303 303 306 312 315 314 316 324 329 331 331 329 332 338 338 343 341 348 353 354 358 354 356 364 373 378 377 386 382 381 380 383 383 384 386 390 397 405 409 413 422 429 426 432 441 445 448 455 462 458 466 468 473 475 483 492 501 504 510 511 507 506 514 523 532 532 541 550 558 563 558 560 566 567 574 582 591 595 602 594
258 256 257 266 260 268 269 263 263 262 266 260 262 264 269 270 278 286 293 297 298 299 305 311 316 322 319 328 337 335 332 338 340 339 339 348 347 356 357 358 363 356 364 373 374 382 379 388 389 384 381 390 390 393 395 397 406 414 418 418 424 429 428 435 440 446 454 459 457 458 461 464 473 480 489 496 497 506 514 515 509 512 513 518 524 527 536 545 549 555 556 565 574 574 580 587 588 596 595 602
259 263 265 271 263 267 268 270 265 263 264 266 271 268 271 275 281 288 297 299 304 302 311 318 320 323 322 324 332 340 341 344 348 346 342 350 356 363 361 359 368 365 371 372 373 378 387 396 390 390 390 399 397 397 397 402 404 411 417 418 427 435 435 439 447 448 454 455 456 461 470 472 481 484 489 490 499 504 510 511 516 513 521 526 533 536 537 542 545 550 559 568 569 576 584 591 589 597 593 602
260 269 266 272 270 268 276 279 274 271 271 269 278 277 278 283 290 293 298 304 306 310 315 324 321 329 327 328 337 344 346 352 353 354 349 358 361 368 363 367 371 367 368 376 380 386 389 390 391 399 396 399 400 398 399 404 413 415 420 427 436 439 444 448 451 456 463 462 464 469 471 480 481 485 486 494 500 507 515 520 518 519 525 530 534 543 545 543 548 553 558 563 564 573 579 586 592 595 589 598
267 276 271 275 279 271 273 281 277 277 272 272 281 286 284 290 296 294 296 297 306 312 314 321 326 333 336 332 336 337 340 343 344 345 354 355 364 372 364 366 368 376 377 379 382 389 398 391 398 407 403 407 406 400 408 411 419 424 427 434 439 445 445 449 454 462 471 470 465 471 479 481 489 492 494 501 502 504 512 513 514 521 529 537 538 539 541 546 547 553 561 567 573 582 579 580 583 586 587 592
274 275 280 284 285 280 276 285 282 279 276 279 283 291 287 293 297 295 299 302 311 317 318 326 328 337 344 341 341 340 346 351 349 354 358 356 364 370 373 368 370 371 373 382 383 392 399 392 393 398 406 415 411 401 410 419 428 431 434 435 436 443 447 447 448 453 462 463 468 471 480 488 494 497 500 502 506 508 516 518 519 520 522 530 531 539 542 545 554 559 560 567 572 575 578 577 584 593 592 595
283 284 289 288 286 289 284 292 283 283 285 280 289 292 294 302 306 304 307 309 315 318 324 332 329 332 340 347 348 346 352 353 354 362 361 365 367 370 376 376 378 376 381 382 390 398 406 401 401 406 414 414 407 405 412 417 421 422 431 438 437 438 446 445 453 462 469 471 477 472 475 481 489 494 499 504 505 514 523 522 527 522 531 538 537 544 545 547 548 550 551 560 563 566 573 574 583 592 599 604
292 293 298 297 294 291 287 292 290 292 294 288 297 293 297 306 308 313 310 310 313 314 321 330 338 340 345 348 356 349 357 359 356 364 370 366 373 371 376 384 379 380 385 391 398 406 407 407 410 410 412 421 415 413 418 425 429 431 440 439 438 439 441 443 451 454 462 466 473 480 480 487 492 499 508 513 508 517 519 520 528 523 525 529 534 543 545 551 549 558 559 567 572 575 582 579 585 586 595 602
294 302 303 300 301 292 288 294 299 291 290 289 291 297 298 307 316 320 319 319 319 321 325 329 335 336 345 351 357 356 363 361 361 363 364 372 378 379 382 391 388 389 394 395 403 407 412 415 418 413 415 419 424 417 424 431 434 440 442 440 440 448 450 447 448 457 463 465 474 478 481 483 490 497 500 509 513 519 525 528 531 531 534 532 533 537 543 550 554 558 562 564 567 568 577 586 594 590 594 598
302 310 306 302 298 294 295 302 300 299 298 291 293 298 302 307 316 321 324 328 321 329 327 334 343 338 347 353 355 359 364 370 368 372 365 369 370 376 385 393 393 390 398 402 403 404 411 412 415 416 424 427 425 420 422 428 429 438 443 449 449 449 451 452 455 462 466 471 472 481 489 492 497 500 503 504 509 518 527 528 537 532 535 533 541 546 551 557 563 563 571 567 571 577 582 583 588 597 596 605
303 306 315 311 303 299 304 304 307 301 301 292 293 296 303 306 315 322 324 328 327 336 331 340 347 347 356 358 364 363 372 377 372 372 371 378 379 385 389 391 397 395 404 404 412 413 420 421 420 420 428 433 434 429 430 437 436 442 443 452 458 457 453 455 464 463 465 471 478 487 488 493 502 501 502 503 512 521 530 536 537 539 539 540 543 552 554 555 563 572 580 576 575 578 580 582 590 592 601 610
306 315 324 318 310 307 307 312 310 309 305 296 294 301 307 311 312 317 324 330 335 339 338 345 350 350 358 359 367 366 370 379 381 377 378 381 380 383 390 389 391 395 396 405 408 414 416 418 427 421 424 432 439 434 432 438 439 443 452 454 458 465 461 464 466 472 474 473 476 484 493 499 500 503 503 512 521 523 524 530 538 546 540 546 550 558 563 562 567 575 580 580 582 580 582 587 595 601 610 619
315 322 330 322 317 316 310 318 314 312 305 304 295 300 308 317 321 325 324 330 333 339 347 352 357 355 363 367 376 372 379 388 386 378 379 383 382 383 387 388 389 398 398 399 400 409 417 425 428 430 428 436 445 441 439 446 448 448 455 460 460 463 467 473 475 480 482 475 483 490 491 499 507 509 504 506 512 519 527 536 544 543 547 551 559 565 570 571 576 579 586 585 586 586 591 595 603 608 615 618
322 331 338 330 322 314 311 312 321 316 312 303 296 300 305 312 318 321 322 330 336 342 351 359 354 363 366 371 374 380 386 395 386 381 386 384 384 390 395 392 394 400 405 408 407 409 415 420 429 435 429 437 440 448 441 448 455 452 457 461 465 466 471 477 479 480 482 477 483 492 497 506 508 517 512 515 520 523 531 535 536 540 546 548 555 564 570 573 574 582 591 592 593 590 595 597 605 612 621 626
327 336 341 335 329 320 314 321 327 318 316 309 305 305 307 312 315 324 331 333 334 343 344 351 352 361 362 363 365 374 381 389 388 385 392 392 391 397 399 398 402 406 413 416 411 412 417 426 435 444 438 442 442 443 445 453 456 461 458 463 464 466 474 481 480 482 480 478 486 487 496 505 513 517 519 521 523 531 532 534 535 537 544 553 555 559 566 574 577 578 586 591 595 598 596 604 612 620 627 633
333 340 342 333 332 325 317 318 320 323 314 307 306 310 311 319 320 327 329 338 343 352 345 350 359 362 370 364 371 372 381 387 395 394 398 399 399 403 407 406 407 407 409 414 420 413 419 427 436 444 447 445 448 452 454 454 461 464 459 460 462 470 471 474 480 485 482 487 495 496 504 507 508 513 522 530 527 529 531 540 541 538 547 551 554 559 568 574 580 579 584 590 597 594 598 607 607 613 622 627
336 342 334 333 331 329 323 326 325 317 312 310 307 312 314 320 328 334 331 334 342 350 346 350 352 361 369 370 372 380 389 396 398 401 406 403 405 412 409 411 413 414 410 415 424 421 427 434 436 441 448 447 455 457 456 463 467 466 466 463 466 468 472 475 482 484 487 488 496 502 507 511 512 521 522 531 531 530 537 539 548 542 543 545 554 558 567 576 577 578 581 590 589 592 598 602 606 615 623 630
340 348 341 342 338 333 324 333 332 323 315 316 315 316 322 325 328 336 337 340 349 350 352 359 360 363 372 379 380 384 386 395 397 405 414 407 412 419 410 418 418 416 417 423 424 429 434 440 439 440 449 452 461 466 457 459 460 463 469 472 467 476 479 482 490 485 493 497 503 511 508 510 517 520 529 538 539 531 534 540 548 549 551 554 562 559 566 574 583 583 581 583 586 591 599 603 612 615 620 629
346 355 350 350 344 340 333 334 325 318 317 319 319 325 323 332 332 341 346 347 353 357 356 360 361 369 373 375 376 377 386 387 390 399 407 408 413 416 419 424 419 417 426 431 433 438 441 449 440 444 453 461 470 461 458 467 467 464 473 473 469 478 487 486 495 494 499 498 500 509 515 514 515 518 524 533 535 539 541 544 546 553 559 563 571 564 565 569 577 579 580 589 595 592 599 603 605 612 613 621
347 356 356 349 348 339 336 330 323 321 321 321 327 330 330 332 334 342 343 347 356 362 361 368 370 378 377 377 378 384 390 396 398 407 411 416 421 425 420 428 427 421 430 436 434 443 449 456 447 452 461 464 467 463 465 466 474 472 478 481 475 480 490 493 495 499 501 506 505 507 515 516 518 527 526 528 537 546 548 553 547 555 556 559 568 568 568 577 584 582 584 590 596 593 602 610 613 615 622 623
355 364 357 356 347 346 339 332 324 328 324 325 331 331 339 333 335 339 341 349 356 365 368 369 370 374 381 385 386 393 399 397 404 408 416 422 429 429 422 425 434 427 428 436 437 442 448 455 452 455 462 467 465 464 473 473 480 481 487 482 483 482 483 486 494 498 507 507 506 515 524 517 523 530 530 534 543 545 549 552 555 556 564 563 567 572 573 576 583 591 588 592 593 601 603 609 610 619 621 630
364 363 354 351 347 341 340 335 328 337 329 328 337 338 346 341 342 347 349 358 364 368 369 372 371 379 388 393 394 402 402 406 408 417 420 421 425 426 428 426 429 431 436 439 443 451 449 451 459 457 458 461 462 468 475 474 475 477 478 487 492 489 489 491 501 507 509 508 512 514 521 522 526 527 529 538 547 550 557 560 557 557 563 571 569 570 579 577 586 592 597 595 601 606 612 610 612 613 620 627
372 363 361 352 350 350 347 338 332 335 332 337 342 339 345 350 351 356 351 352 360 369 378 381 379 387 396 401 403 408 411 410 413 414 419 423 424 428 429 427 436 434 436 445 444 452 453 455 461 461 467 464 465 468 476 483 483 485 479 480 484 493 495 492 493 498 505 509 516 523 530 524 532 535 532 535 539 541 549 553 557 562 566 571 571 579 585 586 590 597 598 603 602 609 610 613 613 618 625 632
375 366 368 359 352 353 350 345 336 340 336 341 350 347 352 354 354 362 353 357 366 367 375 376 380 381 390 399 405 410 415 414 416 422 428 429 429 437 433 430 434 442 443 452 448 449 458 459 460 469 467 466 474 469 477 483 489 493 485 481 487 488 492 501 498 507 513 511 521 525 531 525 533 539 539 536 541 549 556 562 566 566 572 578 580 581 586 591 597 604 599 605 611 617 615 614 614 620 622 628
379 375 374 368 361 360 352 345 341 342 341 342 351 356 361 357 362 359 355 363 372 371 377 382 387 389 397 400 409 410 418 415 421 429 436 431 436 443 440 438 439 447 449 453 450 458 465 464 469 474 476 474 474 471 477 486 495 495 488 488 496 496 497 500 504 507 514 512 518 523 530 534 534 539 548 545 542 546 547 553 558 566 570 579 588 589 595 592 600 607 608 609 612 620 623 623 621 629 628 629
387 384 383 374 370 369 361 354 345 343 350 343 345 354 359 365 371 368 363 365 366 375 378 387 388 397 401 401 406 415 424 423 426 430 439 437 438 446 447 444 445 454 457 461 458 467 467 465 471 480 480 483 476 472 481 487 489 491 490 491 499 504 505 507 512 514 520 521 520 529 534 540 543 548 549 554 547 554 554 556 563 568 576 584 590 597 604 598 599 607 611 617 618 626 630 632 629 638 637 633
387 379 378 374 371 374 365 356 351 352 347 346 349 350 355 356 365 367 369 373 375 377 381 389 391 400 402 407 414 423 425 428 428 429 437 445 447 448 450 453 448 449 458 465 467 469 475 466 467 474 483 489 485 479 488 496 494 497 491 497 504 510 513 514 521 516 525 526 521 529 537 546 551 556 557 563 554 563 555 558 566 573 578 579 587 596 597 599 608 613 619 626 625 626 633 640 631 636 645 637
395 386 385 377 369 368 366 358 355 351 350 355 350 359 357 365 372 370 377 379 384 378 387 395 398 405 409 415 422 430 434 434 437 431 434 438 444 446 454 451 449 450 455 456 464 472 478 475 474 478 486 487 494 488 497 502 499 506 499 505 513 516 520 522 529 523 532 531 528 536 544 546 546 555 561 565 557 560 561 567 570 571 578 584 585 587 594 602 610 618 626 628 633 627 634 635 640 644 645 646
402 393 385 385 377 374 365 358 357 353 355 364 359 366 359 360 363 370 371 374 377 385 389 396 398 402 411 417 426 435 439 443 435 433 434 441 450 451 458 455 455 451 454 458 461 468 476 480 476 485 486 490 491 489 497 505 503 512 503 504 512 517 521 523 532 528 532 532 530 539 547 544 545 547 555 556 560 569 569 569 570 573 581 587 589 590 599 607 608 615 623 631 631 629 635 643 641 650 654 652
395 392 383 383 374 365 364 363 363 359 357 365 367 364 362 365 370 376 380 376 380 382 391 394 400 408 409 416 423 432 437 440 443 434 435 437 443 452 459 464 464 460 463 460 468 476 481 483 483 484 493 498 500 496 505 508 508 513 512 507 514 521 524 528 536 537 540 536 533 535 537 541 544 545 554 558 568 571 574 573 571 576 585 592 598 595 604 611 617 623 628 634 634 638 643 644 647 652 657 660
387 383 380 378 377 369 371 364 364 365 366 373 368 369 366 373 377 385 387 378 379 382 390 391 392 399 402 411 415 424 433 434 435 437 444 446 452 459 466 473 470 469 471 469 477 485 490 485 489 487 488 497 498 499 508 512 513 518 519 515 522 530 532 537 545 544 540 538 535 541 545 549 553 554 560 562 572 579 581 581 580 580 585 593 601 604 612 614 621 626 635 643 643 644 652 650 650 651 655 663
396 389 389 386 379 377 369 365 371 369 370 372 377 377 374 381 378 379 388 387 383 390 395 400 393 402 410 415 422 428 429 436 442 444 442 450 459 458 462 469 473 478 479 476 483 484 489 486 493 496 495 499 500 508 509 511 519 527 528 522 530 536 541 546 546 551 546 546 538 547 553 550 556 563 567 564 574 582 589 584 583 589 588 596 604 613 616 617 619 622 629 638 635 636 643 652 654 655 662 668
400 392 392 388 379 375 374 374 379 370 375 379 382 383 378 387 379 388 394 396 391 392 397 404 401 404 411 417 424 429 432 430 433 438 440 444 453 455 461 462 470 479 482 477 482 490 491 495 502 505 497 506 502 507 513 518 524 532 533 529 538 538 543 546 553 559 552 549 541 550 558 552 555 562 566 568 572 577 585 585 587 588 591 600 605 612 617 624 628 628 621 630 634 636 645 654 663 662 665 674
403 396 393 396 388 384 383 383 380 379 382 386 390 384 387 383 380 388 396 397 399 394 403 406 404 409 410 415 419 420 424 428 436 445 443 444 451 455 460 461 470 479 485 479 482 491 497 498 501 510 506 515 511 508 516 523 524 525 527 531 535 542 550 547 556 558 552 548 544 548 556 560 556 562 570 575 573 575 576 579 581 590 597 601 602 609 608 616 623 624 619 628 631 640 646 650 659 663 664 673
410 404 401 403 394 389 392 390 389 382 383 392 397 390 396 390 389 390 395 402 408 403 412 407 409 417 419 418 427 429 429 437 440 448 452 450 459 464 467 470 473 474 483 482 489 497 505 501 509 516 513 520 513 517 519 524 528 528 535 539 538 544 553 556 560 565 559 554 545 554 556 561 558 567 574 581 575 577 584 586 584 589 590 597 599 603 607 609 614 615 616 625 630 633 640 649 654 655 663 665
418 413 410 412 403 396 394 391 392 383 392 395 403 395 402 393 398 392 401 403 412 404 406 413 412 421 422 419 421 425 434 443 445 449 458 457 464 471 471 477 482 483 490 487 494 499 503 505 509 518 515 520 515 524 520 529 536 530 537 546 543 551 557 565 561 565 558 557 549 558 565 569 562 569 573 573 582 585 592 587 589 594 596 605 606 605 609 610 618 618 619 628 630 639 648 652 657 663 669 666
426 420 414 405 404 403 401 392 394 386 395 401 407 404 404 395 401 395 402 407 415 413 415 422 419 425 431 428 424 433 436 438 447 448 457 465 472 478 477 478 480 488 495 490 494 501 503 509 518 525 516 525 524 533 525 533 538 539 542 551 549 553 559 566 570 566 565 558 557 564 572 570 564 565 566 571 580 588 595 590 593 597 600 608 613 606 613 619 625 621 627 628 636 644 645 654 663 664 669 672
423 416 407 406 411 411 402 393 401 393 400 404 410 407 413 404 404 401 408 409 412 413 419 425 421 422 426 434 426 435 437 446 452 453 462 470 471 480 486 484 489 497 502 499 496 498 504 513 519 525 517 518 520 528 526 528 534 535 543 549 550 544 553 560 565 558 567 564 566 573 581 572 569 572 570 574 582 586 593 596 602 605 608 613 610 608 610 615 617 624 627 633 640 643 650 659 668 671 678 681
423 414 413 414 418 409 404 395 402 402 408 413 414 409 416 411 413 410 409 410 413 414 422 431 429 424 433 431 428 429 432 439 448 454 459 468 471 475 482 489 490 498 502 499 497 502 505 514 516 518 525 527 521 530 533 529 532 535 539 541 542 543 547 556 562 557 565 571 573 582 586 579 578 576 573 576 584 592 598 605 608 614 615 622 618 613 617 624 624 630 630 631 640 647 656 664 671 672 681 688
429 420 422 419 419 410 410 404 403 411 409 412 419 410 419 420 421 419 418 419 414 422 428 437 430 425 433 435 437 431 440 448 455 455 459 465 466 473 476 481 488 497 505 502 505 510 514 522 517 525 526 531 529 537 539 537 537 539 547 546 546 544 552 553 554 556 561 567 568 574 583 587 586 585 581 584 587 591 600 604 605 609 615 624 619 614 617 624 627 632 636 638 639 648 656 658 664 671 674 679
426 423 425 426 420 419 412 405 409 411 414 414 417 418 425 423 427 424 419 419 417 418 420 429 438 434 438 443 439 440 448 452 461 464 466 467 472 477 478 482 491 498 502 505 514 518 517 526 524 530 535 540 532 538 544 545 538 546 554 548 555 553 557 560 561 558 559 565 574 577 581 584 590 586 583 587 588 590 595 597 606 614 621 622 621 621 620 621 625 630 632 641 646 650 651 659 661 670 678 682
435 427 432 435 429 428 421 414 415 416 422 422 418 421 430 424 429 426 424 427 418 427 428 437 445 441 439 448 441 447 456 461 470 473 471 475 477 482 487 483 488 494 495 504 509 516 520 529 527 528 531 536 540 539 541 547 547 553 562 553 560 561 564 566 570 566 568 574 582 585 586 591 595 591 585 594 590 597 596 605 611 615 618 627 627 629 624 629 626 634 641 650 649 650 659 665 663 668 670 673
436 435 441 436 437 433 424 420 416 421 425 423 421 422 430 432 436 428 427 435 426 427 428 437 443 442 446 455 446 455 456 465 473 482 478 476 485 488 487 486 487 493 502 509 518 525 525 533 535 529 530 539 545 548 548 554 554 554 562 561 566 564 566 575 574 567 573 576 577 578 579 585 593 592 593 597 599 599 605 607 613 618 622 623 625 633 633 633 627 631 633 642 643 652 658 659 663 664 673 681
442 440 448 443 435 432 426 424 423 422 430 431 428 428 435 441 441 437 429 438 432 436 437 438 442 446 450 451 448 457 461 470 475 484 483 477 483 490 496 493 493 499 507 514 518 527 531 533 542 533 539 541 548 553 552 555 559 556 560 563 568 572 572 575 578 569 578 584 586 582 584 586 591 598 596 605 607 608 608 608 610 619 628 624 631 638 639 635 631 637 639 640 642 643 649 657 658 663 671 675
451 449 449 441 437 428 427 432 431 427 428 429 434 433 439 448 445 436 435 444 439 445 446 443 451 449 450 451 451 459 464 473 479 480 489 482 489 498 495 494 502 500 505 514 523 529 538 541 550 541 547 550 556 562 561 561 568 565 566 564 569 576 581 581 580 571 573 577 582 587 592 589 593 594 597 604 613 609 613 609 613 614 621 629 637 643 647 638 636 640 647 646 651 645 652 658 663 662 663 666
458 449 441 440 431 430 435 436 432 435 433 431 440 434 442 443 452 445 440 443 440 444 453 447 455 450 458 459 459 460 462 470 473 479 488 491 498 502 504 497 501 509 513 522 531 538 545 548 545 543 545 554 557 565 562 569 575 574 571 572 578 580 586 582 584 580 574 581 585 589 590 598 601 601 606 611 620 617 614 613 621 616 619 621 629 638 638 647 642 647 653 655 656 647 648 649 654 660 668 667
455 448 441 440 432 436 444 440 441 439 442 440 445 437 444 444 449 452 443 447 442 451 460 454 463 457 466 461 463 467 468 476 475 481 490 494 503 503 508 502 508 516 519 527 536 541 550 557 552 548 552 561 565 570 569 572 578 582 574 573 582 589 591 591 587 579 577 585 592 595 598 604 609 610 614 616 620 618 623 618 626 617 620 621 629 631 634 642 650 648 653 654 653 650 654 652 662 662 666 674
460 454 445 441 441 439 441 441 450 441 447 449 447 438 447 453 452 451 444 451 450 453 460 459 464 463 470 465 466 471 473 482 484 490 491 500 503 512 513 509 517 521 526 528 535 536 545 554 559 556 553 562 570 571 574 579 584 591 582 576 582 591 600 600 591 584 583 591 595 604 606 611 618 611 619 619 620 621 628 619 628 625 629 630 638 635 643 651 657 656 654 662 658 657 662 658 661 663 672 679
460 452 446 449 447 446 443 446 449 442 446 455 450 447 456 454 454 460 453 456 456 462 469 463 470 464 473 470 475 473 475 482 489 494 496 499 508 515 515 518 523 528 529 529 535 539 546 555 559 562 554 562 571 580 578 581 586 593 591 585 591 598 603 602 600 592 592 597 603 612 607 616 621 617 624 625 626 622 631 624 633 633 638 639 644 636 645 653 662 665 662 668 659 662 665 665 668 664 665 669
462 455 455 456 455 452 452 453 444 443 451 454 457 448 453 458 462 461 460 458 458 460 466 471 470 469 470 479 483 480 484 483 491 499 505 501 510 511 519 516 525 529 538 534 539 548 552 554 562 566 561 570 575 576 585 590 587 588 594 590 597 606 612 605 599 596 598 605 612 615 613 622 626 618 625 633 627 625 628 625 632 635 644 648 651 644 651 655 664 671 670 672 664 670 670 669 674 666 673 675
465 459 460 464 456 460 459 457 450 448 455 455 464 457 462 467 471 467 465 464 466 462 470 478 479 470 478 479 487 485 492 489 496 502 509 502 509 514 522 515 516 525 534 543 548 545 545 550 556 557 558 562 566 568 577 586 595 597 599 599 598 607 612 613 607 599 607 614 616 617 621 624 632 626 631 636 635 626 634 634 636 644 650 654 654 646 655 664 668 676 679 676 671 677 676 678 682 675 679 676
468 468 462 465 461 468 460 458 457 457 457 464 466 459 468 475 480 475 466 465 468 465 473 475 484 477 478 486 489 494 501 498 498 507 514 506 508 510 513 514 516 520 528 536 542 543 544 546 555 563 564 571 574 577 580 588 595 604 607 600 606 615 616 618 613 607 616 622 623 618 623 630 633 631 634 635 638 634 642 643 645 645 653 654 655 647 654 661 669 670 677 684 677 678 685 687 686 682 687 685
