  0 256 250 255 258 254 263 265 268 276 275 271 269 277 281 281 275 276 280 279 282 291 299 299 308 310 311 316 319 320 324 321 322 331 332 338 338 345 346 347 355 358 367 368 374 374 378 380 388 392 395 397 406 415 415 423 423 431 434 439 448 440 442 450 459 457 461 469 470 476 485 494 501 503 510 512 515 513 518 513 518 526 530 538 540 549 557 566 563 569 575 576 577 583 591 597 598 594 600 609
  8 249 248 249 249 253 254 261 266 267 270 262 267 268 272 279 274 277 275 276 279 285 290 298 307 309 307 309 315 323 315 317 321 328 329 338 337 343 349 356 356 357 363 367 375 370 373 375 380 384 386 392 400 407 409 416 419 423 425 433 442 434 442 451 455 454 461 464 472 480 488 487 492 495 502 507 507 504 513 510 512 521 530 534 542 551 556 564 561 568 566 572 579 579 588 588 589 590 599 606
 16 241 239 248 246 255 247 253 258 260 262 260 258 261 266 273 266 269 270 277 286 292 299 298 302 304 303 309 312 316 310 314 322 329 338 343 336 341 341 349 356 362 354 359 366 364 372 378 386 384 388 397 401 403 408 416 419 418 425 432 440 432 440 443 447 452 459 461 467 473 482 484 492 492 493 501 502 503 504 508 511 520 529 530 537 546 547 556 552 559 564 569 570 578 579 582 589 590 591 597
 17 245 238 240 241 246 244 245 249 257 259 254 256 257 259 266 264 269 271 280 285 290 295 290 296 297 302 304 305 307 309 318 326 331 340 334 334 335 340 341 347 353 351 353 362 361 369 374 377 383 388 391 395 402 408 411 412 416 424 423 431 431 432 438 447 451 458 460 468 477 477 486 488 488 497 497 506 503 509 512 520 524 522 523 529 538 540 549 548 550 555 563 566 569 573 577 585 594 595 603
 26 245 237 234 240 241 243 250 255 254 250 251 259 261 259 257 261 270 275 280 288 283 286 286 289 293 293 295 297 300 305 314 321 322 331 328 327 336 341 333 342 344 345 352 353 360 369 374 382 388 395 388 390 399 401 408 417 418 418 420 426 425 433 442 444 448 455 460 464 472 469 477 479 487 489 490 499 500 502 503 512 520 521 524 530 532 540 541 542 546 553 555 557 566 572 580 584 593 601 610
 28 239 230 228 231 232 241 250 249 245 243 245 254 252 250 256 264 269 274 274 282 279 285 284 288 294 292 297 296 297 302 305 312 321 322 329 324 329 335 330 335 338 344 352 353 359 362 368 374 380 387 385 393 394 403 407 409 413 414 417 421 424 428 433 442 444 448 452 461 463 468 469 478 484 492 490 499 508 508 511 512 521 528 525 534 533 541 546 551 555 555 561 558 563 569 572 581 590 595 601
 29 231 222 222 227 231 240 246 241 243 234 241 246 243 244 250 257 263 265 272 274 270 277 281 279 286 290 292 293 300 308 302 309 316 323 320 322 323 326 327 334 335 343 347 351 359 361 364 371 373 382 383 387 392 394 400 402 407 416 419 420 423 428 437 445 452 451 455 459 460 461 468 475 476 484 489 493 499 506 510 512 515 520 528 537 542 550 554 553 560 562 563 562 570 576 573 575 583 590 593
 33 224 218 221 230 233 237 240 233 241 233 238 244 242 250 250 258 256 265 268 271 268 276 283 278 277 282 283 291 296 300 301 305 312 315 319 328 331 333 330 339 343 351 356 353 356 358 362 368 377 381 383 391 400 396 400 403 405 411 414 416 418 420 429 437 446 453 453 456 462 470 476 484 477 486 486 487 492 501 503 504 512 517 523 532 538 546 555 559 568 570 568 571 575 579 575 583 584 593 597
 41 218 217 219 223 224 229 232 231 239 231 231 240 241 244 249 250 255 263 259 264 266 274 276 280 274 278 285 294 303 299 299 303 307 314 323 322 327 334 339 346 345 348 350 353 362 364 371 374 377 380 383 388 395 402 406 412 413 419 423 419 425 423 432 441 447 450 452 459 461 469 478 484 479 482 484 487 491 492 495 502 510 516 521 526 535 543 546 550 559 565 574 574 583 587 583 592 592 592 600
 42 210 214 211 216 219 228 226 225 234 227 228 233 240 246 255 252 248 257 258 266 262 271 278 271 273 277 286 293 297 290 298 303 306 312 320 315 321 329 338 341 341 349 351 355 357 366 375 377 379 378 387 389 396 404 412 416 418 422 423 423 432 429 436 438 446 450 457 458 466 467 474 479 487 491 486 487 496 501 499 508 509 518 527 531 535 541 549 557 559 560 568 577 578 586 591 595 598 591 597
 51 205 212 204 212 214 220 220 222 228 226 232 233 232 238 247 252 243 248 250 257 261 267 270 269 278 278 282 284 291 289 294 296 303 304 311 313 317 324 333 338 340 347 355 362 363 366 370 372 372 377 385 386 391 396 405 408 410 413 414 417 424 430 431 432 438 444 448 455 460 469 471 477 486 491 490 493 502 509 504 512 518 520 524 533 539 545 553 560 567 568 569 578 582 583 585 588 589 590 598
 56 200 209 203 211 219 212 219 220 221 219 223 224 228 229 238 246 241 250 251 260 256 263 271 267 276 281 284 293 288 287 293 292 301 309 313 312 315 322 326 329 331 339 346 354 357 357 361 363 371 379 387 387 396 397 405 410 418 418 421 426 431 435 436 435 442 448 453 456 461 465 474 480 489 490 498 502 510 510 513 516 521 522 525 533 538 546 551 551 560 561 569 570 574 583 584 592 598 598 601
 58 197 200 202 204 210 204 213 220 216 217 224 232 229 235 236 237 238 247 250 251 255 257 264 266 267 275 284 293 290 283 285 291 294 301 310 311 313 322 324 327 329 333 340 348 349 350 353 362 367 371 380 387 394 399 405 411 415 419 428 435 436 437 445 442 450 456 451 459 468 474 468 477 484 485 491 498 503 512 516 525 520 522 525 528 535 543 546 549 554 558 565 571 577 584 592 587 596 604 610
 66 193 195 200 198 201 199 207 211 215 224 225 227 220 229 236 241 247 251 252 260 258 263 264 273 276 282 276 285 281 282 290 299 302 302 306 312 320 323 327 336 336 341 346 347 352 359 362 363 369 378 385 386 387 396 402 403 408 415 423 429 437 444 453 445 449 448 450 451 460 465 466 475 483 492 496 497 504 509 508 517 518 524 531 537 537 539 543 544 545 552 559 562 571 575 584 586 595 598 605
 73 192 186 192 189 193 195 204 203 212 218 223 220 216 223 231 232 238 243 244 252 261 258 259 266 275 276 274 278 280 287 296 304 303 303 309 311 312 321 325 331 340 345 341 350 349 357 362 366 369 373 381 388 396 399 396 405 412 419 420 420 428 436 445 439 440 447 449 452 461 464 469 476 478 486 488 491 498 501 507 513 522 528 537 537 539 548 544 545 553 555 564 564 566 575 580 589 598 599 604
 74 184 185 183 186 188 192 198 202 203 209 217 216 212 214 223 227 235 238 243 251 255 257 258 259 268 267 273 278 281 288 297 305 306 302 309 303 309 317 316 325 334 336 338 347 342 351 358 360 365 372 380 389 390 391 392 401 406 411 412 419 428 430 438 438 439 440 447 452 460 467 474 476 477 478 479 487 493 494 503 511 516 523 528 529 536 542 545 547 553 555 557 565 574 578 582 584 593 594 595
 83 179 176 182 183 189 191 198 200 202 205 212 219 211 215 224 233 231 239 238 243 247 254 249 256 259 263 270 274 282 291 299 299 303 301 300 300 306 311 315 321 330 339 337 343 340 343 349 356 358 363 372 381 390 391 396 403 407 412 415 420 428 428 429 437 442 448 456 453 462 470 471 474 483 485 484 493 494 502 506 514 514 515 523 532 539 540 547 553 558 562 559 567 572 577 580 583 590 593 601
 89 177 169 178 184 180 189 194 202 207 199 204 212 208 215 218 224 228 230 232 238 240 245 246 249 254 257 261 269 277 283 292 290 296 292 293 297 301 306 312 319 325 332 334 335 337 343 352 360 364 365 374 376 385 386 390 396 402 410 416 422 425 422 431 432 441 449 455 461 462 470 475 483 488 490 485 494 503 506 512 515 513 521 528 533 542 541 549 550 556 560 563 572 581 584 580 581 589 590 599
 93 171 167 173 180 178 184 191 195 198 197 203 206 207 216 216 220 225 234 235 237 235 236 240 241 250 251 252 260 268 277 286 283 287 288 296 305 307 309 315 316 323 330 339 337 344 348 357 366 371 366 370 372 376 385 390 397 398 406 412 416 421 420 427 436 437 444 453 455 463 465 474 475 480 481 490 493 499 498 503 506 509 516 525 528 535 544 553 551 558 557 564 565 572 579 579 588 592 598 603
 94 171 164 171 174 173 180 187 193 189 190 199 208 207 212 212 219 225 225 234 236 231 234 243 246 251 259 255 261 268 276 280 282 284 292 290 299 306 315 316 324 327 335 340 339 342 351 360 362 369 375 372 379 377 384 393 394 395 403 405 412 414 418 426 428 437 441 444 453 461 464 473 475 483 488 486 484 491 494 499 508 517 521 525 533 542 544 553 550 554 556 562 569 569 570 571 579 584 589 594
100 168 163 164 170 171 180 182 188 187 181 190 199 204 210 208 210 218 217 226 227 230 239 245 245 250 258 263 268 276 278 283 276 277 284 285 292 301 310 318 324 321 326 333 336 345 351 352 353 362 369 371 380 380 381 387 394 395 402 409 411 420 424 430 433 439 447 453 462 466 466 472 476 484 480 477 483 485 490 499 507 514 521 523 528 537 544 551 544 545 552 554 561 568 573 574 576 583 592 600
109 159 156 162 163 172 178 173 181 186 180 182 190 197 201 204 207 210 212 219 228 231 237 242 244 249 252 259 265 267 269 274 275 284 290 293 294 303 309 314 315 318 319 328 329 338 344 351 355 362 363 371 377 383 387 396 397 404 407 408 413 422 424 431 437 439 448 450 457 457 458 463 467 476 482 474 483 492 498 501 505 511 520 529 524 533 535 542 543 548 551 559 552 560 565 566 571 577 583 592
118 150 149 156 159 165 171 172 176 177 179 184 192 193 198 207 208 215 221 227 234 234 238 247 247 248 254 255 256 258 266 269 278 285 289 292 292 294 303 310 318 320 323 327 330 336 344 347 356 361 365 370 378 387 387 393 392 397 398 399 406 415 415 424 430 432 441 447 448 455 456 464 472 480 478 472 477 483 490 492 501 507 511 520 523 527 532 533 535 544 550 550 551 554 563 562 567 574 576 584
122 141 146 149 153 160 168 177 177 184 186 190 193 202 201 205 209 218 226 233 235 243 242 248 256 254 255 264 265 266 267 273 275 280 283 288 290 298 307 316 325 327 332 336 332 338 347 350 359 357 359 362 371 378 383 384 390 394 401 408 408 409 414 421 430 439 440 439 448 449 449 458 465 474 472 469 478 484 486 494 495 504 511 513 514 523 529 533 535 544 545 549 557 554 558 559 568 576 580 585
127 132 138 144 152 160 162 169 171 178 179 187 190 199 200 206 215 218 223 231 240 249 251 256 261 260 264 266 274 269 276 279 280 281 290 292 299 304 310 316 318 324 325 334 333 335 339 347 356 355 360 361 365 374 383 389 390 399 402 408 417 417 415 423 432 433 434 438 445 446 447 449 458 466 467 468 469 477 485 487 492 501 502 511 515 521 530 525 529 537 544 552 557 550 559 553 561 567 576 577
132 133 139 148 151 156 165 174 176 181 185 193 199 208 207 207 215 215 221 230 236 244 253 253 260 266 266 271 278 272 279 279 287 286 288 297 305 311 308 312 319 325 330 334 338 340 340 341 349 351 359 366 370 378 385 394 396 403 410 404 408 417 423 424 433 436 439 447 454 450 449 458 466 468 473 475 476 480 486 487 493 502 511 513 515 513 522 522 525 533 535 544 548 549 550 551 560 563 572 576
133 135 138 145 151 159 168 175 184 183 189 190 197 200 208 208 209 213 217 226 234 242 247 251 256 257 264 264 269 275 272 277 284 279 288 294 300 302 303 304 313 316 323 326 331 338 346 342 343 351 360 369 372 375 384 387 396 404 409 401 404 412 414 418 427 429 432 440 448 449 456 463 472 476 481 474 483 482 487 495 502 505 508 504 506 509 515 516 525 533 542 549 550 553 554 560 561 565 567 572
141 142 140 149 154 163 172 179 186 191 198 193 201 205 207 216 210 220 220 224 225 234 241 243 247 253 255 263 264 266 268 269 277 278 284 293 302 311 312 311 320 324 324 333 340 339 348 345 345 354 361 365 368 376 381 389 395 401 400 399 407 410 418 425 421 420 429 435 443 450 451 460 468 472 472 466 474 483 488 493 496 501 508 501 505 507 516 525 529 531 540 548 547 549 557 560 569 568 576 575
142 149 141 148 153 162 169 178 185 189 198 201 208 214 210 216 214 218 227 231 234 234 242 243 241 250 256 265 273 273 277 276 285 287 290 299 304 313 313 314 323 329 331 335 341 346 350 347 354 361 369 373 369 370 376 381 387 394 399 395 404 406 415 416 417 418 425 432 434 441 450 453 462 464 464 465 472 480 484 485 489 493 500 498 507 513 514 521 524 526 534 542 543 547 554 561 570 569 578 578
151 158 150 151 157 165 174 172 181 190 198 200 201 206 214 215 216 217 220 225 229 231 232 238 239 248 254 258 267 270 279 277 282 283 291 300 309 315 315 315 324 332 336 342 348 355 356 354 363 364 373 380 376 372 373 380 385 386 390 391 400 409 411 420 419 421 423 432 433 440 441 450 455 458 459 466 473 474 476 477 483 484 491 497 504 513 519 520 521 529 535 538 540 548 555 563 572 578 583 584
155 164 159 152 153 162 165 171 178 186 194 202 209 211 220 224 223 219 228 226 234 238 240 240 241 242 252 261 264 271 280 280 286 292 297 302 305 312 319 317 323 327 333 341 349 358 360 363 372 373 372 381 379 373 380 389 386 394 399 400 403 411 420 428 421 424 431 437 442 448 445 447 456 462 465 471 478 482 482 483 490 489 498 504 508 513 515 524 522 530 538 541 549 556 564 569 571 573 579 575
162 165 158 153 159 168 174 177 185 188 197 206 207 216 212 221 224 220 229 235 241 239 242 246 249 247 255 261 267 270 272 273 279 288 297 297 306 312 319 323 329 335 338 345 351 352 360 367 367 370 371 378 376 375 384 393 391 398 407 408 410 417 421 426 430 431 439 442 451 455 446 453 461 462 464 473 481 482 489 486 488 495 501 496 502 504 511 516 518 523 529 535 544 552 561 568 571 569 574 571
171 169 162 155 162 163 172 181 189 196 197 200 209 210 211 219 228 223 232 241 238 241 242 251 258 249 256 257 264 268 274 274 281 289 291 296 298 306 313 320 323 327 332 337 342 350 351 359 365 374 373 382 384 384 392 398 396 398 403 412 418 418 424 428 437 439 444 443 444 447 448 453 454 463 464 470 479 488 489 489 486 494 492 495 500 504 505 514 522 529 535 537 542 546 553 560 562 566 571 569
176 175 171 164 168 171 179 188 193 196 204 209 214 219 213 218 226 224 233 235 237 244 249 258 258 252 257 261 267 273 274 282 282 287 296 305 307 307 315 321 326 331 340 343 343 352 360 364 370 372 379 386 383 389 398 402 400 407 411 413 409 417 421 424 430 434 436 443 444 441 443 448 457 460 463 466 475 484 490 484 484 492 491 499 502 504 513 519 520 529 538 543 548 554 551 552 557 558 566 568
180 184 179 170 169 170 175 183 192 194 199 207 209 216 214 223 229 233 241 236 239 245 251 256 260 255 263 267 272 281 281 288 284 285 288 298 307 316 318 319 325 326 335 340 340 347 355 364 362 370 372 380 381 389 393 394 403 404 411 412 405 414 421 422 431 432 436 435 435 433 434 443 450 452 455 464 469 476 482 475 476 483 488 494 498 499 505 514 522 527 531 536 539 548 544 552 557 566 569 561
184 188 181 178 177 179 180 188 196 201 200 207 209 217 217 221 230 239 241 239 245 254 256 265 263 264 265 266 271 280 282 286 293 294 289 297 302 310 311 315 317 325 333 334 335 342 347 356 359 368 374 374 382 384 386 387 394 398 402 403 404 405 414 417 422 427 431 429 430 432 434 438 443 444 453 461 462 471 476 474 479 477 480 489 493 501 504 513 521 518 527 528 534 540 536 543 550 557 566 559
193 196 188 179 183 185 188 197 197 203 206 207 209 217 220 227 231 240 239 244 248 252 260 269 272 273 271 267 276 277 285 287 296 296 291 299 304 313 317 324 326 332 339 336 344 343 348 349 358 360 365 370 379 388 392 394 401 405 402 407 413 414 416 423 423 425 427 428 437 441 441 444 445 452 453 462 471 469 469 470 471 476 485 481 490 494 502 507 516 517 523 529 525 532 533 542 543 548 557 558
201 194 193 187 192 187 196 200 201 203 204 213 216 221 224 227 229 237 238 243 245 254 254 261 264 270 279 270 273 276 284 289 294 301 298 308 308 315 323 332 328 337 341 333 338 344 344 346 354 358 367 372 380 383 384 390 394 397 399 403 410 416 425 425 432 432 429 430 431 433 434 437 445 447 452 460 462 460 468 475 472 473 479 480 488 492 496 501 510 517 514 520 521 530 538 542 550 556 563 567
206 201 199 196 200 196 203 203 202 209 205 214 218 223 228 234 234 236 243 249 246 249 251 260 262 269 276 272 275 283 290 298 303 303 301 308 314 319 326 334 326 330 336 330 331 339 343 351 353 361 364 365 374 382 390 391 399 396 401 406 410 419 427 427 435 432 431 432 440 435 443 438 445 451 451 458 453 454 461 469 473 480 482 483 492 496 503 506 514 509 511 517 521 530 535 536 544 553 562 566
212 204 201 198 207 202 211 212 205 211 210 212 221 225 228 230 232 240 248 257 252 256 257 262 271 270 271 280 281 289 296 297 304 308 303 304 305 315 320 326 325 327 329 328 335 336 344 350 357 364 368 366 372 381 389 390 394 395 401 410 418 424 424 430 433 432 437 440 448 444 444 439 440 442 449 450 452 457 466 471 478 481 482 486 489 491 495 504 507 508 517 524 522 531 538 538 540 549 554 557
215 210 203 200 208 211 213 218 214 218 215 221 230 233 236 231 235 242 250 259 253 259 261 268 273 271 277 285 282 287 289 297 304 313 305 306 306 312 315 316 318 321 323 327 329 338 343 351 353 362 371 370 371 372 381 384 385 394 396 405 409 418 415 423 431 429 430 439 441 449 452 444 449 450 457 454 461 466 467 471 477 478 485 491 496 500 501 510 510 515 524 528 527 535 536 544 541 545 554 563
217 211 211 203 210 217 214 223 220 221 223 222 230 235 237 239 242 244 253 254 257 263 268 269 277 274 279 285 287 296 296 299 305 309 312 311 315 321 316 317 325 323 330 335 338 346 352 346 354 357 363 361 362 365 374 376 385 389 390 397 406 411 410 419 422 423 424 431 434 443 451 453 449 451 453 461 468 473 473 478 478 481 489 491 495 504 510 517 516 524 527 536 533 539 545 553 549 547 549 556
219 212 211 210 214 219 223 228 227 230 230 224 230 236 239 248 243 244 252 259 259 267 274 277 280 279 281 287 293 302 305 308 310 317 321 320 318 322 321 321 329 324 326 327 330 338 347 341 348 351 354 357 360 368 375 379 388 392 398 398 400 405 408 417 418 424 433 440 435 437 445 446 447 456 455 460 467 473 479 487 483 490 494 500 501 510 518 522 523 529 536 545 542 548 553 556 552 548 549 558
228 219 220 219 216 225 231 234 228 236 232 227 236 237 238 242 243 245 247 255 261 269 273 276 279 282 283 292 296 302 310 311 319 324 327 321 323 323 327 330 336 330 333 329 333 335 337 338 339 344 347 356 360 365 366 373 379 388 394 403 404 412 409 417 423 426 435 438 437 445 442 437 440 449 452 460 461 465 474 481 485 492 497 502 503 512 520 523 530 530 537 538 545 553 559 561 560 557 556 565
237 228 220 219 218 223 227 233 229 237 238 229 235 243 243 244 246 251 256 262 270 273 274 275 284 288 288 293 300 301 303 305 313 320 326 330 325 324 333 333 342 339 334 338 341 336 345 346 347 345 346 348 356 365 366 375 384 387 393 400 403 411 412 413 422 422 429 431 438 445 437 436 444 453 456 464 467 473 478 487 486 491 498 505 511 508 517 521 527 532 541 542 551 560 568 570 563 566 558 562
228 223 222 226 225 224 232 240 236 244 243 235 238 242 250 249 254 259 263 271 277 282 282 277 286 288 294 301 309 302 303 305 314 315 319 325 320 329 337 335 342 337 335 342 340 339 346 347 356 350 351 350 352 361 368 376 378 379 385 394 396 404 411 414 423 420 428 436 431 436 433 435 444 450 457 462 471 479 486 483 483 484 492 496 505 506 515 524 532 541 550 546 555 564 569 577 572 570 566 563
229 230 231 232 229 229 236 244 244 253 247 241 246 245 254 253 256 260 266 268 275 282 283 283 291 297 295 299 307 303 309 306 307 312 316 317 319 326 330 339 347 343 344 351 348 348 348 356 357 358 352 356 353 361 365 373 377 378 384 390 397 401 404 405 414 417 426 427 429 431 432 440 443 450 459 460 469 476 477 478 481 485 494 499 501 510 519 520 526 534 541 550 556 559 566 570 569 569 571 569
234 235 238 241 238 238 245 247 251 255 250 242 248 250 255 262 261 268 275 273 282 287 287 292 294 300 299 303 309 312 315 313 316 318 318 324 325 329 332 333 338 340 343 349 357 357 357 365 366 358 353 361 360 361 363 365 373 382 390 398 398 402 407 411 417 426 433 431 437 439 441 448 451 459 468 466 475 482 483 486 490 486 495 496 505 510 519 528 532 540 549 545 553 558 565 566 567 568 576 574
243 244 239 248 247 247 251 248 255 246 245 244 253 252 259 259 260 265 274 282 291 291 294 300 303 302 304 312 317 319 319 317 320 326 326 331 329 336 341 342 346 342 344 352 361 362 359 368 364 363 362 365 365 366 368 372 379 387 391 395 404 411 408 414 423 427 430 437 444 440 448 450 455 457 465 474 483 486 492 493 489 488 496 505 514 514 523 532 540 545 540 542 548 549 556 564 573 577 584 576
248 246 247 256 248 256 257 251 251 250 254 248 250 252 257 258 266 274 281 285 286 287 293 299 304 310 307 316 325 323 320 326 328 327 327 336 335 344 345 346 351 344 352 361 362 369 361 370 371 366 363 372 372 375 377 379 388 396 400 400 406 411 410 417 422 428 436 441 439 440 443 446 455 462 471 478 479 488 496 497 491 494 495 500 506 509 518 527 531 537 538 547 556 556 562 569 570 578 577 584
249 253 255 259 251 255 256 258 253 251 252 254 259 256 259 263 269 276 285 287 292 290 299 306 308 311 310 312 320 328 329 332 336 334 330 338 344 351 349 347 356 353 359 360 361 366 370 379 372 372 372 381 379 379 379 384 386 393 399 400 409 417 417 421 429 430 436 437 438 443 452 454 463 466 471 472 481 486 492 493 498 495 503 508 515 518 519 524 527 532 541 550 551 558 566 573 571 579 575 584
250 259 256 262 258 256 264 267 262 259 259 257 266 265 266 271 278 281 286 292 294 298 303 312 309 317 315 316 325 332 334 340 341 342 337 346 349 356 351 355 359 355 356 364 368 374 373 374 373 381 378 381 382 380 381 386 395 397 402 409 418 421 426 430 433 438 445 444 446 451 453 462 463 467 468 476 482 489 497 502 500 501 507 512 516 525 527 525 530 535 540 545 546 555 561 568 574 577 571 580
257 266 261 265 267 259 261 269 265 265 260 260 269 274 272 278 284 282 284 285 294 300 302 309 314 321 324 320 324 325 328 331 332 333 342 343 352 360 352 354 356 364 365 367 370 377 382 375 380 389 385 389 388 382 390 393 401 406 409 416 421 427 427 431 436 444 453 452 447 453 461 463 471 474 476 483 484 486 494 495 496 503 511 519 520 521 523 528 529 535 543 549 555 564 561 562 565 568 569 574
264 265 270 274 273 268 264 273 270 267 264 267 271 279 275 281 285 283 287 290 299 305 306 314 316 325 332 329 329 328 334 339 337 342 346 344 352 358 361 356 358 359 361 370 371 380 383 376 377 382 390 398 393 383 392 401 410 413 416 417 418 425 429 429 430 435 444 445 450 453 462 470 476 479 482 484 488 490 498 500 501 502 504 512 513 521 524 527 536 541 542 549 554 557 560 559 566 575 574 577
273 274 279 278 274 277 272 280 271 271 273 268 277 280 282 290 294 292 295 297 303 306 312 320 317 320 328 335 336 334 340 341 342 350 349 353 355 358 364 364 366 364 369 370 378 386 391 385 385 390 398 396 389 387 394 399 403 404 413 420 419 420 428 427 435 444 451 453 459 454 457 463 471 476 481 486 487 496 505 504 509 504 513 520 519 526 527 529 530 532 533 542 545 548 555 556 565 574 581 586
282 283 288 287 282 279 275 280 278 280 282 276 285 281 285 294 296 301 298 298 301 302 309 318 326 328 333 336 344 337 345 347 344 352 358 354 361 359 364 372 367 368 373 379 386 394 392 391 394 394 396 405 397 395 400 407 411 413 422 421 420 421 423 425 433 436 444 448 455 462 462 469 474 481 490 495 490 499 501 502 510 505 507 511 516 525 527 533 531 540 541 549 554 557 564 561 567 568 577 584
284 292 293 290 289 280 276 282 287 279 278 277 279 285 286 295 304 308 307 307 307 309 313 317 323 324 333 339 345 344 351 349 349 351 352 360 366 367 370 379 376 377 382 383 391 395 397 399 402 397 399 403 406 399 406 413 416 422 424 422 422 430 432 429 430 439 445 447 456 460 463 465 472 479 482 491 495 501 507 510 513 513 516 514 515 519 525 532 536 540 544 546 549 550 559 568 576 572 576 580
292 300 294 290 286 282 283 290 288 287 286 279 281 286 290 295 304 309 312 316 309 317 315 322 331 326 335 341 343 347 352 358 356 360 353 357 358 364 373 381 381 378 386 390 391 392 399 400 403 400 408 411 407 402 404 410 411 420 425 431 431 431 433 434 437 444 448 453 454 463 471 474 479 482 485 486 491 500 509 510 519 514 517 515 523 528 533 539 545 545 553 549 553 559 564 565 570 579 578 587
293 296 303 299 291 287 292 292 295 289 289 280 281 284 291 294 303 310 312 316 315 324 319 328 335 335 344 346 352 351 360 365 360 360 359 366 367 373 377 379 385 383 392 392 400 401 408 409 408 404 412 417 416 411 412 419 418 424 425 434 440 439 435 437 446 445 447 453 460 469 470 475 484 483 484 485 494 503 512 518 519 521 521 522 525 534 536 537 545 554 562 558 557 560 562 564 572 574 583 592
296 305 312 306 298 295 295 300 298 297 293 284 282 289 295 299 300 305 312 318 323 327 326 333 338 338 346 347 355 354 358 367 369 365 366 369 368 371 378 377 379 383 384 393 396 402 404 406 414 405 408 416 423 416 414 420 421 425 434 436 440 447 443 446 448 454 456 455 458 466 475 481 482 485 485 494 503 505 506 512 520 528 522 528 532 540 545 544 549 557 562 562 564 562 564 569 577 583 592 601
305 312 318 310 305 304 298 306 302 300 293 292 283 288 296 305 309 313 312 318 321 327 335 340 345 343 351 355 364 360 367 376 374 366 367 371 370 371 375 376 377 386 386 387 388 397 405 413 416 414 412 420 429 423 421 428 430 430 437 442 442 445 449 455 457 462 464 457 465 472 473 481 489 491 486 488 494 501 509 518 526 525 529 533 541 547 552 553 558 561 568 567 568 568 573 577 585 590 597 600
312 321 326 318 310 302 299 300 309 304 300 291 284 288 293 300 306 309 310 318 324 330 339 347 342 351 354 359 362 368 374 383 374 369 374 372 372 378 383 380 382 388 393 396 395 397 403 408 417 419 413 421 424 431 423 430 437 434 439 443 447 448 453 459 461 462 464 459 465 474 479 488 490 499 494 497 502 505 513 517 518 522 528 530 537 546 552 555 556 564 573 574 575 572 577 579 587 594 603 608
317 326 329 323 317 308 302 309 315 306 304 297 293 293 295 300 303 312 319 321 322 331 332 339 340 349 350 351 353 362 369 377 376 373 380 380 379 385 387 386 390 394 401 404 399 400 405 414 423 428 422 426 426 427 427 435 438 443 440 445 446 448 456 463 462 464 462 460 468 469 478 487 495 499 501 503 505 513 514 516 517 519 526 535 537 541 548 556 559 560 568 573 577 580 578 586 594 602 609 615
323 330 330 321 320 313 305 306 308 311 302 295 294 298 299 307 308 315 317 326 331 340 333 338 347 350 358 352 359 360 369 375 383 382 386 387 387 391 395 394 395 395 397 402 408 401 407 415 424 432 431 429 432 436 436 436 443 446 441 442 444 452 453 456 462 467 464 469 477 478 486 489 490 495 504 512 509 511 513 522 523 520 529 533 536 541 550 556 562 561 566 572 579 576 580 589 589 595 604 609
326 330 322 321 319 317 311 314 313 305 300 298 295 300 302 308 316 322 319 322 330 338 334 338 340 349 357 358 360 368 377 384 386 389 394 391 393 400 397 399 401 402 398 403 412 409 415 422 424 429 436 431 439 441 438 445 449 448 448 445 448 450 454 457 464 466 469 470 478 484 489 493 494 503 504 513 513 512 519 521 530 524 525 527 536 540 549 558 559 560 563 572 571 574 580 584 588 597 605 612
330 337 329 330 326 321 312 321 320 311 303 304 303 304 310 313 316 324 325 328 337 338 340 347 348 351 360 367 368 372 374 383 385 393 402 395 400 407 398 406 406 404 405 411 412 417 422 428 427 428 437 436 445 448 439 441 442 445 451 454 449 458 461 464 472 467 475 479 485 493 490 492 499 502 511 520 521 513 516 522 530 531 533 536 544 541 548 556 565 565 563 565 568 573 581 585 594 597 602 611
336 345 338 338 332 328 321 322 313 306 305 307 307 313 311 320 320 329 334 335 341 345 344 348 349 357 361 363 364 365 374 375 378 387 395 396 401 404 407 412 407 405 414 419 421 426 429 437 428 432 441 445 452 443 440 449 449 446 455 455 451 460 469 468 477 476 481 480 482 491 497 496 497 500 506 515 517 521 523 526 528 535 541 545 553 546 547 551 559 561 562 571 577 574 581 585 587 594 595 603
337 346 344 337 336 327 324 318 311 309 309 309 315 318 318 320 322 330 331 335 344 350 349 356 358 366 365 365 366 372 378 384 386 395 399 404 409 413 408 416 415 409 418 424 422 431 437 444 435 440 449 448 449 445 447 448 456 454 460 463 457 462 472 475 477 481 483 488 487 489 497 498 500 509 508 510 519 528 530 535 529 537 538 541 550 550 550 559 566 564 566 572 578 575 584 592 595 597 604 605
345 354 345 344 335 334 327 320 312 316 312 313 319 319 327 321 323 327 329 337 344 353 356 357 358 362 369 373 374 381 387 385 392 396 404 410 417 417 410 413 422 415 416 424 425 430 436 443 440 443 450 454 449 446 455 455 462 463 469 464 465 464 465 468 476 480 489 489 488 497 506 499 505 512 512 516 525 527 531 534 537 538 546 545 549 554 555 558 565 573 570 574 575 583 585 591 592 601 603 612
354 351 342 339 335 329 328 323 316 325 317 316 325 326 334 329 330 335 337 346 352 356 357 360 359 367 376 381 382 390 390 394 396 405 408 409 413 414 416 414 417 419 424 427 431 439 437 439 447 445 446 449 450 452 459 456 457 459 460 469 474 471 471 473 483 489 491 490 494 496 503 504 508 509 511 520 529 532 539 542 539 539 545 553 551 552 561 559 568 574 579 577 583 588 594 592 594 595 602 609
360 351 349 340 338 338 335 326 320 323 320 325 330 327 333 338 339 344 339 340 348 357 366 369 367 375 384 389 391 396 399 398 401 402 407 411 412 416 417 415 424 422 424 433 432 440 441 443 449 449 455 452 453 455 463 465 465 467 461 462 466 475 477 474 475 480 487 491 498 505 512 506 514 517 514 517 521 523 531 535 539 544 548 553 553 561 567 568 572 579 580 585 584 591 592 595 595 600 607 614
363 354 356 347 340 341 338 333 324 328 324 329 338 335 340 342 342 350 341 345 354 355 363 364 368 369 378 387 393 398 403 402 404 410 416 417 417 425 421 418 422 430 431 440 436 437 446 447 448 457 455 454 462 456 464 470 471 475 467 463 469 470 474 483 480 489 495 493 503 507 513 507 515 521 521 518 523 531 538 544 548 548 554 560 562 563 568 573 579 586 581 587 593 599 597 596 596 602 604 610
367 363 362 356 349 348 340 333 329 330 329 330 339 344 349 345 350 347 343 351 360 359 365 370 375 377 385 388 397 398 406 403 409 417 424 419 424 431 428 426 427 435 437 441 438 446 453 452 457 462 464 462 461 458 464 473 480 477 470 470 478 478 479 482 486 489 496 494 500 505 512 516 516 521 530 527 524 528 529 535 540 548 552 561 570 571 577 574 582 589 590 591 594 602 605 605 603 611 610 611
375 372 371 362 358 357 349 342 333 331 338 331 333 342 347 353 359 356 351 353 354 363 366 375 376 385 389 389 394 403 412 411 414 418 427 425 426 434 435 432 433 442 445 449 446 455 455 453 459 468 468 471 463 459 468 474 476 474 472 473 481 486 487 489 494 496 502 503 502 511 516 522 525 530 531 536 529 536 536 538 545 550 558 566 572 579 586 580 581 589 593 599 600 608 612 614 611 620 619 615
375 367 366 362 359 362 353 344 339 340 335 334 337 338 343 344 353 355 357 361 363 365 369 377 379 388 390 395 402 411 413 416 416 417 425 433 435 436 438 441 436 437 446 453 455 457 463 454 455 462 471 477 472 466 475 483 481 479 473 479 486 492 495 496 503 498 507 508 503 511 519 528 533 538 539 545 536 545 537 540 548 555 560 561 569 578 579 581 590 595 601 608 607 608 615 622 613 618 627 619
383 374 373 365 357 356 354 346 343 339 338 343 338 347 345 353 360 358 365 367 372 366 375 383 386 393 397 403 410 418 422 422 425 419 422 426 432 434 442 439 437 438 443 444 452 460 466 463 462 466 474 475 481 475 484 489 486 488 481 487 495 498 502 504 511 505 514 513 510 518 526 528 528 537 543 547 539 542 543 549 552 553 560 566 567 569 576 584 592 600 608 610 615 609 616 617 622 626 627 628
390 381 373 373 365 362 353 346 345 341 343 352 347 354 347 348 351 358 359 362 365 373 377 384 386 390 399 405 414 423 427 431 423 421 422 429 438 439 446 443 443 439 442 446 449 456 464 468 464 473 474 478 478 476 484 492 490 494 485 486 494 499 503 505 514 510 514 514 512 521 529 526 527 529 537 538 542 551 551 551 552 555 563 569 571 572 581 589 590 597 605 613 613 611 617 625 623 632 636 634
383 380 371 371 362 353 352 351 351 347 345 353 355 352 350 353 358 364 368 364 368 370 379 382 388 396 397 404 411 420 425 428 431 422 423 425 431 440 447 452 452 448 451 448 456 464 469 471 471 472 481 486 487 483 492 495 495 499 494 489 496 503 506 510 518 519 522 518 515 517 519 523 526 527 536 540 550 553 556 555 553 558 567 574 580 577 586 593 599 605 610 616 616 620 625 626 629 634 639 642
375 371 368 366 365 357 359 352 352 353 354 361 356 357 354 361 365 373 375 366 367 370 378 379 380 387 390 399 403 412 421 422 423 425 432 434 440 447 454 461 458 457 459 457 465 473 478 473 477 475 476 485 486 486 495 499 500 504 501 497 504 512 514 519 527 526 522 520 517 523 527 531 535 536 542 544 554 561 563 563 562 562 567 575 583 586 594 596 603 608 617 625 625 626 634 632 632 633 637 645
384 377 377 374 367 365 357 353 359 357 358 360 365 365 362 369 366 367 376 375 371 378 383 388 381 390 398 403 410 416 417 424 430 432 430 438 447 446 450 457 461 466 467 464 471 472 477 474 481 484 483 487 488 495 496 498 506 513 510 504 512 518 523 528 528 533 528 528 520 529 535 532 538 545 549 546 556 564 571 566 565 571 570 578 586 595 598 599 601 604 611 620 617 618 625 634 636 637 644 650
388 380 380 376 367 363 362 362 367 358 363 367 370 371 366 375 367 376 382 384 379 380 385 392 389 392 399 405 412 417 420 418 421 426 428 432 441 443 449 450 458 467 470 465 470 478 479 483 490 493 485 494 490 495 501 505 511 519 516 511 520 520 525 528 535 541 534 531 523 532 540 534 537 544 548 550 554 559 567 567 569 570 573 582 587 594 599 606 610 610 603 612 616 618 627 636 645 644 647 656
391 384 381 384 376 372 371 371 368 367 370 374 378 372 375 371 368 376 384 385 387 382 391 394 392 397 398 403 407 408 412 416 424 433 431 432 439 443 448 449 458 467 473 467 470 479 485 486 489 498 494 503 499 496 504 511 512 513 515 515 519 526 533 529 538 540 534 530 526 530 538 542 538 544 552 557 555 557 558 561 563 572 579 583 584 591 590 598 605 606 601 610 613 622 628 632 641 645 646 655
398 392 389 391 382 377 380 378 377 370 371 380 385 378 384 378 377 378 383 390 396 391 400 395 397 405 407 406 415 417 417 425 428 436 440 438 447 452 455 458 461 462 471 470 477 485 493 489 497 504 501 508 501 505 507 512 516 516 523 523 522 528 537 538 542 547 541 536 527 536 538 543 540 549 556 563 557 559 566 568 566 571 572 579 581 585 589 591 596 597 598 607 612 615 622 631 636 637 645 647
406 401 398 400 391 384 382 379 380 371 380 383 391 383 390 381 386 380 389 391 400 392 394 401 400 409 410 407 409 413 422 431 433 437 446 445 452 459 459 465 470 471 478 475 482 487 491 493 497 506 503 508 503 512 508 517 524 518 525 532 527 535 541 547 543 547 540 539 531 540 547 551 544 551 555 555 564 567 574 569 571 576 578 587 588 587 591 592 600 600 601 610 612 621 630 634 639 645 651 648
414 408 402 393 392 391 389 380 382 374 383 389 395 392 392 383 389 383 390 395 403 401 403 410 407 413 419 416 412 421 424 426 435 436 445 453 460 466 465 466 468 476 483 478 482 489 491 497 506 513 504 513 512 521 513 521 526 527 530 539 533 541 547 554 552 554 547 540 539 546 554 552 546 547 548 553 562 570 577 572 575 579 582 590 595 588 595 601 607 603 609 610 618 626 627 636 645 646 651 654
411 404 395 394 399 399 390 381 389 381 388 392 398 395 401 392 392 389 396 397 400 401 407 413 409 410 414 422 414 423 425 434 440 441 450 458 459 468 474 472 477 485 490 487 484 486 492 501 507 513 505 506 508 516 514 516 522 523 531 537 538 532 541 548 553 546 555 546 548 555 563 554 551 554 552 556 564 568 575 578 584 587 590 595 592 590 592 597 599 606 609 615 622 625 632 641 650 653 660 663
411 402 401 402 406 397 392 383 390 390 396 401 402 397 404 399 401 398 397 398 401 402 410 419 417 412 421 419 416 417 420 427 436 442 447 456 459 463 470 477 478 486 490 487 485 490 493 502 504 506 513 515 509 518 521 517 520 523 527 529 530 531 535 544 550 545 553 553 555 564 568 561 560 558 555 558 566 574 580 587 590 596 597 604 600 595 599 606 606 612 612 613 622 629 638 646 653 654 663 670
417 408 410 407 407 398 398 392 391 399 397 400 407 398 407 408 409 407 406 407 402 410 416 425 418 413 421 423 425 419 428 436 443 443 447 453 454 461 464 469 476 485 493 490 493 498 502 510 505 513 514 519 517 525 527 525 525 527 535 534 534 532 540 541 542 544 549 555 556 562 571 569 568 567 563 566 569 573 582 586 587 591 597 606 601 596 599 606 609 614 618 620 621 630 638 640 646 653 656 661
414 411 413 414 408 407 400 393 397 399 402 402 405 406 413 411 415 412 407 407 405 406 408 417 426 422 426 431 427 428 436 440 449 452 454 455 460 465 466 470 479 486 490 493 502 506 505 514 512 518 523 528 520 526 532 533 526 534 542 536 543 541 545 548 549 546 547 553 562 565 569 572 574 568 565 569 570 572 577 579 588 596 603 604 603 603 602 603 607 612 614 623 628 632 633 641 643 652 660 664
423 415 420 423 417 416 409 402 403 404 410 410 406 409 418 412 417 414 412 415 406 415 416 425 433 429 427 436 429 435 444 449 458 461 459 463 465 470 475 471 476 482 483 492 497 504 508 517 515 516 519 524 528 527 529 535 535 541 550 541 548 549 552 554 558 554 556 562 570 573 574 579 578 573 567 576 572 579 578 587 593 597 600 609 609 611 606 611 608 616 623 632 631 632 641 647 645 650 652 655
424 423 429 424 425 421 412 408 404 409 413 411 409 410 418 420 424 416 415 423 414 415 416 425 431 430 434 443 434 443 444 453 461 470 466 464 473 476 475 474 475 481 490 497 506 513 513 521 523 517 518 527 533 536 536 542 542 542 550 549 554 552 554 563 562 555 561 564 565 566 567 573 581 574 575 579 581 581 587 589 595 600 604 605 607 615 615 615 609 613 615 624 625 634 640 641 645 646 655 663
430 428 436 431 423 420 414 412 411 410 418 419 416 416 423 429 429 425 417 426 420 424 425 426 430 434 438 439 436 445 449 458 463 472 471 465 471 478 484 481 481 487 495 502 506 515 519 521 530 521 527 529 536 541 540 543 547 544 548 551 556 560 560 563 566 557 566 572 574 570 572 574 579 581 578 587 589 590 590 590 592 601 610 606 613 620 621 617 613 619 621 622 624 625 631 639 640 645 653 657
439 437 437 429 425 416 415 420 419 415 416 417 422 421 427 436 433 424 423 432 427 433 434 431 439 437 438 439 439 447 452 461 467 468 477 470 477 486 483 482 490 488 493 502 511 517 526 529 538 529 535 538 544 550 549 549 556 553 554 552 557 564 569 569 568 559 561 565 570 575 580 577 581 582 581 588 597 591 595 591 595 596 603 611 619 625 629 620 618 622 629 628 633 627 634 640 645 644 645 648
446 437 429 428 419 418 423 424 420 423 421 419 428 422 430 431 440 433 428 431 428 432 441 435 443 438 446 447 447 448 450 458 461 467 476 479 486 490 492 485 489 497 501 510 519 526 533 536 533 531 533 542 545 553 550 557 563 562 559 560 566 568 574 570 572 568 562 569 573 577 578 586 589 589 590 595 604 599 596 595 603 598 601 603 611 620 620 629 624 629 635 637 638 629 630 631 636 642 650 649
443 436 429 428 420 424 432 428 429 427 430 428 433 425 432 432 437 440 431 435 430 439 448 442 451 445 454 449 451 455 456 464 463 469 478 482 491 491 496 490 496 504 507 515 524 529 538 545 540 536 540 549 553 558 557 560 566 570 562 561 570 577 579 579 575 567 565 573 580 583 586 592 597 598 598 600 604 600 605 600 608 599 602 603 611 613 616 624 632 630 635 636 635 632 636 634 644 644 648 656
448 442 433 429 429 427 429 429 438 429 435 437 435 426 435 441 440 439 432 439 438 441 448 447 452 451 458 453 454 459 461 470 472 478 479 488 491 500 501 497 505 509 514 516 523 524 533 542 547 544 541 550 558 559 562 567 572 579 570 564 570 579 588 588 579 572 571 579 583 592 594 599 606 599 606 603 604 603 610 601 610 607 611 612 620 617 625 633 639 638 636 644 640 639 644 640 643 645 654 661
448 440 434 437 435 434 431 434 437 430 434 443 438 435 444 442 442 448 441 444 444 450 457 451 458 452 461 458 463 461 463 470 477 482 484 487 496 503 503 506 511 516 517 517 523 527 534 543 547 550 542 550 559 568 566 569 574 581 579 573 579 586 591 590 588 580 580 585 591 600 595 604 609 605 612 609 610 604 613 606 615 615 620 621 626 618 627 635 644 647 644 650 641 644 647 647 650 646 647 651
450 443 443 444 443 440 440 441 432 431 439 442 445 436 441 446 450 449 448 446 446 448 454 459 458 457 458 467 471 468 472 471 479 487 493 489 498 499 507 504 513 517 526 522 527 536 540 542 550 554 549 558 563 564 573 578 575 576 582 578 585 594 600 593 587 584 586 593 600 603 601 610 614 606 613 617 609 607 610 607 614 617 626 630 633 626 633 637 646 653 652 654 646 652 652 651 656 648 655 657
453 447 448 452 444 448 447 445 438 436 443 443 452 445 450 455 459 455 453 452 454 450 458 466 467 458 466 467 475 473 480 477 484 490 497 490 497 502 510 503 504 513 522 531 536 533 533 538 544 545 546 550 554 556 565 574 583 585 587 587 586 595 600 601 595 587 595 602 604 605 609 612 620 614 619 622 617 608 616 616 618 626 632 636 636 628 637 646 650 658 661 658 653 659 658 660 664 657 661 658
456 456 450 453 449 456 448 446 445 445 445 452 454 447 456 463 468 463 454 453 456 453 461 463 472 465 466 474 477 482 489 486 486 495 502 494 496 498 501 502 504 508 516 524 530 531 532 534 543 551 552 559 562 565 568 576 583 592 595 588 594 603 604 606 601 595 604 610 611 606 611 618 621 619 622 621 620 616 624 625 627 627 635 636 637 629 636 643 651 652 659 666 659 660 667 669 668 664 669 667
