  0 250 244 249 252 248 257 259 262 270 269 265 263 271 275 275 269 270 274 273 276 285 293 293 302 304 305 310 313 314 318 315 316 325 326 332 332 339 340 341 349 352 361 362 368 368 372 374 382 386 389 391 400 409 409 417 417 425 428 433 442 434 436 444 453 451 455 463 464 470 479 488 495 497 504 506 509 507 512 507 512 520 524 532 534 543 551 560 557 563 569 570 571 577 585 591 592 588 594 603
  8 243 242 243 243 247 248 255 260 261 264 256 261 262 266 273 268 271 269 270 273 279 284 292 301 303 301 303 309 317 309 311 315 322 323 332 331 337 343 350 350 351 357 361 369 364 367 369 374 378 380 386 394 401 403 410 413 417 419 427 436 428 436 445 449 448 455 458 466 474 482 481 486 489 496 501 501 498 507 504 506 515 524 528 536 545 550 558 555 562 560 566 573 573 582 582 583 584 593 600
 16 235 233 242 240 249 241 247 252 254 256 254 252 255 260 267 260 263 264 271 280 286 293 292 296 298 297 303 306 310 304 308 316 323 332 337 330 335 335 343 350 356 348 353 360 358 366 372 380 378 382 391 395 397 402 410 413 412 419 426 434 426 434 437 441 446 453 455 461 467 476 478 486 486 487 495 496 497 498 502 505 514 523 524 531 540 541 550 546 553 558 563 564 572 573 576 583 584 585 591
 17 239 232 234 235 240 238 239 243 251 253 248 250 251 253 260 258 263 265 274 279 284 289 284 290 291 296 298 299 301 303 312 320 325 334 328 328 329 334 335 341 347 345 347 356 355 363 368 371 377 382 385 389 396 402 405 406 410 418 417 425 425 426 432 441 445 452 454 462 471 471 480 482 482 491 491 500 497 503 506 514 518 516 517 523 532 534 543 542 544 549 557 560 563 567 571 579 588 589 597
 26 239 231 228 234 235 237 244 249 248 244 245 253 255 253 251 255 264 269 274 282 277 280 280 283 287 287 289 291 294 299 308 315 316 325 322 321 330 335 327 336 338 339 346 347 354 363 368 376 382 389 382 384 393 395 402 411 412 412 414 420 419 427 436 438 442 449 454 458 466 463 471 473 481 483 484 493 494 496 497 506 514 515 518 524 526 534 535 536 540 547 549 551 560 566 574 578 587 595 604
 28 233 224 222 225 226 235 244 243 239 237 239 248 246 244 250 258 263 268 268 276 273 279 278 282 288 286 291 290 291 296 299 306 315 316 323 318 323 329 324 329 332 338 346 347 353 356 362 368 374 381 379 387 388 397 401 403 407 408 411 415 418 422 427 436 438 442 446 455 457 462 463 472 478 486 484 493 502 502 505 506 515 522 519 528 527 535 540 545 549 549 555 552 557 563 566 575 584 589 595
 29 225 216 216 221 225 234 240 235 237 228 235 240 237 238 244 251 257 259 266 268 264 271 275 273 280 284 286 287 294 302 296 303 310 317 314 316 317 320 321 328 329 337 341 345 353 355 358 365 367 376 377 381 386 388 394 396 401 410 413 414 417 422 431 439 446 445 449 453 454 455 462 469 470 478 483 487 493 500 504 506 509 514 522 531 536 544 548 547 554 556 557 556 564 570 567 569 577 584 587
 33 218 212 215 224 227 231 234 227 235 227 232 238 236 244 244 252 250 259 262 265 262 270 277 272 271 276 277 285 290 294 295 299 306 309 313 322 325 327 324 333 337 345 350 347 350 352 356 362 371 375 377 385 394 390 394 397 399 405 408 410 412 414 423 431 440 447 447 450 456 464 470 478 471 480 480 481 486 495 497 498 506 511 517 526 532 540 549 553 562 564 562 565 569 573 569 577 578 587 591
 41 212 211 213 217 218 223 226 225 233 225 225 234 235 238 243 244 249 257 253 258 260 268 270 274 268 272 279 288 297 293 293 297 301 308 317 316 321 328 333 340 339 342 344 347 356 358 365 368 371 374 377 382 389 396 400 406 407 413 417 413 419 417 426 435 441 444 446 453 455 463 472 478 473 476 478 481 485 486 489 496 504 510 515 520 529 537 540 544 553 559 568 568 577 581 577 586 586 586 594
 42 204 208 205 210 213 222 220 219 228 221 222 227 234 240 249 246 242 251 252 260 256 265 272 265 267 271 280 287 291 284 292 297 300 306 314 309 315 323 332 335 335 343 345 349 351 360 369 371 373 372 381 383 390 398 406 410 412 416 417 417 426 423 430 432 440 444 451 452 460 461 468 473 481 485 480 481 490 495 493 502 503 512 521 525 529 535 543 551 553 554 562 571 572 580 585 589 592 585 591
 51 199 206 198 206 208 214 214 216 222 220 226 227 226 232 241 246 237 242 244 251 255 261 264 263 272 272 276 278 285 283 288 290 297 298 305 307 311 318 327 332 334 341 349 356 357 360 364 366 366 371 379 380 385 390 399 402 404 407 408 411 418 424 425 426 432 438 442 449 454 463 465 471 480 485 484 487 496 503 498 506 512 514 518 527 533 539 547 554 561 562 563 572 576 577 579 582 583 584 592
 56 194 203 197 205 213 206 213 214 215 213 217 218 222 223 232 240 235 244 245 254 250 257 265 261 270 275 278 287 282 281 287 286 295 303 307 306 309 316 320 323 325 333 340 348 351 351 355 357 365 373 381 381 390 391 399 404 412 412 415 420 425 429 430 429 436 442 447 450 455 459 468 474 483 484 492 496 504 504 507 510 515 516 519 527 532 540 545 545 554 555 563 564 568 577 578 586 592 592 595
 58 191 194 196 198 204 198 207 214 210 211 218 226 223 229 230 231 232 241 244 245 249 251 258 260 261 269 278 287 284 277 279 285 288 295 304 305 307 316 318 321 323 327 334 342 343 344 347 356 361 365 374 381 388 393 399 405 409 413 422 429 430 431 439 436 444 450 445 453 462 468 462 471 478 479 485 492 497 506 510 519 514 516 519 522 529 537 540 543 548 552 559 565 571 578 586 581 590 598 604
 66 187 189 194 192 195 193 201 205 209 218 219 221 214 223 230 235 241 245 246 254 252 257 258 267 270 276 270 279 275 276 284 293 296 296 300 306 314 317 321 330 330 335 340 341 346 353 356 357 363 372 379 380 381 390 396 397 402 409 417 423 431 438 447 439 443 442 444 445 454 459 460 469 477 486 490 491 498 503 502 511 512 518 525 531 531 533 537 538 539 546 553 556 565 569 578 580 589 592 599
 73 186 180 186 183 187 189 198 197 206 212 217 214 210 217 225 226 232 237 238 246 255 252 253 260 269 270 268 272 274 281 290 298 297 297 303 305 306 315 319 325 334 339 335 344 343 351 356 360 363 367 375 382 390 393 390 399 406 413 414 414 422 430 439 433 434 441 443 446 455 458 463 470 472 480 482 485 492 495 501 507 516 522 531 531 533 542 538 539 547 549 558 558 560 569 574 583 592 593 598
 74 178 179 177 180 182 186 192 196 197 203 211 210 206 208 217 221 229 232 237 245 249 251 252 253 262 261 267 272 275 282 291 299 300 296 303 297 303 311 310 319 328 330 332 341 336 345 352 354 359 366 374 383 384 385 386 395 400 405 406 413 422 424 432 432 433 434 441 446 454 461 468 470 471 472 473 481 487 488 497 505 510 517 522 523 530 536 539 541 547 549 551 559 568 572 576 578 587 588 589
 83 173 170 176 177 183 185 192 194 196 199 206 213 205 209 218 227 225 233 232 237 241 248 243 250 253 257 264 268 276 285 293 293 297 295 294 294 300 305 309 315 324 333 331 337 334 337 343 350 352 357 366 375 384 385 390 397 401 406 409 414 422 422 423 431 436 442 450 447 456 464 465 468 477 479 478 487 488 496 500 508 508 509 517 526 533 534 541 547 552 556 553 561 566 571 574 577 584 587 595
 89 171 163 172 178 174 183 188 196 201 193 198 206 202 209 212 218 222 224 226 232 234 239 240 243 248 251 255 263 271 277 286 284 290 286 287 291 295 300 306 313 319 326 328 329 331 337 346 354 358 359 368 370 379 380 384 390 396 404 410 416 419 416 425 426 435 443 449 455 456 464 469 477 482 484 479 488 497 500 506 509 507 515 522 527 536 535 543 544 550 554 557 566 575 578 574 575 583 584 593
 93 165 161 167 174 172 178 185 189 192 191 197 200 201 210 210 214 219 228 229 231 229 230 234 235 244 245 246 254 262 271 280 277 281 282 290 299 301 303 309 310 317 324 333 331 338 342 351 360 365 360 364 366 370 379 384 391 392 400 406 410 415 414 421 430 431 438 447 449 457 459 468 469 474 475 484 487 493 492 497 500 503 510 519 522 529 538 547 545 552 551 558 559 566 573 573 582 586 592 597
 94 165 158 165 168 167 174 181 187 183 184 193 202 201 206 206 213 219 219 228 230 225 228 237 240 245 253 249 255 262 270 274 276 278 286 284 293 300 309 310 318 321 329 334 333 336 345 354 356 363 369 366 373 371 378 387 388 389 397 399 406 408 412 420 422 431 435 438 447 455 458 467 469 477 482 480 478 485 488 493 502 511 515 519 527 536 538 547 544 548 550 556 563 563 564 565 573 578 583 588
100 162 157 158 164 165 174 176 182 181 175 184 193 198 204 202 204 212 211 220 221 224 233 239 239 244 252 257 262 270 272 277 270 271 278 279 286 295 304 312 318 315 320 327 330 339 345 346 347 356 363 365 374 374 375 381 388 389 396 403 405 414 418 424 427 433 441 447 456 460 460 466 470 478 474 471 477 479 484 493 501 508 515 517 522 531 538 545 538 539 546 548 555 562 567 568 570 577 586 594
109 153 150 156 157 166 172 167 175 180 174 176 184 191 195 198 201 204 206 213 222 225 231 236 238 243 246 253 259 261 263 268 269 278 284 287 288 297 303 308 309 312 313 322 323 332 338 345 349 356 357 365 371 377 381 390 391 398 401 402 407 416 418 425 431 433 442 444 451 451 452 457 461 470 476 468 477 486 492 495 499 505 514 523 518 527 529 536 537 542 545 553 546 554 559 560 565 571 577 586
118 144 143 150 153 159 165 166 170 171 173 178 186 187 192 201 202 209 215 221 228 228 232 241 241 242 248 249 250 252 260 263 272 279 283 286 286 288 297 304 312 314 317 321 324 330 338 341 350 355 359 364 372 381 381 387 386 391 392 393 400 409 409 418 424 426 435 441 442 449 450 458 466 474 472 466 471 477 484 486 495 501 505 514 517 521 526 527 529 538 544 544 545 548 557 556 561 568 570 578
122 125 130 133 147 154 162 171 171 178 180 184 187 196 195 199 203 212 220 227 229 237 236 242 250 248 249 258 259 260 261 267 269 274 277 282 284 292 301 310 319 321 326 330 326 332 341 344 353 351 353 356 365 372 377 378 384 388 395 402 402 403 408 415 424 433 434 433 442 443 443 452 459 468 466 463 472 478 480 488 489 498 505 507 508 517 523 527 529 538 539 543 551 548 552 553 562 570 574 579
127 130 136 139 147 155 157 164 166 173 174 182 185 194 195 201 209 212 217 225 234 243 245 250 255 254 258 260 268 263 270 273 274 275 284 286 293 298 304 310 312 318 319 328 327 329 333 341 350 349 354 355 359 368 377 383 384 393 396 402 411 411 409 417 426 427 428 432 439 440 441 443 452 460 461 462 463 471 479 481 486 495 496 505 509 515 524 519 523 531 538 546 551 544 553 547 555 561 570 571
132 131 137 146 149 154 163 172 171 176 180 188 194 203 202 202 210 210 216 225 231 239 248 248 255 261 260 266 273 266 273 274 282 281 283 292 300 306 303 307 314 320 325 329 333 334 334 335 343 345 353 360 364 372 379 388 390 397 404 398 402 411 417 418 427 430 433 441 448 444 443 452 460 462 467 469 470 474 480 481 487 496 505 507 509 507 516 516 519 527 529 538 542 543 544 545 554 557 566 570
133 133 136 143 149 157 166 173 180 178 184 185 192 195 203 203 204 208 212 221 229 237 242 246 251 252 259 259 264 270 267 272 279 274 283 289 295 297 298 299 308 311 318 321 326 333 341 336 337 345 354 363 366 369 378 381 390 398 403 395 398 406 408 412 421 423 426 434 442 443 450 457 466 470 475 468 477 476 481 489 496 499 502 498 500 503 509 510 519 527 536 543 544 547 548 554 555 559 561 566
141 140 138 147 152 161 170 177 184 186 193 188 196 200 202 211 205 215 215 219 220 229 236 238 242 248 250 258 259 261 263 264 272 273 279 288 297 306 307 306 315 319 319 328 335 334 343 339 339 348 355 359 362 370 375 383 389 395 394 393 401 404 412 419 415 414 423 429 437 444 445 454 462 466 466 460 468 477 482 487 490 495 502 495 499 501 510 519 523 525 534 542 541 543 551 554 563 562 570 569
142 147 139 146 151 160 167 176 183 187 196 196 203 209 205 211 209 213 222 226 229 229 237 238 236 245 251 260 268 268 272 271 280 282 285 294 299 308 308 309 318 324 326 330 336 341 345 341 348 355 363 367 363 364 370 375 381 388 393 389 398 400 409 410 411 412 419 426 428 435 444 447 456 458 458 459 466 474 478 479 483 487 494 492 501 507 508 515 518 520 528 536 537 541 548 555 564 563 572 572
151 156 148 149 155 163 172 170 179 188 196 198 199 204 212 212 211 212 215 220 224 226 227 233 234 243 249 253 262 265 274 272 277 278 286 295 304 310 310 310 319 327 331 337 343 350 351 348 357 358 367 374 370 366 367 374 379 380 384 385 394 403 405 414 413 415 417 426 427 434 435 444 449 452 453 460 467 468 470 471 477 478 485 491 498 507 513 514 515 523 529 532 534 542 549 557 566 572 577 579
155 164 157 150 151 160 163 169 176 184 192 200 207 209 218 221 218 214 223 221 229 233 235 235 236 237 247 256 259 266 275 275 281 287 292 297 300 307 314 312 318 322 328 336 344 353 355 357 366 367 367 376 373 367 374 383 380 388 393 394 397 405 414 422 415 418 425 431 436 442 439 441 450 456 459 465 472 476 476 477 484 483 492 499 503 508 510 519 517 525 533 536 543 550 558 563 565 568 574 570
162 163 156 151 157 166 172 175 183 186 195 204 205 214 210 219 219 215 224 230 236 234 237 241 244 242 250 256 262 265 267 268 274 283 292 292 301 307 314 318 324 330 333 340 346 347 355 362 362 365 366 373 370 369 378 387 385 392 401 402 404 411 415 420 424 425 433 436 445 449 440 447 455 456 458 467 475 476 483 480 482 489 496 491 497 499 506 511 513 518 524 530 539 547 556 563 566 564 569 566
171 167 160 153 160 161 170 179 187 194 195 198 207 208 209 217 226 218 227 236 233 236 237 246 253 244 251 252 259 263 269 269 276 284 286 291 293 301 308 315 318 322 327 332 337 345 346 354 360 369 368 377 378 378 386 392 390 392 397 406 413 412 418 422 431 433 439 437 438 442 443 448 449 458 459 465 474 483 484 484 481 489 487 490 495 499 500 509 517 524 530 532 537 541 548 555 557 561 566 564
176 173 169 162 166 169 177 186 191 194 202 207 212 217 211 216 224 219 228 230 232 239 244 253 253 247 252 256 262 268 269 277 277 282 291 300 302 302 310 316 321 326 335 338 338 347 355 359 365 367 374 381 378 384 393 397 394 401 405 408 404 412 416 419 425 429 431 438 439 436 438 443 452 455 458 461 470 479 485 479 479 487 486 494 497 499 508 514 515 524 533 538 543 549 546 547 552 553 561 563
180 182 177 168 167 168 173 181 190 192 197 205 207 214 212 221 227 228 236 231 234 240 246 251 255 250 258 262 267 276 276 283 279 280 283 293 302 311 313 314 320 321 330 335 335 342 350 359 357 365 367 375 376 384 388 389 398 399 406 407 400 409 416 417 426 427 431 430 430 428 429 438 445 447 450 459 464 471 477 470 471 478 483 489 493 494 500 509 517 522 526 531 534 543 539 547 552 561 564 556
184 186 179 176 175 177 178 186 194 199 198 205 207 215 215 219 228 237 236 234 240 249 251 260 258 259 260 261 266 275 277 281 288 289 284 292 297 305 306 310 312 320 328 329 330 337 342 351 354 363 369 369 377 379 381 382 389 393 397 398 399 400 409 412 417 422 426 424 425 427 429 433 438 439 448 456 457 466 471 469 474 472 475 484 488 496 499 508 516 513 522 523 529 535 531 538 545 552 561 554
193 194 186 177 181 183 186 195 195 201 204 205 207 215 218 225 229 238 237 239 243 247 255 264 267 268 266 262 271 272 280 282 291 291 286 294 299 308 312 319 321 327 334 331 339 338 343 344 353 355 360 365 374 383 387 389 396 400 397 402 408 409 411 418 418 420 422 423 432 436 436 439 440 447 448 457 466 464 464 465 466 471 480 476 485 489 497 502 511 512 518 524 520 527 528 537 538 543 552 553
200 192 191 185 190 185 194 198 199 201 202 211 214 219 222 225 227 235 236 241 243 252 252 259 262 268 274 265 268 271 279 284 289 296 293 303 303 310 318 327 323 332 336 328 333 339 339 341 349 353 362 367 375 378 379 385 389 392 394 398 405 411 420 420 427 427 424 425 426 428 429 432 440 442 447 455 457 455 463 470 467 468 474 475 483 487 491 496 505 512 509 515 516 525 533 537 545 551 558 562
204 199 197 194 198 194 201 201 200 207 203 212 216 221 226 232 232 234 241 247 244 247 249 258 260 267 274 267 270 278 285 293 298 298 296 303 309 314 321 329 321 325 331 325 326 334 338 346 348 356 359 360 369 377 385 386 394 391 396 401 405 414 422 422 430 427 426 427 435 430 438 433 440 446 446 453 448 449 456 464 468 475 477 478 487 491 498 501 509 504 506 512 516 525 530 531 539 548 557 561
210 202 199 196 205 200 209 210 203 209 208 210 219 223 226 228 230 238 246 255 250 254 255 260 269 268 269 276 276 284 291 292 299 303 298 299 300 310 315 321 320 322 324 323 330 331 339 345 352 359 363 361 367 376 384 385 389 390 396 405 413 419 419 425 428 427 432 435 443 439 439 434 435 437 444 445 447 452 461 466 473 476 477 481 484 486 490 499 502 503 512 519 517 526 533 533 535 544 549 552
213 208 201 198 206 209 211 216 212 216 213 219 228 231 234 229 233 240 248 257 251 257 259 266 271 269 275 283 277 282 284 292 299 308 300 301 301 307 310 311 313 316 318 322 324 333 338 346 348 357 366 365 366 367 376 379 380 389 391 400 404 413 410 418 426 424 425 434 436 444 447 439 444 445 452 449 456 461 462 466 472 473 480 486 491 495 496 505 505 510 519 523 522 530 531 539 536 540 549 558
215 209 209 201 208 215 212 221 218 219 221 220 228 233 235 237 240 242 251 252 255 261 266 267 275 272 277 283 282 291 291 294 300 304 307 306 310 316 311 312 320 318 325 330 333 341 347 341 349 352 358 356 357 360 369 371 380 384 385 392 401 406 405 414 417 418 419 426 429 438 446 448 444 446 448 456 463 468 468 473 473 476 484 486 490 499 505 512 511 519 522 531 528 534 540 548 544 542 544 551
217 210 209 208 212 217 221 226 225 228 228 222 228 234 237 246 241 242 250 257 257 265 272 275 278 277 279 285 288 297 300 303 305 312 316 315 313 317 316 316 324 319 321 322 325 333 342 336 343 346 349 352 355 363 370 374 383 387 393 393 395 400 403 412 413 419 428 435 430 432 440 441 442 451 450 455 462 468 474 482 478 485 489 495 496 505 513 517 518 524 531 540 537 543 548 551 547 543 544 553
226 217 218 217 214 223 229 232 226 234 230 225 234 235 236 240 241 243 245 253 259 267 271 274 277 280 281 290 292 298 306 309 314 319 322 316 318 318 322 325 331 325 328 324 328 330 332 333 334 339 342 351 355 360 361 368 374 383 389 398 399 407 404 412 418 421 430 433 432 440 437 432 435 444 447 455 456 460 469 476 480 487 492 497 498 507 515 518 525 525 532 533 540 548 554 556 555 552 551 560
235 226 218 217 216 221 225 231 227 235 236 227 233 241 241 242 244 249 254 260 268 271 272 273 282 286 286 291 298 299 301 303 311 318 324 325 323 319 328 328 337 334 329 333 336 331 340 341 342 340 341 343 351 360 361 370 379 382 388 395 398 406 407 408 417 417 424 426 433 440 432 431 439 448 451 459 462 468 473 482 481 486 493 500 506 503 512 516 522 527 536 537 546 555 563 565 558 561 553 557
226 221 220 224 223 222 230 238 234 242 241 233 236 240 248 247 252 257 261 269 275 280 280 275 284 286 292 299 307 300 301 303 312 313 317 323 318 327 335 330 337 332 330 337 335 334 341 342 351 345 346 345 347 356 363 371 373 374 380 389 391 399 406 409 418 415 423 431 426 431 428 430 439 445 452 457 466 474 481 478 478 479 487 491 500 501 510 519 527 536 545 541 550 559 564 572 567 565 561 558
227 228 229 230 227 227 234 242 242 251 245 239 244 243 252 251 254 258 264 266 273 280 281 281 289 295 293 297 305 301 307 304 305 310 314 315 317 324 328 337 345 338 339 346 343 343 343 351 352 353 347 351 348 356 360 368 372 373 379 385 392 396 399 400 409 412 421 422 424 426 427 435 438 445 454 455 464 471 472 473 476 480 489 494 496 505 514 515 521 529 536 545 551 554 561 565 564 564 566 564
232 233 236 239 236 236 243 245 249 253 248 240 246 248 253 260 259 266 273 271 280 285 285 290 292 298 297 301 307 310 313 311 314 316 316 322 323 327 330 331 336 338 341 347 352 352 352 360 361 353 348 356 355 356 358 360 368 377 385 393 393 397 402 406 412 421 428 426 432 434 436 443 446 454 463 461 470 477 478 481 485 481 490 491 500 505 514 523 527 535 544 540 548 553 560 561 562 563 571 569
241 242 237 246 245 245 249 246 253 244 243 242 251 250 257 257 258 263 272 280 289 289 292 298 301 300 302 310 315 317 317 315 318 324 324 329 327 334 339 340 344 340 342 350 359 357 354 363 359 358 357 360 360 361 363 367 374 382 386 390 399 406 403 409 418 422 425 432 439 435 443 445 450 452 460 469 478 481 487 488 484 483 491 500 509 509 518 527 535 540 535 537 543 544 551 559 568 572 579 571
246 244 245 254 246 254 255 249 249 248 252 246 248 250 255 256 264 272 279 283 284 285 291 297 302 308 305 314 323 321 318 324 326 325 325 334 333 342 343 344 349 342 350 359 360 364 356 365 366 361 358 367 367 370 372 374 383 391 395 395 401 406 405 412 417 423 431 436 434 435 438 441 450 457 466 473 474 483 491 492 486 489 490 495 501 504 513 522 526 532 533 542 551 551 557 564 565 573 572 579
247 251 253 257 249 253 254 256 251 249 250 252 257 254 257 261 267 274 283 285 290 288 297 304 306 309 308 310 318 326 327 330 334 332 328 336 342 349 347 345 354 351 357 358 359 364 365 374 367 367 367 376 374 374 374 379 381 388 394 395 404 412 412 416 424 425 431 432 433 438 447 449 458 461 466 467 476 481 487 488 493 490 498 503 510 513 514 519 522 527 536 545 546 553 561 568 566 574 570 579
248 257 254 260 256 254 262 265 260 257 257 255 264 263 264 269 276 279 284 290 292 296 301 310 307 315 313 314 323 330 332 338 339 340 335 344 347 354 349 353 357 353 354 362 366 372 368 369 368 376 373 376 377 375 376 381 390 392 397 404 413 416 421 425 428 433 440 439 441 446 448 457 458 462 463 471 477 484 492 497 495 496 502 507 511 520 522 520 525 530 535 540 541 550 556 563 569 572 566 575
255 264 259 263 265 257 259 267 263 263 258 258 267 272 270 276 282 280 282 283 292 298 300 307 312 319 322 318 322 323 326 329 330 331 340 341 350 358 350 352 354 362 363 365 368 375 377 370 375 384 380 384 383 377 385 388 396 401 404 411 416 422 422 426 431 439 448 447 442 448 456 458 466 469 471 478 479 481 489 490 491 498 506 514 515 516 518 523 524 530 538 544 550 559 556 557 560 563 564 569
262 263 268 272 271 266 262 271 268 265 262 265 269 277 273 279 283 281 285 288 297 303 304 312 314 323 330 327 327 326 332 337 335 340 344 342 350 356 359 354 356 357 359 368 369 378 378 371 372 377 385 393 388 378 387 396 405 408 411 412 413 420 424 424 425 430 439 440 445 448 457 465 471 474 477 479 483 485 493 495 496 497 499 507 508 516 519 522 531 536 537 544 549 552 555 554 561 570 569 572
271 272 277 276 272 275 270 278 269 269 271 266 275 278 280 288 292 290 293 295 301 304 310 318 315 318 326 333 334 332 338 339 340 348 347 351 353 356 362 362 364 362 367 368 376 384 386 380 380 385 393 391 384 382 389 394 398 399 408 415 414 415 423 422 430 439 446 448 454 449 452 458 466 471 476 481 482 491 500 499 504 499 508 515 514 521 522 524 525 527 528 537 540 543 550 551 560 569 576 581
280 281 286 285 280 277 273 278 276 278 280 274 283 279 283 292 294 299 296 296 299 300 307 316 324 326 331 334 342 335 343 345 342 350 356 352 359 357 362 370 365 366 371 377 384 392 387 386 389 389 391 400 392 390 395 402 406 408 417 416 415 416 418 420 428 431 439 443 450 457 457 464 469 476 485 490 485 494 496 497 505 500 502 506 511 520 522 528 526 535 536 544 549 552 559 556 562 563 572 579
282 290 291 288 287 278 274 280 285 277 276 275 277 283 284 293 302 306 305 305 305 307 311 315 321 322 331 337 343 342 349 347 347 349 350 358 364 365 368 377 374 375 380 381 389 393 392 394 397 392 394 398 401 394 401 408 411 417 419 417 417 425 427 424 425 434 440 442 451 455 458 460 467 474 477 486 490 496 502 505 508 508 511 509 510 514 520 527 531 535 539 541 544 545 554 563 571 567 571 575
290 298 292 288 284 280 281 288 286 285 284 277 279 284 288 293 302 307 310 314 307 315 313 320 329 324 333 339 341 345 350 356 354 358 351 355 356 362 371 379 379 376 384 388 389 390 397 395 398 395 403 406 402 397 399 405 406 415 420 426 426 426 428 429 432 439 443 448 449 458 466 469 474 477 480 481 486 495 504 505 514 509 512 510 518 523 528 534 540 540 548 544 548 554 559 560 565 574 573 582
291 294 301 297 289 285 290 290 293 287 287 278 279 282 289 292 301 308 310 314 313 322 317 326 333 333 342 344 350 349 358 363 358 358 357 364 365 371 375 377 383 381 390 390 398 399 406 404 403 399 407 412 411 406 407 414 413 419 420 429 435 434 430 432 441 440 442 448 455 464 465 470 479 478 479 480 489 498 507 513 514 516 516 517 520 529 531 532 540 549 557 553 552 555 557 559 567 569 578 587
294 303 310 304 296 293 293 298 296 295 291 282 280 287 293 297 298 303 310 316 321 325 324 331 336 336 344 345 353 352 356 365 367 363 364 367 366 369 376 375 377 381 382 391 394 400 402 404 409 400 403 411 418 411 409 415 416 420 429 431 435 442 438 441 443 449 451 450 453 461 470 476 477 480 480 489 498 500 501 507 515 523 517 523 527 535 540 539 544 552 557 557 559 557 559 564 572 578 587 596
303 310 316 308 303 302 296 304 300 298 291 290 281 286 294 303 307 311 310 316 319 325 333 338 343 341 349 353 362 358 365 374 372 364 365 369 368 369 373 374 375 384 384 385 386 395 403 411 412 409 407 415 424 418 416 423 425 425 432 437 437 440 444 450 452 457 459 452 460 467 468 476 484 486 481 483 489 496 504 513 521 520 524 528 536 542 547 548 553 556 563 562 563 563 568 572 580 585 592 595
310 319 324 316 308 300 297 298 307 302 298 289 282 286 291 298 304 307 308 316 322 328 337 345 340 349 352 357 360 366 372 381 372 367 372 370 370 376 381 378 380 386 391 394 393 395 401 406 415 414 408 416 419 426 418 425 432 429 434 438 442 443 448 454 456 457 459 454 460 469 474 483 485 494 489 492 497 500 508 512 513 517 523 525 532 541 547 550 551 559 568 569 570 567 572 574 582 589 598 603
315 324 327 321 315 306 300 307 313 304 302 295 291 291 293 298 301 310 317 319 320 329 330 337 338 347 348 349 351 360 367 375 374 371 378 378 377 383 385 384 388 392 399 402 397 398 403 412 421 423 417 421 421 422 422 430 433 438 435 440 441 443 451 458 457 459 457 455 463 464 473 482 490 494 496 498 500 508 509 511 512 514 521 530 532 536 543 551 554 555 563 568 572 575 573 581 589 597 604 610
321 328 328 319 318 311 303 304 306 309 300 293 292 296 297 305 306 313 315 324 329 338 331 336 345 348 356 350 357 358 367 373 381 380 384 385 385 389 393 392 393 393 395 400 406 399 405 413 422 430 426 424 427 431 431 431 438 441 436 437 439 447 448 451 457 462 459 464 472 473 481 484 485 490 499 507 504 506 508 517 518 515 524 528 531 536 545 551 557 556 561 567 574 571 575 584 584 590 599 604
324 328 320 319 317 315 309 312 311 303 298 296 293 298 300 306 314 320 317 320 328 336 332 336 338 347 355 356 358 366 375 382 384 387 392 389 391 398 395 397 399 400 396 401 410 407 413 420 422 427 433 426 434 436 433 440 444 443 443 440 443 445 449 452 459 461 464 465 473 479 484 488 489 498 499 508 508 507 514 516 525 519 520 522 531 535 544 553 554 555 558 567 566 569 575 579 583 592 600 607
328 335 327 328 324 319 310 319 318 309 301 302 301 302 308 311 314 322 323 326 335 336 338 345 346 349 358 365 366 370 372 381 383 391 400 393 398 405 396 404 404 402 403 409 410 415 420 426 425 426 435 431 440 443 434 436 437 440 446 449 444 453 456 459 467 462 470 474 480 488 485 487 494 497 506 515 516 508 511 517 525 526 528 531 539 536 543 551 560 560 558 560 563 568 576 580 589 592 597 606
334 343 336 336 330 326 319 320 311 304 303 305 305 311 309 318 318 327 332 333 339 343 342 346 347 355 359 361 362 363 372 373 376 385 393 394 399 402 405 410 405 403 412 417 419 424 427 435 426 430 439 440 447 438 435 444 444 441 450 450 446 455 464 463 472 471 476 475 477 486 492 491 492 495 501 510 512 516 518 521 523 530 536 540 548 541 542 546 554 556 557 566 572 569 576 580 582 589 590 598
335 344 342 335 334 325 322 316 309 307 307 307 313 316 316 318 320 328 329 333 342 348 347 354 356 364 363 363 364 370 376 382 384 393 397 402 407 411 406 414 413 407 416 422 420 429 435 442 433 438 447 443 444 440 442 443 451 449 455 458 452 457 467 470 472 476 478 483 482 484 492 493 495 504 503 505 514 523 525 530 524 532 533 536 545 545 545 554 561 559 561 567 573 570 579 587 590 592 599 600
343 352 343 342 333 332 325 318 310 314 310 311 317 317 325 319 321 325 327 335 342 351 354 355 356 360 367 371 372 379 385 383 390 394 402 408 415 415 408 411 420 413 414 422 423 428 434 441 438 441 448 449 444 441 450 450 457 458 464 459 460 459 460 463 471 475 484 484 483 492 501 494 500 507 507 511 520 522 526 529 532 533 541 540 544 549 550 553 560 568 565 569 570 578 580 586 587 596 598 607
352 349 340 337 333 327 326 321 314 323 315 314 323 324 332 327 328 333 335 344 350 354 355 358 357 365 374 379 380 388 388 392 394 403 406 407 411 412 414 412 415 417 422 425 429 437 435 437 445 443 444 447 445 447 454 451 452 454 455 464 469 466 466 468 478 484 486 485 489 491 498 499 503 504 506 515 524 527 534 537 534 534 540 548 546 547 556 554 563 569 574 572 578 583 589 587 589 590 597 604
358 349 347 338 336 336 333 324 318 321 318 323 328 325 331 336 337 342 337 338 346 355 364 367 365 373 382 387 389 394 397 396 399 400 405 409 410 414 415 413 422 420 422 431 430 438 439 441 447 447 453 450 448 450 458 460 460 462 456 457 461 470 472 469 470 475 482 486 493 500 507 501 509 512 509 512 516 518 526 530 534 539 543 548 548 556 562 563 567 574 575 580 579 586 587 590 590 595 602 609
361 352 354 345 338 339 336 331 322 326 322 327 336 333 338 340 340 348 339 343 352 353 361 362 366 367 376 385 391 396 401 400 402 408 414 415 415 423 419 416 420 428 429 438 434 435 444 445 446 455 453 452 457 451 459 465 466 470 462 458 464 465 469 478 475 484 490 488 498 502 508 502 510 516 516 513 518 526 533 539 543 543 549 555 557 558 563 568 574 581 576 582 588 594 592 591 591 597 599 605
365 361 360 354 347 346 338 331 327 328 327 328 337 342 347 343 348 345 341 349 358 357 363 368 373 375 383 386 395 396 404 401 407 415 422 417 422 429 426 424 425 433 435 439 436 444 451 450 455 460 462 460 456 453 459 468 475 472 465 465 473 473 474 477 481 484 491 489 495 500 507 511 511 516 525 522 519 523 524 530 535 543 547 556 565 566 572 569 577 584 585 586 589 597 600 600 598 606 605 606
373 370 369 360 356 355 347 340 331 329 336 329 331 340 345 351 357 354 349 351 352 361 364 373 374 383 387 387 392 401 410 409 412 416 425 423 424 432 433 430 431 440 443 447 444 453 453 451 457 466 466 467 458 454 463 469 471 469 467 468 476 481 482 484 489 491 497 498 497 506 511 517 520 525 526 531 524 531 531 533 540 545 553 561 567 574 581 575 576 584 588 594 595 603 607 609 606 615 614 610
373 365 364 360 357 360 351 342 337 338 333 332 335 336 341 342 351 353 355 359 361 363 367 375 377 386 388 393 400 409 411 414 414 415 423 431 433 434 436 439 434 435 444 451 453 455 461 452 453 460 469 473 467 461 470 478 476 474 468 474 481 487 490 491 498 493 502 503 498 506 514 523 528 533 534 540 531 540 532 535 543 550 555 556 564 573 574 576 585 590 596 603 602 603 610 617 608 613 622 614
381 372 371 363 355 354 352 344 341 337 336 341 336 345 343 351 358 356 363 365 370 364 373 381 384 391 395 401 408 416 420 420 423 417 420 424 430 432 440 437 435 436 441 442 450 458 464 461 460 464 472 473 476 470 479 484 481 483 476 482 490 493 497 499 506 500 509 508 505 513 521 523 523 532 538 542 534 537 538 544 547 548 555 561 562 564 571 579 587 595 603 605 610 604 611 612 617 621 622 623
388 379 371 371 363 360 351 344 343 339 341 350 345 352 345 346 349 356 357 360 363 371 375 382 384 388 397 403 412 421 425 429 421 419 420 427 436 437 444 441 441 437 440 444 447 454 462 466 462 471 472 476 473 471 479 487 485 489 480 481 489 494 498 500 509 505 509 509 507 516 524 521 522 524 532 533 537 546 546 546 547 550 558 564 566 567 576 584 585 592 600 608 608 606 612 620 618 627 631 629
381 378 369 369 360 351 350 349 349 345 343 351 353 350 348 351 356 362 366 362 366 368 377 380 386 394 395 402 409 418 423 426 429 420 421 423 429 438 445 450 450 446 449 446 454 462 467 469 469 470 479 484 482 478 487 490 490 494 489 484 491 498 501 505 513 514 517 513 510 512 514 518 521 522 531 535 545 548 551 550 548 553 562 569 575 572 581 588 594 600 605 611 611 615 620 621 624 629 634 637
373 369 366 364 363 355 357 350 350 351 352 359 354 355 352 359 363 371 373 364 365 368 376 377 378 385 388 397 401 410 419 420 421 423 430 432 438 445 452 459 456 455 457 455 463 471 476 471 475 473 474 483 482 481 490 494 495 499 496 492 499 507 509 514 522 521 517 515 512 518 522 526 530 531 537 539 549 556 558 558 557 557 562 570 578 581 589 591 598 603 612 620 620 621 629 627 627 628 632 640
382 375 375 372 365 363 355 351 357 355 356 358 363 363 360 367 364 365 374 373 369 376 381 386 379 388 396 401 408 414 415 422 428 430 428 436 445 444 448 455 459 464 465 462 469 470 475 472 479 482 481 485 484 490 491 493 501 508 505 499 507 513 518 523 523 528 523 523 515 524 530 527 533 540 544 541 551 559 566 561 560 566 565 573 581 590 593 594 596 599 606 615 612 613 620 629 631 632 639 645
386 378 378 374 365 361 360 360 365 356 361 365 368 369 364 373 365 374 380 382 377 378 383 390 387 390 397 403 410 415 418 416 419 424 426 430 439 441 447 448 456 465 468 463 468 476 477 481 488 491 483 492 486 491 497 500 506 514 511 506 515 515 520 523 530 536 529 526 518 527 535 529 532 539 543 545 549 554 562 562 564 565 568 577 582 589 594 601 605 605 598 607 611 613 622 631 640 639 642 651
389 382 379 382 374 370 369 369 366 365 368 372 376 370 373 369 366 374 382 383 385 380 389 392 390 395 396 401 405 406 410 414 422 431 429 430 437 441 446 447 456 465 471 465 468 477 483 484 487 496 492 501 495 492 500 507 507 508 510 510 514 521 528 524 533 535 529 525 521 525 533 537 533 539 547 552 550 552 553 556 558 567 574 578 579 586 585 593 600 601 596 605 608 617 623 627 636 640 641 650
396 390 387 389 380 375 378 376 375 368 369 378 383 376 382 376 375 376 381 388 394 389 398 393 395 403 405 404 413 415 415 423 426 434 438 436 445 450 453 456 459 460 469 468 475 483 491 487 495 502 499 504 497 501 503 508 511 511 518 518 517 523 532 533 537 542 536 531 522 531 533 538 535 544 551 558 552 554 561 563 561 566 567 574 576 580 584 586 591 592 593 602 607 610 617 626 631 632 640 642
404 399 396 398 389 382 380 377 378 369 378 381 389 381 388 379 384 378 387 389 398 390 392 399 398 407 408 405 407 411 420 429 431 435 444 443 450 457 457 463 468 469 476 473 480 485 489 491 495 504 501 504 499 508 504 513 519 513 520 527 522 530 536 542 538 542 535 534 526 535 542 546 539 546 550 550 559 562 569 564 566 571 573 582 583 582 586 587 595 595 596 605 607 616 625 629 634 640 646 643
412 406 400 391 390 389 387 378 380 372 381 387 393 390 390 381 387 381 388 393 401 399 401 408 405 411 417 414 410 419 422 424 433 434 443 451 458 464 463 464 466 474 481 476 480 487 489 495 504 511 502 511 508 517 509 517 522 522 525 534 528 537 542 549 547 550 542 535 534 541 549 547 541 542 543 548 557 565 572 567 570 574 577 585 590 583 590 596 602 598 604 605 613 621 622 631 640 641 646 649
409 402 393 392 397 397 388 379 387 379 386 390 396 393 399 390 390 387 394 395 398 399 405 411 407 408 412 420 412 421 423 432 438 439 448 456 457 466 472 470 475 483 488 485 482 484 490 499 505 511 503 504 506 514 510 512 518 519 527 533 534 528 537 544 549 542 550 541 543 550 558 549 546 549 547 551 559 563 570 573 579 582 585 590 587 585 587 592 594 601 604 610 617 620 627 636 645 648 655 658
409 400 399 400 404 395 390 381 388 388 394 399 400 395 402 397 399 396 395 396 399 400 408 417 415 410 419 417 414 415 418 425 434 440 445 454 457 461 468 475 476 484 488 485 483 488 491 500 502 504 511 513 507 516 517 513 516 519 523 525 526 527 531 540 546 541 549 548 550 559 563 556 555 553 550 553 561 569 575 582 585 591 592 599 595 590 594 601 601 607 607 608 617 624 633 641 648 649 658 665
415 406 408 405 405 396 396 390 389 397 395 398 405 396 405 406 407 405 404 405 400 408 414 423 416 411 419 421 423 417 426 434 441 441 445 451 452 459 462 467 474 483 491 488 491 496 500 508 503 511 512 517 515 523 523 521 521 523 531 530 530 528 536 537 538 540 545 551 551 557 566 564 563 562 558 561 564 568 577 581 582 586 592 601 596 591 594 601 604 609 613 615 616 625 633 635 641 648 651 656
412 409 411 412 406 405 398 391 395 397 400 400 403 404 411 409 413 410 405 405 403 404 406 415 424 420 424 429 425 426 434 438 447 450 452 453 458 463 464 468 477 484 488 491 500 504 503 512 510 516 521 526 518 524 529 529 522 530 538 532 539 537 541 544 545 542 543 549 558 560 564 567 569 563 560 564 565 567 572 574 583 591 598 599 598 598 597 598 602 607 609 618 623 627 628 636 638 647 655 659
421 413 418 421 415 414 407 400 401 402 408 408 404 407 416 410 415 412 410 413 404 413 414 423 431 427 425 434 427 433 442 447 456 459 457 461 463 468 473 469 474 480 481 490 495 502 506 515 513 514 517 522 526 525 527 533 531 537 546 537 544 545 548 550 554 550 552 558 566 568 570 574 573 568 562 571 567 574 573 582 588 592 595 604 604 606 601 606 603 611 618 627 626 627 636 642 640 645 647 650
422 421 427 422 423 419 410 406 402 407 411 409 407 408 416 418 422 414 413 421 412 413 414 423 429 428 432 441 432 441 442 451 459 468 464 462 471 474 473 472 473 479 488 495 504 511 511 519 521 515 516 525 531 534 534 540 538 538 546 545 550 548 550 559 558 551 557 560 561 562 563 569 577 569 570 574 576 576 582 584 590 595 599 600 602 610 610 610 604 608 610 619 620 629 635 636 640 641 650 658
428 426 434 429 421 418 412 410 409 408 416 417 414 414 421 427 427 423 415 424 418 422 423 424 428 432 436 437 434 443 447 456 461 470 469 463 469 476 482 479 479 485 493 500 504 513 517 519 528 519 525 527 534 539 538 541 543 540 544 547 552 556 556 559 562 553 562 568 570 566 568 570 575 576 573 582 584 585 585 585 587 596 605 601 608 615 616 612 608 614 616 617 619 620 626 634 635 640 648 652
437 435 435 427 423 414 413 418 417 413 414 415 420 419 425 434 431 422 421 430 425 431 432 429 437 435 436 437 437 445 450 459 465 466 475 468 475 484 481 480 488 486 491 500 509 515 524 527 536 527 533 536 542 548 547 547 552 549 550 548 553 560 565 565 564 555 557 561 566 571 576 573 577 577 576 583 592 586 590 586 590 591 598 606 614 620 624 615 613 617 624 623 628 622 629 635 640 639 640 643
444 435 427 426 417 416 421 422 418 421 419 417 426 420 428 429 438 431 426 429 426 430 439 433 441 436 444 445 445 446 448 456 459 465 474 477 484 488 490 483 487 495 499 508 517 524 531 534 531 529 531 540 543 551 548 555 559 558 555 556 562 564 570 566 568 564 558 565 569 573 574 582 585 584 585 590 599 594 591 590 598 593 596 598 606 615 615 624 619 624 630 632 633 624 625 626 631 637 645 644
441 434 427 426 418 422 430 426 427 425 428 426 431 423 430 430 435 438 429 433 428 437 446 440 449 443 452 447 449 453 454 462 461 467 476 480 489 489 494 488 494 502 505 513 522 527 536 543 538 534 538 547 551 556 555 558 564 566 558 557 566 573 575 575 571 563 561 569 576 579 582 588 593 593 593 595 599 595 600 595 603 594 597 598 606 608 611 619 627 625 630 631 630 627 631 629 639 639 643 651
446 440 431 427 427 425 427 427 436 427 433 435 433 424 433 439 438 437 430 437 436 439 446 445 450 449 456 451 452 457 459 468 470 476 477 486 489 498 499 495 503 507 512 514 521 522 531 540 545 542 539 548 556 557 560 565 570 575 566 560 566 575 584 584 575 568 567 575 579 588 590 595 602 594 601 598 599 598 605 596 605 602 606 607 615 612 620 628 634 633 631 639 635 634 639 635 638 640 649 656
446 438 432 435 433 432 429 432 435 428 432 441 436 433 442 440 440 446 439 442 442 448 455 449 456 450 459 456 461 459 461 468 475 480 482 485 494 501 501 504 509 514 515 515 521 525 532 541 545 548 540 548 557 566 564 567 572 579 575 569 575 582 587 586 584 576 576 581 587 596 591 600 605 600 607 604 605 599 608 601 610 610 615 616 621 613 622 630 639 642 639 645 636 639 642 642 645 641 642 646
448 441 441 442 441 438 438 439 430 429 437 440 443 434 439 444 448 447 446 444 444 446 452 457 456 455 456 465 469 466 470 469 477 485 491 487 496 497 505 502 511 515 524 520 525 534 538 540 548 552 547 556 561 562 571 576 573 574 580 574 581 590 596 589 583 580 582 589 596 599 597 606 609 601 608 612 604 602 605 602 609 612 621 625 628 621 628 632 641 648 647 649 641 647 647 646 651 643 650 652
451 445 446 450 442 446 445 443 436 434 441 441 450 443 448 453 457 453 451 450 452 448 456 464 465 456 464 465 473 471 478 475 482 488 495 488 495 500 508 501 502 511 520 529 534 531 531 536 542 543 544 548 552 554 563 572 581 583 585 583 582 591 596 597 591 583 591 598 600 601 605 608 616 609 614 617 612 603 611 611 613 621 627 631 631 623 632 641 645 653 656 653 648 654 653 655 659 652 656 653
454 454 448 451 447 454 446 444 443 443 443 450 452 445 454 461 466 461 452 451 454 451 459 461 470 463 464 472 475 480 487 484 484 493 500 492 494 496 499 500 502 506 514 522 528 529 530 532 541 549 550 557 560 563 566 574 581 590 592 584 590 599 600 602 597 591 600 606 607 602 607 614 617 614 617 616 615 611 619 620 622 622 630 631 632 624 631 638 646 647 654 661 654 655 662 664 663 659 664 662
