  0 435 429 434 437 433 442 444 447 455 454 450 447 452 453 451 445 446 450 449 452 461 469 465 474 469 467 472 475 476 480 477 478 487 488 493 487 494 495 496 504 507 516 517 523 522 526 528 536 540 543 545 554 558 555 563 563 570 573 578 587 579 581 589 598 596 600 608 609 615 624 633 640 642 649 651 654 652 657 652 657 665 669 677 679 688 696 705 702 708 714 715 716 722 730 736 737 9223372036854775808 9223372036854775808 9223372036854775808
  8 428 427 428 428 432 433 440 445 446 449 441 445 443 444 450 444 447 445 446 449 455 460 464 469 467 463 465 471 479 471 473 477 484 485 494 486 492 498 505 505 506 512 516 524 518 521 523 528 532 534 540 548 549 549 556 559 562 564 572 581 573 581 590 594 593 600 603 611 619 627 626 631 634 641 646 646 643 652 649 651 660 669 673 681 690 695 703 700 707 705 711 718 718 727 727 728 729 9223372036854775808 9223372036854775808
 16 420 418 427 425 434 426 432 437 439 441 439 436 436 438 443 436 439 440 447 456 455 462 456 460 462 459 465 468 472 466 470 478 485 494 492 485 490 490 498 505 511 503 508 515 512 520 526 534 532 536 539 540 542 547 555 558 557 564 571 579 571 579 582 586 591 598 600 606 612 621 623 631 631 632 640 641 642 643 647 650 659 668 669 676 685 686 695 691 698 703 708 709 717 718 721 728 729 9223372036854775808 9223372036854775808
 17 424 417 419 420 425 423 424 428 436 438 433 434 432 431 436 434 439 441 450 453 448 453 448 454 455 458 460 461 463 465 472 478 480 489 483 483 484 489 490 496 502 500 502 510 509 517 522 525 531 535 530 534 541 547 550 551 555 563 562 570 570 571 577 586 590 597 599 607 616 616 625 627 627 636 636 645 642 648 651 659 663 661 662 668 677 679 688 687 689 694 702 705 708 712 716 724 733 730 9223372036854775808
 26 424 416 413 419 420 422 429 434 433 429 430 435 431 429 427 431 440 444 444 448 441 444 444 447 451 449 451 453 456 461 463 470 471 480 477 476 485 490 482 491 493 494 501 501 508 514 517 525 529 535 527 529 538 540 547 556 557 557 559 565 564 572 581 583 587 594 599 603 611 608 616 618 626 628 629 638 639 641 642 651 659 660 663 669 671 679 680 681 685 692 694 696 705 711 719 723 732 726 729
 28 418 409 407 410 411 420 429 428 424 422 424 427 422 420 426 434 434 439 438 440 437 443 442 444 450 448 453 452 453 458 454 461 470 471 478 473 478 484 479 484 487 493 501 500 506 505 511 517 521 528 524 532 533 542 546 548 552 553 556 560 563 567 572 581 583 587 591 600 602 607 608 617 623 631 629 638 647 647 650 651 660 667 664 673 672 680 685 690 694 694 700 697 702 708 711 720 723 718 720
 29 410 401 401 406 410 419 425 420 422 413 420 418 413 414 420 427 428 430 436 432 428 435 439 435 442 446 448 449 456 459 451 458 465 472 469 471 472 475 476 483 484 492 496 498 505 502 505 512 514 523 522 526 531 533 539 541 546 555 558 559 562 567 576 584 591 590 594 598 599 600 607 614 615 623 628 632 638 645 649 651 654 659 667 676 681 689 692 688 695 696 696 700 708 713 709 711 714 713 712
 33 403 397 400 409 412 416 419 412 420 412 417 418 412 420 420 426 421 430 429 432 426 434 441 434 433 438 439 447 452 452 450 454 461 464 468 471 475 481 479 488 492 495 498 494 497 499 503 509 518 520 521 529 538 535 539 542 544 550 553 555 557 559 568 576 585 592 591 594 600 609 615 623 616 625 625 626 631 640 642 643 651 656 662 670 675 682 684 686 693 689 694 702 702 706 708 714 706 706 709
 41 397 396 398 402 403 408 411 410 418 410 410 419 411 414 419 418 420 428 420 425 424 432 434 436 430 434 441 450 455 448 448 452 456 463 471 462 467 474 483 487 484 487 489 492 501 505 512 515 517 516 519 524 531 538 544 551 552 558 562 558 564 562 571 580 586 588 590 597 599 607 616 618 618 621 623 626 630 631 634 641 649 653 656 661 669 674 675 677 684 681 690 693 697 704 706 709 705 697 705
 42 389 393 390 395 398 407 405 404 413 406 407 412 410 416 425 417 413 422 419 427 420 429 435 427 429 433 442 449 446 439 447 452 455 461 464 455 461 469 478 480 480 488 490 494 496 505 514 512 514 513 522 524 531 539 547 551 553 557 558 558 567 568 573 573 581 585 591 591 599 600 607 612 620 626 623 624 633 640 638 647 647 647 651 656 660 666 672 673 675 675 683 692 688 696 698 700 703 696 702
 51 384 391 383 391 393 399 399 401 407 405 411 408 402 408 417 417 408 413 411 418 419 425 428 425 434 434 438 440 444 438 443 445 452 453 460 453 457 464 473 477 479 486 494 501 498 501 505 507 507 512 520 521 526 531 540 543 545 548 549 552 559 565 566 567 573 579 582 588 591 599 601 607 616 617 621 627 636 641 643 649 646 638 642 651 657 663 664 665 673 674 675 684 687 688 690 693 694 695 703
 56 379 388 382 390 398 391 398 399 400 398 402 399 398 399 408 411 406 415 409 418 414 421 428 423 432 437 437 446 437 436 442 441 450 454 455 451 454 461 465 468 470 478 485 493 492 492 496 498 506 514 522 522 531 532 540 542 549 550 556 561 566 570 571 570 577 583 578 581 586 590 599 605 614 612 620 628 632 633 640 641 637 636 639 647 652 660 656 656 665 666 674 675 679 688 689 693 702 703 706
 58 376 379 381 383 389 383 392 399 395 396 400 400 394 400 401 402 403 412 408 409 413 415 420 422 423 431 434 443 439 432 434 440 443 446 452 450 452 461 463 466 468 472 479 487 484 485 488 497 502 506 515 522 526 531 534 537 541 545 554 563 568 570 579 574 579 578 573 581 590 596 590 599 606 607 613 619 624 633 631 640 632 634 637 640 647 652 651 654 659 663 670 676 682 689 693 685 694 697 705
 66 372 374 379 377 380 378 386 390 394 402 393 392 385 394 401 405 407 408 405 414 416 413 413 422 431 432 425 434 430 431 439 448 447 439 443 449 455 458 462 471 475 480 480 481 483 492 497 496 502 511 517 518 519 528 528 529 534 541 549 555 563 568 576 567 571 570 572 573 582 587 588 597 602 610 611 612 619 624 623 632 630 636 643 647 642 644 648 649 650 657 664 667 676 680 688 684 693 689 696
 73 371 365 371 368 372 374 383 382 390 393 391 385 381 388 396 396 398 400 397 405 413 407 408 415 424 425 423 427 429 436 445 447 439 438 444 446 447 456 460 466 475 480 474 483 478 486 491 495 498 502 510 517 526 525 522 531 538 545 546 546 554 560 569 561 562 569 571 574 583 586 591 598 594 601 603 606 613 616 622 628 629 630 638 638 640 649 647 648 656 659 667 668 670 679 679 682 691 686 691
 74 363 364 362 365 367 371 377 381 381 384 389 381 377 379 388 391 392 395 396 404 404 406 407 408 417 416 422 427 430 437 446 442 441 437 444 438 444 452 451 460 469 471 471 480 471 480 487 489 494 501 509 518 518 517 518 527 532 537 538 545 554 552 560 560 561 562 569 574 582 589 593 591 592 593 594 602 608 609 618 626 620 624 629 630 637 643 646 648 654 656 658 666 675 678 674 673 682 681 682
 83 358 355 361 362 367 369 376 378 380 378 385 384 376 380 383 387 384 392 391 396 396 403 398 405 408 412 419 423 431 440 442 434 438 436 435 435 441 446 450 456 465 474 469 472 469 472 478 485 487 492 501 510 519 516 521 528 531 536 539 544 552 550 551 559 564 570 578 575 584 588 586 589 598 600 599 608 609 615 617 623 615 616 624 633 640 641 648 648 653 658 657 665 670 675 670 671 678 680 688
 89 356 348 357 363 358 367 372 380 380 372 377 381 373 380 374 378 381 383 385 391 389 394 395 398 403 406 410 418 426 432 434 425 431 427 428 432 436 441 447 454 460 467 466 464 466 472 481 489 493 494 503 501 510 511 515 521 526 534 540 544 547 544 553 554 563 571 577 582 581 580 585 589 593 595 596 603 609 607 613 616 614 622 629 634 643 642 650 642 648 651 655 664 671 674 667 668 676 677 686
 93 350 346 352 359 356 362 369 372 371 370 376 375 372 380 371 372 377 383 386 386 384 385 389 390 399 400 401 409 417 426 427 418 422 423 431 440 442 444 450 451 456 463 471 463 470 475 484 493 498 495 495 497 501 510 515 522 520 528 534 538 543 542 549 558 559 566 572 574 580 572 581 580 585 586 595 594 600 599 604 607 610 617 626 629 636 645 650 641 648 647 654 655 662 667 666 675 679 685 690
 94 350 343 350 352 351 358 365 368 362 363 372 380 371 371 367 368 374 374 383 385 380 383 392 395 400 408 404 410 417 424 421 417 419 427 425 432 439 448 445 453 449 457 462 461 464 473 482 484 491 496 491 498 499 506 515 516 517 525 527 534 536 540 548 550 559 563 563 572 575 570 579 579 587 589 587 585 592 595 600 609 618 622 626 632 641 641 649 640 644 646 652 658 657 658 658 666 671 676 681
100 347 342 343 348 349 358 359 364 360 354 363 372 368 366 363 359 367 366 375 376 379 388 394 392 397 403 408 410 414 416 418 411 412 419 420 423 432 440 444 446 443 448 455 458 467 473 474 475 484 487 489 498 501 502 508 515 516 523 529 529 538 538 544 549 553 561 560 567 567 567 573 577 585 581 578 584 586 591 600 608 615 622 624 624 633 639 641 634 635 642 644 650 656 661 657 659 666 675 683
109 338 335 341 341 350 355 350 357 359 353 355 363 361 357 359 356 359 361 368 377 379 385 390 391 394 395 400 403 405 407 409 410 418 417 422 416 425 431 436 437 440 441 450 451 460 466 473 477 483 480 488 494 500 506 515 511 520 521 522 527 535 532 539 545 547 556 551 558 558 559 564 568 577 583 575 584 593 599 602 606 612 621 628 619 628 630 632 633 638 641 648 641 648 653 649 654 660 666 675
118 329 328 335 337 343 348 349 349 350 352 357 362 354 353 357 353 360 366 372 373 376 380 388 389 389 392 393 394 396 404 404 411 409 411 414 414 416 425 432 440 442 445 449 452 458 466 467 476 476 479 484 492 501 501 507 506 511 512 513 520 526 523 532 538 540 549 548 549 556 557 565 573 581 579 573 578 584 591 593 602 608 612 620 618 622 627 623 625 634 640 639 640 640 649 645 650 657 659 667
122 320 325 328 331 338 342 350 345 352 357 359 359 357 348 348 352 353 357 364 366 375 379 379 386 388 386 392 401 399 399 401 402 402 405 410 412 420 429 437 439 443 446 455 449 455 462 464 473 471 473 476 485 492 497 498 504 508 515 516 516 517 522 529 538 543 541 540 549 550 550 559 566 575 573 570 579 585 587 595 595 604 611 611 609 618 624 622 624 633 634 638 645 637 641 642 651 659 663 668
127 317 321 327 327 332 334 341 343 350 350 353 356 354 345 344 350 344 349 357 366 375 382 373 377 382 385 383 392 391 398 395 400 397 406 410 419 425 424 428 430 436 437 446 447 449 453 461 470 469 474 475 479 488 497 503 504 513 510 507 514 522 521 529 538 534 535 539 546 547 548 550 559 567 568 569 570 578 586 587 592 601 602 611 608 610 619 614 618 626 633 641 641 633 642 636 644 650 659 660
132 312 315 324 319 324 333 342 347 348 349 345 353 350 345 338 343 341 347 356 362 369 374 365 372 376 376 381 388 388 389 389 397 396 398 407 415 421 418 422 429 435 440 444 448 453 454 455 463 465 473 480 483 489 496 501 507 513 509 501 505 514 520 521 530 533 536 545 554 550 549 558 566 568 574 570 577 578 584 585 591 600 606 602 604 602 611 611 614 622 624 633 632 632 633 634 643 646 655 659
133 311 309 316 316 324 333 336 345 343 343 337 344 341 341 337 336 339 343 352 357 361 365 363 366 367 374 374 379 385 382 387 394 389 398 404 410 412 413 414 423 426 433 436 441 448 456 456 457 465 474 483 478 481 490 492 501 506 506 498 501 509 511 515 524 526 529 537 545 546 547 554 563 569 570 563 572 574 579 587 594 594 597 593 595 598 604 605 614 617 626 633 628 631 635 643 644 648 650 655
141 313 306 312 310 319 328 329 336 341 345 336 338 338 333 342 335 340 343 347 348 353 359 355 357 363 365 373 374 376 378 379 387 388 394 403 412 421 422 421 430 434 434 443 450 449 458 459 459 468 475 478 474 478 481 489 495 498 497 496 504 507 515 522 518 517 526 532 540 547 540 549 557 561 561 555 563 572 577 582 585 590 597 590 594 596 605 614 607 609 618 626 625 627 635 638 647 650 659 658
142 312 304 303 305 314 321 322 329 333 341 333 330 337 331 335 334 331 340 343 349 344 352 353 351 360 366 375 383 383 387 386 395 397 400 409 414 423 423 424 433 439 441 445 451 456 459 461 468 474 474 479 471 470 476 481 487 491 496 492 501 503 512 513 514 515 522 529 531 538 539 542 551 553 553 554 561 569 573 574 578 582 589 587 596 602 598 605 602 604 612 620 621 625 632 639 648 649 658 661
151 314 305 296 300 308 315 313 322 330 332 325 323 328 328 329 330 328 331 336 340 342 343 349 350 358 364 368 377 380 389 387 392 393 401 410 419 423 425 425 434 442 446 452 451 455 455 462 470 467 466 473 476 469 470 477 482 483 487 488 497 506 508 517 516 518 520 529 530 537 530 539 544 547 548 555 562 563 565 566 572 573 580 586 591 598 597 598 599 607 613 616 618 626 633 641 650 658 660 660
155 305 302 293 294 303 306 312 319 321 324 327 322 325 320 329 331 327 336 337 345 347 351 351 352 353 362 371 374 381 390 388 394 402 407 407 410 417 424 426 432 436 442 446 444 446 449 458 461 464 457 466 470 467 474 483 483 491 496 497 500 508 513 517 518 521 528 531 539 537 529 531 540 545 547 553 560 567 571 572 571 576 585 580 584 589 591 600 598 606 614 617 626 634 642 647 649 649 655 651
162 296 297 292 298 300 309 315 321 313 316 319 314 320 311 320 324 325 334 343 343 340 343 349 357 358 366 371 377 379 381 382 387 396 405 402 411 417 424 430 434 438 441 438 436 437 445 452 452 455 456 463 464 466 475 484 488 495 503 505 501 501 504 509 518 525 528 525 530 532 525 532 538 539 541 550 558 559 566 567 564 571 577 572 578 580 587 592 594 599 605 611 620 628 637 644 647 645 650 647
171 289 295 291 294 291 300 309 314 310 307 310 313 311 310 318 327 326 335 342 336 339 340 349 358 360 367 365 372 376 382 383 390 394 396 401 403 411 418 425 428 430 435 430 427 435 436 444 450 459 458 467 469 475 483 484 487 489 494 498 494 494 500 504 513 518 520 520 521 523 524 529 530 539 540 546 555 564 565 565 562 570 568 571 576 580 581 590 598 605 611 613 618 622 629 636 638 642 647 645
176 282 288 289 287 290 295 304 306 302 306 313 304 313 309 314 322 323 332 333 335 342 347 356 362 362 367 364 370 376 377 385 383 387 395 404 412 412 420 420 425 426 434 425 422 431 440 445 448 450 457 464 461 467 476 478 482 489 495 489 485 493 497 500 506 510 512 519 520 517 519 524 533 536 539 542 551 560 566 560 560 568 567 575 578 580 589 595 596 605 614 619 624 630 627 628 633 634 642 644
180 276 279 280 281 282 287 295 301 299 298 306 299 306 307 316 322 331 335 331 334 340 346 351 356 359 364 360 364 373 376 380 382 383 386 395 404 413 413 414 420 421 428 419 419 426 434 443 440 448 450 458 459 467 469 470 479 480 487 488 481 490 497 498 507 508 512 511 511 509 510 519 526 528 531 540 545 552 558 551 552 559 564 570 574 575 581 590 598 603 607 612 615 624 620 628 633 642 645 637
184 267 270 274 280 287 291 299 292 297 293 300 297 305 308 312 321 330 327 330 334 341 343 352 352 361 356 354 359 368 369 373 382 391 385 392 397 405 406 410 412 420 421 413 414 421 426 434 437 445 450 450 458 460 462 463 470 474 478 479 480 481 490 493 498 503 507 505 506 508 510 514 519 520 529 537 538 547 552 550 555 553 556 565 569 577 580 589 597 594 603 604 610 616 612 619 626 633 642 635
193 260 267 266 272 278 286 291 284 290 292 293 295 303 306 313 317 326 325 330 328 332 338 346 349 355 359 353 362 359 367 369 378 382 384 391 396 405 411 419 413 420 419 412 421 421 425 425 434 436 441 446 455 464 468 470 477 481 478 483 489 490 492 499 499 501 503 504 513 517 517 520 521 528 529 538 547 545 545 546 547 552 561 557 566 570 578 583 592 593 599 605 601 608 609 618 619 624 633 634
201 252 258 265 274 274 283 282 283 285 286 295 302 307 310 313 315 323 324 329 324 333 330 337 340 346 355 352 355 358 366 371 376 383 390 398 396 403 411 413 404 413 417 409 414 420 420 422 430 434 443 448 456 459 460 466 470 473 475 479 486 492 501 501 508 508 505 506 507 509 510 513 521 523 528 536 538 536 544 551 548 549 555 556 564 568 572 577 586 593 590 596 597 606 614 618 626 632 639 643
206 251 253 257 265 272 276 278 279 286 287 296 300 305 310 314 314 316 323 328 322 325 327 336 338 345 347 349 352 360 367 376 384 382 385 389 392 397 404 410 402 406 412 406 407 415 419 427 429 437 440 441 450 458 466 467 475 472 477 482 486 495 503 503 511 508 507 508 516 511 519 514 521 527 527 534 529 530 537 545 549 556 558 559 568 572 579 582 590 585 587 593 597 606 611 612 620 629 638 642
214 244 247 248 257 263 269 275 278 284 289 291 300 304 307 307 309 315 323 328 321 328 331 336 345 339 340 349 355 363 367 368 375 380 382 383 384 393 398 402 401 403 405 404 411 412 420 426 433 440 444 442 448 457 465 466 470 471 477 486 494 500 500 506 509 508 513 516 524 520 520 515 516 518 525 526 528 533 542 547 554 557 558 562 565 567 571 580 583 584 593 600 598 607 614 614 616 625 630 633
219 241 244 246 254 263 260 266 275 282 287 292 300 304 304 305 308 307 315 319 315 321 325 332 337 338 344 352 353 358 360 368 375 384 384 385 385 391 394 393 395 398 399 403 405 414 419 427 429 438 447 446 447 448 457 460 461 470 472 481 485 494 491 499 507 505 506 515 517 525 528 520 525 526 533 530 537 542 543 547 553 554 561 567 572 576 577 586 586 591 600 604 603 611 612 620 617 621 630 639
225 226 242 244 251 257 258 267 273 276 284 283 291 296 296 304 304 300 309 310 314 320 327 328 336 339 344 350 355 364 367 370 376 380 387 390 394 394 391 392 400 400 406 411 414 422 428 422 430 433 439 437 438 441 450 452 461 465 466 473 482 487 486 495 498 499 500 507 510 519 527 529 525 527 529 537 544 549 549 554 554 557 565 567 571 580 586 593 592 600 603 612 609 615 621 629 625 623 625 632
232 227 228 241 245 250 259 264 271 280 284 282 288 294 294 303 297 298 306 313 315 323 330 336 335 340 339 345 351 360 369 374 379 387 395 394 387 385 390 394 402 401 403 404 406 414 423 417 424 427 430 433 436 444 451 455 464 468 474 474 476 481 484 493 494 500 509 516 511 513 521 522 523 532 531 536 543 549 555 563 559 566 570 576 577 586 594 598 599 605 612 621 618 624 629 632 628 624 625 634
241 234 237 250 247 256 264 268 264 272 277 280 289 290 291 295 296 298 300 308 314 322 326 329 332 335 337 346 350 356 364 365 374 381 386 385 384 381 387 396 403 407 410 406 410 412 414 415 416 421 423 432 436 441 442 449 455 464 470 479 480 488 485 493 499 502 511 514 513 521 518 513 516 525 528 536 537 541 550 557 561 568 573 578 579 588 596 599 606 606 613 614 621 629 635 637 636 633 632 641
250 243 238 239 241 246 256 262 263 271 280 282 288 296 296 297 299 304 309 315 323 326 327 328 337 341 342 347 354 355 357 359 367 374 380 388 379 380 389 392 401 410 404 413 418 413 422 423 424 422 423 425 432 441 442 451 460 463 469 476 479 487 488 489 498 498 505 507 514 521 513 512 520 529 532 540 543 549 554 563 562 567 574 581 587 584 593 597 603 608 617 618 627 636 644 646 639 642 634 638
246 241 240 246 248 247 257 265 270 278 286 288 291 295 303 302 307 312 316 324 330 335 335 330 339 341 347 355 363 356 357 359 368 369 373 379 374 383 391 393 400 402 403 410 411 414 421 422 431 427 428 427 429 437 444 452 454 455 461 470 472 480 487 490 499 496 504 512 507 512 509 511 520 526 533 538 547 555 562 559 559 560 568 572 581 582 591 600 608 617 626 622 631 640 645 653 648 646 642 639
247 248 249 252 252 252 259 267 277 286 292 291 299 298 307 306 308 312 318 320 327 334 335 336 344 350 348 352 360 357 363 360 361 366 370 371 373 380 384 393 401 400 406 412 419 423 423 431 432 435 429 433 430 437 441 449 453 454 460 466 473 477 480 481 490 493 502 503 505 507 508 516 519 526 535 536 545 552 553 554 557 561 570 575 577 586 595 596 602 610 617 626 632 635 642 646 645 645 647 645
252 253 256 261 261 261 268 270 278 287 290 285 291 296 301 308 305 313 322 325 334 336 339 345 347 353 352 356 362 366 369 367 370 372 372 378 379 383 386 387 392 394 397 403 412 421 430 439 441 435 430 438 437 438 439 441 449 458 466 474 474 478 483 487 493 502 509 507 513 515 517 524 527 535 544 542 551 558 559 562 566 562 571 572 581 586 595 604 608 616 625 621 629 634 641 642 643 644 652 650
261 262 257 266 270 270 274 271 281 280 281 283 293 294 301 298 299 304 314 323 332 331 338 346 353 354 357 365 370 373 373 371 374 380 380 385 383 390 395 396 400 396 398 406 415 420 422 431 432 437 439 442 442 443 444 448 455 463 467 471 480 487 484 490 499 503 506 513 520 516 524 526 531 533 541 550 559 562 568 569 565 564 572 581 590 590 599 608 616 621 616 618 624 625 632 640 649 653 660 652
266 264 265 274 271 279 280 274 275 279 288 287 289 291 296 297 305 313 320 324 325 326 332 338 343 352 355 364 373 376 374 380 382 381 381 390 389 398 399 400 405 398 406 415 416 424 424 433 439 440 440 449 449 452 453 455 464 472 476 476 482 487 486 493 498 504 512 517 515 516 519 522 531 538 547 554 555 564 572 573 567 570 571 576 582 585 594 603 607 613 614 623 632 632 638 645 646 654 653 660
267 271 273 281 274 278 279 281 277 278 279 285 294 295 298 302 308 315 324 326 331 329 338 345 347 350 353 355 364 372 381 386 390 388 384 392 398 405 403 401 410 407 413 414 415 420 429 438 434 440 449 458 456 456 455 460 462 469 475 476 485 493 493 497 505 506 512 513 514 519 528 530 539 542 547 548 557 562 568 569 574 571 579 584 591 594 595 600 603 608 617 626 627 634 642 649 647 655 651 660
268 277 274 280 281 279 287 290 286 286 286 288 297 304 305 310 317 320 325 331 333 337 342 351 348 356 358 359 369 376 378 384 385 386 391 396 401 408 405 409 413 409 410 418 422 428 431 432 433 442 448 451 454 455 457 462 471 473 478 485 494 497 502 506 509 514 521 520 522 527 529 538 539 543 544 552 558 565 573 578 576 577 583 588 592 601 603 601 606 611 616 621 622 631 637 644 650 653 647 656
275 284 279 283 290 282 284 292 289 292 287 290 299 308 311 317 323 321 323 324 333 339 341 348 353 360 367 363 367 368 371 374 375 377 386 387 396 404 405 407 409 418 419 421 424 431 440 433 440 449 455 459 460 457 466 469 477 482 485 492 497 503 503 507 512 520 529 528 523 529 537 539 547 550 552 559 560 562 570 571 572 579 587 595 596 597 599 604 605 611 619 625 631 640 637 638 641 644 645 650
282 283 288 292 296 291 287 296 294 294 291 297 301 309 312 318 322 322 326 329 338 344 345 353 355 364 372 372 372 371 377 382 380 386 390 388 396 402 411 409 411 412 414 423 424 433 440 434 435 440 448 457 466 458 466 475 484 487 492 493 494 501 505 505 506 511 520 521 526 529 538 546 552 555 558 560 564 566 574 576 577 578 580 588 589 597 600 603 612 617 618 625 630 633 636 635 642 651 650 653
291 292 297 296 297 300 295 304 295 298 300 298 307 310 317 326 331 331 334 336 342 345 351 359 356 359 367 374 379 377 383 384 385 394 393 397 399 402 408 416 419 417 422 423 431 439 447 443 443 448 456 463 463 462 468 473 477 478 487 494 495 496 504 503 511 520 527 529 535 530 533 539 547 552 557 562 563 572 581 580 585 580 589 596 595 602 603 605 606 608 609 618 621 624 631 632 641 650 657 662
300 301 306 305 305 302 298 303 302 307 309 306 315 311 315 324 326 335 337 337 340 341 348 357 365 367 372 375 383 380 388 390 387 396 402 398 405 403 408 416 417 421 426 432 439 447 448 449 452 452 454 463 471 470 474 481 485 487 496 495 496 497 499 501 509 512 520 524 531 538 538 545 550 557 566 571 566 575 577 578 586 581 583 587 592 601 603 609 607 616 617 625 630 633 640 637 643 644 653 660
302 310 311 308 312 303 299 305 311 308 308 307 309 315 316 325 334 341 346 346 346 348 352 356 362 363 372 378 384 387 394 392 392 394 395 404 410 411 414 423 426 430 435 436 444 448 453 457 460 455 457 461 470 474 480 487 490 496 498 496 498 506 508 505 506 515 521 523 532 536 539 541 548 555 558 567 571 577 583 586 589 589 592 590 591 595 601 608 612 616 620 622 625 626 635 644 652 648 652 656
310 318 315 312 309 305 306 313 312 316 316 309 311 316 320 325 334 339 344 353 348 356 354 361 370 365 374 380 382 386 391 400 399 403 396 400 401 408 417 425 430 431 439 443 444 445 452 453 456 458 466 469 473 476 478 484 485 493 498 505 507 507 509 510 513 520 524 529 530 539 547 550 555 558 561 562 567 576 585 586 595 590 593 591 599 604 609 615 621 621 629 625 629 635 640 641 646 655 654 663
311 314 323 321 314 310 315 315 319 318 319 310 311 314 321 324 333 340 342 346 352 361 358 367 374 374 383 385 391 390 399 406 403 403 402 409 410 417 421 423 429 432 437 439 448 454 457 459 461 462 470 475 482 485 486 493 492 497 498 507 516 515 511 513 522 521 523 529 536 545 546 551 560 559 560 561 570 579 588 594 595 597 597 598 601 610 612 613 621 630 638 634 633 636 638 640 648 650 659 668
314 323 332 329 321 318 318 323 322 326 323 314 312 319 325 329 330 335 342 348 356 360 365 372 377 377 385 386 394 393 397 406 412 408 409 412 411 415 422 421 422 426 427 437 440 446 448 450 459 460 463 471 478 483 485 491 494 498 507 509 513 521 519 522 524 530 532 531 534 542 551 557 558 561 561 570 579 581 582 588 596 604 598 604 608 616 621 620 625 633 638 638 640 638 640 645 653 659 668 677
323 330 338 333 328 327 321 329 326 330 323 322 313 318 326 335 339 343 342 348 351 357 366 373 379 382 390 394 401 399 406 415 417 409 410 414 413 414 418 419 420 429 429 430 431 441 449 457 460 469 467 475 484 490 492 499 503 503 509 515 515 518 524 531 533 538 540 533 541 548 549 557 565 567 562 564 570 577 585 594 602 601 605 609 617 623 628 629 634 637 644 643 644 644 649 653 661 666 673 676
330 339 346 341 333 325 322 323 332 334 330 321 314 318 323 330 336 339 340 348 354 360 369 377 372 381 384 389 392 400 406 415 415 412 417 415 415 421 426 423 425 431 436 439 438 440 447 452 461 467 468 476 479 487 488 495 502 506 511 514 516 516 521 527 531 531 536 535 541 550 555 564 566 575 570 573 578 581 589 593 594 598 604 606 613 622 628 631 632 640 649 650 651 648 653 655 663 670 679 684
335 344 350 346 340 331 325 332 340 336 334 327 323 323 325 330 333 342 349 351 352 361 362 369 370 379 380 381 383 392 399 407 410 414 421 423 422 428 430 429 433 437 444 447 442 443 449 458 467 476 477 481 481 482 486 494 497 506 507 511 511 513 521 528 528 530 532 533 541 542 551 560 568 572 577 579 581 589 590 592 593 595 602 611 613 617 624 632 635 636 644 649 653 656 654 662 670 678 685 691
341 348 353 344 343 336 328 329 331 340 332 325 324 328 329 337 338 345 347 356 361 370 363 368 377 380 388 382 389 390 399 405 413 422 427 430 430 434 438 437 438 438 440 445 451 444 450 459 468 476 485 484 487 491 495 495 502 506 507 508 510 517 518 521 527 532 534 542 550 551 559 562 563 568 577 586 585 587 589 598 599 596 605 609 612 617 626 632 638 637 642 648 655 652 656 665 665 671 680 685
344 352 345 344 342 340 334 337 339 335 330 328 325 330 332 338 346 352 349 352 360 368 364 368 370 379 387 388 390 398 407 414 416 423 431 434 436 443 440 442 444 445 441 446 455 452 458 465 467 473 480 482 490 495 497 504 508 507 514 511 514 515 519 522 529 531 536 537 545 551 556 560 564 573 574 583 587 588 595 597 606 600 601 603 612 616 625 634 635 636 639 648 647 650 656 660 664 673 681 688
348 356 352 353 349 344 335 344 348 341 333 334 333 334 340 343 346 354 355 358 367 368 370 377 378 381 390 397 398 402 404 413 415 423 432 430 437 443 441 449 449 447 448 454 455 460 465 471 470 472 481 486 495 504 498 500 501 504 510 519 515 523 526 529 537 532 540 546 552 560 557 559 566 569 578 587 592 589 592 598 606 607 609 612 620 617 624 632 641 641 639 641 644 649 657 661 670 673 678 687
354 363 361 361 355 351 344 352 343 336 335 337 337 343 341 350 350 359 364 365 371 375 374 378 379 387 391 393 394 395 404 405 408 417 425 426 431 434 443 449 450 448 457 462 464 469 472 480 471 476 485 494 503 502 499 508 508 505 514 517 517 525 534 533 542 541 546 547 549 558 564 563 564 567 573 582 584 592 599 602 604 611 617 621 629 622 623 627 635 637 638 647 653 650 657 661 663 670 671 679
355 364 368 362 362 353 350 348 341 339 339 339 345 348 348 350 352 360 361 365 374 380 379 386 388 396 395 395 396 402 408 414 416 425 429 434 439 443 444 452 458 452 461 467 465 474 480 488 478 484 493 496 500 500 506 507 515 513 519 525 523 528 537 540 542 546 548 555 554 556 564 565 567 576 575 577 586 595 602 610 605 613 614 617 626 626 626 635 642 640 642 648 654 651 660 668 671 673 680 681
363 372 371 370 361 360 357 350 342 346 342 343 349 349 357 351 353 357 359 367 374 383 386 387 388 392 399 403 404 411 417 415 422 426 434 440 447 450 446 449 458 458 459 467 468 473 479 486 483 486 494 499 497 498 507 514 516 520 521 522 530 530 531 534 541 545 554 551 552 561 570 566 572 579 579 583 592 594 598 601 609 609 617 621 625 629 631 634 641 649 646 650 651 659 661 667 668 677 679 688
372 381 372 369 365 359 358 353 346 355 347 346 355 356 364 359 360 365 367 376 382 386 387 390 389 397 406 411 412 420 420 424 426 435 438 439 443 444 450 450 453 457 465 468 474 482 480 482 490 488 489 492 493 499 506 507 508 510 511 521 527 534 537 538 543 548 549 550 556 558 565 570 574 575 577 586 595 598 605 609 607 608 614 622 623 624 633 634 643 649 655 653 659 664 670 668 670 671 678 685
381 381 379 370 368 368 365 356 350 353 350 355 360 357 363 368 369 374 369 370 378 387 396 399 397 405 414 419 421 426 429 428 431 432 437 441 442 446 448 449 458 460 462 471 472 480 484 486 492 492 498 495 496 499 507 516 516 518 512 513 518 527 532 533 534 539 546 550 556 565 574 572 580 583 580 583 587 589 597 601 605 610 614 619 621 630 636 643 647 654 655 661 660 667 668 671 671 676 683 690
390 384 386 377 370 371 368 363 354 358 354 359 368 365 370 372 372 380 371 375 384 385 393 394 398 399 408 417 423 428 433 432 434 440 446 447 447 455 452 452 456 464 469 478 476 477 486 490 491 500 498 497 505 500 508 514 520 526 518 514 520 521 525 535 539 548 554 552 561 565 571 572 580 586 587 584 589 597 604 610 614 614 620 626 630 632 637 642 649 656 656 662 669 675 673 672 672 678 680 686
394 393 392 386 379 378 370 363 359 360 359 360 369 374 379 375 380 377 373 381 390 389 395 400 405 407 415 418 427 428 436 433 439 447 454 449 454 461 459 460 461 469 475 479 478 486 493 495 500 505 507 505 505 502 508 517 526 528 521 521 529 529 530 533 539 542 549 550 556 561 568 577 578 583 592 593 590 594 595 601 606 614 618 627 636 640 646 643 651 658 665 666 669 677 681 681 679 687 686 687
402 402 401 392 388 387 379 372 363 361 368 361 363 372 377 383 389 386 381 383 384 393 396 405 406 415 419 419 424 433 442 441 444 448 457 455 456 464 466 466 467 476 483 487 486 495 495 496 502 511 511 514 507 503 512 518 520 522 523 524 532 537 538 540 547 549 555 559 558 567 572 578 587 592 593 602 595 602 602 604 611 616 624 632 638 646 654 649 650 658 662 670 675 683 688 690 687 696 695 691
405 397 396 392 389 392 383 374 369 370 365 364 367 368 373 374 383 385 387 391 393 395 399 407 409 418 420 425 432 441 443 446 446 447 455 463 465 466 469 475 470 471 480 487 495 496 504 497 498 505 514 520 516 510 519 527 525 528 524 530 537 543 546 547 556 551 560 564 559 567 575 584 592 600 601 610 602 611 603 606 614 621 626 627 635 644 645 647 656 662 670 679 682 683 690 698 689 694 703 695
413 404 403 395 387 386 384 376 373 369 368 373 368 377 375 383 390 388 395 397 402 396 405 413 416 423 427 433 440 448 452 452 455 449 452 456 462 464 472 473 471 472 477 478 486 494 500 506 505 509 517 518 525 519 528 533 530 537 532 538 546 549 553 555 563 558 567 569 566 574 582 584 584 593 599 603 601 604 609 615 618 619 626 632 633 635 642 650 658 666 674 676 684 684 691 692 698 702 703 704
420 411 403 403 395 392 383 376 375 371 373 382 377 384 377 378 381 388 389 392 395 403 407 414 416 420 429 435 444 453 457 461 453 451 452 459 468 469 476 477 477 473 476 480 483 490 498 503 505 514 515 519 521 520 528 536 534 543 536 537 545 550 554 556 565 563 567 568 568 577 585 582 583 585 593 594 598 607 615 617 618 621 629 635 637 638 647 655 656 663 671 679 681 683 689 697 698 707 712 710
413 410 401 401 392 383 382 381 381 377 375 383 385 382 380 383 388 394 398 394 398 400 409 412 418 426 427 434 441 450 455 458 461 452 453 455 461 470 477 486 486 482 485 482 490 498 503 506 512 513 522 527 530 527 536 539 539 544 545 540 547 554 557 561 569 572 575 572 571 573 575 579 582 583 592 596 606 609 614 618 619 624 633 640 646 643 652 659 665 671 676 682 684 691 697 697 703 703 707 715
405 401 398 396 395 387 389 382 382 383 384 391 386 387 384 391 395 403 405 396 397 400 408 409 410 417 420 429 433 442 451 452 453 455 462 464 470 477 484 493 492 491 493 491 499 507 512 508 514 516 517 526 527 530 539 543 544 549 552 548 555 563 565 570 578 579 577 575 573 579 583 587 591 592 598 600 610 617 621 626 628 628 633 641 649 652 660 662 669 672 676 685 682 682 690 696 697 698 702 710
414 407 407 404 397 395 387 383 389 387 388 390 395 395 392 399 396 397 406 405 401 408 413 418 411 420 428 433 440 446 447 454 460 462 460 468 477 476 480 487 491 500 501 498 505 506 511 509 516 525 524 528 529 538 539 541 549 558 561 555 563 569 574 579 579 586 583 583 576 585 591 588 594 601 605 602 612 620 628 626 628 635 632 640 648 657 659 662 664 667 667 676 673 674 681 690 694 698 705 711
418 410 410 406 397 393 392 392 397 388 393 397 400 401 396 405 397 406 412 414 409 410 415 422 419 422 429 435 442 447 450 448 451 456 458 462 471 473 479 480 488 497 502 499 504 512 513 518 525 534 526 535 531 536 542 548 554 562 562 562 571 571 576 579 586 594 589 587 579 588 596 590 593 600 604 606 610 615 623 623 625 626 629 638 643 650 655 662 670 666 659 668 672 674 683 692 701 705 705 714
421 414 411 414 406 402 401 401 398 397 400 404 408 402 405 401 398 406 414 415 417 412 421 424 422 427 428 433 437 438 442 446 454 463 461 462 469 473 478 479 488 497 503 501 504 513 519 521 524 533 535 544 540 537 545 552 553 554 556 560 564 571 579 580 589 595 590 586 582 586 594 598 594 600 608 613 611 613 614 617 619 628 635 639 640 647 646 654 661 662 657 666 669 678 684 688 697 701 702 711
428 422 419 421 412 407 410 408 407 400 401 410 415 408 414 408 407 408 413 420 426 421 430 425 427 435 437 436 445 447 447 455 458 466 470 468 477 482 485 488 491 492 501 504 511 519 527 524 532 539 542 549 542 546 548 553 557 557 564 568 567 573 582 589 593 600 597 592 583 592 594 599 596 605 612 619 613 615 622 624 622 627 628 635 637 641 645 647 652 653 654 663 668 671 678 687 692 693 701 703
436 431 428 430 421 414 412 409 410 401 410 413 421 413 420 411 416 410 419 421 430 422 424 431 430 439 440 437 439 443 452 461 463 467 476 475 482 489 489 495 500 501 508 509 516 521 525 528 532 541 543 548 544 553 549 558 565 559 566 575 572 580 586 595 594 601 596 595 587 596 603 607 600 607 611 611 620 623 630 625 627 632 634 643 644 643 647 648 656 656 657 666 668 677 686 690 695 701 707 704
444 438 432 423 422 421 419 410 412 404 413 419 425 422 422 413 419 413 420 425 433 431 433 440 437 443 449 446 442 451 454 456 465 466 475 483 490 496 495 496 498 506 513 512 516 523 525 531 540 549 544 553 553 562 554 562 567 568 571 580 578 582 588 595 603 595 602 596 595 602 610 608 602 603 604 609 618 626 633 628 631 635 638 646 651 644 651 657 663 659 665 666 674 682 683 692 701 702 707 710
441 434 425 424 429 429 420 411 419 411 418 422 428 425 431 422 422 419 426 427 430 431 437 443 439 440 444 452 444 453 455 464 470 471 480 488 489 498 504 502 507 515 520 521 518 520 526 535 541 548 545 546 548 556 555 557 563 564 572 578 579 573 582 589 594 587 596 602 604 611 619 610 607 610 608 612 620 624 631 634 640 643 646 651 648 646 648 653 655 662 665 671 678 681 688 697 706 709 716 719
441 432 431 432 436 427 422 413 420 420 426 431 432 427 434 429 431 428 427 428 431 432 440 449 447 442 451 449 446 447 450 457 466 472 477 486 489 493 500 507 508 516 520 521 519 524 527 536 538 540 548 555 549 558 562 558 561 564 568 570 571 572 576 585 591 586 594 601 604 612 619 617 616 614 611 614 622 630 636 643 646 652 653 660 656 651 655 662 662 668 668 669 678 685 694 702 709 710 719 726
447 438 440 437 437 428 428 422 421 429 427 430 437 428 437 438 439 437 436 437 432 440 446 455 448 443 451 453 455 449 458 466 473 473 477 483 484 491 494 499 506 515 523 524 527 532 536 544 539 547 548 553 557 565 568 566 566 568 576 575 575 573 581 582 583 585 590 596 597 603 612 620 624 623 619 622 625 629 638 642 643 647 653 662 657 652 655 662 665 670 674 676 677 686 694 696 702 709 712 717
444 441 443 444 438 437 430 423 427 429 432 432 435 436 443 441 445 442 437 437 435 436 438 447 456 452 456 461 457 458 466 470 479 482 484 485 490 495 496 500 509 516 520 523 532 540 539 548 546 552 557 562 560 566 572 574 567 575 583 577 584 582 586 589 590 587 588 594 603 606 610 613 619 622 621 625 626 628 633 635 644 652 659 660 659 659 658 659 663 668 670 679 684 688 689 697 699 708 716 720
453 445 450 453 447 446 439 432 433 434 440 440 436 439 448 442 447 444 442 445 436 445 446 455 463 459 457 466 459 465 474 479 488 491 489 493 495 500 505 501 506 512 513 522 527 534 538 547 549 550 553 558 566 567 569 575 576 582 591 582 589 590 593 595 599 595 597 603 611 614 615 620 624 628 623 632 628 635 634 643 649 653 656 665 665 667 662 667 664 672 679 688 687 688 697 703 701 706 708 711
454 453 459 454 455 451 442 438 434 439 443 441 439 440 448 450 454 446 445 453 444 445 446 455 461 460 464 473 464 473 474 483 491 500 496 494 503 506 505 504 505 511 520 527 536 543 543 551 557 551 552 561 567 576 576 582 583 583 591 590 595 593 595 604 603 596 602 605 606 607 608 614 622 623 631 635 637 637 643 645 651 656 660 661 663 671 671 671 665 669 671 680 681 690 696 697 701 702 711 719
460 458 466 461 453 450 444 442 441 440 448 449 446 446 453 459 459 455 447 456 450 454 455 456 460 464 468 469 466 475 479 488 493 502 501 495 501 508 514 511 511 517 525 532 536 545 549 551 560 555 561 563 570 575 579 582 587 585 589 592 597 601 601 604 607 598 607 613 615 611 613 615 620 627 629 638 645 646 646 646 648 657 666 662 669 676 677 673 669 675 677 678 680 681 687 695 696 701 709 713
469 467 467 459 455 446 445 450 449 445 446 447 452 451 457 466 463 454 453 462 457 463 464 461 469 467 468 469 469 477 482 491 497 498 507 500 507 516 513 512 520 518 523 532 541 547 556 559 568 563 569 572 578 584 588 588 596 594 595 593 598 605 610 610 609 600 602 606 611 616 621 618 622 623 626 633 642 643 648 647 651 652 659 667 675 681 685 676 674 678 685 684 689 683 690 696 701 700 701 704
476 467 459 458 449 448 453 454 450 453 451 449 458 452 460 461 470 463 458 461 458 462 471 465 473 468 476 477 477 478 480 488 491 497 506 509 516 520 522 515 519 527 531 540 549 556 563 566 567 565 567 576 579 587 588 596 603 603 600 601 607 609 615 611 613 609 603 610 614 618 619 627 630 630 635 640 649 651 649 651 659 654 657 659 667 676 676 685 680 685 691 693 694 685 686 687 692 698 706 705
473 466 459 458 450 454 462 458 459 457 460 458 463 455 462 462 467 470 461 465 460 469 478 472 481 475 484 479 481 485 486 494 493 499 508 512 521 521 526 520 526 534 537 545 554 559 568 575 574 570 574 583 587 592 595 598 604 611 603 602 611 618 620 620 616 608 606 614 621 624 627 633 638 639 643 645 649 650 658 656 664 655 658 659 667 669 672 680 688 686 691 692 691 688 692 690 700 700 704 712
478 472 463 459 459 457 459 459 468 459 465 467 465 456 465 471 470 469 462 469 468 471 478 477 482 481 488 483 484 489 491 500 502 508 509 518 521 530 531 527 535 539 544 546 553 554 563 572 579 578 575 584 592 593 598 605 610 619 611 605 611 620 629 629 620 613 612 620 624 633 635 640 647 640 648 648 649 652 661 657 666 663 667 668 676 673 681 689 695 694 692 700 696 695 700 696 699 701 710 717
478 470 464 467 465 464 461 464 467 460 464 473 468 465 474 472 472 478 471 474 474 480 487 481 488 482 491 488 493 491 493 500 507 512 514 517 526 533 533 536 541 546 547 547 553 557 564 573 577 584 576 584 593 602 602 605 610 617 620 614 620 627 632 631 629 621 621 626 632 641 636 645 650 646 653 654 655 653 662 662 671 671 676 677 682 674 683 691 700 703 700 706 697 700 703 703 706 702 703 707
480 473 473 474 473 470 470 471 462 461 469 472 475 466 471 476 480 479 478 476 476 478 484 489 488 487 488 497 501 498 502 501 509 517 523 519 528 529 537 534 543 547 556 552 557 566 570 572 580 584 583 589 593 594 603 612 611 612 618 619 626 635 641 634 628 625 627 634 641 644 642 651 655 647 654 662 657 656 659 660 667 670 679 686 689 682 689 693 702 709 708 710 702 708 708 707 712 704 711 713
483 477 478 482 474 478 477 475 468 466 473 473 482 475 480 485 489 485 483 482 484 480 488 496 497 488 496 497 505 503 510 507 514 520 527 520 527 532 540 533 534 543 552 561 566 563 563 568 574 575 576 580 584 586 595 604 613 621 623 628 627 636 641 642 636 628 636 643 645 646 650 653 661 655 660 665 666 657 665 669 671 679 685 691 692 684 693 702 706 714 717 714 709 715 714 716 720 713 717 714
486 486 480 483 479 486 478 476 475 475 475 482 484 477 486 493 498 493 484 483 486 483 491 493 502 495 496 504 507 512 519 516 516 525 532 524 526 528 531 532 534 538 546 554 560 561 562 564 573 581 582 589 592 595 598 606 613 622 630 629 635 644 645 647 642 636 645 651 652 647 652 659 662 660 663 664 668 665 673 678 680 680 688 689 693 685 692 699 707 708 715 722 715 716 723 725 724 720 725 723
