  0 342 336 341 344 340 349 351 354 362 361 357 355 363 367 366 360 361 365 364 367 376 384 384 393 391 391 396 399 400 404 401 402 411 412 418 418 425 426 427 435 438 447 448 454 454 458 460 468 472 475 477 486 492 489 497 497 504 507 512 521 513 515 523 532 530 534 542 543 549 558 567 574 576 583 585 588 586 591 586 591 599 603 611 613 622 630 639 636 642 648 649 650 656 664 670 671 667 673 682
  8 335 334 335 335 339 340 347 352 353 356 348 353 354 358 365 359 362 360 361 364 370 375 383 391 389 387 389 395 403 395 397 401 408 409 418 417 423 429 436 436 437 443 447 455 450 453 455 460 464 466 472 480 483 483 490 493 496 498 506 515 507 515 524 528 527 534 537 545 553 561 560 565 568 575 580 580 577 586 583 585 594 603 607 615 624 629 637 634 641 639 645 652 652 661 661 662 663 672 679
 16 327 325 334 332 341 333 339 344 346 348 346 344 347 352 358 351 354 355 362 371 377 384 378 382 384 383 389 392 396 390 394 402 409 418 423 416 421 421 429 436 442 434 439 446 444 452 458 466 464 468 473 474 476 481 489 492 491 498 505 513 505 513 516 520 525 532 534 540 546 555 557 565 565 566 574 575 576 577 581 584 593 602 603 610 619 620 629 625 632 637 642 643 651 652 655 662 663 664 670
 17 331 324 326 327 332 330 331 335 343 345 340 342 343 345 351 349 354 356 365 370 370 375 370 376 377 382 384 385 387 389 398 406 411 420 414 414 415 420 421 427 433 431 433 442 441 449 454 457 463 468 464 468 475 481 484 485 489 497 496 504 504 505 511 520 524 531 533 541 550 550 559 561 561 570 570 579 576 582 585 593 597 595 596 602 611 613 622 621 623 628 636 639 642 646 650 658 667 668 676
 26 331 323 320 326 327 329 336 341 340 336 337 345 346 344 342 346 355 359 360 368 363 366 366 369 373 373 375 377 380 385 394 401 402 411 408 407 416 421 413 422 424 425 432 433 440 448 451 459 463 469 461 463 472 474 481 490 491 491 493 499 498 506 515 517 521 528 533 537 545 542 550 552 560 562 563 572 573 575 576 585 593 594 597 603 605 613 614 615 619 626 628 630 639 645 653 657 666 673 676
 28 325 316 314 317 318 327 336 335 331 329 331 340 337 335 341 349 349 354 354 362 359 365 364 368 374 372 377 376 377 382 385 392 401 402 409 404 409 415 410 415 418 424 432 433 439 439 445 451 455 462 458 466 467 476 480 482 486 487 490 494 497 501 506 515 517 521 525 534 536 541 542 551 557 565 563 572 581 581 584 585 594 601 598 607 606 614 619 624 628 628 634 631 636 642 645 654 663 665 667
 29 317 308 308 313 317 326 332 327 329 320 327 332 328 329 335 342 343 345 352 354 350 357 361 359 366 370 372 373 380 388 382 389 396 403 400 402 403 406 407 414 415 423 427 431 439 436 439 446 448 457 456 460 465 467 473 475 480 489 492 493 496 501 510 518 525 524 528 532 533 534 541 548 549 557 562 566 572 579 583 585 588 593 601 610 615 623 627 626 633 635 636 635 643 649 646 648 656 660 659
 33 310 304 307 316 319 323 326 319 327 319 324 330 327 335 335 341 336 345 348 351 348 356 363 358 357 362 363 371 376 380 381 385 392 395 399 405 409 413 410 419 423 429 432 428 431 433 437 443 452 454 455 463 472 469 473 476 478 484 487 489 491 493 502 510 519 526 525 528 534 543 549 557 550 559 559 560 565 574 576 577 585 590 596 605 611 619 628 632 640 636 641 644 648 652 648 656 653 653 656
 41 304 303 305 309 310 315 318 317 325 317 317 326 326 329 334 333 335 343 339 344 346 354 356 360 354 358 365 374 383 379 379 383 387 394 403 396 401 408 417 421 418 421 423 426 435 439 446 449 451 450 453 458 465 472 478 485 486 492 496 492 498 496 505 514 520 522 524 531 533 541 550 552 552 555 557 560 564 565 568 575 583 589 594 599 608 616 619 623 631 628 637 640 644 651 653 656 652 644 652
 42 296 300 297 302 305 314 312 311 320 313 314 319 325 331 340 332 328 337 338 346 342 351 358 351 353 357 366 373 377 370 378 383 386 392 398 389 395 403 412 414 414 422 424 428 430 439 448 446 448 447 456 458 465 473 481 485 487 491 492 492 501 502 507 507 515 519 525 525 533 534 541 546 554 560 557 558 567 574 572 581 582 591 595 600 604 610 618 620 622 622 630 639 635 643 645 647 650 643 649
 51 291 298 290 298 300 306 306 308 314 312 318 319 317 323 332 332 323 328 330 337 341 347 350 349 358 358 362 364 371 369 374 376 383 384 391 387 391 398 407 411 413 420 428 435 432 435 439 441 441 446 454 455 460 465 474 477 479 482 483 486 493 499 500 501 507 513 516 522 525 533 535 541 550 551 555 561 570 576 577 585 590 582 586 595 601 607 611 612 620 621 622 631 634 635 637 640 641 642 650
 56 286 295 289 297 305 298 305 306 307 305 309 310 313 314 323 326 321 330 331 340 336 343 351 347 356 361 364 373 368 367 373 372 381 388 389 385 388 395 399 402 404 412 419 427 426 426 430 432 440 448 456 456 465 466 474 476 483 484 490 495 500 504 505 504 511 517 512 515 520 524 533 539 548 546 554 563 567 568 577 581 581 580 583 591 596 604 603 603 612 613 621 622 626 635 636 644 650 650 653
 58 283 286 288 290 296 290 299 306 302 303 310 315 309 315 316 317 318 327 330 331 335 337 344 346 347 355 364 373 370 363 365 371 374 380 386 384 386 395 397 400 402 406 413 421 418 419 422 431 436 440 449 456 460 465 468 471 475 479 488 497 502 504 513 508 513 512 507 515 524 530 524 533 540 541 547 554 559 568 572 581 576 578 581 584 591 599 598 601 606 610 617 623 629 636 644 639 648 656 662
 66 279 281 286 284 287 285 293 297 301 309 307 307 300 309 316 321 327 331 332 340 338 343 344 353 356 362 356 365 361 362 370 379 381 373 377 383 389 392 396 405 409 414 414 415 417 426 431 430 436 445 451 452 453 462 462 463 468 475 483 489 497 502 510 501 505 504 506 507 516 521 522 531 539 548 552 553 560 565 564 573 574 580 587 593 589 591 595 596 597 604 611 614 623 627 636 638 647 650 657
 73 278 272 278 275 279 281 290 289 297 300 305 300 296 303 311 312 318 323 324 332 341 338 339 346 355 356 354 358 360 367 376 381 373 372 378 380 381 390 394 400 409 414 408 417 412 420 425 429 432 436 444 451 460 459 456 465 472 479 480 480 488 494 503 495 496 503 505 508 517 520 525 532 534 542 544 547 554 557 563 569 576 577 585 585 587 596 594 595 603 606 614 615 617 626 631 640 649 647 652
 74 270 271 269 272 274 278 284 288 288 291 299 296 292 294 303 307 315 318 323 331 335 337 338 339 348 347 353 358 361 368 377 376 375 371 378 372 378 386 385 394 403 405 405 414 405 414 421 423 428 435 443 452 452 451 452 461 466 471 472 479 488 486 494 494 495 496 503 508 516 523 530 532 533 534 535 543 549 550 559 567 567 571 576 577 584 590 593 595 601 603 605 613 622 626 630 632 641 642 643
 83 265 262 268 269 274 276 283 285 287 285 292 299 291 295 304 313 311 319 318 323 327 334 329 336 339 343 350 354 362 371 376 368 372 370 369 369 375 380 384 390 399 408 403 406 403 406 412 419 421 426 435 444 453 450 455 462 465 470 473 478 486 484 485 493 498 504 512 509 518 526 527 530 539 541 540 549 550 558 562 570 562 563 571 580 587 588 595 601 606 610 607 615 620 625 628 631 638 641 649
 89 263 255 264 270 265 274 279 287 287 279 284 292 288 295 298 304 308 310 312 318 320 325 326 329 334 337 341 349 357 363 368 359 365 361 362 366 370 375 381 388 394 401 400 398 400 406 415 423 427 428 437 435 444 445 449 455 460 468 474 478 481 478 487 488 497 505 511 517 518 526 531 536 540 542 541 550 556 554 560 563 561 569 576 581 590 589 597 598 604 608 611 620 629 632 628 629 637 638 647
 93 257 253 259 266 263 269 276 279 278 277 283 286 287 296 296 300 305 314 315 317 315 316 320 321 330 331 332 340 348 357 361 352 356 357 365 374 376 378 384 385 390 397 405 397 404 409 418 427 432 429 429 431 435 444 449 456 454 462 468 472 477 476 483 492 493 500 509 511 519 519 528 527 532 533 542 541 547 546 551 554 557 564 573 576 583 592 601 599 606 605 612 613 620 627 627 636 640 646 651
 94 257 250 257 259 258 265 272 275 269 270 279 288 287 292 292 299 305 305 314 316 311 314 323 326 331 339 335 341 348 356 355 351 353 361 359 366 373 382 379 387 383 391 396 395 398 407 416 418 425 430 425 432 433 440 449 450 451 459 461 468 470 474 482 484 493 497 500 509 517 517 526 526 534 536 534 532 539 542 547 556 565 569 573 581 590 592 601 598 602 604 610 617 617 618 619 627 632 637 642
100 254 249 250 255 256 265 266 271 267 261 270 279 284 290 288 290 298 297 306 307 310 319 325 325 330 337 342 344 348 350 352 345 346 353 354 357 366 374 378 380 377 382 389 392 401 407 408 409 418 421 423 432 435 436 442 449 450 457 463 463 472 478 484 489 493 501 507 514 514 514 520 524 532 528 525 531 533 538 547 555 562 569 571 576 585 592 599 592 593 600 602 609 616 621 622 624 631 640 648
109 245 242 248 248 257 262 257 264 266 260 262 270 277 281 284 287 290 292 299 308 311 317 322 324 328 329 334 337 339 341 343 344 352 351 356 350 359 365 370 371 374 375 384 385 394 400 407 411 417 414 422 428 434 440 449 445 454 455 456 461 470 472 479 485 487 496 498 505 505 506 511 515 524 530 522 531 540 546 549 553 559 568 577 572 581 583 590 591 596 599 607 600 608 613 614 619 625 631 640
118 236 235 242 244 250 255 256 256 257 259 264 272 273 278 287 286 293 299 305 306 309 313 322 323 323 326 327 328 330 338 338 345 343 345 348 348 350 359 366 374 376 379 383 386 392 400 401 410 410 413 418 426 435 435 441 440 445 446 447 454 463 463 472 478 480 489 495 496 503 504 512 520 528 526 520 525 531 538 540 549 555 559 568 571 575 580 581 583 592 598 598 599 602 611 610 615 622 624 632
122 227 232 235 238 245 249 257 252 259 265 270 272 281 281 281 285 286 290 297 299 308 312 313 320 322 320 326 335 333 333 335 336 336 339 344 346 354 363 371 373 377 380 389 383 389 396 398 407 405 407 410 419 426 431 432 438 442 449 456 456 457 462 469 478 487 488 487 496 497 497 506 513 522 520 517 526 532 534 542 543 552 559 561 562 571 577 581 583 592 593 597 605 602 606 607 616 624 628 633
127 224 228 234 234 239 241 248 250 257 258 266 269 278 278 277 283 277 282 290 299 308 316 307 311 316 319 317 326 325 332 329 334 331 340 344 353 359 358 362 364 370 371 380 381 383 387 395 404 403 408 409 413 422 431 437 438 447 450 456 465 465 463 471 480 481 482 486 493 494 495 497 506 514 515 516 517 525 533 535 540 549 550 559 563 569 578 573 577 585 592 600 605 598 607 601 609 615 624 625
132 219 222 231 226 231 240 249 254 255 261 265 273 276 278 271 276 274 280 289 295 303 308 299 306 310 310 315 322 322 323 323 331 330 332 341 349 355 352 356 363 369 374 378 382 387 388 389 397 399 407 414 418 426 433 442 444 451 458 452 456 465 471 472 481 484 487 495 502 498 497 506 514 516 521 523 524 528 534 535 541 550 559 561 563 561 570 570 573 581 583 592 596 597 598 599 608 611 620 624
133 218 216 223 223 231 240 243 252 250 256 257 264 267 273 270 269 272 276 285 291 295 299 297 300 301 308 308 313 319 316 321 328 323 332 338 344 346 347 348 357 360 367 370 375 382 390 390 391 399 408 417 420 423 432 435 444 452 457 449 452 460 462 466 475 477 480 488 496 497 504 511 520 524 529 522 531 530 535 543 550 553 556 552 554 557 563 564 573 581 590 597 595 598 602 608 609 613 615 620
141 220 213 219 217 226 235 236 243 248 257 257 262 266 265 274 268 274 277 281 282 287 293 289 291 297 299 307 308 310 312 313 321 322 328 337 346 355 356 355 364 368 368 377 384 383 392 393 393 402 409 413 416 424 429 437 443 449 448 447 455 458 466 473 469 468 477 483 491 498 499 508 516 520 520 514 522 531 536 541 544 549 556 549 553 555 564 573 574 576 585 593 592 594 602 605 614 616 624 623
142 219 211 210 212 221 228 229 236 240 249 254 254 261 263 267 267 265 274 277 283 278 286 287 285 294 300 309 317 317 321 320 329 331 334 343 348 357 357 358 367 373 375 379 385 390 394 395 402 409 417 421 417 418 424 429 435 442 447 443 452 454 463 464 465 466 473 480 482 489 498 501 510 512 512 513 520 528 532 533 537 541 548 546 555 561 562 569 569 571 579 587 588 592 599 606 615 616 625 626
151 214 212 203 207 215 222 214 223 232 240 242 243 248 256 257 259 260 263 268 272 274 275 281 282 292 298 302 311 314 323 321 326 327 335 344 353 359 359 359 368 376 380 386 392 399 400 402 411 412 421 428 424 420 421 428 433 434 438 439 448 457 459 468 467 469 471 480 481 488 489 498 503 506 507 514 521 522 524 525 531 532 539 545 552 561 564 565 566 574 580 583 585 593 600 608 617 625 627 627
155 205 209 200 195 204 207 213 220 228 236 244 251 253 254 263 265 261 270 269 277 281 283 283 284 285 295 304 307 314 323 323 329 336 341 345 348 355 362 361 367 371 377 385 393 402 404 411 419 421 415 424 427 421 428 437 434 442 447 448 451 459 468 476 469 472 479 485 490 496 493 495 504 510 513 519 526 530 530 531 538 537 546 547 551 556 558 567 565 573 581 584 593 601 609 614 616 616 622 618
162 196 201 188 194 203 212 218 226 229 238 242 243 252 245 254 258 259 268 277 281 278 281 287 292 290 298 304 310 313 315 316 322 331 340 340 349 355 362 367 372 378 381 388 394 395 403 410 410 413 414 421 422 423 432 441 439 446 455 456 458 465 469 474 478 479 487 490 497 499 492 499 505 506 508 517 525 526 533 534 531 538 544 539 545 547 554 559 561 566 572 578 587 595 604 611 614 612 617 614
171 178 185 187 194 195 204 213 221 229 230 233 242 243 244 252 261 262 271 280 274 277 278 287 296 292 299 300 307 311 317 317 324 332 334 339 341 349 356 363 366 370 375 380 385 393 394 402 408 417 416 425 430 432 440 446 444 446 451 460 461 461 467 471 480 485 487 487 488 490 491 496 497 506 507 513 522 531 532 532 529 537 535 538 543 547 548 557 565 572 578 580 585 589 596 603 605 609 614 612
176 182 191 196 200 203 211 220 225 228 236 242 246 252 246 251 259 260 269 271 273 280 285 294 300 295 300 304 310 316 317 325 325 330 339 348 350 350 358 364 369 374 383 386 386 395 403 407 413 415 422 429 426 432 441 445 448 455 459 456 452 460 464 467 473 477 479 486 487 484 486 491 500 503 506 509 518 527 533 527 527 535 534 542 545 547 556 562 563 572 581 586 591 597 594 595 600 601 609 611
180 189 198 202 201 202 207 215 224 226 231 239 241 248 247 256 262 269 277 272 275 281 287 292 297 298 306 310 315 324 324 331 327 328 331 341 350 359 361 362 368 369 378 383 383 390 398 407 405 413 415 423 424 432 436 437 446 447 454 455 448 457 464 465 474 475 479 478 478 476 477 486 493 495 498 507 512 519 525 518 519 526 531 537 541 542 548 557 565 570 574 579 582 591 587 595 600 609 612 604
184 191 194 202 209 211 212 220 228 233 232 239 241 249 250 254 263 272 273 275 281 290 292 301 300 307 308 309 314 323 325 329 336 337 332 340 345 353 354 358 360 368 376 377 378 385 390 399 402 411 417 417 425 427 429 430 437 441 445 446 447 448 457 460 465 470 474 472 473 475 477 481 486 487 496 504 505 514 519 517 522 520 523 532 536 544 547 556 564 561 570 571 577 583 579 586 593 600 609 602
193 199 203 203 209 215 220 229 229 235 238 239 241 249 252 259 263 272 271 276 280 284 292 301 305 311 314 310 319 320 328 330 339 339 334 342 347 356 360 367 369 375 382 379 387 386 391 392 401 403 408 413 422 431 435 437 444 448 445 450 456 457 459 466 466 468 470 471 480 484 484 487 488 495 496 505 514 512 512 513 514 519 528 524 533 537 545 550 559 560 566 572 568 575 576 585 586 591 600 601
201 200 206 211 218 217 226 230 233 235 236 245 248 253 256 259 261 269 270 275 277 286 286 293 296 302 311 313 316 319 327 332 337 344 341 351 351 358 366 375 371 380 384 376 381 387 387 389 397 401 410 415 423 426 427 433 437 440 442 446 453 459 468 468 475 475 472 473 474 476 477 480 488 490 495 503 505 503 511 518 515 516 522 523 531 535 539 544 553 560 557 563 564 573 581 585 593 599 606 610
206 207 212 220 226 226 233 233 234 241 237 246 250 255 260 266 266 268 275 281 278 281 283 292 294 301 308 310 313 321 328 337 346 346 344 351 357 362 369 377 369 373 379 373 374 382 386 394 396 404 407 408 417 425 433 434 442 439 444 449 453 462 470 470 478 475 474 475 483 478 486 481 488 494 494 501 496 497 504 512 516 523 525 526 535 539 546 549 557 552 554 560 564 573 578 579 587 596 605 609
214 210 213 215 224 230 239 242 237 243 242 244 253 257 260 262 264 272 280 289 284 288 289 294 303 302 303 312 318 326 332 333 340 345 346 347 348 358 363 369 368 370 372 371 378 379 387 393 400 407 411 409 415 424 432 433 437 438 444 453 461 467 467 473 476 475 480 483 491 487 487 482 483 485 492 493 495 500 509 514 521 524 525 529 532 534 538 547 550 551 560 567 565 574 581 581 583 592 597 600
219 217 216 217 225 234 236 242 246 250 247 253 262 265 268 263 267 274 282 291 285 291 293 300 305 303 309 317 318 323 325 333 340 349 348 349 349 355 358 359 361 364 366 370 372 381 386 394 396 405 414 413 414 415 424 427 428 437 439 448 452 461 458 466 474 472 473 482 484 492 495 487 492 493 500 497 504 509 510 514 520 521 528 534 539 543 544 553 553 558 567 571 570 578 579 587 584 588 597 606
224 218 224 220 227 234 235 244 250 253 255 254 262 267 269 271 274 276 285 286 289 295 300 301 309 306 311 317 322 331 332 335 341 345 352 354 358 364 359 360 368 366 373 378 381 389 395 389 397 400 406 404 405 408 417 419 428 432 433 440 449 454 453 462 465 466 467 474 477 486 494 496 492 494 496 504 511 516 516 521 521 524 532 534 538 547 553 560 559 567 570 579 576 582 588 596 592 590 592 599
226 219 220 227 231 236 244 249 256 262 262 256 262 268 271 280 275 276 284 291 291 299 306 309 312 311 313 319 325 334 341 344 346 353 361 363 361 363 364 364 372 367 369 370 373 381 390 384 391 394 397 400 403 411 418 422 431 435 441 441 443 448 451 460 461 467 476 483 478 480 488 489 490 499 498 503 510 516 522 530 526 533 537 543 544 553 561 565 566 572 579 588 585 591 596 599 595 591 592 601
235 226 229 236 233 242 250 254 250 258 263 259 268 269 270 274 275 277 279 287 293 301 305 308 311 314 315 324 328 334 342 343 352 359 364 363 362 359 365 373 379 373 376 372 376 378 380 381 382 387 390 399 403 408 409 416 422 431 437 446 447 455 452 460 466 469 478 481 480 488 485 480 483 492 495 503 504 508 517 524 528 535 540 545 546 555 563 566 573 573 580 581 588 596 602 604 603 600 599 608
244 235 230 231 233 238 242 248 249 257 266 261 267 275 275 276 278 283 288 294 302 305 306 307 316 320 320 325 332 333 335 337 345 352 358 366 357 358 367 370 379 382 377 381 384 379 388 389 390 388 389 391 399 408 409 418 427 430 436 443 446 454 455 456 465 465 472 474 481 488 480 479 487 496 499 507 510 516 521 530 529 534 541 548 554 551 560 564 570 575 584 585 594 603 611 613 606 609 601 605
238 233 232 238 240 239 247 255 256 264 272 267 270 274 282 281 286 291 295 303 309 314 314 309 318 320 326 333 341 334 335 337 346 347 351 357 352 361 369 371 378 380 378 385 383 382 389 390 399 393 394 393 395 404 411 419 421 422 428 437 439 447 454 457 466 463 471 479 474 479 476 478 487 493 500 505 514 522 529 526 526 527 535 539 548 549 558 567 575 584 593 589 598 607 612 620 615 613 609 606
239 240 241 244 244 244 251 259 264 273 278 273 278 277 286 285 288 292 298 300 307 314 315 315 323 329 327 331 339 335 341 338 339 344 348 349 351 358 362 371 379 378 384 390 391 391 391 399 400 401 395 399 396 404 408 416 420 421 427 433 440 444 447 448 457 460 469 470 472 474 475 483 486 493 502 503 512 519 520 521 524 528 537 542 544 553 562 563 569 577 584 593 599 602 609 613 612 612 614 612
244 245 248 253 253 253 260 262 269 278 281 274 280 282 287 294 293 300 307 305 314 319 319 324 326 332 331 335 341 344 347 345 348 350 350 356 357 361 364 365 370 372 375 381 390 399 400 408 409 401 396 404 403 404 406 408 416 425 433 441 441 445 450 454 460 469 476 474 480 482 484 491 494 502 511 509 518 525 526 529 533 529 538 539 548 553 562 571 575 583 592 588 596 601 608 609 610 611 619 617
253 254 249 258 262 262 266 263 272 272 273 275 284 284 291 290 291 296 305 314 323 322 326 332 335 334 336 344 349 351 351 349 352 358 358 363 361 368 373 374 378 374 376 384 393 398 400 409 407 406 405 408 408 409 411 415 422 430 434 438 447 454 451 457 466 470 473 480 487 483 491 493 498 500 508 517 526 529 535 536 532 531 539 548 557 557 566 575 583 588 583 585 591 592 599 607 616 620 627 619
258 256 257 266 263 271 272 266 267 271 280 279 281 283 288 289 297 305 312 316 317 318 324 330 335 342 339 348 357 355 352 358 360 359 359 368 367 376 377 378 383 376 384 393 394 402 402 411 414 409 406 415 415 418 420 422 431 439 443 443 449 454 453 460 465 471 479 484 482 483 486 489 498 505 514 521 522 531 539 540 534 537 538 543 549 552 561 570 574 580 581 590 599 599 605 612 613 621 620 627
259 263 265 273 266 270 271 273 269 270 271 277 286 287 290 294 300 307 316 318 323 321 330 337 339 342 342 344 352 360 361 364 368 366 362 370 376 383 381 379 388 385 391 392 393 398 407 416 412 415 415 424 422 422 422 427 429 436 442 443 452 460 460 464 472 473 479 480 481 486 495 497 506 509 514 515 524 529 535 536 541 538 546 551 558 561 562 567 570 575 584 593 594 601 609 616 614 622 618 627
260 269 266 272 273 271 279 282 278 278 278 280 289 296 297 302 309 312 317 323 325 329 334 343 340 348 347 348 357 364 366 372 373 374 369 378 381 388 383 387 391 387 388 396 400 406 409 410 411 420 421 424 425 423 424 429 438 440 445 452 461 464 469 473 476 481 488 487 489 494 496 505 506 510 511 519 525 532 540 545 543 544 550 555 559 568 570 568 573 578 583 588 589 598 604 611 617 620 614 623
267 276 271 275 282 274 276 284 281 284 279 282 291 300 303 309 315 313 315 316 325 331 333 340 345 352 356 352 356 357 360 363 364 365 374 375 384 392 384 386 388 396 397 399 402 409 418 411 418 427 428 432 431 425 433 436 444 449 452 459 464 470 470 474 479 487 496 495 490 496 504 506 514 517 519 526 527 529 537 538 539 546 554 562 563 564 566 571 572 578 586 592 598 607 604 605 608 611 612 617
274 275 280 284 288 283 279 288 286 286 283 289 293 301 304 310 314 314 318 321 330 336 337 345 347 356 364 361 361 360 366 371 369 374 378 376 384 390 393 388 390 391 393 402 403 412 419 412 413 418 426 435 436 426 435 444 453 456 459 460 461 468 472 472 473 478 487 488 493 496 505 513 519 522 525 527 531 533 541 543 544 545 547 555 556 564 567 570 579 584 585 592 597 600 603 602 609 618 617 620
283 284 289 288 289 292 287 296 287 290 292 290 299 302 309 318 323 323 326 328 334 337 343 351 348 351 359 366 368 366 372 373 374 382 381 385 387 390 396 396 398 396 401 402 410 418 426 421 421 426 434 439 432 430 437 442 446 447 456 463 462 463 471 470 478 487 494 496 502 497 500 506 514 519 524 529 530 539 548 547 552 547 556 563 562 569 570 572 573 575 576 585 588 591 598 599 608 617 624 629
292 293 298 297 297 294 290 295 294 299 301 298 307 303 307 316 318 327 329 329 332 333 340 349 357 359 364 367 375 369 377 379 376 384 390 386 393 391 396 404 399 400 405 411 418 426 427 427 430 430 432 441 440 438 443 450 454 456 465 464 463 464 466 468 476 479 487 491 498 505 505 512 517 524 533 538 533 542 544 545 553 548 550 554 559 568 570 576 574 583 584 592 597 600 607 604 610 611 620 627
294 302 303 300 304 295 291 297 303 300 300 299 301 307 308 317 326 333 338 338 338 340 344 348 354 355 364 370 376 376 383 381 381 383 384 392 398 399 402 411 408 409 414 415 423 427 432 435 438 433 435 439 448 442 449 456 459 465 467 465 465 473 475 472 473 482 488 490 499 503 506 508 515 522 525 534 538 544 550 553 556 556 559 557 558 562 568 575 579 583 587 589 592 593 602 611 619 615 619 623
302 310 307 304 301 297 298 305 304 308 308 301 303 308 312 317 326 331 336 345 340 348 346 353 362 357 366 372 374 378 383 390 388 392 385 389 390 396 405 413 413 410 418 422 423 424 431 432 435 436 444 447 450 445 447 453 454 463 468 474 474 474 476 477 480 487 491 496 497 506 514 517 522 525 528 529 534 543 552 553 562 557 560 558 566 571 576 582 588 588 596 592 596 602 607 608 613 622 621 630
303 306 315 313 306 302 307 307 311 310 311 302 303 306 313 316 325 332 334 338 344 353 350 359 366 366 375 377 383 382 391 397 392 392 391 398 399 405 409 411 417 415 424 424 432 433 440 441 440 440 448 453 459 454 455 462 461 467 468 477 483 482 478 480 489 488 490 496 503 512 513 518 527 526 527 528 537 546 555 561 562 564 564 565 568 577 579 580 588 597 605 601 600 603 605 607 615 617 626 635
306 315 324 321 313 310 310 315 314 318 315 306 304 311 317 321 322 327 334 340 348 352 357 364 369 369 377 378 386 385 389 398 401 397 398 401 400 403 410 409 411 415 416 425 428 434 436 438 447 441 444 452 459 459 457 463 464 468 477 479 483 490 486 489 491 497 499 498 501 509 518 524 525 528 528 537 546 548 549 555 563 571 565 571 575 583 588 587 592 600 605 605 607 605 607 612 620 626 635 644
315 322 330 325 320 319 313 321 318 322 315 314 305 310 318 327 331 335 334 340 343 349 358 365 371 374 382 386 393 391 398 407 406 398 399 403 402 403 407 408 409 418 418 419 420 429 437 445 448 450 448 456 465 466 464 471 473 473 480 485 485 488 492 498 500 505 507 500 508 515 516 524 532 534 529 531 537 544 552 561 569 568 572 576 584 590 595 596 601 604 611 610 611 611 616 620 628 633 640 643
322 331 338 333 325 317 314 315 324 326 322 313 306 310 315 322 328 331 332 340 346 352 361 369 364 373 376 381 384 392 398 407 406 401 406 404 404 410 415 412 414 420 425 428 427 429 435 440 449 455 449 457 460 468 466 473 480 477 482 486 490 491 496 502 504 505 507 502 508 517 522 531 533 542 537 540 545 548 556 560 561 565 571 573 580 589 595 598 599 607 616 617 618 615 620 622 630 637 646 651
327 336 342 338 332 323 317 324 332 328 326 319 315 315 317 322 325 334 341 343 344 353 354 361 362 371 372 373 375 384 391 399 402 405 412 412 411 417 419 418 422 426 433 436 431 432 437 446 455 464 458 462 462 463 467 475 478 486 483 488 489 491 499 506 505 507 505 503 511 512 521 530 538 542 544 546 548 556 557 559 560 562 569 578 580 584 591 599 602 603 611 616 620 623 621 629 637 645 652 658
333 340 345 336 335 328 320 321 323 332 324 317 316 320 321 329 330 337 339 348 353 362 355 360 369 372 380 374 381 382 391 397 405 414 418 419 419 423 427 426 427 427 429 434 440 433 439 447 456 464 467 465 468 472 476 476 483 487 484 485 487 495 496 499 505 510 507 512 520 521 529 532 533 538 547 555 552 554 556 565 566 563 572 576 579 584 593 599 605 604 609 615 622 619 623 632 632 638 647 652
336 344 337 336 334 332 326 329 331 327 322 320 317 322 324 330 338 344 341 344 352 360 356 360 362 371 379 380 382 390 399 406 408 415 423 423 425 432 429 431 433 434 430 435 444 441 447 454 456 461 468 467 475 477 478 485 489 488 491 488 491 493 497 500 507 509 512 513 521 527 532 536 537 546 547 556 556 555 562 564 573 567 568 570 579 583 592 601 602 603 606 615 614 617 623 627 631 640 648 655
340 348 344 345 341 336 327 336 340 333 325 326 325 326 332 335 338 346 347 350 359 360 362 369 370 373 382 389 390 394 396 405 407 415 424 422 429 435 430 438 438 436 437 443 444 449 454 460 459 460 469 472 481 486 479 481 482 485 491 497 492 501 504 507 515 510 518 522 528 536 533 535 542 545 554 563 564 556 559 565 573 574 576 579 587 584 591 599 608 608 606 608 611 616 624 628 637 640 645 654
346 355 353 353 347 343 336 344 335 328 327 329 329 335 333 342 342 351 356 357 363 367 366 370 371 379 383 385 386 387 396 397 400 409 417 418 423 426 435 441 439 437 446 451 453 458 461 469 460 464 473 481 490 483 480 489 489 486 495 498 494 503 512 511 520 519 524 523 525 534 540 539 540 543 549 558 560 564 566 569 571 578 584 588 596 589 590 594 602 604 605 614 620 617 624 628 630 637 638 646
347 356 360 354 354 345 342 340 333 331 331 331 337 340 340 342 344 352 353 357 366 372 371 378 380 388 387 387 388 394 400 406 408 417 421 426 431 435 436 444 447 441 450 456 454 463 469 476 467 472 481 484 488 485 487 488 496 494 500 506 500 505 515 518 520 524 526 531 530 532 540 541 543 552 551 553 562 571 573 578 572 580 581 584 593 593 593 602 609 607 609 615 621 618 627 635 638 640 647 648
355 364 363 362 353 352 349 342 334 338 334 335 341 341 349 343 345 349 351 359 366 375 378 379 380 384 391 395 396 403 409 407 414 418 426 432 439 442 438 441 450 447 448 456 457 462 468 475 472 475 482 487 485 486 495 495 502 503 509 507 508 507 508 511 519 523 532 532 531 540 549 542 548 555 555 559 568 570 574 577 580 581 589 588 592 597 598 601 608 616 613 617 618 626 628 634 635 644 646 655
364 373 364 361 357 351 350 345 338 347 339 338 347 348 356 351 352 357 359 368 374 378 379 382 381 389 398 403 404 412 412 416 418 427 430 431 435 436 442 442 445 449 456 459 463 471 469 471 479 477 478 481 482 488 495 496 497 499 500 509 515 514 514 516 526 532 534 533 537 539 546 547 551 552 554 563 572 575 582 585 582 582 588 596 594 595 604 602 611 617 622 620 626 631 637 635 637 638 645 652
373 373 371 362 360 360 357 348 342 345 342 347 352 349 355 360 361 366 361 362 370 379 388 391 389 397 406 411 413 418 421 420 423 424 429 433 434 438 440 441 450 452 454 463 464 472 473 475 481 481 487 484 485 488 496 505 505 507 501 502 506 515 520 517 518 523 530 534 541 548 555 549 557 560 557 560 564 566 574 578 582 587 591 596 596 604 610 611 615 622 623 628 627 634 635 638 638 643 650 657
382 376 378 369 362 363 360 355 346 350 346 351 360 357 362 364 364 372 363 367 376 377 385 386 390 391 400 409 415 420 425 424 426 432 438 439 439 447 444 444 448 456 461 470 468 469 478 479 480 489 487 486 494 489 497 503 509 515 507 503 509 510 514 523 523 532 538 536 546 550 556 550 558 564 564 561 566 574 581 587 591 591 597 603 605 606 611 616 622 629 624 630 636 642 640 639 639 645 647 653
386 385 384 378 371 370 362 355 351 352 351 352 361 366 371 367 372 369 365 373 382 381 387 392 397 399 407 410 419 420 428 425 431 439 446 441 446 453 451 452 453 461 467 471 470 478 485 484 489 494 496 494 494 491 497 506 515 517 510 510 518 518 519 522 528 531 538 537 543 548 555 559 559 564 573 570 567 571 572 578 583 591 595 604 613 614 620 617 625 632 633 634 637 645 648 648 646 654 653 654
394 394 393 384 380 379 371 364 355 353 360 353 355 364 369 375 381 378 373 375 376 385 388 397 398 407 411 411 416 425 434 433 436 440 449 447 448 456 458 458 459 468 475 479 478 487 487 485 491 500 500 503 496 492 501 507 509 511 512 513 521 526 527 529 536 538 544 546 545 554 559 565 568 573 574 579 572 579 579 581 588 593 601 609 615 622 629 623 624 632 636 642 643 651 655 657 654 663 662 658
397 389 388 384 381 384 375 366 361 362 357 356 359 360 365 366 375 377 379 383 385 387 391 399 401 410 412 417 424 433 435 438 438 439 447 455 457 458 461 467 462 463 472 479 487 488 495 486 487 494 503 509 505 499 508 516 514 517 513 519 526 532 535 536 545 540 549 551 546 554 562 571 576 581 582 588 579 588 580 583 591 598 603 604 612 621 622 624 633 638 644 651 650 651 658 665 656 661 670 662
405 396 395 387 379 378 376 368 365 361 360 365 360 369 367 375 382 380 387 389 394 388 397 405 408 415 419 425 432 440 444 444 447 441 444 448 454 456 464 465 463 464 469 470 478 486 492 495 494 498 506 507 514 508 517 522 519 526 521 527 535 538 542 544 552 547 556 556 553 561 569 571 571 580 586 590 582 585 586 592 595 596 603 609 610 612 619 627 635 643 651 653 658 652 659 660 665 669 670 671
412 403 395 395 387 384 375 368 367 363 365 374 369 376 369 370 373 380 381 384 387 395 399 406 408 412 421 427 436 445 449 453 445 443 444 451 460 461 468 469 469 465 468 472 475 482 490 495 496 505 506 510 511 509 517 525 523 532 525 526 534 539 543 545 554 552 556 557 555 564 572 569 570 572 580 581 585 594 594 594 595 598 606 612 614 615 624 632 633 640 648 656 656 654 660 668 666 675 679 677
405 402 393 393 384 375 374 373 373 369 367 375 377 374 372 375 380 386 390 386 390 392 401 404 410 418 419 426 433 442 447 450 453 444 445 447 453 462 469 478 478 474 477 474 482 490 495 498 503 504 513 518 520 516 525 528 528 533 534 529 536 543 546 550 558 561 564 561 558 560 562 566 569 570 579 583 593 596 599 598 596 601 610 617 623 620 629 636 642 648 653 659 659 663 668 669 672 677 682 685
397 393 390 388 387 379 381 374 374 375 376 383 378 379 376 383 387 395 397 388 389 392 400 401 402 409 412 421 425 434 443 444 445 447 454 456 462 469 476 485 484 483 485 483 491 499 504 500 506 507 508 517 518 519 528 532 533 538 541 537 544 552 554 559 567 568 565 563 560 566 570 574 578 579 585 587 597 604 606 606 605 605 610 618 626 629 637 639 646 651 660 668 668 669 677 675 675 676 680 688
406 399 399 396 389 387 379 375 381 379 380 382 387 387 384 391 388 389 398 397 393 400 405 410 403 412 420 425 432 438 439 446 452 454 452 460 469 468 472 479 483 492 493 490 497 498 503 501 508 516 515 519 520 528 529 531 539 547 550 544 552 558 563 568 568 575 571 571 563 572 578 575 581 588 592 589 599 607 614 609 608 614 613 621 629 638 641 642 644 647 654 663 660 661 668 677 679 680 687 693
410 402 402 398 389 385 384 384 389 380 385 389 392 393 388 397 389 398 404 406 401 402 407 414 411 414 421 427 434 439 442 440 443 448 450 454 463 465 471 472 480 489 494 491 496 504 505 510 517 525 517 526 522 527 533 538 544 552 553 551 560 560 565 568 575 583 577 574 566 575 583 577 580 587 591 593 597 602 610 610 612 613 616 625 630 637 642 649 653 653 646 655 659 661 670 679 688 687 690 699
413 406 403 406 398 394 393 393 390 389 392 396 400 394 397 393 390 398 406 407 409 404 413 416 414 419 420 425 429 430 434 438 446 455 453 454 461 465 470 471 480 489 495 493 496 505 511 513 516 525 526 535 531 528 536 543 544 545 547 551 555 562 570 569 578 583 577 573 569 573 581 585 581 587 595 600 598 600 601 604 606 615 622 626 627 634 633 641 648 649 644 653 656 665 671 675 684 688 689 698
420 414 411 413 404 399 402 400 399 392 393 402 407 400 406 400 399 400 405 412 418 413 422 417 419 427 429 428 437 439 439 447 450 458 462 460 469 474 477 480 483 484 493 496 503 511 519 516 524 531 533 540 533 537 539 544 548 548 555 559 558 564 573 578 582 589 584 579 570 579 581 586 583 592 599 606 600 602 609 611 609 614 615 622 624 628 632 634 639 640 641 650 655 658 665 674 679 680 688 690
428 423 420 422 413 406 404 401 402 393 402 405 413 405 412 403 408 402 411 413 422 414 416 423 422 431 432 429 431 435 444 453 455 459 468 467 474 481 481 487 492 493 500 501 508 513 517 520 524 533 535 540 535 544 540 549 556 550 557 566 563 571 577 586 583 590 583 582 574 583 590 594 587 594 598 598 607 610 617 612 614 619 621 630 631 630 634 635 643 643 644 653 655 664 673 677 682 688 694 691
436 430 424 415 414 413 411 402 404 396 405 411 417 414 414 405 411 405 412 417 425 423 425 432 429 435 441 438 434 443 446 448 457 458 467 475 482 488 487 488 490 498 505 504 508 515 517 523 532 541 536 545 544 553 545 553 558 559 562 571 569 573 579 586 592 586 590 583 582 589 597 595 589 590 591 596 605 613 620 615 618 622 625 633 638 631 638 644 650 646 652 653 661 669 670 679 688 689 694 697
433 426 417 416 421 421 412 403 411 403 410 414 420 417 423 414 414 411 418 419 422 423 429 435 431 432 436 444 436 445 447 456 462 463 472 480 481 490 496 494 499 507 512 513 510 512 518 527 533 540 537 538 540 548 546 548 554 555 563 569 570 564 573 580 585 578 587 589 591 598 606 597 594 597 595 599 607 611 618 621 627 630 633 638 635 633 635 640 642 649 652 658 665 668 675 684 693 696 703 706
433 424 423 424 428 419 414 405 412 412 418 423 424 419 426 421 423 420 419 420 423 424 432 441 439 434 443 441 438 439 442 449 458 464 469 478 481 485 492 499 500 508 512 513 511 516 519 528 530 532 540 547 541 550 553 549 552 555 559 561 562 563 567 576 582 577 585 592 595 603 610 604 603 601 598 601 609 617 623 630 633 639 640 647 643 638 642 649 649 655 655 656 665 672 681 689 696 697 706 713
439 430 432 429 429 420 420 414 413 421 419 422 429 420 429 430 431 429 428 429 424 432 438 447 440 435 443 445 447 441 450 458 465 465 469 475 476 483 486 491 498 507 515 516 519 524 528 536 531 539 540 545 549 557 559 557 557 559 567 566 566 564 572 573 574 576 581 587 588 594 603 611 611 610 606 609 612 616 625 629 630 634 640 649 644 639 642 649 652 657 661 663 664 673 681 683 689 696 699 704
436 433 435 436 430 429 422 415 419 421 424 424 427 428 435 433 437 434 429 429 427 428 430 439 448 444 448 453 449 450 458 462 471 474 476 477 482 487 488 492 501 508 512 515 524 532 531 540 538 544 549 554 552 558 564 565 558 566 574 568 575 573 577 580 581 578 579 585 594 597 601 604 610 611 608 612 613 615 620 622 631 639 646 647 646 646 645 646 650 655 657 666 671 675 676 684 686 695 703 707
445 437 442 445 439 438 431 424 425 426 432 432 428 431 440 434 439 436 434 437 428 437 438 447 455 451 449 458 451 457 466 471 480 483 481 485 487 492 497 493 498 504 505 514 519 526 530 539 541 542 545 550 558 559 561 567 567 573 582 573 580 581 584 586 590 586 588 594 602 605 606 611 615 616 610 619 615 622 621 630 636 640 643 652 652 654 649 654 651 659 666 675 674 675 684 690 688 693 695 698
446 445 451 446 447 443 434 430 426 431 435 433 431 432 440 442 446 438 437 445 436 437 438 447 453 452 456 465 456 465 466 475 483 492 488 486 495 498 497 496 497 503 512 519 528 535 535 543 549 543 544 553 559 568 568 574 574 574 582 581 586 584 586 595 594 587 593 596 597 598 599 605 613 614 618 622 624 624 630 632 638 643 647 648 650 658 658 658 652 656 658 667 668 677 683 684 688 689 698 706
452 450 458 453 445 442 436 434 433 432 440 441 438 438 445 451 451 447 439 448 442 446 447 448 452 456 460 461 458 467 471 480 485 494 493 487 493 500 506 503 503 509 517 524 528 537 541 543 552 547 553 555 562 567 571 574 579 576 580 583 588 592 592 595 598 589 598 604 606 602 604 606 611 618 620 629 632 633 633 633 635 644 653 649 656 663 664 660 656 662 664 665 667 668 674 682 683 688 696 700
461 459 459 451 447 438 437 442 441 437 438 439 444 443 449 458 455 446 445 454 449 455 456 453 461 459 460 461 461 469 474 483 489 490 499 492 499 508 505 504 512 510 515 524 533 539 548 551 560 555 561 564 570 576 580 580 588 585 586 584 589 596 601 601 600 591 593 597 602 607 612 609 613 614 617 624 633 634 638 634 638 639 646 654 662 668 672 663 661 665 672 671 676 670 677 683 688 687 688 691
468 459 451 450 441 440 445 446 442 445 443 441 450 444 452 453 462 455 450 453 450 454 463 457 465 460 468 469 469 470 472 480 483 489 498 501 508 512 514 507 511 519 523 532 541 548 555 558 559 557 559 568 571 579 580 588 595 594 591 592 598 600 606 602 604 600 594 601 605 609 610 618 621 621 626 631 640 642 639 638 646 641 644 646 654 663 663 672 667 672 678 680 681 672 673 674 679 685 693 692
465 458 451 450 442 446 454 450 451 449 452 450 455 447 454 454 459 462 453 457 452 461 470 464 473 467 476 471 473 477 478 486 485 491 500 504 513 513 518 512 518 526 529 537 546 551 560 567 566 562 566 575 579 584 587 590 596 602 594 593 602 609 611 611 607 599 597 605 612 615 618 624 629 630 634 636 640 641 648 643 651 642 645 646 654 656 659 667 675 673 678 679 678 675 679 677 687 687 691 699
470 464 455 451 451 449 451 451 460 451 457 459 457 448 457 463 462 461 454 461 460 463 470 469 474 473 480 475 476 481 483 492 494 500 501 510 513 522 523 519 527 531 536 538 545 546 555 564 571 570 567 576 584 585 590 597 602 611 602 596 602 611 620 620 611 604 603 611 615 624 626 631 638 631 639 639 640 643 652 644 653 650 654 655 663 660 668 676 682 681 679 687 683 682 687 683 686 688 697 704
470 462 456 459 457 456 453 456 459 452 456 465 460 457 466 464 464 470 463 466 466 472 479 473 480 474 483 480 485 483 485 492 499 504 506 509 518 525 525 528 533 538 539 539 545 549 556 565 569 576 568 576 585 594 594 597 602 609 611 605 611 618 623 622 620 612 612 617 623 632 627 636 641 637 644 645 646 644 653 649 658 658 663 664 669 661 670 678 687 690 687 693 684 687 690 690 693 689 690 694
472 465 465 466 465 462 462 463 454 453 461 464 467 458 463 468 472 471 470 468 468 470 476 481 480 479 480 489 493 490 494 493 501 509 515 511 520 521 529 526 535 539 548 544 549 558 562 564 572 576 575 581 585 586 595 604 603 604 610 610 617 626 632 625 619 616 618 625 632 635 633 642 646 638 645 653 648 647 650 650 657 660 669 673 676 669 676 680 689 696 695 697 689 695 695 694 699 691 698 700
475 469 470 474 466 470 469 467 460 458 465 465 474 467 472 477 481 477 475 474 476 472 480 488 489 480 488 489 497 495 502 499 506 512 519 512 519 524 532 525 526 535 544 553 558 555 555 560 566 567 568 572 576 578 587 596 605 613 615 619 618 627 632 633 627 619 627 634 636 637 641 644 652 646 651 656 657 648 656 659 661 669 675 679 679 671 680 689 693 701 704 701 696 702 701 703 707 700 704 701
478 478 472 475 471 478 470 468 467 467 467 474 476 469 478 485 490 485 476 475 478 475 483 485 494 487 488 496 499 504 511 508 508 517 524 516 518 520 523 524 526 530 538 546 552 553 554 556 565 573 574 581 584 587 590 598 605 614 622 620 626 635 636 638 633 627 636 642 643 638 643 650 653 651 654 655 659 656 664 668 670 670 678 679 680 672 679 686 694 695 702 709 702 703 710 712 711 707 712 710
