  0 451 445 450 453 449 458 460 463 471 470 466 463 468 469 467 461 462 466 465 468 477 485 481 490 485 483 488 491 492 496 493 494 503 504 509 503 510 511 512 520 523 532 533 539 538 542 544 552 556 559 561 570 574 571 579 579 586 589 594 603 595 597 605 614 612 616 624 625 631 640 649 656 658 665 667 670 668 673 668 673 681 685 693 695 704 712 721 718 724 730 731 732 738 746 9223372036854775808 9223372036854775808 9223372036854775808 9223372036854775808 9223372036854775808
  8 444 443 444 444 448 449 456 461 462 465 457 461 459 460 466 460 463 461 462 465 471 476 480 485 483 479 481 487 495 487 489 493 500 501 510 502 508 514 521 521 522 528 532 540 534 537 539 544 548 550 556 564 565 565 572 575 578 580 588 597 589 597 606 610 609 616 619 627 635 643 642 647 650 657 662 662 659 668 665 667 676 685 689 697 706 711 719 716 723 721 727 734 734 743 743 9223372036854775808 9223372036854775808 9223372036854775808 9223372036854775808
 16 436 434 443 441 450 442 448 453 455 457 455 452 452 454 459 452 455 456 463 472 471 478 472 476 478 475 481 484 488 482 486 494 501 510 508 501 506 506 514 521 527 519 524 531 528 536 542 550 548 552 555 556 558 563 571 574 573 580 587 595 587 595 598 602 607 614 616 622 628 637 639 647 647 648 656 657 658 659 663 666 675 684 685 692 701 702 711 707 714 719 724 725 733 734 737 744 9223372036854775808 9223372036854775808 9223372036854775808
 17 440 433 435 436 441 439 440 444 452 454 449 450 448 447 452 450 455 457 466 469 464 469 464 470 471 474 476 477 479 481 488 494 496 505 499 499 500 505 506 512 518 516 518 526 525 533 538 541 547 551 546 550 557 563 566 567 571 579 578 586 586 587 593 602 606 613 615 623 632 632 641 643 643 652 652 661 658 664 667 675 679 677 678 684 693 695 704 703 705 710 718 721 724 728 732 740 749 744 9223372036854775808
 26 440 432 429 435 436 438 445 450 449 445 446 451 447 445 443 447 456 460 460 464 457 460 460 463 467 465 467 469 472 477 479 486 487 496 493 492 501 506 498 507 509 510 517 517 524 530 533 541 545 551 543 545 554 556 563 572 573 573 575 581 580 588 597 599 603 610 615 619 627 624 632 634 642 644 645 654 655 657 658 667 675 676 679 685 687 695 696 697 701 708 710 712 721 727 734 738 746 740 743
 28 434 425 423 426 427 436 445 444 440 438 440 443 438 436 442 450 450 455 454 456 453 459 458 460 466 464 469 468 469 474 470 477 486 487 494 489 494 500 495 500 503 509 517 516 522 521 527 533 537 544 540 548 549 558 562 564 568 569 572 576 579 583 588 597 599 603 607 616 618 623 624 633 639 647 645 654 663 663 666 667 676 683 680 689 688 696 701 706 710 710 716 713 718 724 726 734 737 732 734
 29 426 417 417 422 426 435 441 436 438 429 436 434 429 430 436 443 444 446 452 448 444 451 455 451 458 462 464 465 472 475 467 474 481 488 485 487 488 491 492 499 500 508 512 514 521 518 521 528 530 539 538 542 547 549 555 557 562 571 574 575 578 583 592 600 607 606 610 614 615 616 623 630 631 639 644 648 654 661 665 667 670 675 683 692 697 705 706 702 709 710 710 714 722 727 723 725 728 727 726
 33 419 413 416 425 428 432 435 428 436 428 433 434 428 436 436 442 437 446 445 448 442 450 457 450 449 454 455 463 468 468 466 470 477 480 484 487 491 497 495 504 508 511 514 510 513 515 519 525 534 536 537 545 554 551 555 558 560 566 569 571 573 575 584 592 601 608 607 610 616 625 631 639 632 641 641 642 647 656 658 659 667 672 676 684 689 696 698 700 707 703 708 716 716 720 722 728 720 720 723
 41 413 412 414 418 419 424 427 426 434 426 426 435 427 430 435 434 436 444 436 441 440 448 450 452 446 450 457 466 471 464 464 468 472 479 487 478 483 490 499 503 500 503 505 508 517 521 528 531 533 532 535 540 547 554 560 567 568 574 578 574 580 578 587 596 602 604 606 613 615 623 632 634 634 637 639 642 646 647 650 657 665 667 670 675 683 688 689 691 698 695 704 707 711 718 720 723 719 711 719
 42 405 409 406 411 414 423 421 420 429 422 423 428 426 432 441 433 429 438 435 443 436 445 451 443 445 449 458 465 462 455 463 468 471 477 480 471 477 485 494 496 496 504 506 510 512 521 530 528 530 529 538 540 547 555 563 567 569 573 574 574 583 584 589 589 597 601 607 607 615 616 623 628 636 642 639 640 649 656 654 663 661 661 665 670 674 680 686 687 689 689 697 706 702 710 712 714 717 710 716
 51 400 407 399 407 409 415 415 417 423 421 427 424 418 424 433 433 424 429 427 434 435 441 444 441 450 450 454 456 460 454 459 461 468 469 476 469 473 480 489 493 495 502 510 517 514 517 521 523 523 528 536 537 542 547 556 559 561 564 565 568 575 581 582 583 589 595 598 604 607 615 617 623 632 633 637 643 652 655 659 663 660 652 656 665 671 677 678 679 687 688 689 698 701 702 704 707 708 709 717
 56 395 404 398 406 414 407 414 415 416 414 418 415 414 415 424 427 422 431 425 434 430 437 444 439 448 453 453 462 453 452 458 457 466 470 471 467 470 477 481 484 486 494 501 509 508 508 512 514 522 530 538 538 547 548 556 558 565 566 572 577 582 586 587 586 593 599 594 597 602 606 615 621 630 628 636 642 646 647 654 655 651 650 653 661 666 674 670 670 679 680 688 689 693 702 703 707 716 717 720
 58 392 395 397 399 405 399 408 415 411 412 416 416 410 416 417 418 419 428 424 425 429 431 436 438 439 447 450 459 455 448 450 456 459 462 468 466 468 477 479 482 484 488 495 503 500 501 504 513 518 522 531 538 542 547 550 553 557 561 570 579 584 586 595 590 595 594 589 597 606 612 606 615 622 623 629 633 638 647 645 654 646 648 651 654 661 666 665 668 673 677 684 690 696 703 707 699 708 711 719
 66 388 390 395 393 396 394 402 406 410 418 409 408 401 410 417 421 423 424 421 430 432 429 429 438 447 448 441 450 446 447 455 464 463 455 459 465 471 474 478 487 491 496 496 497 499 508 513 512 518 527 533 534 535 544 544 545 550 557 565 571 579 584 592 583 587 586 588 589 598 603 604 613 616 624 625 626 633 638 637 646 644 650 657 661 656 658 662 663 664 671 678 681 690 694 702 698 707 703 710
 73 387 381 387 384 388 390 399 398 406 409 407 401 397 404 412 412 414 416 413 421 429 423 424 431 440 441 439 443 445 452 461 463 455 454 460 462 463 472 476 482 491 496 490 499 494 502 507 511 514 518 526 533 542 541 538 547 554 561 562 562 570 576 585 577 578 585 587 590 599 602 607 612 608 615 617 620 627 630 636 642 643 644 652 652 654 663 661 662 670 673 681 682 684 693 693 696 705 700 705
 74 379 380 378 381 383 387 393 397 397 400 405 397 393 395 404 407 408 411 412 420 420 422 423 424 433 432 438 443 446 453 462 458 457 453 460 454 460 468 467 476 485 487 487 496 487 496 503 505 510 517 525 534 534 533 534 543 548 553 554 561 570 568 576 576 577 578 585 590 598 605 607 605 606 607 608 616 622 623 632 640 634 638 643 644 651 657 660 662 668 670 672 680 689 692 688 687 696 695 696
 83 374 371 377 378 383 385 392 394 396 394 401 400 392 396 399 403 400 408 407 412 412 419 414 421 424 428 435 439 447 456 458 450 454 452 451 451 457 462 466 472 481 490 485 488 485 488 494 501 503 508 517 526 535 532 537 544 547 552 555 560 568 566 567 575 580 586 594 591 600 602 600 603 612 614 613 622 623 629 631 637 629 630 638 647 654 655 662 662 667 672 671 679 684 689 684 685 692 694 702
 89 372 364 373 379 374 383 388 396 396 388 393 397 389 396 390 394 397 399 401 407 405 410 411 414 419 422 426 434 442 448 450 441 447 443 444 448 452 457 463 470 476 483 482 480 482 488 497 505 509 510 519 517 526 527 531 537 542 550 556 560 563 560 569 570 579 587 592 596 595 594 599 603 607 609 610 617 623 621 627 630 628 636 643 648 657 656 664 656 662 665 669 678 685 688 681 682 690 691 700
 93 366 362 368 375 372 378 385 388 387 386 392 391 388 396 387 388 393 399 402 402 400 401 405 406 415 416 417 425 433 442 443 434 438 439 447 456 458 460 466 467 472 479 487 479 486 491 500 509 514 511 511 513 517 526 531 538 536 544 550 554 559 558 565 574 575 582 586 588 594 586 595 594 599 600 609 608 614 613 618 621 624 631 640 643 650 659 664 655 662 661 668 669 676 681 680 689 693 699 704
 94 366 359 366 368 367 374 381 384 378 379 388 396 387 387 383 384 390 390 399 401 396 399 408 411 416 424 420 426 433 440 437 433 435 443 441 448 455 464 461 469 465 473 478 477 480 489 498 500 507 512 507 514 515 522 531 532 533 541 543 550 552 556 564 565 574 578 577 586 589 584 593 593 601 603 601 599 606 609 614 623 632 636 640 646 655 655 663 654 658 660 666 672 671 672 672 680 685 690 695
100 363 358 359 364 365 374 375 380 376 370 379 388 384 382 379 375 383 382 391 392 395 404 410 408 413 419 424 426 430 432 434 427 428 435 436 439 448 456 460 462 459 464 471 474 483 489 490 491 500 503 505 514 517 518 524 531 532 539 545 545 554 552 558 563 567 575 574 581 581 581 587 591 599 595 592 598 600 605 614 622 629 636 638 638 647 653 655 648 649 656 658 664 670 675 671 673 680 689 697
109 354 351 357 357 366 371 366 373 375 369 371 379 377 373 375 372 375 377 384 393 395 401 406 407 410 411 416 419 421 423 425 426 434 433 438 432 441 447 452 453 456 457 466 467 476 482 489 493 499 496 504 510 516 522 531 527 536 537 538 543 549 546 553 559 561 570 565 572 572 573 578 582 591 597 589 598 607 613 616 620 626 635 642 633 642 644 646 647 652 655 662 655 662 667 663 668 674 680 689
118 345 344 351 353 359 364 365 365 366 368 373 378 370 369 373 369 376 382 388 389 392 396 404 405 405 408 409 410 412 420 420 427 425 427 430 430 432 441 448 456 458 461 465 468 474 482 483 492 492 495 500 508 517 517 523 522 527 528 529 536 540 537 546 552 554 563 562 563 570 571 579 587 595 593 587 592 598 605 607 616 622 626 634 632 636 641 637 639 648 654 653 654 654 663 659 664 671 673 681
122 336 341 344 347 354 358 366 361 368 373 375 375 373 364 364 368 369 373 380 382 391 395 395 402 404 402 408 417 415 415 417 418 418 421 426 428 436 445 453 455 459 462 471 465 471 478 480 489 487 489 492 501 508 513 514 520 524 531 530 530 531 536 543 552 557 555 554 563 564 564 573 580 589 587 584 593 599 601 609 609 618 625 625 623 632 638 636 638 647 648 652 659 651 655 656 665 673 677 682
127 333 337 343 343 348 350 357 359 366 366 369 372 370 361 360 366 360 365 373 382 391 398 389 393 398 401 399 408 407 414 411 416 413 422 426 435 441 440 444 446 452 453 462 463 465 469 477 486 485 490 491 495 504 513 519 520 529 524 521 528 536 535 543 552 548 549 553 560 561 562 564 573 581 582 583 584 592 600 601 606 615 616 625 622 624 633 628 632 640 647 655 655 647 656 650 658 664 673 674
132 328 331 340 335 340 349 358 363 364 365 361 369 366 361 354 359 357 363 372 378 385 390 381 388 392 392 397 404 404 405 405 413 412 414 423 431 437 434 438 445 451 456 460 464 469 470 471 479 481 489 496 497 503 510 515 521 527 523 515 519 528 534 535 544 547 550 559 568 564 563 572 580 582 588 584 591 592 598 599 605 614 620 616 618 616 625 625 628 636 638 647 646 646 647 648 657 660 669 673
133 327 325 332 332 340 349 352 361 359 359 353 360 357 357 353 352 355 359 368 373 377 381 379 382 383 390 390 395 401 398 403 410 405 414 420 426 428 429 430 439 442 449 452 457 464 472 472 473 481 490 499 492 495 504 506 515 520 520 512 515 523 525 529 538 540 543 551 559 560 561 568 577 583 584 577 586 588 593 601 608 608 611 607 609 612 618 619 628 631 640 647 642 645 649 657 658 662 664 669
141 329 322 328 326 335 344 345 352 357 361 352 354 354 349 358 351 356 359 363 364 369 375 371 373 379 381 389 390 392 394 395 403 404 410 419 428 437 438 437 446 450 450 459 466 465 474 475 475 484 491 492 488 492 495 503 509 512 511 510 518 521 529 536 532 531 540 546 554 561 554 563 571 575 575 569 577 586 591 596 599 604 611 604 608 610 619 628 621 623 632 640 639 641 649 652 661 664 673 672
142 328 320 319 321 330 337 338 345 349 357 349 346 353 347 351 350 347 356 359 365 360 368 369 367 376 382 391 399 399 403 402 411 413 416 425 430 439 439 440 449 455 457 461 467 472 473 475 484 488 488 493 485 484 490 495 501 505 510 506 515 517 526 527 528 529 536 543 545 552 553 556 565 567 567 568 575 583 587 588 592 596 603 601 610 616 612 619 616 618 626 634 635 639 646 653 662 663 672 675
151 330 321 312 316 324 331 329 338 346 348 341 339 344 344 345 346 344 347 352 356 358 359 365 366 374 380 384 393 396 405 403 408 409 417 426 433 437 439 440 449 457 461 467 465 469 469 476 484 481 480 487 490 483 484 491 496 497 501 502 511 520 522 531 530 532 534 543 544 551 544 553 558 561 562 569 576 577 579 580 586 587 594 600 605 612 611 612 613 621 627 630 632 640 647 655 664 672 674 674
155 321 318 309 310 319 322 328 335 337 340 343 338 341 336 345 347 343 352 353 361 361 365 365 367 368 377 386 389 396 404 402 408 417 423 421 424 431 438 440 446 450 456 460 458 460 463 472 475 478 471 480 484 481 488 497 497 505 510 511 514 522 527 531 532 535 542 545 553 551 543 545 554 559 561 567 574 581 585 586 585 590 599 594 598 603 605 614 612 620 628 631 640 648 656 661 663 663 669 665
162 312 313 308 314 316 325 331 337 329 332 335 330 336 327 336 340 341 350 359 357 354 357 363 371 373 381 385 391 393 395 396 401 410 419 416 425 431 438 444 448 452 455 452 450 451 459 466 466 469 470 477 478 480 489 498 502 509 517 519 515 515 518 523 532 539 542 539 544 546 539 546 552 553 555 564 572 573 580 581 578 585 591 586 592 594 601 606 608 613 619 625 634 642 651 658 661 659 664 661
171 305 311 307 310 307 316 325 330 326 323 326 329 327 326 334 343 342 351 356 350 353 354 363 372 374 381 379 386 390 396 397 404 408 410 415 417 425 432 439 442 444 449 444 441 449 450 458 464 473 472 481 483 489 497 498 501 503 508 512 508 508 514 518 527 532 534 534 535 537 538 543 544 553 554 560 569 578 579 579 576 584 582 585 590 594 595 604 612 619 625 627 632 636 643 650 652 656 661 659
176 298 304 305 303 306 311 320 322 318 322 329 320 329 325 330 338 339 348 347 349 356 361 370 376 376 381 378 384 390 391 399 397 401 409 418 426 426 434 434 439 440 448 439 436 445 454 459 462 464 471 478 475 481 490 492 496 503 509 503 499 507 511 514 520 524 526 533 534 531 533 538 547 550 553 556 565 574 580 574 574 582 581 589 592 594 603 609 610 619 628 633 638 644 641 642 647 648 656 658
180 292 295 296 297 298 303 311 317 315 314 322 315 322 323 332 338 347 349 345 348 354 360 365 370 373 378 374 378 387 390 394 396 397 400 409 418 427 427 428 434 435 442 433 433 440 448 457 454 462 464 472 473 481 483 484 493 494 501 502 495 504 511 512 521 522 526 525 525 523 524 533 540 542 545 554 559 566 572 565 566 573 578 584 588 589 595 604 612 617 621 626 629 638 634 642 647 656 659 651
184 283 286 290 296 303 307 315 308 313 309 316 313 321 324 328 337 346 341 344 348 355 357 366 366 375 370 368 373 382 383 387 396 405 399 406 411 419 420 424 426 434 435 427 428 435 440 448 451 459 464 464 472 474 476 477 484 488 492 493 494 495 504 507 512 517 521 519 520 522 524 528 533 534 543 551 552 561 566 564 569 567 570 579 583 591 594 603 611 608 617 618 624 630 626 633 640 647 656 649
193 276 283 282 288 294 302 307 300 306 308 309 311 319 322 329 333 342 339 344 342 346 352 360 363 369 373 367 376 373 381 383 392 396 398 405 410 419 425 433 427 434 433 426 435 435 439 439 448 450 455 460 469 478 482 484 491 495 492 497 503 504 506 513 513 515 517 518 527 531 531 534 535 542 543 552 561 559 559 560 561 566 575 571 580 584 592 597 606 607 613 619 615 622 623 632 633 638 647 648
201 268 274 281 290 290 299 298 299 301 302 311 318 323 326 329 330 338 338 343 338 347 344 351 354 360 369 366 369 372 380 385 390 397 404 412 410 417 425 427 418 427 431 423 428 434 434 436 444 448 457 462 470 473 474 480 484 487 489 493 500 506 515 515 522 522 519 520 521 523 524 527 535 537 542 550 552 550 558 565 562 563 569 570 578 582 586 591 600 607 604 610 611 620 628 632 640 646 653 657
206 267 269 273 281 288 292 294 295 302 303 312 316 321 326 328 328 330 337 342 336 339 341 350 352 359 361 363 366 374 381 390 398 396 399 403 406 411 418 424 416 420 426 420 421 429 433 441 443 451 454 455 464 472 480 481 489 486 491 496 500 509 517 517 525 522 521 522 530 525 533 528 535 541 541 548 543 544 551 559 563 570 572 573 582 586 593 596 604 599 601 607 611 620 625 626 634 643 652 656
214 260 263 264 273 279 285 291 294 300 305 307 316 320 321 321 323 329 337 342 335 342 345 350 359 353 354 363 369 377 381 382 389 394 396 397 398 407 412 416 415 417 419 418 425 426 434 440 447 454 458 456 462 471 479 480 484 485 491 500 508 514 514 520 523 522 527 530 538 534 534 529 530 532 539 540 542 547 556 561 568 571 572 576 579 581 585 594 597 598 607 614 612 621 628 628 630 639 644 647
219 257 260 262 270 279 276 282 291 298 303 306 314 318 318 319 322 321 329 333 329 335 339 346 351 352 358 366 367 372 374 382 389 398 398 399 399 405 408 407 409 412 413 417 419 428 433 441 443 452 461 460 461 462 471 474 475 484 486 495 499 508 505 513 521 519 520 529 531 539 542 534 539 540 547 544 551 556 557 561 567 568 575 581 586 590 591 600 600 605 614 618 617 625 626 634 631 635 644 653
225 250 258 260 267 273 274 283 289 292 300 297 305 310 310 318 318 314 323 324 328 334 341 342 350 353 358 364 369 378 381 384 390 394 401 404 408 408 405 406 414 414 420 425 428 436 442 436 444 447 453 451 452 455 464 466 475 479 480 487 496 501 500 509 512 513 514 521 524 533 541 543 539 541 543 551 558 563 563 568 568 571 579 581 585 594 600 607 606 614 617 626 623 629 635 643 639 637 639 646
232 233 250 257 261 266 275 280 285 294 298 296 302 308 308 317 311 312 320 327 329 337 344 350 349 354 353 359 365 374 383 388 393 401 409 408 401 399 404 408 416 415 417 418 420 428 437 431 438 441 444 447 450 458 465 469 478 482 488 488 490 495 498 507 508 514 523 530 525 527 535 536 537 546 545 550 557 563 569 577 573 580 584 590 591 600 608 612 613 619 626 635 632 638 643 646 642 638 639 648
241 240 257 266 263 272 278 282 278 286 291 294 303 304 305 309 310 312 314 322 328 336 340 343 346 349 351 360 364 370 378 379 388 395 400 399 398 395 401 410 417 421 424 420 424 426 428 429 430 435 437 446 450 455 456 463 469 478 484 493 494 502 499 507 513 516 525 528 527 535 532 527 530 539 542 550 551 555 564 571 575 582 587 592 593 602 610 613 620 620 627 628 635 643 649 651 650 647 646 655
250 249 253 254 256 266 270 276 277 285 294 296 302 310 310 311 313 318 323 329 337 340 341 342 351 355 356 361 368 369 371 373 381 388 394 402 393 394 403 406 415 424 418 427 432 427 436 437 438 436 437 439 446 455 456 465 474 477 483 490 493 501 502 503 512 512 519 521 528 535 527 526 534 543 546 554 557 563 568 577 576 581 588 595 601 598 607 611 617 622 631 632 641 650 658 660 653 656 648 652
255 250 252 259 263 264 275 283 284 292 300 302 305 309 317 316 321 326 330 338 344 349 349 344 353 355 361 369 377 370 371 373 382 383 387 393 388 397 405 407 414 416 417 424 425 428 435 436 445 441 442 441 443 451 458 466 468 469 475 484 486 494 501 504 513 510 518 526 521 526 523 525 534 540 547 552 561 569 576 573 573 574 582 586 595 596 605 614 622 631 640 636 645 654 659 667 662 660 656 653
256 257 261 265 267 269 276 284 292 301 306 308 313 312 321 320 323 327 333 335 342 349 350 350 358 364 362 366 374 371 377 374 375 380 384 385 387 394 398 407 415 414 420 426 433 437 437 445 446 449 443 447 444 451 455 463 467 468 474 480 487 491 494 495 504 507 516 517 519 521 522 530 533 540 549 550 559 566 567 568 571 575 584 589 591 600 609 610 616 624 631 640 646 649 656 660 659 659 661 659
261 262 268 274 276 278 285 287 295 304 307 302 308 313 318 325 322 330 339 340 349 353 354 359 361 367 366 370 376 380 383 381 384 386 386 392 393 397 400 401 406 408 411 417 426 435 444 453 455 449 444 452 451 452 453 455 463 472 480 488 488 492 497 501 507 516 523 521 527 529 531 538 541 549 558 556 565 572 573 576 580 576 585 586 595 600 609 618 622 630 639 635 643 648 655 656 657 658 666 664
270 271 269 278 285 287 291 288 298 297 298 300 310 311 318 315 316 321 331 340 349 348 355 363 370 369 371 379 384 387 387 385 388 394 394 399 397 404 409 410 414 410 412 420 429 434 436 445 446 451 453 456 456 457 458 462 469 477 481 485 494 501 498 504 513 517 520 527 534 530 538 540 545 547 555 564 573 576 582 583 579 578 586 595 604 604 613 622 630 635 630 632 638 639 646 654 663 667 674 666
275 273 277 286 286 295 297 291 292 296 305 304 306 308 313 314 322 330 337 341 342 343 349 355 360 369 372 381 390 391 388 394 396 395 395 404 403 412 413 414 419 412 420 429 430 438 438 447 453 454 454 463 463 466 467 469 478 486 490 490 496 501 500 507 512 518 526 531 529 530 533 536 545 552 561 568 569 578 586 587 581 584 585 590 596 599 608 617 621 627 628 637 646 646 652 659 660 668 667 674
276 280 285 293 289 293 294 298 294 295 296 302 311 312 315 319 325 332 341 343 348 346 355 362 364 367 370 372 381 389 397 400 404 402 398 406 412 419 417 415 424 421 427 428 429 434 443 452 448 454 463 472 470 470 469 474 476 483 489 490 499 507 507 511 519 520 526 527 528 533 542 544 553 556 561 562 571 576 582 583 588 585 593 598 605 608 609 614 617 622 631 640 641 648 656 663 661 669 665 674
277 286 286 292 296 294 302 307 303 303 303 305 314 321 322 327 334 337 342 348 350 354 359 368 365 373 375 376 386 393 395 401 402 403 405 413 417 424 419 423 427 423 424 432 436 442 445 446 447 456 462 465 468 469 471 476 485 487 492 499 508 511 516 520 523 528 535 534 536 541 543 552 553 557 558 566 572 579 587 592 590 591 597 602 606 615 617 615 620 625 630 635 636 645 651 658 664 667 661 670
284 293 291 295 304 297 299 307 306 309 304 307 316 325 328 334 340 338 340 341 350 356 358 365 370 377 384 380 384 385 388 391 392 394 403 404 413 421 420 422 424 432 433 435 438 445 454 447 454 463 469 473 474 471 480 483 491 496 499 506 511 517 517 521 526 534 543 542 537 543 551 553 561 564 566 573 574 576 584 585 586 593 601 609 610 611 613 618 619 625 633 639 645 654 651 652 655 658 659 664
291 292 300 304 310 306 302 311 311 311 308 314 318 326 329 335 339 339 343 346 355 361 362 370 372 381 389 389 389 388 394 399 397 403 407 405 413 419 428 424 426 427 429 438 439 448 455 448 449 454 462 471 480 472 480 489 498 501 506 507 508 515 519 519 520 525 534 535 540 543 552 560 566 569 572 574 578 580 588 590 591 592 594 602 603 611 614 617 626 631 632 639 644 647 650 649 656 665 664 667
300 301 309 308 309 315 310 319 312 315 317 315 324 327 334 343 348 348 351 353 359 362 368 376 373 376 384 391 396 394 400 401 402 411 410 414 416 419 425 432 434 432 437 438 446 454 462 457 457 462 470 477 477 476 482 487 491 492 501 508 509 510 518 517 525 534 541 543 549 544 547 553 561 566 571 576 577 586 595 594 599 594 603 610 609 616 617 619 620 622 623 632 635 638 645 646 655 664 671 676
309 310 318 317 317 317 313 318 319 324 326 323 332 328 332 341 343 352 354 354 357 358 365 374 382 384 389 392 400 397 405 407 404 413 419 415 422 420 425 433 434 436 441 447 454 462 463 463 466 466 468 477 485 484 488 495 499 501 510 509 510 511 513 515 523 526 534 538 545 552 552 559 564 571 580 585 580 589 591 592 600 595 597 601 606 615 617 623 621 630 631 639 644 647 654 651 657 658 667 674
311 319 323 320 326 318 314 320 328 325 325 324 326 332 333 342 351 358 363 363 363 365 369 373 379 380 389 395 401 404 411 409 409 411 412 421 427 428 431 440 443 445 450 451 459 463 468 471 474 469 471 475 484 488 494 501 504 510 512 510 512 520 522 519 520 529 535 537 546 550 553 555 562 569 572 581 585 591 597 600 603 603 606 604 605 609 615 622 626 630 634 636 639 640 649 658 666 662 666 670
319 327 327 324 324 320 321 328 329 333 333 326 328 333 337 342 351 356 361 370 365 373 371 378 387 382 391 397 399 403 408 417 416 420 413 417 418 425 434 442 447 446 454 458 459 460 467 468 471 472 480 483 487 490 492 498 499 507 512 519 521 521 523 524 527 534 538 543 544 553 561 564 569 572 575 576 581 590 599 600 609 604 607 605 613 618 623 629 635 635 643 639 643 649 654 655 660 669 668 677
320 323 332 333 329 325 330 330 336 335 336 327 328 331 338 341 350 357 359 363 369 378 375 384 391 391 400 402 408 407 416 423 420 420 419 426 427 434 438 440 446 449 454 456 465 469 474 476 476 476 484 489 496 499 500 507 506 511 512 521 530 529 525 527 536 535 537 543 550 559 560 565 574 573 574 575 584 593 602 608 609 611 611 612 615 624 626 627 635 644 652 648 647 650 652 654 662 664 673 682
323 332 341 341 336 333 333 338 339 343 340 331 329 336 342 346 347 352 359 365 373 377 382 389 394 394 402 403 411 410 414 423 429 425 426 429 428 432 439 438 439 443 444 454 457 463 465 467 476 477 480 488 495 500 502 508 509 513 521 523 527 535 533 536 538 544 546 545 548 556 565 571 572 575 575 584 593 595 596 602 610 618 612 618 622 630 635 634 639 647 652 652 654 652 654 659 667 673 682 691
332 339 347 346 343 342 336 344 343 347 340 339 330 335 343 352 356 360 359 365 368 374 383 390 396 399 407 411 418 416 423 432 434 426 427 431 430 431 435 436 437 446 446 447 448 458 466 474 477 486 484 492 501 507 509 516 518 518 524 529 529 532 538 545 547 552 554 547 555 562 563 571 579 581 576 578 584 591 599 608 616 615 619 623 631 637 642 643 648 651 658 657 658 658 663 667 675 680 687 690
339 348 355 354 348 340 337 338 347 351 347 338 331 335 340 347 353 356 357 365 371 377 386 394 389 398 401 406 409 417 423 432 432 429 434 432 432 438 443 440 442 448 453 456 455 457 464 469 478 484 485 493 496 504 505 512 519 522 527 530 533 533 538 544 548 548 553 549 555 564 569 578 580 589 584 587 592 595 603 607 608 612 618 620 627 636 642 645 646 654 663 664 665 662 667 669 677 684 693 698
344 353 359 360 355 346 340 347 355 353 351 344 340 340 342 347 350 359 366 368 369 378 379 386 387 396 397 398 400 409 416 424 427 431 438 440 439 445 447 446 450 454 461 464 459 460 466 475 484 493 494 498 498 499 503 511 514 523 524 528 528 530 538 545 545 547 549 550 558 559 568 577 585 589 591 593 595 603 604 606 607 609 616 625 627 631 638 646 649 650 658 663 667 670 668 676 684 692 699 705
350 357 366 359 358 351 343 344 346 355 349 342 341 345 346 354 355 362 364 373 378 387 380 385 394 397 405 399 406 407 416 422 430 439 444 447 447 451 455 454 455 455 457 462 468 461 467 476 485 493 502 501 504 508 512 512 519 523 524 525 527 534 535 538 544 549 551 559 567 568 576 579 580 585 594 602 599 601 603 612 613 610 619 623 626 631 640 646 652 651 656 662 669 666 670 679 679 685 694 699
353 361 360 359 357 355 349 352 354 352 347 345 342 347 349 355 363 369 366 369 377 385 381 385 387 396 404 405 407 415 424 431 433 440 448 451 453 460 457 459 461 462 458 463 472 469 475 482 484 490 497 499 507 512 514 521 525 524 531 528 531 532 536 539 546 548 553 554 562 568 573 577 581 590 591 600 603 602 609 611 620 614 615 617 626 630 639 648 649 650 653 662 661 664 670 674 678 687 695 702
357 365 367 368 364 359 350 359 363 358 350 351 350 351 357 360 363 371 372 375 384 385 387 394 395 398 407 414 415 419 421 430 432 440 449 447 454 460 458 466 466 464 465 471 472 477 482 488 487 489 498 503 512 521 515 517 518 521 527 536 532 540 543 546 554 549 557 563 569 577 574 576 583 586 595 604 609 603 606 612 620 621 623 626 634 631 638 646 655 655 653 655 658 663 671 675 684 687 692 701
363 372 376 376 370 366 359 368 360 353 352 354 354 360 358 367 367 376 381 382 388 392 391 395 396 404 408 410 411 412 421 422 425 434 442 443 448 451 460 466 467 465 474 479 481 486 489 497 488 493 502 511 520 519 516 525 525 522 531 534 534 542 551 550 559 558 563 564 566 575 581 580 581 584 590 599 601 609 613 616 618 625 631 635 643 636 637 641 649 651 652 661 667 664 671 675 677 684 685 693
364 373 380 377 377 368 365 365 358 356 356 356 362 365 365 367 369 377 378 382 391 397 396 403 405 413 412 412 413 419 425 431 433 442 446 451 456 460 461 469 475 469 478 484 482 491 497 505 495 501 510 513 517 517 523 524 532 530 536 542 540 545 554 557 559 563 565 572 571 573 581 582 584 593 592 594 603 612 619 625 619 627 628 631 640 640 640 649 656 654 656 662 668 665 674 682 685 687 694 695
372 381 383 385 376 375 372 367 359 363 359 360 366 366 374 368 370 374 376 384 391 400 403 404 405 409 416 420 421 428 434 432 439 443 451 457 464 467 463 466 475 475 476 484 485 490 496 503 500 503 511 516 514 515 524 531 533 537 538 539 547 547 548 551 558 562 571 568 569 578 587 583 589 596 596 600 609 611 615 618 626 626 634 635 639 644 645 648 655 663 660 664 665 673 675 681 682 691 693 702
381 390 386 386 382 376 375 370 363 372 364 363 372 373 381 376 377 382 384 393 399 403 404 407 406 414 423 428 429 437 437 441 443 452 455 456 460 461 467 467 470 474 482 485 491 499 497 499 507 505 506 509 510 516 523 524 525 527 528 538 544 551 554 555 560 565 566 567 573 575 582 587 591 592 594 603 612 615 622 626 624 625 631 639 640 641 650 649 658 664 669 667 673 678 684 682 684 685 692 699
390 392 395 387 385 385 382 373 367 370 367 372 377 374 380 385 386 391 386 387 395 404 413 416 414 422 431 436 438 443 446 445 448 449 454 458 459 463 465 466 475 477 479 488 489 497 501 503 509 509 515 512 513 516 524 533 533 535 529 530 535 544 549 550 551 556 563 567 573 582 591 589 597 600 597 600 604 606 614 618 622 627 631 636 638 647 653 658 662 669 670 675 674 681 682 685 685 690 697 704
399 395 403 394 387 388 385 380 371 375 371 376 385 382 387 389 389 397 388 392 401 402 410 411 415 416 425 434 440 445 450 449 451 457 463 464 464 472 469 469 473 481 486 495 493 494 503 507 508 517 515 514 522 517 525 531 537 543 535 531 537 538 542 552 556 565 571 569 578 582 588 589 597 603 604 601 606 614 621 627 631 631 637 643 647 649 654 659 666 673 671 677 683 689 687 686 686 692 694 700
403 404 409 403 396 395 387 380 376 377 376 377 386 391 396 392 397 394 390 398 407 406 412 417 422 424 432 435 444 445 453 450 456 464 471 466 471 478 476 477 478 486 492 496 495 503 510 512 517 522 524 522 522 519 525 534 543 545 538 538 546 546 547 550 556 559 566 567 573 578 585 594 595 600 609 610 607 611 612 618 623 631 635 644 653 657 663 660 668 675 680 681 684 692 695 695 693 701 700 701
411 413 418 409 405 404 396 389 380 378 385 378 380 389 394 400 406 403 398 400 401 410 413 422 423 432 436 436 441 450 459 458 461 465 474 472 473 481 483 483 484 493 500 504 503 512 512 513 519 528 528 531 524 520 529 535 537 539 540 541 549 554 555 557 564 566 572 576 575 584 589 595 604 609 610 619 612 619 619 621 628 633 641 649 655 663 671 666 667 675 679 687 690 698 702 704 701 710 709 705
419 414 413 409 406 409 400 391 386 387 382 381 384 385 390 391 400 402 404 408 410 412 416 424 426 435 437 442 449 458 460 463 463 464 472 480 482 483 486 492 487 488 497 504 512 513 521 514 515 522 531 537 533 527 536 544 542 545 541 547 554 560 563 564 573 568 577 581 576 584 592 601 609 617 618 627 619 628 620 623 631 638 643 644 652 661 662 664 673 679 687 696 697 698 705 712 703 708 717 709
428 421 420 412 404 403 401 393 390 386 385 390 385 394 392 400 407 405 412 414 419 413 422 430 433 440 444 450 457 465 469 469 472 466 469 473 479 481 489 490 488 489 494 495 503 511 517 523 522 526 534 535 542 536 545 550 547 554 549 555 563 566 570 572 580 575 584 586 583 591 599 601 601 610 616 620 618 621 626 632 635 636 643 649 650 652 659 667 675 683 691 693 701 699 706 707 712 716 717 718
437 428 420 420 412 409 400 393 392 388 390 399 394 401 394 395 398 405 406 409 412 420 424 431 433 437 446 452 461 470 474 478 470 468 469 476 485 486 493 494 494 490 493 497 500 507 515 520 522 531 532 536 538 537 545 553 551 560 553 554 562 567 571 573 582 580 584 585 585 594 602 599 600 602 610 611 615 624 632 634 635 638 646 652 654 655 664 672 673 680 688 696 698 700 706 714 713 722 726 724
430 427 418 418 409 400 399 398 398 394 392 400 402 399 397 400 405 411 415 411 415 417 426 429 435 443 444 451 458 467 472 475 478 469 470 472 478 487 494 503 503 499 502 499 507 515 520 523 529 530 539 544 547 544 553 556 556 561 562 557 564 571 574 578 586 589 592 589 588 590 592 596 599 600 609 613 623 626 631 635 636 641 650 657 663 660 669 676 682 688 693 699 701 708 714 714 719 720 724 732
422 418 415 413 412 404 406 399 399 400 401 408 403 404 401 408 412 420 422 413 414 417 425 426 427 434 437 446 450 459 468 469 470 472 479 481 487 494 501 510 509 508 510 508 516 524 529 525 531 533 534 543 544 547 556 560 561 566 569 565 572 580 582 587 595 596 594 592 590 596 600 604 608 609 615 617 627 634 638 643 645 645 650 658 666 669 677 679 686 689 693 702 699 699 707 713 714 715 719 727
431 424 424 421 414 412 404 400 406 404 405 407 412 412 409 416 413 414 423 422 418 425 430 435 428 437 445 450 457 463 464 471 477 479 477 485 494 493 497 504 508 517 518 515 522 523 528 526 533 542 541 545 546 555 556 558 566 575 578 572 580 586 591 596 596 603 600 600 593 602 608 605 611 618 622 619 629 637 645 643 645 652 649 657 665 674 676 679 681 684 684 693 690 691 698 707 711 715 722 728
435 427 427 423 414 410 409 409 414 405 410 414 417 418 413 422 414 423 429 431 426 427 432 439 436 439 446 452 459 464 467 465 468 473 475 479 488 490 496 497 505 514 519 516 521 529 530 535 542 551 543 552 548 553 559 565 571 579 579 579 588 588 593 596 603 611 606 604 596 605 613 607 610 617 621 623 627 632 640 640 642 643 646 655 660 667 672 679 687 683 676 685 689 691 700 709 718 722 722 731
438 431 428 431 423 419 418 418 415 414 417 421 425 419 422 418 415 423 431 432 434 429 438 441 439 444 445 450 454 455 459 463 471 480 478 479 486 490 495 496 505 514 520 518 521 530 536 538 541 550 552 561 557 554 562 569 570 571 573 577 581 588 596 597 606 612 607 603 599 603 611 615 611 617 625 630 628 630 631 634 636 645 652 656 657 664 663 671 678 679 674 683 686 695 701 705 714 718 719 728
445 439 436 438 429 424 427 425 424 417 418 427 432 425 431 425 424 425 430 437 443 438 447 442 444 452 454 453 462 464 464 472 475 483 487 485 494 499 502 505 508 509 518 521 528 536 544 541 549 556 559 566 559 563 565 570 574 574 581 585 584 590 599 606 610 617 614 609 600 609 611 616 613 622 629 636 630 632 639 641 639 644 645 652 654 658 662 664 669 670 671 680 685 688 695 704 709 710 718 720
453 448 445 447 438 431 429 426 427 418 427 430 438 430 437 428 433 427 436 438 447 439 441 448 447 456 457 454 456 460 469 478 480 484 493 492 499 506 506 512 517 518 525 526 533 538 542 545 549 558 560 565 561 570 566 575 582 576 583 592 589 597 603 612 611 618 613 612 604 613 620 624 617 624 628 628 637 640 647 642 644 649 651 660 661 660 664 665 673 673 674 683 685 694 703 707 712 718 724 721
461 455 449 440 439 438 436 427 429 421 430 436 442 439 439 430 436 430 437 442 450 448 450 457 454 460 466 463 459 468 471 473 482 483 492 500 507 513 512 513 515 523 530 529 533 540 542 548 557 566 561 570 570 579 571 579 584 585 588 597 595 599 605 612 620 612 619 613 612 619 627 625 619 620 621 626 635 643 650 645 648 652 655 663 668 661 668 674 680 676 682 683 691 699 700 709 718 719 724 727
458 451 442 441 446 446 437 428 436 428 435 439 445 442 448 439 439 436 443 444 447 448 454 460 456 457 461 469 461 470 472 481 487 488 497 505 506 515 521 519 524 532 537 538 535 537 543 552 558 565 562 563 565 573 572 574 580 581 589 595 596 590 599 606 611 604 613 619 621 628 636 627 624 627 625 629 637 641 648 651 657 660 663 668 665 663 665 670 672 679 682 688 695 698 705 714 723 726 733 736
458 449 448 449 453 444 439 430 437 437 443 448 449 444 451 446 448 445 444 445 448 449 457 466 464 459 468 466 463 464 467 474 483 489 494 503 506 510 517 524 525 533 537 538 536 541 544 553 555 557 565 572 566 575 579 575 578 581 585 587 588 589 593 602 608 603 611 618 621 629 636 634 633 631 628 631 639 647 653 660 663 669 670 677 673 668 672 679 679 685 685 686 695 702 711 719 726 727 736 743
464 455 457 454 454 445 445 439 438 446 444 447 454 445 454 455 456 454 453 454 449 457 463 472 465 460 468 470 472 466 475 483 490 490 494 500 501 508 511 516 523 532 540 541 544 549 553 561 556 564 565 570 574 582 585 583 583 585 593 592 592 590 598 599 600 602 607 613 614 620 629 637 641 640 636 639 642 646 655 659 660 664 670 679 674 669 672 679 682 687 691 693 694 703 711 713 719 726 729 734
461 458 460 461 455 454 447 440 444 446 449 449 452 453 460 458 462 459 454 454 452 453 455 464 473 469 473 478 474 475 483 487 496 499 501 502 507 512 513 517 526 533 537 540 549 557 556 565 563 569 574 579 577 583 589 591 584 592 600 594 601 599 603 606 607 604 605 611 620 623 627 630 636 639 638 642 643 645 650 652 661 669 676 677 676 676 675 676 680 685 687 696 701 705 706 714 716 725 733 737
470 462 467 470 464 463 456 449 450 451 457 457 453 456 465 459 464 461 459 462 453 462 463 472 480 476 474 483 476 482 491 496 505 508 506 510 512 517 522 518 523 529 530 539 544 551 555 564 566 567 570 575 583 584 586 592 593 599 608 599 606 607 610 612 616 612 614 620 628 631 632 637 641 645 640 649 645 652 651 660 666 670 673 682 682 684 679 684 681 689 696 705 704 705 714 720 718 723 725 728
471 470 476 471 472 468 459 455 451 456 460 458 456 457 465 467 471 463 462 470 461 462 463 472 478 477 481 490 481 490 491 500 508 517 513 511 520 523 522 521 522 528 537 544 553 560 560 568 574 568 569 578 584 593 593 599 600 600 608 607 612 610 612 621 620 613 619 622 623 624 625 631 639 640 648 652 654 654 660 662 668 673 677 678 680 688 688 688 682 686 688 697 698 707 713 714 718 719 728 736
477 475 483 478 470 467 461 459 458 457 465 466 463 463 470 476 476 472 464 473 467 471 472 473 477 481 485 486 483 492 496 505 510 519 518 512 518 525 531 528 528 534 542 549 553 562 566 568 577 572 578 580 587 592 596 599 604 602 606 609 614 618 618 621 624 615 624 630 632 628 630 632 637 644 646 655 662 663 663 663 665 674 683 679 686 693 694 690 686 692 694 695 697 698 704 712 713 718 726 730
486 484 484 476 472 463 462 467 466 462 463 464 469 468 474 483 480 471 470 479 474 480 481 478 486 484 485 486 486 494 499 508 514 515 524 517 524 533 530 529 537 535 540 549 558 564 573 576 585 580 586 589 595 601 605 605 613 611 612 610 615 622 627 627 626 617 619 623 628 633 638 635 639 640 643 650 659 660 665 664 668 669 676 684 692 698 702 693 691 695 702 701 706 700 707 713 718 717 718 721
493 484 476 475 466 465 470 471 467 470 468 466 475 469 477 478 487 480 475 478 475 479 488 482 490 485 493 494 494 495 497 505 508 514 523 526 533 537 539 532 536 544 548 557 566 573 580 583 584 582 584 593 596 604 605 613 620 620 617 618 624 626 632 628 630 626 620 627 631 635 636 644 647 647 652 657 666 668 666 668 676 671 674 676 684 693 693 702 697 702 708 710 711 702 703 704 709 715 723 722
490 483 476 475 467 471 479 475 476 474 477 475 480 472 479 479 484 487 478 482 477 486 495 489 498 492 501 496 498 502 503 511 510 516 525 529 538 538 543 537 543 551 554 562 571 576 585 592 591 587 591 600 604 609 612 615 621 628 620 619 628 635 637 637 633 625 623 631 638 641 644 650 655 656 660 662 666 667 675 673 681 672 675 676 684 686 689 697 705 703 708 709 708 705 709 707 717 717 721 729
495 489 480 476 476 474 476 476 485 476 482 484 482 473 482 488 487 486 479 486 485 488 495 494 499 498 505 500 501 506 508 517 519 525 526 535 538 547 548 544 552 556 561 563 570 571 580 589 596 595 592 601 609 610 615 622 627 636 628 622 628 637 646 646 637 630 629 637 641 650 652 657 664 657 665 665 666 669 678 674 683 680 684 685 693 690 698 706 712 711 709 717 713 712 717 713 716 718 727 734
495 487 481 484 482 481 478 481 484 477 481 490 485 482 491 489 489 495 488 491 491 497 504 498 505 499 508 505 510 508 510 517 524 529 531 534 543 550 550 553 558 563 564 564 570 574 581 590 594 601 593 601 610 619 619 622 627 634 637 631 637 644 649 648 646 638 638 643 649 658 653 662 667 663 670 671 672 670 679 679 688 688 693 694 699 691 700 708 717 720 717 723 714 717 720 720 723 719 720 724
497 490 490 491 490 487 487 488 479 478 486 489 492 483 488 493 497 496 495 493 493 495 501 506 505 504 505 514 518 515 519 518 526 534 540 536 545 546 554 551 560 564 573 569 574 583 587 589 597 601 600 606 610 611 620 629 628 629 635 636 643 652 658 651 645 642 644 651 658 661 659 668 672 664 671 679 674 673 676 677 684 687 696 703 706 699 706 710 719 726 725 727 719 725 725 724 729 721 728 730
500 494 495 499 491 495 494 492 485 483 490 490 499 492 497 502 506 502 500 499 501 497 505 513 514 505 513 514 522 520 527 524 531 537 544 537 544 549 557 550 551 560 569 578 583 580 580 585 591 592 593 597 601 603 612 621 630 638 640 645 644 653 658 659 653 645 653 660 662 663 667 670 678 672 677 682 683 674 682 686 688 696 702 708 709 701 710 719 723 731 734 731 726 732 731 733 737 730 734 731
503 503 497 500 496 503 495 493 492 492 492 499 501 494 503 510 515 510 501 500 503 500 508 510 519 512 513 521 524 529 536 533 533 542 549 541 543 545 548 549 551 555 563 571 577 578 579 581 590 598 599 606 609 612 615 623 630 639 647 646 652 661 662 664 659 653 662 668 669 664 669 676 679 677 680 681 685 682 690 695 697 697 705 706 710 702 709 716 724 725 732 739 732 733 740 742 741 737 742 740
