  0 300 294 299 302 298 307 309 312 320 319 315 313 321 325 325 319 320 324 323 326 335 343 343 352 354 355 360 363 364 368 365 366 375 376 382 382 389 390 391 399 402 411 412 418 418 422 424 432 436 439 441 450 459 459 467 467 475 478 483 492 484 486 494 503 501 505 513 514 520 529 538 545 547 554 556 559 557 562 557 562 570 574 582 584 593 601 610 607 613 619 620 621 627 635 641 642 638 644 653
  8 293 292 293 293 297 298 305 310 311 314 306 311 312 316 323 318 321 319 320 323 329 334 342 351 353 351 353 359 367 359 361 365 372 373 382 381 387 393 400 400 401 407 411 419 414 417 419 424 428 430 436 444 451 453 460 463 467 469 477 486 478 486 495 499 498 505 508 516 524 532 531 536 539 546 551 551 548 557 554 556 565 574 578 586 595 600 608 605 612 610 616 623 623 632 632 633 634 643 650
 16 285 283 292 290 299 291 297 302 304 306 304 302 305 310 317 310 313 314 321 330 336 343 342 346 348 347 353 356 360 354 358 366 373 382 387 380 385 385 393 400 406 398 403 410 408 416 422 430 428 432 441 445 447 452 460 463 462 469 476 484 476 484 487 491 496 503 505 511 517 526 528 536 536 537 545 546 547 548 552 555 564 573 574 581 590 591 600 596 603 608 613 614 622 623 626 633 634 635 641
 17 289 282 284 285 290 288 289 293 301 303 298 300 301 303 310 308 313 315 324 329 334 339 334 340 341 346 348 349 351 353 362 370 375 384 378 378 379 384 385 391 397 395 397 406 405 413 418 421 427 432 435 439 446 452 455 456 460 468 467 475 475 476 482 491 495 502 504 512 521 521 530 532 532 541 541 550 547 553 556 564 568 566 567 573 582 584 593 592 594 599 607 610 613 617 621 629 638 639 647
 26 289 281 278 284 285 287 294 299 298 294 295 303 305 303 301 305 314 319 324 332 327 330 330 333 337 337 339 341 344 349 358 365 366 375 372 371 380 385 377 386 388 389 396 397 404 413 418 426 432 439 432 434 443 445 452 461 462 462 464 470 469 477 486 488 492 499 504 508 516 513 521 523 531 533 534 543 544 546 547 556 564 565 568 574 576 584 585 586 590 597 599 601 610 616 624 628 637 645 653
 28 283 274 272 275 276 285 294 293 289 287 289 298 296 294 300 308 313 318 318 326 323 329 328 332 338 336 341 340 341 346 349 356 365 366 373 368 373 379 374 379 382 388 396 397 403 406 412 418 424 431 429 437 438 447 451 453 457 458 461 465 468 472 477 486 488 492 496 505 507 512 513 522 528 536 534 543 552 552 555 556 565 572 569 578 577 585 590 595 599 599 605 602 607 613 616 625 634 639 644
 29 275 266 266 271 275 284 290 285 287 278 285 290 287 288 294 301 307 309 316 318 314 321 325 323 330 334 336 337 344 352 346 353 360 367 364 366 367 370 371 378 379 387 391 395 403 405 408 415 417 426 427 431 436 438 444 446 451 460 463 464 467 472 481 489 496 495 499 503 504 505 512 519 520 528 533 537 543 550 554 556 559 564 572 581 586 594 598 597 604 606 607 606 614 620 617 619 627 634 636
 33 268 262 265 274 277 281 284 277 285 277 282 288 286 294 294 302 300 309 312 315 312 320 327 322 321 326 327 335 340 344 345 349 356 359 363 372 375 377 374 383 387 395 400 397 400 402 406 412 421 425 427 435 444 440 444 447 449 455 458 460 462 464 473 481 490 497 497 500 506 514 520 528 521 530 530 531 536 545 547 548 556 561 567 576 582 590 599 603 612 613 612 615 619 623 619 627 628 630 633
 41 262 261 263 267 268 273 276 275 283 275 275 284 285 288 293 294 299 307 303 308 310 318 320 324 318 322 329 338 347 343 343 347 351 358 367 366 371 378 383 390 389 392 394 397 406 408 415 418 421 424 427 432 439 446 450 456 457 463 467 463 469 467 476 485 491 494 496 503 505 513 522 528 523 526 528 531 535 536 539 546 554 560 565 570 579 587 590 594 603 605 614 617 621 628 627 633 629 621 629
 42 254 258 255 260 263 272 270 269 278 271 272 277 284 290 299 296 292 301 302 310 306 315 322 315 317 321 330 337 341 334 342 347 350 356 364 359 365 373 382 385 385 393 395 399 401 410 419 421 423 422 431 433 440 448 456 460 462 466 467 467 476 473 480 482 490 494 501 502 510 511 518 523 531 535 530 531 540 545 543 552 553 562 571 575 579 585 593 597 599 599 607 616 612 620 622 624 627 620 626
 51 249 256 248 256 258 264 264 266 272 270 276 277 276 282 291 296 287 292 294 301 305 311 314 313 322 322 326 328 335 333 338 340 347 348 355 357 361 368 377 382 384 391 399 406 407 410 414 416 416 421 429 430 435 440 449 452 454 457 458 461 468 474 475 476 482 488 492 499 502 510 512 518 527 528 532 537 546 553 548 556 562 559 563 572 578 584 588 589 597 598 599 608 611 612 614 617 618 619 627
 56 244 253 247 255 263 256 263 264 265 263 267 268 272 273 282 290 285 294 295 304 300 307 315 311 320 325 328 337 332 331 337 336 345 353 357 356 359 366 370 373 375 383 390 398 401 401 405 407 415 423 431 431 440 441 449 453 460 461 465 470 475 479 480 479 486 492 489 492 497 501 510 516 525 523 531 540 544 545 554 558 558 557 560 568 573 581 580 580 589 590 598 599 603 612 613 621 627 627 630
 58 241 244 246 248 254 248 257 264 260 261 268 276 273 279 280 281 282 291 294 295 299 301 308 310 311 319 328 337 334 327 329 335 338 345 354 355 357 366 368 371 373 377 384 392 393 394 397 406 411 415 424 431 437 442 445 448 452 456 465 474 479 481 489 485 490 489 484 492 501 507 501 510 517 518 524 531 536 545 549 558 553 555 558 561 568 576 575 578 583 587 594 600 606 613 621 616 625 633 639
 66 237 239 244 242 245 243 251 255 259 268 269 271 264 273 280 285 291 295 296 304 302 307 308 317 320 326 320 329 325 326 334 343 346 346 350 356 364 367 371 380 380 385 390 391 394 403 406 407 413 422 428 429 430 439 439 440 445 452 460 466 474 479 487 478 482 481 483 484 493 498 499 508 516 525 529 530 537 542 541 550 551 557 564 570 566 568 572 573 574 581 588 591 600 604 613 615 624 627 634
 73 236 230 236 233 237 239 248 247 256 262 267 264 260 267 275 276 282 287 288 296 305 302 303 310 319 320 318 322 324 331 340 348 347 347 353 355 356 365 369 375 384 389 385 394 389 397 402 406 409 413 421 428 437 436 433 442 449 456 457 457 465 471 480 472 473 480 482 485 494 497 502 509 511 519 521 524 531 534 540 546 553 554 562 562 564 573 571 572 580 583 591 592 594 603 608 617 626 624 629
 74 228 229 227 230 232 236 242 246 247 253 261 260 256 258 267 271 279 282 287 295 299 301 302 303 312 311 317 322 325 332 341 349 350 346 353 347 353 361 360 369 378 380 382 391 382 391 398 400 405 412 420 429 429 428 429 438 443 448 449 456 465 463 471 471 472 473 480 485 493 500 507 509 510 511 512 520 526 527 536 544 544 548 553 554 561 567 570 572 578 580 582 590 599 603 607 609 618 619 620
 83 223 220 226 227 233 235 242 244 246 249 256 263 255 259 268 277 275 283 282 287 291 298 293 300 303 307 314 318 326 335 343 343 347 345 344 344 350 355 359 365 374 383 380 383 380 383 389 396 398 403 412 421 430 427 432 439 442 447 450 455 463 461 462 470 475 481 489 486 495 503 504 507 516 518 517 526 527 535 539 547 539 540 548 557 564 565 572 578 583 587 584 592 597 602 605 608 615 618 626
 89 221 213 222 228 224 233 238 246 251 243 248 256 252 259 262 268 272 274 276 282 284 289 290 293 298 301 305 313 321 327 336 334 340 336 337 341 345 350 356 363 369 376 377 375 377 383 392 400 404 405 414 412 421 422 426 432 437 445 451 455 458 455 464 465 474 482 488 494 495 503 508 513 517 519 518 527 533 531 537 540 538 546 553 558 567 566 574 575 581 585 588 597 606 609 605 606 614 615 624
 93 215 211 217 224 222 228 235 239 242 241 247 250 251 260 260 264 269 278 279 281 279 280 284 285 294 295 296 304 312 321 330 327 331 332 340 349 351 353 359 360 367 374 382 374 381 386 395 404 409 406 406 408 412 421 426 433 431 439 445 449 454 453 460 469 470 477 486 488 496 496 505 504 509 510 519 518 524 523 528 531 534 541 550 553 560 569 578 576 583 582 589 590 597 604 604 613 617 623 628
 94 215 208 215 218 217 224 231 237 233 234 243 252 251 256 256 263 269 269 278 280 275 278 287 290 295 303 299 305 312 320 324 326 328 336 334 343 350 359 356 364 360 368 373 372 375 384 393 395 402 407 402 409 410 417 426 427 428 436 438 445 447 451 459 461 470 474 477 486 494 494 503 503 511 513 511 509 516 519 524 533 542 546 550 558 567 569 578 575 579 581 587 594 594 595 596 604 609 614 619
100 212 207 208 214 215 224 226 232 231 225 234 243 248 254 252 254 262 261 270 271 274 283 289 289 294 302 307 312 320 322 327 320 321 328 329 334 343 351 355 357 354 359 366 369 378 384 385 386 395 398 400 409 412 413 419 426 427 434 440 440 449 455 461 466 470 478 484 491 491 491 497 501 509 505 502 508 510 515 524 532 539 546 548 553 562 569 576 569 570 577 579 586 593 598 599 601 608 617 625
109 203 200 206 207 216 222 217 225 230 224 226 234 241 245 248 251 254 256 263 272 275 281 286 288 293 296 303 309 311 313 318 319 328 328 333 327 336 342 347 348 351 352 361 362 371 377 384 388 394 391 399 405 411 417 426 422 431 432 433 438 447 449 456 462 464 473 475 482 482 483 488 492 501 507 499 508 517 523 526 530 536 545 554 549 558 560 567 568 573 576 584 577 585 590 591 596 602 608 617
118 194 193 200 203 209 215 216 220 221 223 228 236 237 242 251 252 259 265 271 278 278 282 291 291 292 298 299 300 302 310 313 322 320 322 325 325 327 336 343 351 353 356 360 363 369 377 378 387 387 390 395 403 412 412 418 417 422 423 424 431 440 440 449 455 457 466 472 473 480 481 489 497 505 503 497 502 508 515 517 526 532 536 545 548 552 557 558 560 569 575 575 576 579 588 587 592 599 601 609
122 185 190 193 197 204 212 221 216 223 229 234 236 245 245 249 253 261 265 272 274 283 286 290 297 298 297 303 309 310 310 312 313 313 316 321 323 331 340 348 350 354 357 366 360 366 373 375 384 382 384 387 396 403 408 409 415 419 426 433 433 434 439 446 455 464 465 464 473 474 474 483 490 499 497 494 503 509 511 519 520 529 536 538 539 548 554 558 560 569 570 574 582 579 583 584 593 601 605 610
127 182 186 192 198 203 205 212 214 221 222 230 233 242 243 249 256 252 257 265 274 283 292 284 288 293 296 294 303 302 309 306 311 308 317 321 330 336 335 339 341 347 348 357 358 360 364 372 381 380 385 386 390 399 408 414 415 424 427 433 442 442 440 448 457 458 459 463 470 471 472 474 483 491 492 493 494 502 510 512 517 526 527 536 540 546 555 550 554 562 569 577 582 575 584 578 586 592 601 602
132 177 180 189 190 195 204 213 218 223 228 236 242 248 250 246 251 249 255 264 270 278 285 276 283 287 287 292 299 299 300 300 308 307 309 318 326 332 329 333 340 346 351 355 359 364 365 366 374 376 384 391 395 403 410 419 421 428 435 429 433 442 448 449 458 461 464 472 479 475 474 483 491 493 498 500 501 505 511 512 518 527 536 538 540 538 547 547 550 558 560 569 573 574 575 576 585 588 597 601
133 176 174 181 187 195 204 211 220 222 228 229 236 239 247 245 244 247 251 260 268 272 276 274 277 278 285 285 290 296 293 298 305 300 309 315 321 323 324 325 334 337 344 347 352 359 367 367 368 376 385 394 397 400 409 412 421 429 434 426 429 437 439 443 452 454 457 465 473 474 481 488 497 501 506 499 508 507 512 520 527 530 533 529 531 534 540 541 550 558 567 574 573 576 579 585 586 590 592 597
141 175 171 180 185 194 203 209 216 221 230 232 237 241 240 249 243 251 254 258 259 264 270 266 268 274 276 284 285 287 289 290 298 299 305 314 323 332 333 332 341 345 345 354 361 360 369 370 370 379 386 390 393 401 406 414 420 426 425 424 432 435 443 450 446 445 454 460 468 475 476 485 493 497 497 491 499 508 513 518 521 526 533 526 530 532 541 550 552 554 563 571 570 572 580 583 592 593 601 600
142 150 169 176 181 190 197 202 209 213 222 229 229 236 238 242 242 242 251 254 260 255 263 264 262 271 277 286 294 294 298 297 306 308 311 320 325 334 334 335 344 350 352 356 362 367 371 372 379 386 394 398 394 395 401 406 412 419 424 420 429 431 440 441 442 443 450 457 459 466 475 478 487 489 489 490 497 505 509 510 514 518 525 523 532 538 539 546 547 549 557 565 566 570 577 584 593 594 603 603
151 159 168 171 178 186 195 192 201 210 218 220 221 226 234 235 237 238 241 246 250 252 253 259 260 269 275 279 288 291 300 298 303 304 312 321 330 336 336 336 345 353 357 363 369 376 377 379 388 389 398 405 401 397 398 405 410 411 415 416 425 434 436 445 444 446 448 457 458 465 466 475 480 483 484 491 498 499 501 502 508 509 516 522 529 538 542 543 544 552 558 561 563 571 578 586 595 603 605 605
155 164 173 172 173 182 185 191 198 206 214 222 229 231 240 244 244 240 249 247 255 259 261 261 262 263 273 282 285 292 301 301 307 313 318 323 326 333 340 338 344 348 354 362 370 379 381 388 397 398 393 402 404 398 405 414 411 419 424 425 428 436 445 453 446 449 456 462 467 473 470 472 481 487 490 496 503 507 507 508 515 514 523 525 529 534 536 545 543 551 559 562 571 579 587 592 594 594 600 596
162 169 174 173 179 188 194 197 205 208 217 226 227 236 232 241 245 241 250 256 262 260 263 267 270 268 276 282 288 291 293 294 300 309 318 318 327 333 340 344 350 356 359 366 372 373 381 388 388 391 392 399 400 400 409 418 416 423 432 433 435 442 446 451 455 456 464 467 475 477 470 477 483 484 486 495 503 504 511 511 509 516 522 517 523 525 532 537 539 544 550 556 565 573 582 589 592 590 595 592
171 176 181 175 182 183 192 201 209 216 217 220 229 230 231 239 248 244 253 262 259 262 263 272 279 270 277 278 285 289 295 295 302 310 312 317 319 327 334 341 344 348 353 358 363 371 372 380 386 395 394 403 408 409 417 423 421 423 428 437 439 439 445 449 458 463 465 465 466 468 469 474 475 484 485 491 500 509 510 510 507 515 513 516 521 525 526 535 543 550 556 558 563 567 574 581 583 587 592 590
176 182 190 184 188 191 199 208 213 216 224 229 234 239 233 238 246 245 254 256 258 265 270 279 279 273 278 282 288 294 295 303 303 308 317 326 328 328 336 342 347 352 361 364 364 373 381 385 391 393 400 407 404 410 419 423 425 432 436 434 430 438 442 445 451 455 457 464 465 462 464 469 478 481 484 487 496 505 511 505 505 513 512 520 523 525 534 540 541 550 559 564 569 575 572 573 578 579 587 589
180 189 198 190 189 190 195 203 212 214 219 227 229 236 234 243 249 254 262 257 260 266 272 277 281 276 284 288 293 302 302 309 305 306 309 319 328 337 339 340 346 347 356 361 361 368 376 385 383 391 393 401 402 410 414 415 424 425 432 433 426 435 442 443 452 453 457 456 456 454 455 464 471 473 476 485 490 497 503 496 497 504 509 515 519 520 526 535 543 548 552 557 560 569 565 573 578 587 590 582
184 191 194 198 197 199 200 208 216 221 220 227 229 237 237 241 250 259 261 260 266 275 277 286 284 285 286 287 292 301 303 307 314 315 310 318 323 331 332 336 338 346 354 355 356 363 368 377 380 389 395 395 403 405 407 408 415 419 423 424 425 426 435 438 443 448 452 450 451 453 455 459 464 465 474 482 483 492 497 495 500 498 501 510 514 522 525 534 542 539 548 549 555 561 557 564 571 578 587 580
193 199 203 199 203 205 208 217 217 223 226 227 229 237 240 247 251 260 259 264 268 272 280 289 293 294 292 288 297 298 306 308 317 317 312 320 325 334 338 345 347 353 360 357 365 364 369 370 379 381 386 391 400 409 413 415 422 426 423 428 434 435 437 444 444 446 448 449 458 462 462 465 466 473 474 483 492 490 490 491 492 497 506 502 511 515 523 528 537 538 544 550 546 553 554 563 564 569 578 579
201 200 206 207 212 207 216 220 221 223 224 233 236 241 244 247 249 257 258 263 265 274 274 281 284 290 299 291 294 297 305 310 315 322 319 329 329 336 344 353 349 358 362 354 359 365 365 367 375 379 388 393 401 404 405 411 415 418 420 424 431 437 446 446 453 453 450 451 452 454 455 458 466 468 473 481 483 481 489 496 493 494 500 501 509 513 517 522 531 538 535 541 542 551 559 563 571 577 584 588
206 207 212 216 220 216 223 223 222 229 225 234 238 243 248 254 254 256 263 269 266 269 271 280 282 289 296 293 296 304 311 319 324 324 322 329 335 340 347 355 347 351 357 351 352 360 364 372 374 382 385 386 395 403 411 412 420 417 422 427 431 440 448 448 456 453 452 453 461 456 464 459 466 472 472 479 474 475 482 490 494 501 503 504 513 517 524 527 535 530 532 538 542 551 556 557 565 574 583 587
214 210 213 215 224 222 231 232 225 231 230 232 241 245 248 250 252 260 268 277 272 276 277 282 291 290 291 300 302 310 317 318 325 329 324 325 326 336 341 347 346 348 350 349 356 357 365 371 378 385 389 387 393 402 410 411 415 416 422 431 439 445 445 451 454 453 458 461 469 465 465 460 461 463 470 471 473 478 487 492 499 502 503 507 510 512 516 525 528 529 538 545 543 552 559 559 561 570 575 578
219 217 216 217 225 231 233 238 234 238 235 241 250 253 256 251 255 262 270 279 273 279 281 288 293 291 297 305 303 308 310 318 325 334 326 327 327 333 336 337 339 342 344 348 350 359 364 372 374 383 392 391 392 393 402 405 406 415 417 426 430 439 436 444 452 450 451 460 462 470 473 465 470 471 478 475 482 487 488 492 498 499 506 512 517 521 522 531 531 536 545 549 548 556 557 565 562 566 575 584
224 218 224 220 227 234 234 243 240 241 243 242 250 255 257 259 262 264 273 274 277 283 288 289 297 294 299 305 308 317 317 320 326 330 333 332 336 342 337 338 346 344 351 356 359 367 373 367 375 378 384 382 383 386 395 397 406 410 411 418 427 432 431 440 443 444 445 452 455 464 472 474 470 472 474 482 489 494 494 499 499 502 510 512 516 525 531 538 537 545 548 557 554 560 566 574 570 568 570 577
226 219 220 227 231 236 243 248 247 250 250 244 250 256 259 268 263 264 272 279 279 287 294 297 300 299 301 307 313 322 326 329 331 338 342 341 339 343 342 342 350 345 347 348 351 359 368 362 369 372 375 378 381 389 396 400 409 413 419 419 421 426 429 438 439 445 454 461 456 458 466 467 468 477 476 481 488 494 500 508 504 511 515 521 522 531 539 543 544 550 557 566 563 569 574 577 573 569 570 579
235 226 229 236 233 242 250 254 248 256 252 247 256 257 258 262 263 265 267 275 281 289 293 296 299 302 303 312 316 322 330 331 340 345 348 342 344 344 348 351 357 351 354 350 354 356 358 359 360 365 368 377 381 386 387 394 400 409 415 424 425 433 430 438 444 447 456 459 458 466 463 458 461 470 473 481 482 486 495 502 506 513 518 523 524 533 541 544 551 551 558 559 566 574 580 582 581 578 577 586
244 235 230 231 233 238 242 248 249 257 258 249 255 263 263 264 266 271 276 282 290 293 294 295 304 308 308 313 320 321 323 325 333 340 346 351 345 345 354 354 363 360 355 359 362 357 366 367 368 366 367 369 377 386 387 396 405 408 414 421 424 432 433 434 443 443 450 452 459 466 458 457 465 474 477 485 488 494 499 508 507 512 519 526 532 529 538 542 548 553 562 563 572 581 589 591 584 587 579 583
238 233 232 238 240 239 247 255 256 264 263 255 258 262 270 269 274 279 283 291 297 302 302 297 306 308 314 321 329 322 323 325 334 335 339 345 340 349 357 356 363 358 356 363 361 360 367 368 377 371 372 371 373 382 389 397 399 400 406 415 417 425 432 435 444 441 449 457 452 457 454 456 465 471 478 483 492 500 507 504 504 505 513 517 526 527 536 545 553 562 571 567 576 585 590 598 593 591 587 584
239 240 241 244 244 244 251 259 264 273 267 261 266 265 274 273 276 280 286 288 295 302 303 303 311 317 315 319 327 323 329 326 327 332 336 337 339 346 350 359 367 364 365 372 369 369 369 377 378 379 373 377 374 382 386 394 398 399 405 411 418 422 425 426 435 438 447 448 450 452 453 461 464 471 480 481 490 497 498 499 502 506 515 520 522 531 540 541 547 555 562 571 577 580 587 591 590 590 592 590
244 245 248 253 253 253 260 262 269 275 270 262 268 270 275 282 281 288 295 293 302 307 307 312 314 320 319 323 329 332 335 333 336 338 338 344 345 349 352 353 358 360 363 369 378 378 378 386 387 379 374 382 381 382 384 386 394 403 411 419 419 423 428 432 438 447 454 452 458 460 462 469 472 480 489 487 496 503 504 507 511 507 516 517 526 531 540 549 553 561 570 566 574 579 586 587 588 589 597 595
253 254 249 258 262 262 266 263 272 266 265 264 273 272 279 279 280 285 294 302 311 311 314 320 323 322 324 332 337 339 339 337 340 346 346 351 349 356 361 362 366 362 364 372 381 383 380 389 385 384 383 386 386 387 389 393 400 408 412 416 425 432 429 435 444 448 451 458 465 461 469 471 476 478 486 495 504 507 513 514 510 509 517 526 535 535 544 553 561 566 561 563 569 570 577 585 594 598 605 597
258 256 257 266 263 271 272 266 267 270 274 268 270 272 277 278 286 294 301 305 306 307 313 319 324 330 327 336 345 343 340 346 348 347 347 356 355 364 365 366 371 364 372 381 382 390 382 391 392 387 384 393 393 396 398 400 409 417 421 421 427 432 431 438 443 449 457 462 460 461 464 467 476 483 492 499 500 509 517 518 512 515 516 521 527 530 539 548 552 558 559 568 577 577 583 590 591 599 598 605
259 263 265 273 266 270 271 273 269 270 271 274 279 276 279 283 289 296 305 307 312 310 319 326 328 331 330 332 340 348 349 352 356 354 350 358 364 371 369 367 376 373 379 380 381 386 391 400 393 393 393 402 400 400 400 405 407 414 420 421 430 438 438 442 450 451 457 458 459 464 473 475 484 487 492 493 502 507 513 514 519 516 524 529 536 539 540 545 548 553 562 571 572 579 587 594 592 600 596 605
260 269 266 272 273 271 279 282 278 278 278 277 286 285 286 291 298 301 306 312 314 318 323 332 329 337 335 336 345 352 354 360 361 362 357 366 369 376 371 375 379 375 376 384 388 394 394 395 394 402 399 402 403 401 402 407 416 418 423 430 439 442 447 451 454 459 466 465 467 472 474 483 484 488 489 497 503 510 518 523 521 522 528 533 537 546 548 546 551 556 561 566 567 576 582 589 595 598 592 601
267 276 271 275 282 274 276 284 281 284 279 280 289 294 292 298 304 302 304 305 314 320 322 329 334 341 344 340 344 345 348 351 352 353 362 363 372 380 372 374 376 384 385 387 390 397 403 396 401 410 406 410 409 403 411 414 422 427 430 437 442 448 448 452 457 465 474 473 468 474 482 484 492 495 497 504 505 507 515 516 517 524 532 540 541 542 544 549 550 556 564 570 576 585 582 583 586 589 590 595
274 275 280 284 288 283 279 288 286 286 283 287 291 299 295 301 305 303 307 310 319 325 326 334 336 345 352 349 349 348 354 359 357 362 366 364 372 378 381 376 378 379 381 390 391 400 404 397 398 403 411 419 414 404 413 422 431 434 437 438 439 446 450 450 451 456 465 466 471 474 483 491 497 500 503 505 509 511 519 521 522 523 525 533 534 542 545 548 557 562 563 570 575 578 581 580 587 596 595 598
283 284 289 288 289 292 287 296 287 290 292 288 297 300 302 310 314 312 315 317 323 326 332 340 337 340 348 355 356 354 360 361 362 370 369 373 375 378 384 384 386 384 389 390 398 406 412 406 406 411 419 417 410 408 415 420 424 425 434 441 440 441 449 448 456 465 472 474 480 475 478 484 492 497 502 507 508 517 526 525 530 525 534 541 540 547 548 550 551 553 554 563 566 569 576 577 586 595 602 607
292 293 298 297 297 294 290 295 294 299 301 296 305 301 305 314 316 321 318 318 321 322 329 338 346 348 353 356 364 357 365 367 364 372 378 374 381 379 384 392 387 388 393 399 406 414 413 412 415 415 417 426 418 416 421 428 432 434 443 442 441 442 444 446 454 457 465 469 476 483 483 490 495 502 511 516 511 520 522 523 531 526 528 532 537 546 548 554 552 561 562 570 575 578 585 582 588 589 598 605
294 302 303 300 304 295 291 297 303 299 298 297 299 305 306 315 324 328 327 327 327 329 333 337 343 344 353 359 365 364 371 369 369 371 372 380 386 387 390 399 396 397 402 403 411 415 418 420 423 418 420 424 427 420 427 434 437 443 445 443 443 451 453 450 451 460 466 468 477 481 484 486 493 500 503 512 516 522 528 531 534 534 537 535 536 540 546 553 557 561 565 567 570 571 580 589 597 593 597 601
302 310 307 304 301 297 298 305 304 307 306 299 301 306 310 315 324 329 332 336 329 337 335 342 351 346 355 361 363 367 372 378 376 380 373 377 378 384 393 401 401 398 406 410 411 412 419 420 423 421 429 432 428 423 425 431 432 441 446 452 452 452 454 455 458 465 469 474 475 484 492 495 500 503 506 507 512 521 530 531 540 535 538 536 544 549 554 560 566 566 574 570 574 580 585 586 591 600 599 608
303 306 315 313 306 302 307 307 311 309 309 300 301 304 311 314 323 330 332 336 335 344 339 348 355 355 364 366 372 371 380 385 380 380 379 386 387 393 397 399 405 403 412 412 420 421 428 429 428 425 433 438 437 432 433 440 439 445 446 455 461 460 456 458 467 466 468 474 481 490 491 496 505 504 505 506 515 524 533 539 540 542 542 543 546 555 557 558 566 575 583 579 578 581 583 585 593 595 604 613
306 315 324 321 313 310 310 315 314 317 313 304 302 309 315 319 320 325 332 338 343 347 346 353 358 358 366 367 375 374 378 387 389 385 386 389 388 391 398 397 399 403 404 413 416 422 424 426 435 426 429 437 444 437 435 441 442 446 455 457 461 468 464 467 469 475 477 476 479 487 496 502 503 506 506 515 524 526 527 533 541 549 543 549 553 561 566 565 570 578 583 583 585 583 585 590 598 604 613 622
315 322 330 325 320 319 313 321 318 320 313 312 303 308 316 325 329 333 332 338 341 347 355 360 365 363 371 375 384 380 387 396 394 386 387 391 390 391 395 396 397 406 406 407 408 417 425 433 436 435 433 441 450 444 442 449 451 451 458 463 463 466 470 476 478 483 485 478 486 493 494 502 510 512 507 509 515 522 530 539 547 546 550 554 562 568 573 574 579 582 589 588 589 589 594 598 606 611 618 621
322 331 338 333 325 317 314 315 324 324 320 311 304 308 313 320 326 329 330 338 344 350 359 367 362 371 374 379 382 388 394 403 394 389 394 392 392 398 403 400 402 408 413 416 415 417 423 428 437 440 434 442 445 452 444 451 458 455 460 464 468 469 474 480 482 483 485 480 486 495 500 509 511 520 515 518 523 526 534 538 539 543 549 551 558 567 573 576 577 585 594 595 596 593 598 600 608 615 624 629
327 336 342 338 332 323 317 324 332 326 324 317 313 313 315 320 323 332 339 341 342 351 352 359 360 369 370 371 373 382 389 397 396 393 400 400 399 405 407 406 410 414 421 424 419 420 425 434 443 449 443 447 447 448 448 456 459 464 461 466 467 469 477 484 483 485 483 481 489 490 499 508 516 520 522 524 526 534 535 537 538 540 547 556 558 562 569 577 580 581 589 594 598 601 599 607 615 623 630 636
333 340 345 336 335 328 320 321 323 331 322 315 314 318 319 327 328 335 337 346 351 360 353 358 367 370 378 372 379 380 389 395 403 402 406 407 407 411 415 414 415 415 417 422 428 421 427 435 444 452 452 450 453 457 457 457 464 467 462 463 465 473 474 477 483 488 485 490 498 499 507 510 511 516 525 533 530 532 534 543 544 541 550 554 557 562 571 577 583 582 587 593 600 597 601 610 610 616 625 630
336 344 337 336 334 332 326 329 331 325 320 318 315 320 322 328 336 342 339 342 350 358 354 358 360 369 377 378 380 388 397 404 406 409 414 411 413 420 417 419 421 422 418 423 432 429 435 442 444 449 456 452 460 462 459 466 470 469 469 466 469 471 475 478 485 487 490 491 499 505 510 514 515 524 525 534 534 533 540 542 551 545 546 548 557 561 570 579 580 581 584 593 592 595 601 605 609 618 626 633
340 348 344 345 341 336 327 336 340 331 323 324 323 324 330 333 336 344 345 348 357 358 360 367 368 371 380 387 388 392 394 403 405 413 422 415 420 427 418 426 426 424 425 431 432 437 442 448 447 448 457 457 466 469 460 462 463 466 472 475 470 479 482 485 493 488 496 500 506 514 511 513 520 523 532 541 542 534 537 543 551 552 554 557 565 562 569 577 586 586 584 586 589 594 602 606 615 618 623 632
346 355 353 353 347 343 336 342 333 326 325 327 327 333 331 340 340 349 354 355 361 365 364 368 369 377 381 383 384 385 394 395 398 407 415 416 421 424 427 432 427 425 434 439 441 446 449 457 448 452 461 466 473 464 461 470 470 467 476 476 472 481 490 489 498 497 502 501 503 512 518 517 518 521 527 536 538 542 544 547 549 556 562 566 574 567 568 572 580 582 583 592 598 595 602 606 608 615 616 624
347 356 360 354 354 345 342 338 331 329 329 329 335 338 338 340 342 350 351 355 364 370 369 376 378 386 385 385 386 392 398 404 406 415 419 424 429 433 428 436 435 429 438 444 442 451 457 464 455 460 469 469 470 466 468 469 477 475 481 484 478 483 493 496 498 502 504 509 508 510 518 519 521 530 529 531 540 549 551 556 550 558 559 562 571 571 571 580 587 585 587 593 599 596 605 613 616 618 625 626
355 364 363 362 353 352 347 340 332 336 332 333 339 339 347 341 343 347 349 357 364 373 376 377 378 382 389 393 394 401 407 405 412 416 424 430 437 437 430 433 442 435 436 444 445 450 456 463 460 463 470 475 470 467 476 476 483 484 490 485 486 485 486 489 497 501 510 510 509 518 527 520 526 533 533 537 546 548 552 555 558 559 567 566 570 575 576 579 586 594 591 595 596 604 606 612 613 622 624 633
364 371 362 359 355 349 348 343 336 345 337 336 345 346 354 349 350 355 357 366 372 376 377 380 379 387 396 401 402 410 410 414 416 425 428 429 433 434 436 434 437 439 444 447 451 459 457 459 467 465 466 469 470 473 480 477 478 480 481 490 495 492 492 494 504 510 512 511 515 517 524 525 529 530 532 541 550 553 560 563 560 560 566 574 572 573 582 580 589 595 600 598 604 609 615 613 615 616 623 630
373 371 369 360 358 358 355 346 340 343 340 345 350 347 353 358 359 364 359 360 368 377 386 389 387 395 404 409 411 416 419 418 421 422 427 431 432 436 437 435 444 442 444 453 452 460 461 463 469 469 475 472 473 476 484 486 486 488 482 483 487 496 498 495 496 501 508 512 519 526 533 527 535 538 535 538 542 544 552 556 560 565 569 574 574 582 588 589 593 600 601 606 605 612 613 616 616 621 628 635
382 374 376 367 360 361 358 353 344 348 344 349 358 355 360 362 362 370 361 365 374 375 383 384 388 389 398 407 413 418 423 422 424 430 436 437 437 445 441 438 442 450 451 460 456 457 466 467 468 477 475 474 482 477 485 491 492 496 488 484 490 491 495 504 501 510 516 514 524 528 534 528 536 542 542 539 544 552 559 565 569 569 575 581 583 584 589 594 600 607 602 608 614 620 618 617 617 623 625 631
386 383 382 376 369 368 360 353 349 350 349 350 359 364 369 365 370 367 363 371 380 379 385 390 395 397 405 408 417 418 426 423 429 437 444 439 444 451 448 446 447 455 457 461 458 466 473 472 477 482 484 482 482 479 485 494 501 498 491 491 499 499 500 503 507 510 517 515 521 526 533 537 537 542 551 548 545 549 550 556 561 569 573 582 591 592 598 595 603 610 611 612 615 623 626 626 624 632 631 632
394 392 391 382 378 377 369 362 353 351 358 351 353 362 367 373 379 376 371 373 374 383 386 395 396 405 409 409 414 423 432 431 434 438 447 445 446 454 455 452 453 462 465 469 466 475 475 473 479 488 488 491 484 480 489 495 497 495 493 494 502 507 508 510 515 517 523 524 523 532 537 543 546 551 552 557 550 557 557 559 566 571 579 587 593 600 607 601 602 610 614 620 621 629 633 635 632 641 640 636
395 387 386 382 379 382 373 364 359 360 355 354 357 358 363 364 373 375 377 381 383 385 389 397 399 408 410 415 422 431 433 436 436 437 445 453 455 456 458 461 456 457 466 473 475 477 483 474 475 482 491 497 493 487 496 504 502 500 494 500 507 513 516 517 524 519 528 529 524 532 540 549 554 559 560 566 557 566 558 561 569 576 581 582 590 599 600 602 611 616 622 629 628 629 636 643 634 639 648 640
403 394 393 385 377 376 374 366 363 359 358 363 358 367 365 373 380 378 385 387 392 386 395 403 406 413 417 423 430 438 442 442 445 439 442 446 452 454 462 459 457 458 463 464 472 480 486 483 482 486 494 495 502 496 505 510 507 509 502 508 516 519 523 525 532 526 535 534 531 539 547 549 549 558 564 568 560 563 564 570 573 574 581 587 588 590 597 605 613 621 629 631 636 630 637 638 643 647 648 649
410 401 393 393 385 382 373 366 365 361 363 372 367 374 367 368 371 378 379 382 385 393 397 404 406 410 419 425 434 443 447 451 443 441 442 449 458 459 466 463 463 459 462 466 469 476 484 488 484 493 494 498 499 497 505 513 511 515 506 507 515 520 524 526 535 531 535 535 533 542 550 547 548 550 558 559 563 572 572 572 573 576 584 590 592 593 602 610 611 618 626 634 634 632 638 646 644 653 657 655
403 400 391 391 382 373 372 371 371 367 365 373 375 372 370 373 378 384 388 384 388 390 399 402 408 416 417 424 431 440 445 448 451 442 443 445 451 460 467 472 472 468 471 468 476 484 489 491 491 492 501 506 508 504 513 516 516 520 515 510 517 524 527 531 539 540 543 539 536 538 540 544 547 548 557 561 571 574 577 576 574 579 588 595 601 598 607 614 620 626 631 637 637 641 646 647 650 655 660 663
395 391 388 386 385 377 379 372 372 373 374 381 376 377 374 381 385 393 395 386 387 390 398 399 400 407 410 419 423 432 441 442 443 445 452 454 460 467 474 481 478 477 479 477 485 493 498 493 497 495 496 505 506 507 516 520 521 525 522 518 525 533 535 540 548 547 543 541 538 544 548 552 556 557 563 565 575 582 584 584 583 583 588 596 604 607 615 617 624 629 638 646 646 647 655 653 653 654 658 666
404 397 397 394 387 385 377 373 379 377 378 380 385 385 382 389 386 387 396 395 391 398 403 408 401 410 418 423 430 436 437 444 450 452 450 458 467 466 470 477 481 486 487 484 491 492 497 494 501 504 503 507 508 516 517 519 527 534 531 525 533 539 544 549 549 554 549 549 541 550 556 553 559 566 570 567 577 585 592 587 586 592 591 599 607 616 619 620 622 625 632 641 638 639 646 655 657 658 665 671
408 400 400 396 387 383 382 382 387 378 383 387 390 391 386 395 387 396 402 404 399 400 405 412 409 412 419 425 432 437 440 438 441 446 448 452 461 463 469 470 478 487 490 485 490 498 499 503 510 513 505 514 510 515 521 526 532 540 537 532 541 541 546 549 556 562 555 552 544 553 561 555 558 565 569 571 575 580 588 588 590 591 594 603 608 615 620 627 631 631 624 633 637 639 648 657 666 665 668 677
411 404 401 404 396 392 391 391 388 387 390 394 398 392 395 391 388 396 404 405 407 402 411 414 412 417 418 423 427 428 432 436 444 453 451 452 459 463 468 469 478 487 493 487 490 499 505 506 509 518 514 523 519 516 524 531 532 533 535 536 540 547 554 550 559 561 555 551 547 551 559 563 559 565 573 578 576 578 579 582 584 593 600 604 605 612 611 619 626 627 622 631 634 643 649 653 662 666 667 676
418 412 409 411 402 397 400 398 397 390 391 400 405 398 404 398 397 398 403 410 416 411 420 415 417 425 427 426 435 437 437 445 448 456 460 458 467 472 475 478 481 482 491 490 497 505 513 509 517 524 521 528 521 525 527 532 536 536 543 544 543 549 558 559 563 568 562 557 548 557 559 564 561 570 577 584 578 580 587 589 587 592 593 600 602 606 610 612 617 618 619 628 633 636 643 652 657 658 666 668
426 421 418 420 411 404 402 399 400 391 400 403 411 403 410 401 406 400 409 411 420 412 414 421 420 429 430 427 429 433 442 451 453 457 466 465 472 479 479 485 490 491 498 495 502 507 511 513 517 526 523 528 523 532 528 537 544 538 545 553 548 556 562 568 564 568 561 560 552 561 568 572 565 572 576 576 585 588 595 590 592 597 599 608 609 608 612 613 621 621 622 631 633 642 651 655 660 666 672 669
434 428 422 413 412 411 409 400 402 394 403 409 415 412 412 403 409 403 410 415 423 421 423 430 427 433 439 436 432 441 444 446 455 456 465 473 480 486 485 486 488 496 503 498 502 509 511 517 526 533 524 533 532 541 533 541 546 547 550 559 554 561 567 574 573 574 568 561 560 567 575 573 567 568 569 574 583 591 598 593 596 600 603 611 616 609 616 622 628 624 630 631 639 647 648 657 666 667 672 675
431 424 415 414 419 419 410 401 409 401 408 412 418 415 421 412 412 409 416 417 420 421 427 433 429 430 434 442 434 443 445 454 460 461 470 478 479 488 494 492 497 505 510 507 504 506 512 521 527 533 525 526 528 536 534 536 542 543 551 557 558 552 561 568 573 566 575 567 569 576 584 575 572 575 573 577 585 589 596 599 605 608 611 616 613 611 613 618 620 627 630 636 643 646 653 662 671 674 681 684
431 422 421 422 426 417 412 403 410 410 416 421 422 417 424 419 421 418 417 418 421 422 430 439 437 432 441 439 436 437 440 447 456 462 467 476 479 483 490 497 498 506 510 507 505 510 513 522 524 526 533 535 529 538 541 537 540 543 547 549 550 551 555 564 570 565 573 574 576 585 589 582 581 579 576 579 587 595 601 608 611 617 618 625 621 616 620 627 627 633 633 634 643 650 659 667 674 675 684 691
437 428 430 427 427 418 418 412 411 419 417 420 427 418 427 428 429 427 426 427 422 430 436 445 438 433 441 443 445 439 448 456 463 463 467 473 474 481 484 489 496 505 513 510 513 518 522 530 525 533 534 539 537 545 547 545 545 547 555 554 554 552 560 561 562 564 569 575 576 582 591 590 589 588 584 587 590 594 603 607 608 612 618 627 622 617 620 627 630 635 639 641 642 651 659 661 667 674 677 682
434 431 433 434 428 427 420 413 417 419 422 422 425 426 433 431 435 432 427 427 425 426 428 437 446 442 446 451 447 448 456 460 469 472 474 475 480 485 486 490 499 506 510 513 522 526 525 534 532 538 543 548 540 546 552 553 546 554 562 556 563 561 565 568 569 566 567 573 582 585 589 592 595 589 586 590 591 593 598 600 609 617 624 625 624 624 623 624 628 633 635 644 649 653 654 662 664 673 681 685
443 435 440 443 437 436 429 422 423 424 430 430 426 429 438 432 437 434 432 435 426 435 436 445 453 449 447 456 449 455 464 469 478 481 479 483 485 490 495 491 496 502 503 512 517 524 528 537 535 536 539 544 548 547 549 555 555 561 570 561 568 569 572 574 578 574 576 582 590 593 594 599 599 594 588 597 593 600 599 608 614 618 621 630 630 632 627 632 629 637 644 653 652 653 662 668 666 671 673 676
444 443 449 444 445 441 432 428 424 429 433 431 429 430 438 440 444 436 435 443 434 435 436 445 451 450 454 463 454 463 464 473 481 490 486 484 493 496 495 494 495 501 510 517 526 533 533 541 543 537 538 547 553 556 556 562 562 562 570 569 574 572 574 583 582 575 581 584 585 586 587 593 601 595 596 600 602 602 608 610 616 621 625 626 628 636 636 636 630 634 636 645 646 655 661 662 666 667 676 684
450 448 456 451 443 440 434 432 431 430 438 439 436 436 443 449 449 445 437 446 440 444 445 446 450 454 458 459 456 465 469 478 483 492 491 485 491 498 504 501 501 507 515 522 526 535 539 541 550 541 547 549 556 561 560 563 567 564 568 571 576 580 580 583 586 577 586 592 594 590 592 594 599 602 599 608 610 611 611 611 613 622 631 627 634 641 642 638 634 640 642 643 645 646 652 660 661 666 674 678
459 457 457 449 445 436 435 440 439 435 436 437 442 441 447 456 453 444 443 452 447 453 454 451 459 457 458 459 459 467 472 481 487 488 497 490 497 506 503 502 510 508 513 522 531 537 546 549 558 549 555 558 564 570 569 569 576 573 574 572 577 584 589 589 588 579 581 585 590 595 600 597 601 602 602 609 618 612 616 612 616 617 624 632 640 646 650 641 639 643 650 649 654 648 655 661 666 665 666 669
466 457 449 448 439 438 443 444 440 443 441 439 448 442 450 451 460 453 448 451 448 452 461 455 463 458 466 467 467 468 470 478 481 487 496 499 506 510 512 505 509 517 521 530 539 546 553 556 553 551 553 562 565 573 570 577 583 582 579 580 586 588 594 590 592 588 582 589 593 597 598 606 609 609 611 616 625 620 617 616 624 619 622 624 632 641 641 650 645 650 656 658 659 650 651 652 657 663 671 670
463 456 449 448 440 444 452 448 449 447 450 448 453 445 452 452 457 460 451 455 450 459 468 462 471 465 474 469 471 475 476 484 483 489 498 502 511 511 516 510 516 524 527 535 544 549 558 565 560 556 560 569 573 578 577 580 586 590 582 581 590 597 599 599 595 587 585 593 600 603 606 612 617 618 619 621 625 621 626 621 629 620 623 624 632 634 637 645 653 651 656 657 656 653 657 655 665 665 669 677
468 462 453 449 449 447 449 449 458 449 455 457 455 446 455 461 460 459 452 459 458 461 468 467 472 471 478 473 474 479 481 490 492 498 499 508 511 520 521 517 525 529 534 536 543 544 553 562 567 564 561 570 578 579 582 587 592 599 590 584 590 599 608 608 599 592 591 599 603 612 614 619 626 619 627 624 625 624 631 622 631 628 632 633 641 638 646 654 660 659 657 665 661 660 665 661 664 666 675 682
468 460 454 457 455 454 451 454 457 450 454 463 458 455 464 462 462 468 461 464 464 470 477 471 478 472 481 478 483 481 483 490 497 502 504 507 516 523 523 526 531 536 537 537 543 547 554 563 567 570 562 570 579 588 586 589 594 601 599 593 599 606 611 610 608 600 600 605 611 620 615 624 629 625 632 630 631 625 634 627 636 636 641 642 647 639 648 656 665 668 665 671 662 665 668 668 671 667 668 672
470 463 463 464 463 460 460 461 452 451 459 462 465 456 461 466 470 469 468 466 466 468 474 479 478 477 478 487 491 488 492 491 499 507 513 509 518 519 527 524 533 537 546 542 547 556 560 562 570 574 569 578 583 584 593 598 595 596 602 598 605 614 620 613 607 604 606 613 620 623 621 630 634 626 633 638 630 628 631 628 635 638 647 651 654 647 654 658 667 674 673 675 667 673 673 672 677 669 676 678
473 467 468 472 464 468 467 465 458 456 463 463 472 465 470 475 479 475 473 472 474 470 478 486 487 478 486 487 495 493 500 497 504 510 517 510 517 522 530 523 524 533 542 551 556 553 553 558 564 565 566 570 574 576 585 594 603 605 607 607 606 615 620 621 615 607 615 622 624 625 629 632 640 634 639 643 638 629 637 637 639 647 653 657 657 649 658 667 671 679 682 679 674 680 679 681 685 678 682 679
476 476 470 473 469 476 468 466 465 465 465 472 474 467 476 483 488 483 474 473 476 473 481 483 492 485 486 494 497 502 509 506 506 515 522 514 516 518 521 522 524 528 536 544 550 551 552 554 563 571 572 579 582 585 588 596 603 612 615 608 614 623 624 626 621 615 624 630 631 626 631 638 641 639 642 642 641 637 645 646 648 648 656 657 658 650 657 664 672 673 680 687 680 681 688 690 689 685 690 688
