  0 571 565 570 573 569 578 580 581 579 572 568 562 567 568 566 560 561 565 564 567 576 584 580 589 584 582 587 590 591 595 592 593 602 602 599 593 600 601 602 610 613 622 623 629 626 630 632 640 644 647 649 658 662 659 667 667 674 677 682 691 683 685 693 702 700 704 712 713 719 728 737 743 741 748 750 753 751 756 751 756 764 768 776 778 787 9223372036854775808 9223372036854775808 9223372036854775808 9223372036854775808 9223372036854775808 9223372036854775808 9223372036854775808 9223372036854775808 9223372036854775808 9223372036854775808 9223372036854775808 9223372036854775808 9223372036854775808 9223372036854775808
  8 564 563 564 564 568 569 576 578 570 567 559 560 558 559 565 559 562 560 561 564 570 575 579 584 582 578 580 586 594 586 588 592 599 600 601 592 598 604 611 611 612 618 622 630 622 625 627 632 636 638 644 652 653 653 660 663 666 668 676 685 677 685 694 698 697 704 707 715 723 731 729 734 733 740 745 745 742 751 748 750 759 768 772 780 789 9223372036854775808 9223372036854775808 9223372036854775808 9223372036854775808 9223372036854775808 9223372036854775808 9223372036854775808 9223372036854775808 9223372036854775808 9223372036854775808 9223372036854775808 9223372036854775808 9223372036854775808 9223372036854775808
 16 556 554 563 561 570 562 568 571 563 560 557 551 551 553 558 551 554 555 562 571 570 577 571 575 577 574 580 583 587 581 585 593 600 607 598 591 596 596 604 611 617 609 614 621 616 624 630 638 636 640 643 644 646 651 659 662 661 668 675 683 675 683 686 690 695 702 704 710 716 724 726 734 730 731 739 740 741 742 746 749 758 767 768 775 784 785 9223372036854775808 9223372036854775808 9223372036854775808 9223372036854775808 9223372036854775808 9223372036854775808 9223372036854775808 9223372036854775808 9223372036854775808 9223372036854775808 9223372036854775808 9223372036854775808 9223372036854775808
 17 560 553 555 556 561 559 560 562 561 558 552 549 547 546 551 549 554 556 565 568 563 568 563 569 570 573 575 576 578 580 585 591 593 598 589 589 590 595 596 602 608 606 608 614 613 621 626 629 635 639 634 638 645 651 654 655 659 667 666 674 674 675 681 690 694 701 703 711 719 715 724 726 726 735 735 744 741 747 750 758 762 760 761 767 776 778 787 786 9223372036854775808 9223372036854775808 9223372036854775808 9223372036854775808 9223372036854775808 9223372036854775808 9223372036854775808 9223372036854775808 9223372036854775808 9223372036854775808 9223372036854775808
 26 560 552 549 555 556 558 565 558 553 549 550 550 546 544 542 546 555 559 559 563 556 559 559 562 566 564 566 568 571 576 576 583 584 592 583 582 591 596 588 597 599 600 607 605 612 618 621 629 633 639 631 633 642 644 651 660 661 661 663 669 668 676 685 687 691 698 703 707 710 707 715 717 725 727 728 737 738 740 741 750 758 759 762 768 770 778 779 780 784 9223372036854775808 9223372036854775808 9223372036854775808 9223372036854775808 9223372036854775808 9223372036854775808 9223372036854775808 9223372036854775808 9223372036854775808 9223372036854775808
 28 554 545 543 546 547 556 559 552 544 542 544 542 537 535 541 549 549 554 553 555 552 558 557 559 565 563 568 567 568 572 567 574 583 584 587 579 584 590 585 590 593 599 607 604 610 609 615 621 625 632 628 636 637 646 650 652 656 657 660 664 667 671 676 685 687 691 695 704 701 706 707 716 722 730 728 737 745 746 749 749 758 764 763 772 771 779 784 789 9223372036854775808 9223372036854775808 9223372036854775808 9223372036854775808 9223372036854775808 9223372036854775808 9223372036854775808 9223372036854775808 9223372036854775808 9223372036854775808 9223372036854775808
 29 546 537 537 542 546 555 550 544 542 533 540 533 528 529 535 542 543 545 551 547 543 550 554 550 557 561 563 564 571 572 564 571 578 585 578 577 578 581 582 589 590 598 602 602 609 606 609 616 618 627 626 630 635 637 643 645 650 659 662 663 666 671 680 688 695 694 694 697 698 699 706 713 714 722 727 730 736 743 746 748 751 756 764 773 778 785 786 782 9223372036854775808 9223372036854775808 9223372036854775808 9223372036854775808 9223372036854775808 9223372036854775808 9223372036854775808 9223372036854775808 9223372036854775808 9223372036854775808 9223372036854775808
 33 539 533 536 545 548 551 544 536 540 532 537 533 527 535 535 541 536 545 544 547 541 549 556 549 548 553 554 562 567 565 563 567 574 577 579 575 579 585 585 594 596 599 602 598 601 603 607 613 622 624 625 633 642 639 643 646 648 654 657 659 661 663 672 680 689 696 690 693 699 708 714 722 715 724 723 724 729 737 739 740 748 752 756 764 769 776 778 780 787 783 9223372036854775808 9223372036854775808 9223372036854775808 9223372036854775808 9223372036854775808 9223372036854775808 9223372036854775808 9223372036854775808 9223372036854775808
 41 533 532 534 538 539 543 538 534 538 530 530 535 526 529 534 533 535 543 535 540 539 547 549 551 545 549 556 565 568 561 561 565 569 574 575 566 571 578 587 591 588 591 593 596 605 609 616 619 621 620 623 628 635 642 648 655 656 662 666 662 668 666 675 684 690 692 689 694 696 704 712 714 716 719 721 723 727 728 731 738 746 747 750 755 763 768 769 771 778 775 784 9223372036854775808 9223372036854775808 9223372036854775808 9223372036854775808 9223372036854775808 9223372036854775808 9223372036854775808 9223372036854775808
 42 525 529 526 531 534 541 532 528 535 526 527 528 525 531 540 532 528 537 534 542 535 544 550 542 544 548 557 564 559 552 560 565 568 567 568 559 565 573 582 584 584 592 594 598 600 609 618 616 618 617 626 628 635 643 651 655 657 661 662 662 671 672 677 677 685 689 687 687 695 696 703 708 716 722 719 720 729 737 735 744 741 741 745 750 754 760 766 767 769 769 777 786 9223372036854775808 9223372036854775808 9223372036854775808 9223372036854775808 9223372036854775808 9223372036854775808 9223372036854775808
 51 520 527 519 527 529 534 526 525 529 525 527 523 517 523 532 532 523 528 526 533 534 540 543 540 549 549 553 555 557 551 556 558 565 559 564 557 561 568 577 581 583 590 598 605 602 605 609 611 611 616 624 625 630 635 644 647 649 652 653 656 663 669 670 671 677 683 678 684 687 695 697 703 712 713 717 723 732 735 739 743 740 732 736 745 751 757 758 759 767 768 769 778 781 9223372036854775808 9223372036854775808 9223372036854775808 9223372036854775808 9223372036854775808 9223372036854775808
 56 515 524 518 526 534 527 530 523 522 518 518 514 513 514 523 526 521 530 524 533 529 536 543 538 547 552 550 559 550 549 555 554 562 558 559 555 558 565 569 572 574 582 589 597 596 596 600 602 610 618 626 626 635 636 644 646 653 654 660 665 670 671 675 673 680 680 674 677 682 686 695 701 710 708 716 722 726 727 734 735 731 730 733 741 746 754 750 750 759 760 768 769 773 782 9223372036854775808 787 9223372036854775808 9223372036854775808 9223372036854775808
 58 512 515 517 519 525 519 528 525 517 516 515 515 509 515 516 517 518 527 523 524 528 530 535 537 538 546 547 556 552 545 547 553 553 550 556 554 556 565 567 570 572 576 583 591 588 589 592 601 606 610 619 626 630 635 638 641 645 649 658 667 671 666 675 670 675 674 669 677 686 692 686 695 702 703 709 713 718 727 725 734 726 728 731 734 741 746 745 748 753 757 764 770 776 783 787 779 788 9223372036854775808 9223372036854775808
 66 508 510 515 513 516 514 522 516 516 517 508 507 500 509 516 520 522 523 520 529 531 528 528 537 546 545 538 547 543 544 552 560 551 543 547 553 559 562 566 575 579 584 584 585 587 596 601 600 606 615 621 622 623 632 632 633 638 645 653 659 667 664 672 663 667 666 668 669 678 683 684 693 696 704 705 706 713 718 717 726 724 730 737 741 736 738 742 743 744 751 758 761 770 774 782 778 787 783 9223372036854775808
 73 507 501 507 504 508 510 517 508 512 515 506 500 496 503 511 511 513 515 512 520 528 522 523 528 537 538 536 540 542 549 558 551 543 542 548 550 551 560 564 570 579 584 578 587 582 590 595 599 602 606 614 621 630 629 626 635 642 649 650 650 658 656 665 657 658 665 667 670 679 682 687 692 688 695 697 700 707 710 716 722 723 724 732 732 734 743 741 742 750 753 761 762 764 773 773 776 785 780 785
 74 499 500 498 501 503 507 513 507 503 506 504 496 492 494 503 506 507 510 511 519 519 521 522 521 530 529 535 540 543 550 555 546 545 541 548 542 548 556 555 564 573 575 575 584 575 584 591 593 598 605 613 622 622 621 622 631 636 641 642 649 657 648 656 656 657 658 665 670 678 685 687 685 686 687 688 696 702 703 712 720 714 718 723 724 731 737 740 742 748 750 752 760 769 772 768 767 776 775 776
 83 494 491 497 498 503 505 511 504 502 500 507 499 491 495 498 502 499 507 506 511 511 518 513 518 521 525 532 536 544 552 546 538 542 540 539 539 545 550 554 560 569 578 573 576 573 576 582 589 591 596 605 614 623 620 625 632 635 640 643 648 652 646 647 655 660 666 674 671 680 682 680 683 692 694 693 702 703 709 711 717 709 710 718 727 734 735 742 742 747 752 751 759 764 769 764 765 772 774 782
 89 492 484 493 499 494 503 506 502 502 494 499 496 488 495 489 493 496 498 500 506 504 509 510 511 516 519 523 531 539 543 538 529 535 531 532 536 540 545 551 558 564 571 570 568 570 576 585 593 597 598 607 605 614 615 619 625 630 638 642 643 644 640 649 650 659 667 672 676 675 674 679 683 687 689 690 697 703 701 707 710 708 716 723 728 737 736 744 736 742 745 749 758 765 768 761 762 770 771 780
 93 486 482 488 495 492 498 501 494 493 492 496 490 487 495 486 487 492 498 501 501 499 500 504 503 512 513 514 522 530 537 531 522 526 527 535 544 546 548 554 555 560 567 575 567 574 579 588 597 602 599 599 601 605 614 619 626 624 632 636 637 642 638 645 654 655 662 666 668 674 666 675 674 679 680 689 688 694 693 698 701 704 711 720 723 730 739 744 735 742 741 748 749 756 761 760 769 773 779 784
 94 486 479 486 488 487 494 496 490 484 485 494 495 486 486 482 483 489 489 498 500 495 498 507 502 507 515 515 520 525 528 525 521 523 531 529 536 543 552 549 557 553 561 566 565 568 577 586 588 595 600 595 602 603 610 619 620 621 629 629 633 635 636 644 645 654 658 657 666 669 664 673 673 681 683 681 679 686 689 694 703 712 716 720 726 735 735 743 734 738 740 746 752 751 752 752 760 765 770 775
100 483 478 479 484 485 494 489 489 482 476 485 492 483 481 478 474 482 481 490 491 494 503 503 497 502 507 512 514 518 520 522 515 516 523 524 527 536 544 548 550 547 552 559 562 571 577 578 579 588 591 593 602 605 606 612 619 620 627 627 626 635 632 638 643 647 655 654 661 661 661 667 671 679 675 672 678 680 685 694 702 709 716 718 718 727 733 735 728 729 736 738 744 750 755 751 753 760 769 777
109 474 471 477 477 486 487 480 486 484 475 477 484 476 472 474 471 474 476 483 492 494 499 499 496 498 499 504 507 509 511 513 514 522 521 526 520 529 535 540 541 544 545 554 555 564 570 577 581 587 584 592 598 604 610 619 615 624 621 620 624 629 626 633 639 641 650 645 652 652 653 658 662 671 677 669 678 687 693 696 700 706 715 722 713 722 724 726 727 732 735 742 735 742 747 743 748 754 760 769
118 465 464 471 473 479 484 479 478 475 474 479 477 469 468 472 468 475 481 487 488 491 493 494 494 493 496 497 498 500 508 508 515 513 515 518 518 520 529 536 544 546 549 553 556 562 570 571 580 580 583 588 596 605 605 611 610 615 612 611 617 620 617 626 632 634 643 642 643 650 651 659 667 675 673 667 672 678 685 687 696 702 706 714 712 716 721 717 719 728 734 733 734 734 743 739 744 751 753 761
122 456 461 464 467 474 478 483 474 479 472 474 474 472 463 463 467 468 472 479 481 490 489 485 491 492 490 496 505 503 503 505 506 506 509 514 516 524 533 541 543 547 550 559 553 559 566 568 577 575 577 580 589 596 601 602 608 612 611 610 610 611 616 623 632 637 635 634 643 644 644 653 660 669 667 664 673 679 681 689 689 698 705 705 703 712 718 716 718 727 728 732 739 731 735 736 745 753 757 762
127 453 457 463 463 468 470 477 472 472 465 468 471 469 460 459 465 459 464 472 481 485 488 479 482 486 489 487 496 495 502 499 504 501 510 514 523 529 528 532 534 540 541 550 551 553 557 565 574 573 578 579 581 590 599 601 602 611 604 601 608 616 615 623 632 628 629 633 640 641 642 644 653 661 662 663 664 672 680 681 686 695 696 705 702 704 713 708 712 720 727 735 735 727 736 730 738 744 753 754
132 448 451 460 455 460 469 478 470 465 464 460 468 465 460 453 458 456 462 471 476 476 480 471 477 480 480 485 492 492 493 493 501 500 502 511 519 525 522 526 533 539 544 548 552 557 558 559 567 569 577 584 577 583 590 595 601 607 603 595 599 608 614 615 624 627 630 639 648 644 643 652 660 662 668 664 671 672 678 679 685 694 700 696 698 696 705 705 708 716 718 727 726 726 727 728 737 740 749 753
133 447 445 452 452 460 469 472 469 460 458 452 459 456 456 452 451 454 458 467 470 468 472 469 470 471 478 478 483 489 486 491 498 493 502 508 514 516 517 518 527 530 537 540 545 552 560 559 560 568 577 581 572 575 584 586 595 600 600 592 595 603 605 609 618 620 623 631 639 640 641 648 657 663 664 657 666 668 673 681 688 688 691 687 689 692 698 699 708 711 720 727 722 725 729 737 738 742 744 749
141 449 442 448 446 455 464 465 464 458 460 451 453 453 448 457 450 455 458 462 461 460 466 461 461 467 469 477 478 480 482 483 491 492 498 507 516 525 526 525 534 538 538 547 554 553 562 558 560 569 575 572 568 572 575 583 589 592 591 590 598 601 609 616 612 611 620 626 634 641 634 643 651 655 655 649 657 666 671 676 679 684 691 684 688 690 699 708 701 703 712 720 719 721 729 732 741 744 753 752
142 448 440 439 441 450 457 458 457 450 456 448 445 452 446 450 449 446 455 458 460 451 459 459 455 464 470 479 487 487 491 490 499 501 504 513 518 527 526 528 537 543 545 549 551 556 553 555 564 568 568 573 565 564 570 575 581 585 590 586 595 597 606 607 608 609 616 623 625 632 633 636 645 647 647 648 655 663 667 668 672 676 683 681 690 696 692 699 696 698 706 714 715 719 726 733 742 743 752 755
151 450 441 432 436 444 451 449 453 446 447 440 438 443 443 444 445 443 446 451 453 449 450 456 454 462 468 472 481 484 493 489 494 495 503 512 519 523 525 526 535 543 546 547 545 549 549 556 564 561 560 567 570 563 564 571 576 577 581 582 591 600 602 611 610 612 614 623 624 631 624 633 638 641 642 649 656 657 659 660 666 667 674 680 685 692 691 692 693 701 707 710 712 720 727 735 744 752 754 754
155 444 438 429 430 439 442 448 444 437 439 442 437 440 435 444 446 442 451 452 451 447 451 451 453 454 463 472 475 482 490 488 494 503 509 507 510 517 524 526 532 536 541 540 538 540 543 552 555 558 551 560 564 561 568 577 577 585 590 591 594 602 607 611 612 615 622 625 633 631 623 625 634 639 641 647 654 661 665 666 665 670 679 674 678 683 685 694 692 700 708 711 720 728 736 741 743 743 749 745
162 435 433 428 434 436 445 443 437 429 431 434 429 435 426 435 439 440 449 451 443 440 443 449 457 459 467 471 477 479 481 482 487 496 505 502 511 517 524 530 531 535 535 532 530 531 539 546 546 549 550 557 558 560 569 578 582 589 597 599 595 595 598 603 612 619 622 619 624 626 619 626 632 633 635 644 652 653 660 661 658 665 671 666 672 674 681 686 688 693 699 705 714 722 731 738 741 739 744 741
171 428 434 427 430 427 436 440 431 426 422 425 428 426 425 433 442 441 450 442 436 439 440 449 458 460 467 465 472 476 482 483 490 494 496 501 503 511 518 525 525 527 529 524 521 529 530 538 544 553 552 561 563 569 577 578 581 583 588 592 588 588 594 598 607 612 614 614 615 617 618 623 624 633 634 640 649 658 659 659 656 664 662 665 670 674 675 684 692 699 705 707 712 716 723 730 732 736 741 739
176 421 427 425 423 426 431 432 423 418 421 428 419 428 424 429 437 438 442 433 435 442 447 456 462 462 467 464 470 476 477 485 483 487 495 504 512 512 520 520 522 523 528 519 516 525 534 539 542 544 551 558 555 561 570 572 576 583 589 583 579 587 591 594 600 604 606 613 614 611 613 618 627 630 633 636 645 654 660 654 654 662 661 669 672 674 683 689 690 699 708 713 718 724 721 722 727 728 736 738
180 415 418 416 417 418 423 431 424 415 413 421 414 421 422 431 435 444 435 431 434 440 446 451 456 459 464 460 464 473 476 480 482 483 486 495 504 513 513 514 517 518 522 513 513 520 528 537 534 542 544 552 553 561 563 564 573 574 581 582 575 584 591 592 601 602 606 605 605 603 604 613 620 622 625 634 639 646 652 645 646 653 658 664 668 669 675 684 692 697 701 706 709 718 714 722 727 736 739 731
184 406 409 410 416 423 423 424 416 415 408 415 412 420 422 426 429 436 427 430 434 441 443 452 452 461 456 454 459 468 469 473 482 491 485 492 497 505 506 510 509 517 515 507 508 515 520 528 531 539 544 544 552 554 556 557 564 568 572 573 574 575 584 587 592 597 601 599 600 602 604 608 613 614 623 631 632 641 646 644 649 647 650 659 663 671 674 683 691 688 697 698 704 710 706 713 720 727 736 729
193 399 406 402 408 414 418 416 408 409 407 408 410 418 419 424 420 429 425 430 428 432 438 446 449 455 459 453 462 459 467 469 478 482 484 491 496 505 511 516 507 514 513 506 515 515 519 519 528 530 535 540 549 558 562 564 571 575 572 577 583 584 586 593 593 595 597 598 607 611 611 614 615 622 623 632 641 639 639 640 641 646 655 651 660 664 672 677 686 687 693 699 695 702 703 712 713 718 727 728
201 391 397 401 410 408 410 407 407 403 401 410 414 417 416 417 416 424 424 429 424 433 430 437 440 446 455 452 455 458 466 471 476 483 490 496 494 501 508 507 498 507 511 503 508 514 514 516 524 528 537 542 550 553 554 560 564 567 569 573 580 586 595 595 602 602 599 600 601 603 604 607 615 617 622 630 632 630 638 645 642 643 649 650 658 662 666 671 680 687 684 690 691 700 708 712 720 726 733 737
206 390 391 393 401 406 401 403 404 407 400 403 407 412 412 414 414 416 423 428 422 425 427 436 438 445 447 449 452 460 467 475 482 480 483 487 490 495 500 504 496 500 506 500 501 509 513 521 523 531 534 535 544 552 560 561 569 566 571 576 580 589 597 597 605 602 601 602 610 605 613 608 615 621 621 628 623 624 631 639 643 650 652 653 662 666 673 676 684 679 681 687 691 700 705 706 714 723 732 736
214 383 385 384 393 397 394 400 403 405 399 394 403 407 407 407 409 415 423 428 421 428 431 436 445 439 440 449 455 463 465 466 473 478 480 481 482 491 493 496 495 497 499 498 505 506 514 520 527 534 538 536 542 551 559 560 564 565 571 580 588 594 594 600 603 602 607 610 618 614 614 609 610 612 619 620 622 627 636 641 648 651 652 656 659 661 665 674 677 678 687 694 692 701 708 708 710 719 724 727
219 380 382 382 385 391 385 391 400 401 396 392 400 404 404 405 408 407 415 419 415 421 425 432 437 438 444 452 451 456 458 466 473 482 482 483 483 489 488 487 489 492 493 497 499 508 513 521 523 532 541 540 541 542 551 554 555 564 566 575 579 588 585 593 601 599 600 609 611 619 622 614 619 620 627 624 631 636 637 641 647 648 655 661 666 670 671 680 680 685 694 698 697 705 706 714 711 715 724 733
225 373 379 380 377 382 383 392 394 394 391 383 391 396 396 404 404 400 409 410 414 420 427 428 436 438 439 445 450 459 465 468 474 478 485 488 490 488 485 486 494 494 500 505 508 516 522 516 524 527 533 531 532 535 544 546 555 559 560 567 576 581 580 589 592 593 594 601 604 613 621 623 619 621 623 631 638 643 643 648 648 651 659 661 665 674 680 687 686 694 697 706 703 709 715 723 719 717 719 726
232 372 371 377 370 375 384 389 388 397 389 382 388 394 394 403 397 398 406 413 415 423 430 432 430 435 434 440 446 455 464 469 474 482 489 488 481 479 484 488 496 495 497 498 500 508 517 511 518 521 524 527 530 538 545 549 558 562 568 568 570 575 578 587 588 594 603 610 605 607 615 616 617 626 625 630 637 643 649 657 653 660 664 670 671 680 688 692 693 699 706 715 712 718 723 726 722 718 719 728
241 375 370 371 366 375 381 385 381 389 385 380 389 390 391 395 396 398 400 408 414 422 425 424 427 430 432 441 445 451 459 460 469 476 480 479 478 475 481 490 497 501 504 500 504 506 508 509 510 515 517 526 530 535 536 543 549 558 564 573 574 582 579 587 593 596 605 608 607 615 612 607 610 619 622 630 631 635 644 651 655 662 667 672 673 682 690 693 700 700 707 708 715 723 729 731 730 727 726 735
250 368 361 362 364 369 373 379 380 388 386 377 383 389 394 396 396 402 409 413 420 424 421 421 430 436 437 442 449 450 452 454 462 469 474 482 473 474 483 486 495 504 498 507 512 507 516 517 518 516 517 519 526 535 536 545 554 557 563 570 573 581 582 583 592 592 599 601 608 615 607 606 614 623 626 634 637 643 648 657 656 661 668 675 681 678 687 691 697 702 711 712 721 730 738 740 733 736 728 732
255 359 360 367 371 370 378 373 379 385 382 375 378 381 389 394 393 397 402 406 411 420 420 420 429 431 437 445 454 450 451 453 462 463 467 473 468 477 485 487 494 496 497 504 505 508 515 516 525 521 522 521 523 531 538 546 548 549 555 564 566 574 581 584 593 590 598 606 601 606 603 605 614 620 627 632 641 649 656 653 653 654 662 666 675 676 685 694 702 711 720 716 725 734 739 747 742 740 736 733
256 358 358 364 364 369 372 365 372 377 374 369 377 377 386 389 385 389 395 397 404 411 412 418 426 435 436 440 448 449 455 454 455 460 464 465 467 474 478 487 495 494 500 506 513 517 517 525 526 529 523 527 524 531 535 543 547 548 554 560 567 571 574 575 584 587 596 597 599 601 602 610 613 620 629 630 639 646 647 648 651 655 664 669 671 680 689 690 696 704 711 720 726 729 736 740 739 739 741 739
261 351 349 358 360 369 365 357 364 368 368 363 369 374 379 385 382 390 399 402 411 413 416 425 428 434 438 442 448 457 461 461 464 466 466 472 473 477 480 481 486 488 491 497 506 515 524 533 534 529 524 532 531 532 533 535 543 552 560 568 568 572 577 581 587 596 603 601 607 609 611 618 621 629 638 636 645 652 653 656 660 656 665 666 675 680 689 698 702 710 719 715 723 728 735 736 737 738 746 744
270 346 342 351 351 360 356 354 363 359 360 362 371 371 378 376 377 382 391 400 409 408 415 423 430 431 436 445 453 460 458 462 466 474 474 479 477 484 489 490 494 490 492 500 509 514 515 524 525 530 533 536 536 537 538 542 549 557 561 565 574 581 578 584 593 597 600 607 614 610 618 620 625 627 635 644 653 656 662 663 659 658 666 675 684 684 693 702 710 715 710 712 718 719 726 734 743 747 748 746
275 337 341 348 342 351 350 353 354 358 364 365 367 369 374 375 383 391 398 402 403 404 410 416 421 429 432 441 450 453 454 463 471 471 472 481 483 492 492 493 499 492 500 509 503 511 513 522 528 530 531 540 543 546 547 549 558 566 570 570 576 581 580 587 592 598 606 611 609 610 613 616 625 632 641 648 649 658 666 667 661 664 665 670 676 679 688 697 701 707 708 717 726 726 732 739 739 747 740 748
276 335 333 339 341 343 344 351 353 354 355 361 370 373 376 380 386 393 402 403 409 407 416 423 425 428 431 433 441 449 458 464 470 470 473 481 487 492 488 489 498 501 500 501 502 507 516 525 521 527 536 545 548 546 546 551 553 560 566 567 576 584 587 591 599 600 606 607 608 613 622 624 633 636 640 641 650 655 661 662 668 665 673 678 685 688 689 694 697 702 711 720 718 725 733 739 738 746 738 747
277 328 325 331 338 339 347 356 362 362 362 364 373 382 383 388 395 396 398 401 403 411 416 425 424 432 436 437 446 453 455 461 462 463 470 473 478 485 484 492 490 492 493 501 508 515 518 519 520 529 535 538 541 542 544 549 558 562 567 576 585 588 596 596 594 602 611 614 613 619 621 630 630 634 635 643 649 656 664 667 663 669 675 680 684 693 694 692 697 702 707 712 713 722 728 732 737 740 734 743
284 319 324 328 337 340 342 350 353 359 360 363 372 381 385 392 395 391 393 394 403 409 411 418 423 430 439 441 445 446 449 452 453 454 463 464 473 481 482 484 486 495 500 503 504 511 520 519 526 533 539 546 547 544 553 556 564 571 574 581 581 587 588 587 590 598 607 607 605 611 619 621 629 636 643 649 647 649 657 658 659 666 674 682 683 684 686 691 692 698 706 712 721 729 724 725 728 731 732 737
291 292 319 328 329 338 341 350 355 357 361 368 372 377 379 385 389 390 394 399 408 408 412 420 419 428 436 444 447 449 455 460 458 463 467 465 473 479 488 486 488 489 491 500 501 510 517 518 519 524 532 541 550 545 553 562 571 574 581 577 576 583 587 583 584 589 598 599 604 607 616 624 630 635 641 642 645 649 657 662 664 665 667 675 676 684 687 690 699 704 705 712 717 720 723 722 729 738 737 740
300 301 310 314 315 332 340 349 350 354 363 364 373 369 376 385 390 399 401 401 403 402 408 416 417 420 428 435 442 448 454 456 461 469 470 474 476 479 485 493 496 494 499 500 508 516 524 527 527 532 539 546 547 549 555 560 564 565 574 580 575 576 584 581 589 598 605 607 613 608 611 617 625 630 635 640 641 650 659 660 668 667 676 680 682 689 690 692 693 695 696 705 708 711 718 719 728 737 744 749
309 310 319 323 323 335 338 343 350 359 365 365 368 366 370 379 381 390 393 394 397 398 405 414 423 428 433 436 444 447 455 461 463 471 474 474 481 480 485 493 494 498 503 509 516 521 519 525 534 530 531 540 548 554 558 566 569 574 580 573 574 575 577 579 587 590 598 602 609 616 616 623 628 635 644 649 644 653 655 656 664 665 667 671 676 685 687 693 694 703 704 712 717 720 727 724 730 731 740 747
311 319 324 326 332 336 337 343 352 353 354 355 359 365 366 375 384 391 400 403 403 405 409 413 419 420 429 435 441 448 455 457 462 464 465 473 479 485 491 500 503 503 511 511 516 513 518 525 528 526 529 533 542 546 552 559 561 570 571 572 574 583 586 583 584 593 599 601 610 614 617 619 626 633 636 643 644 650 656 664 667 673 676 674 675 679 685 692 697 701 705 707 710 711 720 729 738 735 739 743
319 327 328 330 334 336 343 351 352 360 362 357 361 366 370 375 384 389 394 403 404 412 411 418 427 422 431 437 439 443 448 457 464 473 466 470 471 477 486 492 495 494 502 507 508 509 516 517 520 523 532 540 544 547 549 555 556 564 569 578 583 584 586 588 591 598 602 607 608 617 625 628 633 634 635 634 639 648 657 658 667 668 671 672 680 688 693 699 706 706 714 710 714 720 725 726 731 740 741 750
320 323 332 339 339 341 350 352 359 361 369 358 359 364 371 374 383 390 392 396 402 411 415 424 431 431 440 442 448 447 456 463 467 468 472 479 480 486 488 484 490 493 498 500 509 516 518 520 525 525 532 538 547 553 554 561 562 564 565 574 583 590 588 591 600 599 601 606 610 619 620 625 634 631 632 633 642 651 660 666 667 674 675 679 682 691 694 695 703 712 721 719 718 721 723 725 733 735 744 753
323 332 341 347 346 349 352 360 362 369 371 362 360 369 375 379 380 385 392 398 406 410 417 424 429 432 440 441 449 450 454 463 472 473 476 476 476 479 486 482 484 488 489 498 501 507 509 511 520 521 524 532 539 544 546 552 555 559 568 570 574 582 590 599 601 608 609 600 603 611 620 626 627 630 631 640 649 651 652 658 666 673 673 679 686 694 703 702 707 715 720 723 725 723 725 730 738 744 753 762
332 339 347 352 353 358 355 363 366 373 372 371 361 368 376 385 389 393 392 398 401 407 416 423 429 434 442 447 451 456 463 472 473 468 469 473 475 476 480 481 482 491 491 492 493 502 510 518 521 530 528 536 545 551 553 560 564 564 570 576 576 579 585 594 601 600 605 598 606 613 614 622 630 636 632 634 640 647 655 664 666 665 672 675 684 691 698 704 705 708 715 720 724 729 734 736 744 750 757 760
339 348 355 360 361 359 356 357 366 370 379 371 362 366 371 378 384 387 388 398 404 410 419 427 422 431 434 439 442 450 456 465 465 467 474 474 476 483 488 485 487 493 498 501 500 502 508 513 522 528 529 537 540 548 549 556 563 567 572 575 577 577 582 588 592 592 597 596 602 611 617 626 628 637 640 643 648 651 659 660 658 662 668 670 677 686 692 695 696 704 713 720 724 728 726 728 736 743 752 760
344 353 359 365 370 365 359 366 374 372 379 377 371 371 373 378 381 390 397 400 401 410 411 419 420 429 430 431 433 442 449 457 460 464 471 479 483 490 492 491 495 499 506 509 504 505 510 519 528 537 538 542 542 543 547 555 558 567 568 572 572 574 582 589 589 591 593 594 602 603 612 621 629 633 640 646 649 657 654 656 657 659 666 675 677 681 688 696 699 700 708 713 717 724 721 729 737 743 750 756
350 357 366 365 372 370 362 363 365 374 380 373 372 376 377 385 386 393 395 404 410 419 412 418 427 430 438 432 439 440 449 455 463 472 477 484 491 496 500 499 500 500 502 507 513 506 512 520 529 537 546 545 548 552 556 556 563 567 568 569 571 578 579 582 588 593 595 603 611 612 620 623 624 629 638 647 651 651 653 662 663 660 669 673 676 681 690 696 702 701 706 712 719 716 720 729 729 735 744 749
353 361 362 364 366 372 368 371 373 378 378 376 373 378 380 386 394 400 397 400 408 416 413 418 420 429 437 438 440 448 457 464 466 473 481 484 490 499 496 501 506 507 503 508 517 514 520 527 529 534 541 543 551 556 558 565 569 568 575 572 575 576 580 583 590 592 597 598 606 612 617 621 625 634 635 644 648 649 656 658 667 664 665 667 676 680 689 698 699 700 703 712 711 714 720 724 728 737 745 752
357 365 369 373 373 378 369 378 382 386 381 382 381 382 388 391 394 402 403 406 415 416 419 427 428 431 440 447 448 452 454 463 465 473 482 480 487 493 494 502 506 504 510 516 517 522 527 533 532 533 542 547 556 565 559 561 562 565 571 580 576 584 587 590 598 593 601 607 613 621 618 620 627 630 639 648 653 650 653 659 667 671 673 676 684 681 688 696 705 705 703 705 708 713 721 725 734 737 742 751
363 372 378 381 379 385 378 387 389 384 383 385 385 391 389 398 398 407 412 413 419 423 423 427 428 436 440 442 443 444 453 454 458 467 475 476 481 484 493 499 501 502 511 519 526 531 534 542 533 537 546 555 564 560 560 569 569 566 575 578 578 586 595 594 603 602 607 608 610 619 625 624 625 628 634 643 645 653 660 663 665 672 680 685 693 686 687 691 699 701 702 711 717 714 721 725 727 734 735 743
364 373 380 381 388 387 384 391 389 387 387 387 393 396 396 398 400 408 409 413 422 428 428 435 437 445 444 444 445 451 457 463 466 475 479 484 489 493 494 502 509 506 515 521 522 531 539 548 540 545 554 557 558 557 564 565 573 574 580 586 584 589 598 600 602 607 609 616 614 616 624 626 628 637 636 638 647 656 663 671 666 674 675 678 687 690 690 699 706 704 706 712 718 715 724 732 735 737 744 745
372 381 383 390 389 394 391 398 390 394 390 391 397 397 405 399 401 405 407 415 422 431 435 436 437 441 448 452 453 460 466 464 471 476 484 490 497 500 496 499 508 512 513 521 524 529 535 542 545 548 554 556 554 555 564 571 573 577 578 579 587 589 590 593 600 604 613 608 609 618 627 627 633 639 638 644 653 655 659 662 670 666 674 678 682 686 691 694 701 710 710 714 715 723 725 731 732 741 743 752
381 390 386 390 395 395 396 401 394 403 395 394 403 404 412 407 408 413 415 424 430 434 435 438 438 446 455 460 461 469 469 473 475 485 488 489 493 494 500 499 502 506 514 517 523 532 533 535 543 545 546 549 550 556 563 564 565 567 568 578 584 591 595 595 600 605 606 607 613 615 622 627 631 632 634 643 652 655 662 666 664 665 671 679 680 681 690 691 700 706 715 717 723 728 734 732 734 735 742 749
390 392 395 392 395 404 405 404 398 401 398 403 408 405 411 416 417 422 417 418 426 435 444 447 446 454 463 468 470 475 478 477 480 481 486 490 491 495 497 498 507 509 511 520 521 529 533 537 543 547 555 552 553 556 564 573 573 575 569 570 575 584 589 590 591 596 603 607 613 622 631 629 637 640 637 640 644 646 654 658 662 667 671 676 678 687 693 700 704 711 712 720 721 728 729 732 733 738 745 752
399 395 404 399 397 400 405 411 402 406 402 407 416 413 418 420 420 428 419 423 432 433 441 442 446 447 456 465 471 476 481 481 483 489 495 496 496 504 501 501 505 513 518 527 525 526 535 539 540 549 550 552 561 557 565 571 577 583 575 571 577 578 582 592 596 605 611 609 618 622 628 629 637 643 644 641 646 654 661 667 671 671 677 683 687 689 694 699 706 713 713 719 728 736 734 733 734 740 742 748
403 404 410 408 406 408 412 411 407 408 407 408 417 422 427 423 428 425 421 429 438 437 443 448 453 455 463 466 475 476 484 482 488 496 503 498 503 510 508 509 510 518 524 528 527 535 542 544 549 554 559 560 562 559 565 574 583 585 578 578 586 586 587 590 596 599 606 607 613 618 625 634 635 640 649 650 647 651 652 658 663 671 675 684 693 697 703 700 708 715 722 723 726 734 742 742 741 749 748 749
411 413 419 414 415 417 421 420 411 409 416 409 411 420 425 431 437 434 429 431 432 441 444 453 454 463 467 467 472 481 490 490 493 497 506 504 505 513 515 515 516 525 532 536 535 544 544 545 551 560 563 569 564 560 569 575 577 579 580 581 589 594 595 597 604 606 612 616 615 624 629 635 644 649 650 659 652 659 659 661 668 673 681 689 695 703 711 706 707 715 719 727 732 740 747 751 749 758 757 753
419 414 418 417 417 426 430 422 417 418 413 412 415 416 421 422 431 433 435 439 441 443 447 455 457 466 468 473 480 489 491 495 495 496 504 512 514 515 518 524 519 520 529 536 544 545 553 546 547 554 563 569 573 567 576 584 582 585 581 587 594 600 603 604 613 608 617 621 616 624 632 641 649 657 658 667 659 668 660 663 671 678 683 684 692 701 702 704 713 719 727 736 739 740 747 756 751 756 765 757
428 421 426 425 418 420 428 424 421 417 416 421 416 425 423 431 438 436 443 445 450 444 453 461 464 471 475 481 488 496 500 501 504 498 501 505 511 513 521 522 520 521 526 527 535 543 549 555 554 558 566 567 576 576 585 590 587 594 589 595 603 606 610 612 620 615 624 626 623 631 639 641 641 650 656 660 658 661 666 672 675 676 683 689 690 692 699 707 715 723 731 733 741 741 748 749 758 764 765 766
437 429 428 433 426 429 431 424 423 419 421 430 425 432 425 426 429 436 437 440 443 451 455 462 464 468 477 483 492 501 505 510 502 500 501 508 517 518 525 526 526 522 525 529 532 539 547 552 554 563 564 568 570 571 579 587 591 600 593 594 602 607 611 613 622 620 624 625 625 634 642 639 640 642 650 651 655 664 672 674 675 678 686 692 694 695 704 712 713 720 728 736 738 740 746 754 755 764 773 772
445 438 431 440 435 430 430 429 429 425 423 431 433 430 428 431 436 442 446 442 446 448 457 460 466 474 475 482 489 498 503 506 510 501 502 504 510 519 526 535 535 531 534 531 539 547 552 555 561 562 571 576 579 578 587 590 595 600 602 597 604 611 614 618 626 629 632 629 628 630 632 636 639 640 649 653 663 666 671 675 676 681 690 697 703 700 709 716 722 728 733 739 741 748 754 754 760 760 764 772
440 436 433 434 442 434 437 430 430 431 432 439 434 435 432 439 443 451 453 444 445 448 456 457 458 465 468 477 481 490 499 500 501 504 511 513 519 526 533 542 541 540 542 540 548 556 561 557 563 565 566 575 576 579 588 592 597 602 609 605 612 620 622 627 635 636 634 632 630 636 640 644 648 649 655 657 667 674 678 683 685 685 690 698 706 709 717 719 726 729 733 742 739 739 747 753 754 755 759 767
449 442 442 442 444 442 435 431 437 435 436 438 443 443 440 447 444 445 454 453 449 456 461 466 459 468 476 481 488 494 495 502 508 511 508 516 525 524 528 535 539 548 550 547 554 555 560 558 565 574 573 577 578 587 588 590 598 607 616 612 620 626 631 636 636 643 640 640 633 642 648 645 651 658 662 659 669 677 685 683 685 692 689 697 705 714 716 719 721 724 724 733 730 731 738 747 751 755 762 768
453 445 446 451 445 441 440 440 445 436 441 445 448 449 444 453 445 454 460 462 457 458 463 470 467 470 477 483 490 495 498 496 499 504 506 510 519 521 527 528 536 545 550 548 553 561 562 567 574 583 575 584 580 585 591 597 603 611 611 616 622 622 627 630 637 645 646 644 636 645 653 647 650 657 661 663 667 672 680 680 682 683 686 695 700 707 712 719 727 723 716 725 729 731 740 749 758 762 762 771
456 449 447 455 454 450 449 449 446 445 448 452 456 450 453 449 446 454 462 463 465 460 469 472 470 475 476 481 485 486 490 494 502 511 509 510 517 521 526 527 536 545 551 550 553 562 568 570 573 582 584 593 589 586 594 601 602 603 605 609 613 620 628 629 638 644 647 643 639 643 651 655 651 657 665 670 668 670 671 674 676 685 692 696 697 704 703 711 718 719 714 723 726 735 741 745 754 758 759 768
463 457 455 464 460 455 458 456 455 448 449 458 463 456 462 456 455 456 461 468 474 469 478 473 475 483 485 484 493 495 495 503 506 514 518 516 525 530 533 536 539 540 549 552 559 567 575 573 581 588 591 598 591 595 597 602 606 606 613 617 616 622 631 638 642 649 654 649 640 649 651 656 653 662 669 676 670 672 679 681 679 684 685 692 694 698 702 704 709 710 711 720 725 728 735 744 749 750 758 760
471 466 464 473 469 462 460 457 458 449 458 461 469 461 468 459 464 458 467 469 478 470 472 479 478 487 488 485 487 491 500 509 511 515 524 523 530 537 537 543 548 549 556 557 564 569 573 577 581 590 592 597 593 602 598 607 614 608 615 624 621 629 635 644 643 650 651 652 644 653 660 664 657 664 668 668 677 680 687 682 684 689 691 700 701 700 704 705 713 713 714 723 725 734 743 747 752 758 764 761
479 473 473 471 470 469 467 458 460 452 461 467 473 470 470 461 467 461 468 473 481 479 481 488 485 491 497 494 490 499 502 504 513 514 523 531 538 544 543 544 546 554 561 560 564 571 573 579 588 597 593 602 602 611 603 611 616 617 620 629 627 631 637 644 652 644 651 652 652 659 667 665 659 660 661 666 675 683 690 685 688 692 695 703 708 701 708 714 720 716 722 723 731 739 740 749 758 759 764 767
486 482 473 472 477 477 468 459 467 459 466 470 476 473 479 470 470 467 474 475 478 479 485 491 487 488 492 500 492 501 503 512 518 519 528 536 537 546 552 550 555 563 568 569 566 568 574 583 589 596 594 595 597 605 604 606 612 613 621 627 628 622 631 638 643 636 645 651 660 668 676 667 664 667 665 669 677 681 688 691 697 700 703 708 705 703 705 710 712 719 722 728 735 738 745 754 763 766 773 776
489 480 479 480 484 475 470 461 468 468 474 479 480 475 482 477 479 476 475 476 479 480 488 497 495 490 499 497 494 495 498 505 514 520 525 534 537 541 548 555 556 564 568 569 567 572 575 584 586 588 596 604 598 607 611 607 610 613 617 619 620 621 625 634 640 635 643 650 653 661 668 674 673 671 668 671 679 687 693 700 701 708 710 717 713 708 712 719 719 725 725 726 735 742 751 759 766 767 776 783
495 486 488 485 485 476 476 470 469 477 475 478 485 476 485 486 487 485 484 485 480 488 494 503 496 491 499 501 503 497 506 514 521 521 525 531 532 539 542 547 554 563 571 572 575 580 584 592 587 595 596 601 606 614 617 615 615 617 625 624 624 622 630 631 632 634 639 645 646 652 661 669 676 680 676 679 681 684 693 694 695 699 705 714 714 709 712 719 722 727 731 733 734 743 751 753 759 766 769 774
492 489 491 492 486 485 478 471 475 477 480 480 483 484 491 489 493 490 485 485 483 484 486 495 504 500 504 509 505 506 514 518 527 530 532 533 538 543 544 548 557 564 568 571 580 588 587 596 594 600 605 610 609 615 621 623 616 624 632 626 633 631 635 638 639 636 637 643 652 655 659 662 668 671 673 677 678 680 685 687 696 704 711 712 714 716 715 716 720 725 727 736 741 745 746 754 756 765 773 777
501 493 498 501 495 494 487 480 481 482 488 488 484 487 496 490 495 492 490 493 484 493 494 503 511 507 505 514 507 513 522 527 536 539 537 541 543 548 553 549 554 560 561 570 575 582 586 595 597 598 601 606 614 615 617 623 625 631 640 631 638 639 642 644 648 644 646 652 660 663 664 669 673 677 675 684 680 687 686 695 701 705 708 717 720 724 719 724 721 729 736 745 744 745 754 760 758 763 765 768
502 501 507 502 503 499 490 486 482 487 491 489 487 488 496 498 502 494 493 501 492 493 494 503 509 508 512 521 512 521 522 531 539 548 544 542 551 554 553 552 553 559 568 575 584 591 591 599 605 599 600 609 615 624 624 630 632 632 640 639 644 642 644 653 652 645 651 654 655 656 657 663 671 672 680 684 689 689 695 697 703 708 712 713 715 723 728 728 722 726 728 737 738 747 753 754 758 759 768 776
508 506 514 509 501 498 492 490 489 488 496 497 494 494 501 507 507 503 495 504 498 502 503 504 508 512 516 517 514 523 527 536 541 550 549 543 549 556 562 559 559 565 573 580 584 593 597 599 608 603 609 611 618 623 627 630 635 634 638 641 646 650 650 653 656 647 656 662 664 660 662 664 669 676 678 687 695 698 698 698 700 709 718 714 721 728 734 730 726 732 734 735 737 738 744 752 753 758 766 770
517 515 515 507 503 494 493 498 497 493 494 495 500 499 505 514 511 502 501 510 505 511 512 509 517 515 516 517 517 525 530 539 545 546 555 548 555 564 561 560 568 566 571 580 589 595 604 607 616 611 617 620 626 632 636 636 644 643 644 642 647 654 659 659 658 649 651 655 660 665 670 667 671 672 675 682 691 692 697 698 702 703 710 718 726 732 736 733 731 735 742 741 746 740 747 753 758 757 758 761
524 515 507 506 497 496 501 502 498 501 499 497 506 500 508 509 518 511 506 509 506 510 519 513 521 516 524 525 525 526 528 536 539 545 554 557 564 568 570 563 567 575 579 588 597 604 611 614 615 613 615 624 627 635 636 644 651 652 649 650 656 658 664 660 662 658 652 659 663 667 668 676 679 679 684 689 698 700 698 702 710 705 708 710 718 727 727 736 737 742 748 750 751 742 743 744 749 755 763 762
521 514 507 506 498 502 510 506 507 505 508 506 511 503 510 510 515 518 509 513 508 517 526 520 529 523 532 527 529 533 534 542 541 547 556 560 569 569 574 568 574 582 585 593 602 607 616 623 622 618 622 631 635 640 643 646 652 660 652 651 660 667 669 669 665 657 655 663 670 673 676 682 687 688 692 694 698 699 707 707 715 706 709 710 718 720 723 731 739 740 745 746 748 745 749 747 757 757 761 769
526 520 511 507 507 505 507 507 516 507 513 515 513 504 513 519 518 517 510 517 516 519 526 525 530 529 536 531 532 537 539 548 550 556 557 566 569 578 579 575 583 587 592 594 601 602 611 620 627 626 623 632 640 641 646 653 658 667 660 654 660 669 678 678 669 662 661 669 673 682 684 689 696 689 697 697 698 701 710 708 717 714 718 719 727 724 732 740 746 748 746 754 753 752 757 753 756 758 767 774
526 518 512 515 513 512 509 512 515 508 512 521 516 513 522 520 520 526 519 522 522 528 535 529 536 530 539 536 541 539 541 548 555 560 562 565 574 581 581 584 589 594 595 595 601 605 612 621 625 632 624 632 641 650 650 653 658 665 669 663 669 676 681 680 678 670 670 675 681 690 685 694 699 695 702 703 704 702 711 713 722 722 727 728 733 725 734 742 751 757 754 763 754 757 760 760 763 759 760 764
528 521 521 522 521 518 518 519 510 509 517 520 523 514 519 524 528 527 526 524 524 526 532 537 536 535 536 545 549 546 550 549 557 565 571 567 576 577 585 582 591 595 604 600 605 614 618 620 628 632 631 637 641 642 651 660 659 660 666 668 675 684 690 683 677 674 676 683 690 693 691 700 704 696 703 711 706 705 708 709 716 719 728 737 740 733 740 744 753 760 762 767 759 765 765 764 769 761 768 770
531 525 526 530 522 526 525 523 516 514 521 521 530 523 528 533 537 533 531 530 532 528 536 544 545 536 544 545 553 551 558 555 562 568 575 568 575 580 588 581 582 591 600 609 614 611 611 616 622 623 624 628 632 634 643 652 661 669 671 677 676 685 690 691 685 677 685 692 694 695 699 702 710 704 709 714 715 706 714 718 720 728 734 740 743 735 744 753 757 765 771 771 766 772 771 773 777 770 774 771
534 534 528 531 527 534 526 524 523 523 523 530 532 525 534 541 546 541 532 531 534 531 539 541 550 543 544 552 555 560 567 564 564 573 580 572 574 576 579 580 582 586 594 602 608 609 610 612 621 629 630 637 640 643 646 654 661 670 678 678 684 693 694 696 691 685 694 700 701 696 701 708 711 709 712 713 717 714 722 727 729 729 737 738 744 736 743 750 758 759 766 774 772 773 780 782 781 777 782 780
