  0 571 565 570 573 569 578 580 581 579 572 568 562 567 568 566 560 561 565 564 567 576 584 580 589 584 582 587 590 591 595 592 593 602 602 599 593 600 601 602 610 613 622 623 629 626 630 632 640 644 647 649 658 662 659 667 667 674 677 682 691 683 685 693 702 700 704 712 713 719 728 737 743 741 748 750 753 751 756 751 756 764 768 776 778 787 9223372036854775808 9223372036854775808 9223372036854775808 9223372036854775808 9223372036854775808 9223372036854775808 9223372036854775808 9223372036854775808 9223372036854775808 9223372036854775808 9223372036854775808 9223372036854775808 9223372036854775808 9223372036854775808
  8 564 563 564 564 568 569 576 578 570 567 559 560 558 559 565 559 562 560 561 564 570 575 579 584 582 578 580 586 594 586 588 592 599 600 601 592 598 604 611 611 612 618 622 630 622 625 627 632 636 638 644 652 653 653 660 663 666 668 676 685 677 685 694 698 697 704 707 715 723 731 729 734 733 740 745 745 742 751 748 750 759 768 772 780 789 9223372036854775808 9223372036854775808 9223372036854775808 9223372036854775808 9223372036854775808 9223372036854775808 9223372036854775808 9223372036854775808 9223372036854775808 9223372036854775808 9223372036854775808 9223372036854775808 9223372036854775808 9223372036854775808
 16 556 554 563 561 570 562 568 571 563 560 557 551 551 553 558 551 554 555 562 571 570 577 571 575 577 574 580 583 587 581 585 593 600 607 598 591 596 596 604 611 617 609 614 621 616 624 630 638 636 640 643 644 646 651 659 662 661 668 675 683 675 683 686 690 695 702 704 710 716 724 726 734 730 731 739 740 741 742 746 749 758 767 768 775 784 785 9223372036854775808 9223372036854775808 9223372036854775808 9223372036854775808 9223372036854775808 9223372036854775808 9223372036854775808 9223372036854775808 9223372036854775808 9223372036854775808 9223372036854775808 9223372036854775808 9223372036854775808
 17 560 553 555 556 561 559 560 562 561 558 552 549 547 546 551 549 554 556 565 568 563 568 563 569 570 573 575 576 578 580 585 591 593 598 589 589 590 595 596 602 608 606 608 614 613 621 626 629 635 639 634 638 645 651 654 655 659 667 666 674 674 675 681 690 694 701 703 711 719 715 724 726 726 735 735 744 741 747 750 758 762 760 761 767 776 778 787 786 9223372036854775808 9223372036854775808 9223372036854775808 9223372036854775808 9223372036854775808 9223372036854775808 9223372036854775808 9223372036854775808 9223372036854775808 9223372036854775808 9223372036854775808
 26 560 552 549 555 556 558 565 558 553 549 550 550 546 544 542 546 555 559 559 563 556 559 559 562 566 564 566 568 571 576 576 583 584 592 583 582 591 596 588 597 599 600 607 605 612 618 621 629 633 639 631 633 642 644 651 660 661 661 663 669 668 676 685 687 691 698 703 707 710 707 715 717 725 727 728 737 738 740 741 750 758 759 762 768 770 778 779 780 784 9223372036854775808 9223372036854775808 9223372036854775808 9223372036854775808 9223372036854775808 9223372036854775808 9223372036854775808 9223372036854775808 9223372036854775808 9223372036854775808
 28 554 545 543 546 547 556 559 552 544 542 544 542 537 535 541 549 549 554 553 555 552 558 557 559 565 563 568 567 568 572 567 574 583 584 587 579 584 590 585 590 593 599 607 604 610 609 615 621 625 632 628 636 637 646 650 652 656 657 660 664 667 671 676 685 687 691 695 704 701 706 707 716 722 730 728 737 745 746 749 749 758 764 763 772 771 779 784 789 9223372036854775808 9223372036854775808 9223372036854775808 9223372036854775808 9223372036854775808 9223372036854775808 9223372036854775808 9223372036854775808 9223372036854775808 9223372036854775808 9223372036854775808
 29 546 537 537 542 546 555 550 544 542 533 540 533 528 529 535 542 543 545 551 547 543 550 554 550 557 561 563 564 571 572 564 571 578 585 578 577 578 581 582 589 590 598 602 602 609 606 609 616 618 627 626 630 635 637 643 645 650 659 662 663 666 671 680 688 695 694 694 697 698 699 706 713 714 722 727 730 736 743 746 748 751 756 764 773 778 785 786 782 9223372036854775808 9223372036854775808 9223372036854775808 9223372036854775808 9223372036854775808 9223372036854775808 9223372036854775808 9223372036854775808 9223372036854775808 9223372036854775808 9223372036854775808
 33 539 533 536 545 548 551 544 536 540 532 537 533 527 535 535 541 536 545 544 547 541 549 556 549 548 553 554 562 567 565 563 567 574 577 579 575 579 585 585 594 596 599 602 598 601 603 607 613 622 624 625 633 642 639 643 646 648 654 657 659 661 663 672 680 689 696 690 693 699 708 714 722 715 724 723 724 729 737 739 740 748 752 756 764 769 776 778 780 787 783 9223372036854775808 9223372036854775808 9223372036854775808 9223372036854775808 9223372036854775808 9223372036854775808 9223372036854775808 9223372036854775808 9223372036854775808
 41 533 532 534 538 539 543 538 534 538 530 530 535 526 529 534 533 535 543 535 540 539 547 549 551 545 549 556 565 568 561 561 565 569 574 575 566 571 578 587 591 588 591 593 596 605 609 616 619 621 620 623 628 635 642 648 655 656 662 666 662 668 666 675 684 690 692 689 694 696 704 712 714 716 719 721 723 727 728 731 738 746 747 750 755 763 768 769 771 778 775 784 9223372036854775808 9223372036854775808 9223372036854775808 9223372036854775808 9223372036854775808 9223372036854775808 9223372036854775808 9223372036854775808
 42 525 529 526 531 534 541 532 528 535 526 527 528 525 531 540 532 528 537 534 542 535 544 550 542 544 548 557 564 559 552 560 565 568 567 568 559 565 573 582 584 584 592 594 598 600 609 618 616 618 617 626 628 635 643 651 655 657 661 662 662 671 672 677 677 685 689 687 687 695 696 703 708 716 722 719 720 729 737 735 744 741 741 745 750 754 760 766 767 769 769 777 786 9223372036854775808 9223372036854775808 9223372036854775808 9223372036854775808 9223372036854775808 9223372036854775808 9223372036854775808
 51 520 527 519 527 529 534 526 525 529 525 527 523 517 523 532 532 523 528 526 533 534 540 543 540 549 549 553 555 557 551 556 558 565 559 564 557 561 568 577 581 583 590 598 605 602 605 609 611 611 616 624 625 630 635 644 647 649 652 653 656 663 669 670 671 677 683 678 684 687 695 697 703 712 713 717 723 732 735 739 743 740 732 736 745 751 757 758 759 767 768 769 778 781 9223372036854775808 9223372036854775808 9223372036854775808 9223372036854775808 9223372036854775808 9223372036854775808
 56 515 524 518 526 534 527 530 523 522 518 518 514 513 514 523 526 521 530 524 533 529 536 543 538 547 552 550 559 550 549 555 554 562 558 559 555 558 565 569 572 574 582 589 597 596 596 600 602 610 618 626 626 635 636 644 646 653 654 660 665 670 671 675 673 680 680 674 677 682 686 695 701 710 708 716 722 726 727 734 735 731 730 733 741 746 754 750 750 759 760 768 769 773 782 9223372036854775808 787 9223372036854775808 9223372036854775808 9223372036854775808
 58 512 515 517 519 525 519 528 525 517 516 515 515 509 515 516 517 518 527 523 524 528 530 535 537 538 546 547 556 552 545 547 553 553 550 556 554 556 565 567 570 572 576 583 591 588 589 592 601 606 610 619 626 630 635 638 641 645 649 658 667 671 666 675 670 675 674 669 677 686 692 686 695 702 703 709 713 718 727 725 734 726 728 731 734 741 746 745 748 753 757 764 770 776 783 787 779 788 9223372036854775808 9223372036854775808
 66 508 510 515 513 516 514 522 516 516 517 508 507 500 509 516 520 522 523 520 529 531 528 528 537 546 545 538 547 543 544 552 560 551 543 547 553 559 562 566 575 579 584 584 585 587 596 601 600 606 615 621 622 623 632 632 633 638 645 653 659 667 664 672 663 667 666 668 669 678 683 684 693 696 704 705 706 713 718 717 726 724 730 737 741 736 738 742 743 744 751 758 761 770 774 782 778 787 783 9223372036854775808
 73 507 501 507 504 508 510 517 508 512 515 506 500 496 503 511 511 513 515 512 520 528 522 523 528 537 538 536 540 542 549 558 551 543 542 548 550 551 560 564 570 579 584 578 587 582 590 595 599 602 606 614 621 630 629 626 635 642 649 650 650 658 656 665 657 658 665 667 670 679 682 687 692 688 695 697 700 707 710 716 722 723 724 732 732 734 743 741 742 750 753 761 762 764 773 773 776 785 780 785
 74 499 500 498 501 503 507 513 507 503 506 504 496 492 494 503 506 507 510 511 519 519 521 522 521 530 529 535 540 543 550 555 546 545 541 548 542 548 556 555 564 573 575 575 584 575 584 591 593 598 605 613 622 622 621 622 631 636 641 642 649 657 648 656 656 657 658 665 670 678 685 687 685 686 687 688 696 702 703 712 720 714 718 723 724 731 737 740 742 748 750 752 760 769 772 768 767 776 775 776
 83 494 491 497 498 503 505 511 504 502 500 507 499 491 495 498 502 499 507 506 511 511 518 513 518 521 525 532 536 544 552 546 538 542 540 539 539 545 550 554 560 569 578 573 576 573 576 582 589 591 596 605 614 623 620 625 632 635 640 643 648 652 646 647 655 660 666 674 671 680 682 680 683 692 694 693 702 703 709 711 717 709 710 718 727 734 735 742 742 747 752 751 759 764 769 764 765 772 774 782
 89 492 484 493 499 494 503 506 502 502 494 499 496 488 495 489 493 496 498 500 506 504 509 510 511 516 519 523 531 539 543 538 529 535 531 532 536 540 545 551 558 564 571 570 568 570 576 585 593 597 598 607 605 614 615 619 625 630 638 642 643 644 640 649 650 659 667 672 676 675 674 679 683 687 689 690 697 703 701 707 710 708 716 723 728 737 736 744 736 742 745 749 758 765 768 761 762 770 771 780
 93 486 482 488 495 492 498 501 494 493 492 496 490 487 495 486 487 492 498 501 501 499 500 504 503 512 513 514 522 530 537 531 522 526 527 535 544 546 548 554 555 560 567 575 567 574 579 588 597 602 599 599 601 605 614 619 626 624 632 636 637 642 638 645 654 655 662 666 668 674 666 675 674 679 680 689 688 694 693 698 701 704 711 720 723 730 739 744 735 742 741 748 749 756 761 760 769 773 779 784
 94 486 479 486 488 487 494 496 490 484 485 494 495 486 486 482 483 489 489 498 500 495 498 507 502 507 515 515 520 525 528 525 521 523 531 529 536 543 552 549 557 553 561 566 565 568 577 586 588 595 600 595 602 603 610 619 620 621 629 629 633 635 636 644 645 654 658 657 666 669 664 673 673 681 683 681 679 686 689 694 703 712 716 720 726 735 735 743 734 738 740 746 752 751 752 752 760 765 770 775
100 483 478 479 484 485 494 489 489 482 476 485 492 483 481 478 474 482 481 490 491 494 503 503 497 502 507 512 514 518 520 522 515 516 523 524 527 536 544 548 550 547 552 559 562 571 577 578 579 588 591 593 602 605 606 612 619 620 627 627 626 635 632 638 643 647 655 654 661 661 661 667 671 679 675 672 678 680 685 694 702 709 716 718 718 727 733 735 728 729 736 738 744 750 755 751 753 760 769 777
109 474 471 477 477 486 487 480 486 484 475 477 484 476 472 474 471 474 476 483 492 494 499 499 496 498 499 504 507 509 511 513 514 522 521 526 520 529 535 540 541 544 545 554 555 564 570 577 581 587 584 592 598 604 610 619 615 624 621 620 624 629 626 633 639 641 650 645 652 652 653 658 662 671 677 669 678 687 693 696 700 706 715 722 713 722 724 726 727 732 735 742 735 742 747 743 748 754 760 769
118 465 464 471 473 479 484 479 478 475 474 479 477 469 468 472 468 475 481 487 488 491 493 494 494 493 496 497 498 500 508 508 515 513 515 518 518 520 529 536 544 546 549 553 556 562 570 571 580 580 583 588 596 605 605 611 610 615 612 611 617 620 617 626 632 634 643 642 643 650 651 659 667 675 673 667 672 678 685 687 696 702 706 714 712 716 721 717 719 728 734 733 734 734 743 739 744 751 753 761
122 456 461 464 467 474 478 483 474 479 472 474 474 472 463 463 467 468 472 479 481 490 489 485 491 492 490 496 505 503 503 505 506 506 509 514 516 524 533 541 543 547 550 559 553 559 566 568 577 575 577 580 589 596 601 602 608 612 611 610 610 611 616 623 632 637 635 634 643 644 644 653 660 669 667 664 673 679 681 689 689 698 705 705 703 712 718 716 718 727 728 732 739 731 735 736 745 753 757 762
127 453 457 463 463 468 470 477 472 472 465 468 471 469 460 459 465 459 464 472 481 485 488 479 482 486 489 487 496 495 502 499 504 501 510 514 523 529 528 532 534 540 541 550 551 553 557 565 574 573 578 579 581 590 599 601 602 611 604 601 608 616 615 623 632 628 629 633 640 641 642 644 653 661 662 663 664 672 680 681 686 695 696 705 702 704 713 708 712 720 727 735 735 727 736 730 738 744 753 754
132 448 451 460 455 460 469 478 470 465 464 460 468 465 460 453 458 456 462 471 476 476 480 471 477 480 480 485 492 492 493 493 501 500 502 511 519 525 522 526 533 539 544 548 552 557 558 559 567 569 577 584 577 583 590 595 601 607 603 595 599 608 614 615 624 627 630 639 648 644 643 652 660 662 668 664 671 672 678 679 685 694 700 696 698 696 705 705 708 716 718 727 726 726 727 728 737 740 749 753
133 447 445 452 452 460 469 472 469 460 458 452 459 456 456 452 451 454 458 467 470 468 472 469 470 471 478 478 483 489 486 491 498 493 502 508 514 516 517 518 527 530 537 540 545 552 560 559 560 568 577 581 572 575 584 586 595 600 600 592 595 603 605 609 618 620 623 631 639 640 641 648 657 663 664 657 666 668 673 681 688 688 691 687 689 692 698 699 708 711 720 727 722 725 729 737 738 742 744 749
141 449 442 448 446 455 464 465 464 458 460 451 453 453 448 457 450 455 458 462 461 460 466 461 461 467 469 477 478 480 482 483 491 492 498 507 516 525 526 525 534 538 538 547 554 553 562 558 560 569 575 572 568 572 575 583 589 592 591 590 598 601 609 616 612 611 620 626 634 641 634 643 651 655 655 649 657 666 671 676 679 684 691 684 688 690 699 708 701 703 712 720 719 721 729 732 741 744 753 752
142 448 440 439 441 450 457 458 457 450 456 448 445 452 446 450 449 446 455 458 460 451 459 459 455 464 470 479 487 487 491 490 499 501 504 513 518 527 526 528 537 543 545 549 551 556 553 555 564 568 568 573 565 564 570 575 581 585 590 586 595 597 606 607 608 609 616 623 625 632 633 636 645 647 647 648 655 663 667 668 672 676 683 681 690 696 692 699 696 698 706 714 715 719 726 733 742 743 752 755
151 450 441 432 436 444 451 449 453 446 447 440 438 443 443 444 445 443 446 451 453 449 450 456 454 462 468 472 481 484 493 489 494 495 503 512 519 523 525 526 535 543 546 547 545 549 549 556 564 561 560 567 570 563 564 571 576 577 581 582 591 600 602 611 610 612 614 623 624 631 624 633 638 641 642 649 656 657 659 660 666 667 674 680 685 692 691 692 693 701 707 710 712 720 727 735 744 752 754 754
155 444 438 429 430 439 442 448 444 437 439 442 437 440 435 444 446 442 451 452 451 447 451 451 453 454 463 472 475 482 490 488 494 503 509 507 510 517 524 526 532 536 541 540 538 540 543 552 555 558 551 560 564 561 568 577 577 585 590 591 594 602 607 611 612 615 622 625 633 631 623 625 634 639 641 647 654 661 665 666 665 670 679 674 678 683 685 694 692 700 708 711 720 728 736 741 743 743 749 745
162 435 433 428 434 436 445 443 437 429 431 434 429 435 426 435 439 440 449 451 443 440 443 449 457 459 467 471 477 479 481 482 487 496 505 502 511 517 524 530 531 535 535 532 530 531 539 546 546 549 550 557 558 560 569 578 582 589 597 599 595 595 598 603 612 619 622 619 624 626 619 626 632 633 635 644 652 653 660 661 658 665 671 666 672 674 681 686 688 693 699 705 714 722 731 738 741 739 744 741
171 428 434 427 430 427 436 440 431 426 422 425 428 426 425 433 442 441 450 442 436 439 440 449 458 460 467 465 472 476 482 483 490 494 496 501 503 511 518 525 525 527 529 524 521 529 530 538 544 553 552 561 563 569 577 578 581 583 588 592 588 588 594 598 607 612 614 614 615 617 618 623 624 633 634 640 649 658 659 659 656 664 662 665 670 674 675 684 692 699 705 707 712 716 723 730 732 736 741 739
176 421 427 425 423 426 431 432 423 418 421 428 419 428 424 429 437 438 442 433 435 442 447 456 462 462 467 464 470 476 477 485 483 487 495 504 512 512 520 520 522 523 528 519 516 525 534 539 542 544 551 558 555 561 570 572 576 583 589 583 579 587 591 594 600 604 606 613 614 611 613 618 627 630 633 636 645 654 660 654 654 662 661 669 672 674 683 689 690 699 708 713 718 724 721 722 727 728 736 738
180 415 418 416 417 418 423 431 424 415 413 421 414 421 422 431 435 444 435 431 434 440 446 451 456 459 464 460 464 473 476 480 482 483 486 495 504 513 513 514 517 518 522 513 513 520 528 537 534 542 544 552 553 561 563 564 573 574 581 582 575 584 591 592 601 602 606 605 605 603 604 613 620 622 625 634 639 646 652 645 646 653 658 664 668 669 675 684 692 697 701 706 709 718 714 722 727 736 739 731
184 406 409 410 416 423 423 424 416 415 408 415 412 420 422 426 429 436 427 430 434 441 443 452 452 461 456 454 459 468 469 473 482 491 485 492 497 505 506 510 509 517 515 507 508 515 520 528 531 539 544 544 552 554 556 557 564 568 572 573 574 575 584 587 592 597 601 599 600 602 604 608 613 614 623 631 632 641 646 644 649 647 650 659 663 671 674 683 691 688 697 698 704 710 706 713 720 727 736 729
193 399 406 402 408 414 418 416 408 409 407 408 410 418 419 424 420 429 425 430 428 432 438 446 449 455 459 453 462 459 467 469 478 482 484 491 496 505 511 516 507 514 513 506 515 515 519 519 528 530 535 540 549 558 562 564 571 575 572 577 583 584 586 593 593 595 597 598 607 611 611 614 615 622 623 632 641 639 639 640 641 646 655 651 660 664 672 677 686 687 693 699 695 702 703 712 713 718 727 728
201 391 397 401 410 408 410 407 407 403 401 410 414 417 416 417 416 424 424 429 424 433 430 437 440 446 455 452 455 458 466 471 476 483 490 496 494 501 508 507 498 507 511 503 508 514 514 516 524 528 537 542 550 553 554 560 564 567 569 573 580 586 595 595 602 602 599 600 601 603 604 607 615 617 622 630 632 630 638 645 642 643 649 650 658 662 666 671 680 687 684 690 691 700 708 712 720 726 733 737
206 390 391 393 401 406 401 403 404 407 400 403 407 412 412 414 414 416 423 428 422 425 427 436 438 445 447 449 452 460 467 475 482 480 483 487 490 495 500 504 496 500 506 500 501 509 513 521 523 531 534 535 544 552 560 561 569 566 571 576 580 589 597 597 605 602 601 602 610 605 613 608 615 621 621 628 623 624 631 639 643 650 652 653 662 666 673 676 684 679 681 687 691 700 705 706 714 723 732 736
214 383 385 384 393 397 394 400 403 405 399 394 403 407 407 407 409 415 423 428 421 428 431 436 445 439 440 449 455 463 465 466 473 478 480 481 482 491 493 496 495 497 499 498 505 506 514 520 527 534 538 536 542 551 559 560 564 565 571 580 588 594 594 600 603 602 607 610 618 614 614 609 610 612 619 620 622 627 636 641 648 651 652 656 659 661 665 674 677 678 687 694 692 701 708 708 710 719 724 727
219 380 382 382 385 391 385 391 400 401 396 392 400 404 404 405 408 407 415 419 415 421 425 432 437 438 444 452 451 456 458 466 473 482 482 483 483 489 488 487 489 492 493 497 499 508 513 521 523 532 541 540 541 542 551 554 555 564 566 575 579 588 585 593 601 599 600 609 611 619 622 614 619 620 627 624 631 636 637 641 647 648 655 661 666 670 671 680 680 685 694 698 697 705 706 714 711 715 724 733
225 373 379 380 377 382 383 392 394 394 391 383 391 396 396 404 404 400 409 410 414 420 427 428 436 438 439 445 450 459 465 468 474 478 485 488 490 488 485 486 494 494 500 505 508 516 522 516 524 527 533 531 532 535 544 546 555 559 560 567 576 581 580 589 592 593 594 601 604 613 621 623 619 621 623 631 638 643 643 648 648 651 659 661 665 674 680 687 686 694 697 706 703 709 715 723 719 717 719 726
232 372 371 377 370 375 384 389 388 397 389 382 388 394 394 403 397 398 406 413 415 423 430 432 430 435 434 440 446 455 464 469 474 482 489 488 481 479 484 488 496 495 497 498 500 508 517 511 518 521 524 527 530 538 545 549 558 562 568 568 570 575 578 587 588 594 603 610 605 607 615 616 617 626 625 630 637 643 649 657 653 660 664 670 671 680 688 692 693 699 706 715 712 718 723 726 722 718 719 728
241 375 370 371 366 375 381 385 381 389 385 380 389 390 391 395 396 398 400 408 414 422 425 424 427 430 432 441 445 451 459 460 469 476 480 479 478 475 481 490 497 501 504 500 504 506 508 509 510 515 517 526 530 535 536 543 549 558 564 573 574 582 579 587 593 596 605 608 607 615 612 607 610 619 622 630 631 635 644 651 655 662 667 672 673 682 690 693 700 700 707 708 715 723 729 731 730 727 726 735
250 368 361 362 364 369 373 379 380 388 386 377 383 389 394 396 396 402 409 413 420 424 421 421 430 436 437 442 449 450 452 454 462 469 474 482 473 474 483 486 495 504 498 507 512 507 516 517 518 516 517 519 526 535 536 545 554 557 563 570 573 581 582 583 592 592 599 601 608 615 607 606 614 623 626 634 637 643 648 657 656 661 668 675 681 678 687 691 697 702 711 712 721 730 738 740 733 736 728 732
255 359 360 367 371 370 378 373 379 385 382 375 378 381 389 394 393 397 402 406 411 420 420 420 429 431 437 445 454 450 451 453 462 463 467 473 468 477 485 487 494 496 497 504 505 508 515 516 525 521 522 521 523 531 538 546 548 549 555 564 566 574 581 584 593 590 598 606 601 606 603 605 614 620 627 632 641 649 656 653 653 654 662 666 675 676 685 694 702 711 720 716 725 734 739 747 742 740 736 733
256 358 358 364 364 369 372 365 372 377 374 369 377 377 386 389 385 389 395 397 404 411 412 418 426 435 436 440 448 449 455 454 455 460 464 465 467 474 478 487 495 494 500 506 513 517 517 525 526 529 523 527 524 531 535 543 547 548 554 560 567 571 574 575 584 587 596 597 599 601 602 610 613 620 629 630 639 646 647 648 651 655 664 669 671 680 689 690 696 704 711 720 726 729 736 740 739 739 741 739
261 351 349 358 360 369 365 357 364 368 368 363 369 374 379 385 382 390 399 402 411 413 416 425 428 434 438 442 448 457 461 461 464 466 466 472 473 477 480 481 486 488 491 497 506 515 524 533 534 529 524 532 531 532 533 535 543 552 560 568 568 572 577 581 587 596 603 601 607 609 611 618 621 629 638 636 645 652 653 656 660 656 665 666 675 680 689 698 702 710 719 715 723 728 735 736 737 738 746 744
270 346 342 351 351 360 356 354 363 359 360 362 371 371 378 376 377 382 391 400 409 408 415 423 430 431 436 445 453 460 458 462 466 474 474 479 477 484 489 490 494 490 492 500 509 514 515 524 525 530 533 536 536 537 538 542 549 557 561 565 574 581 578 584 593 597 600 607 614 610 618 620 625 627 635 644 653 656 662 663 659 658 666 675 684 684 693 702 710 715 710 712 718 719 726 734 743 747 746 746
275 337 341 348 342 351 350 353 354 358 364 365 367 369 374 375 383 391 398 402 403 404 410 416 421 429 432 441 450 453 454 463 471 471 472 481 483 492 492 493 499 492 500 509 503 511 513 522 528 530 531 540 543 546 547 549 558 566 570 570 576 581 580 587 592 598 606 611 609 610 613 616 625 632 641 646 647 656 664 666 661 664 665 670 676 679 688 697 701 707 708 717 725 726 732 739 737 745 738 746
276 335 333 339 341 343 344 351 353 354 355 361 370 373 376 380 386 393 402 401 407 407 416 423 425 428 431 433 441 449 458 464 470 470 473 481 487 492 488 489 498 501 500 501 502 507 516 525 521 527 536 545 548 546 546 551 553 560 566 567 576 584 587 591 599 600 606 607 608 613 622 624 633 636 638 639 648 653 659 660 667 665 673 678 685 688 689 694 697 702 711 719 716 723 731 737 736 744 736 745
277 328 325 331 338 339 347 356 362 362 362 364 373 382 383 388 395 394 396 399 401 409 414 423 422 430 435 437 446 453 455 461 462 463 470 473 478 485 484 492 490 492 493 501 508 515 518 519 520 529 535 538 541 542 544 549 558 562 567 576 585 588 595 594 592 600 609 612 611 617 619 628 628 632 633 641 647 654 662 665 661 667 673 678 682 691 692 690 695 700 705 710 711 720 726 730 735 738 732 741
284 319 324 328 337 340 342 350 353 359 360 363 372 381 383 390 393 389 391 392 401 407 409 416 421 428 437 441 445 446 449 452 453 454 463 464 473 481 482 484 486 495 500 503 504 511 520 519 526 533 539 546 547 544 553 556 564 571 574 581 579 585 586 585 588 596 605 605 603 609 617 619 627 634 641 647 645 647 655 656 657 664 672 680 681 682 684 689 690 696 704 710 719 727 722 723 726 729 730 735
291 292 319 328 329 338 341 350 355 357 361 368 372 375 377 383 387 388 392 397 406 406 410 418 417 426 434 442 445 448 454 460 458 463 467 465 473 479 488 486 488 489 491 500 501 510 517 518 519 524 532 541 550 545 553 562 571 574 581 575 574 581 585 581 582 587 596 597 602 605 614 622 628 633 639 640 643 647 655 660 662 663 665 673 674 682 685 688 697 702 703 710 715 718 721 720 727 736 735 738
300 301 310 314 315 332 340 349 350 354 363 364 373 367 374 383 388 397 399 399 401 400 406 414 415 418 426 433 440 446 452 454 459 467 470 474 476 479 485 493 496 494 499 500 508 516 524 527 527 532 537 544 545 549 555 560 564 565 574 578 573 574 582 579 587 596 603 605 611 606 609 615 623 628 633 638 639 648 657 658 666 665 674 678 680 687 688 690 691 693 694 703 706 709 716 717 726 735 742 747
309 310 319 323 323 327 338 343 350 359 363 363 366 364 368 377 379 388 391 392 395 396 403 412 421 426 431 434 442 445 453 459 461 469 472 472 479 480 485 493 494 498 503 509 516 519 517 523 532 528 529 538 546 552 556 564 567 574 578 571 572 573 575 577 585 588 596 600 607 614 614 621 626 633 642 647 642 651 653 654 662 663 665 669 674 683 685 691 692 701 702 710 715 718 725 722 728 729 738 745
311 319 324 326 332 331 332 338 347 348 349 350 357 363 364 373 382 389 398 401 401 403 407 411 417 418 427 433 439 446 453 455 460 462 463 471 477 483 489 498 502 501 509 509 514 511 516 523 526 524 527 531 540 544 550 557 559 568 569 570 572 581 584 581 582 591 597 599 608 612 615 617 624 631 634 641 642 648 654 662 665 671 674 672 673 677 683 690 695 699 703 705 708 709 718 727 736 733 737 741
319 327 328 330 334 333 339 346 347 355 357 352 359 364 368 373 382 387 392 401 402 410 409 416 425 420 429 435 437 441 446 455 462 471 464 468 469 475 484 490 493 492 500 505 506 507 514 515 518 521 530 538 542 545 547 553 554 562 567 576 581 582 584 586 589 596 600 605 606 615 623 626 631 632 633 632 637 646 655 656 665 666 669 670 678 686 691 697 704 704 712 708 712 718 723 724 729 738 739 748
320 323 332 339 339 338 347 348 354 356 365 353 359 362 369 372 381 388 390 394 400 409 413 422 429 429 438 440 446 445 454 461 465 466 470 477 478 484 486 482 488 491 496 498 507 514 516 518 523 523 530 536 545 551 552 559 560 562 563 572 581 588 586 589 598 597 599 604 608 617 618 623 632 629 630 631 640 649 658 664 665 672 673 677 680 689 692 693 701 710 719 717 716 719 721 723 731 733 742 751
323 332 341 347 346 346 349 356 357 364 371 357 358 367 373 377 378 383 390 396 404 408 415 422 427 430 438 439 447 448 452 461 470 471 474 474 474 477 484 480 482 486 487 496 499 505 507 509 518 519 522 530 537 542 544 550 553 557 566 568 572 580 588 597 599 606 607 598 601 609 618 624 625 628 629 638 647 649 650 656 664 671 671 677 684 692 701 700 705 713 718 721 723 721 723 728 736 742 751 760
332 339 347 352 353 355 352 360 361 368 367 366 359 366 374 383 387 391 390 396 399 405 414 421 427 432 440 445 449 454 461 470 471 466 467 471 473 474 478 479 480 489 489 490 491 500 508 516 519 528 526 534 543 549 551 558 562 562 568 574 574 577 583 592 599 598 603 596 604 611 612 620 628 634 630 632 638 645 653 662 664 663 670 673 682 689 696 702 703 706 713 718 722 727 732 734 742 748 755 758
339 348 355 360 361 356 353 354 363 367 376 369 360 364 369 376 382 385 386 396 402 408 417 425 420 429 432 437 440 448 454 463 463 465 472 472 474 481 486 483 485 491 496 499 498 500 506 511 520 526 527 535 538 546 547 554 561 565 570 573 575 575 580 586 590 590 595 594 600 609 615 624 626 635 638 641 646 649 657 658 656 660 666 668 675 684 690 693 694 702 711 718 722 726 724 726 734 741 750 758
344 353 359 365 370 362 356 363 371 369 376 375 369 369 371 376 379 388 395 398 399 408 409 417 418 427 428 429 431 440 447 455 458 462 469 477 481 488 490 489 493 497 504 507 502 503 508 517 526 535 536 540 540 541 545 553 556 565 566 570 570 572 580 587 587 589 591 592 600 601 610 619 627 631 638 644 647 655 652 654 655 657 664 673 675 679 686 694 697 698 706 711 715 722 719 727 735 741 748 754
350 357 366 365 372 367 359 360 362 371 378 371 370 374 375 383 384 391 393 402 408 417 410 416 425 428 436 430 437 438 447 453 461 470 475 482 489 494 498 497 498 498 500 505 511 504 510 518 527 535 544 543 546 550 554 554 561 565 566 567 569 576 577 580 586 591 593 601 609 610 618 621 622 627 636 645 649 649 651 660 661 658 667 671 674 679 688 694 700 699 704 710 717 714 718 727 727 733 742 747
353 361 362 364 366 371 365 368 370 375 376 374 371 376 378 384 392 398 395 398 406 414 411 416 418 427 435 436 438 446 455 462 464 471 479 482 488 497 494 499 504 505 501 506 515 512 518 525 527 532 539 541 549 554 556 563 567 566 573 570 573 574 578 581 588 590 595 596 604 610 615 619 623 632 633 642 646 647 654 656 665 662 663 665 674 678 687 696 697 698 701 710 709 712 718 722 726 735 743 750
357 365 369 373 373 375 366 375 379 383 379 380 379 380 386 389 392 400 401 404 413 414 417 425 426 429 438 445 446 450 452 461 463 471 480 478 485 491 492 500 504 502 508 514 515 520 525 531 530 531 540 545 554 563 557 559 560 563 569 578 574 582 585 588 596 591 599 605 611 619 616 618 625 628 637 646 651 648 651 657 665 669 671 674 682 679 686 694 703 703 701 703 706 711 719 723 732 735 740 749
363 372 378 381 379 382 375 384 386 382 381 383 383 389 387 396 396 405 410 411 417 421 421 425 426 434 438 440 441 442 451 452 456 465 473 474 479 482 491 497 499 500 509 517 524 529 532 540 531 535 544 553 562 558 558 567 567 564 573 576 576 584 593 592 601 600 605 606 608 617 623 622 623 626 632 641 643 651 658 661 663 670 678 683 691 684 685 689 697 699 700 709 715 712 719 723 725 732 733 741
364 373 380 381 388 384 381 388 387 385 385 385 391 394 394 396 398 406 407 411 420 426 426 433 435 443 442 442 443 449 455 461 464 473 477 482 487 491 492 500 507 504 513 519 520 529 537 546 538 543 552 555 556 555 562 563 571 572 578 584 582 587 596 598 600 605 607 614 612 614 622 624 626 635 634 636 645 654 661 669 664 672 673 676 685 688 688 697 704 702 704 710 716 713 722 730 733 735 742 743
372 381 383 390 389 391 388 396 388 392 388 389 395 395 403 397 399 403 405 413 420 429 433 434 435 439 446 450 451 458 464 462 469 474 482 488 495 498 494 497 506 510 511 519 522 527 533 540 543 546 552 554 552 553 562 569 571 575 576 577 585 587 588 591 598 602 611 606 607 616 625 625 631 637 636 642 651 653 657 660 668 664 672 676 680 684 689 692 699 708 708 712 713 721 723 729 730 739 741 750
381 390 386 390 395 392 393 399 392 401 393 392 401 402 410 405 406 411 413 422 428 432 433 436 436 444 453 458 459 467 467 471 473 483 486 487 491 492 498 497 500 504 512 515 521 530 531 533 541 543 544 547 548 554 561 562 563 565 566 576 582 589 593 593 598 603 604 605 611 613 620 625 629 630 632 641 650 653 660 664 662 663 669 677 678 679 688 689 698 704 713 715 721 726 732 730 732 733 740 747
390 392 395 392 395 401 402 402 396 399 396 401 406 403 409 414 415 420 415 416 424 433 442 445 444 452 461 466 468 473 476 475 478 479 484 488 489 493 495 496 505 507 509 518 519 527 531 535 541 545 553 550 551 554 562 571 571 573 567 568 573 582 587 588 589 594 601 605 611 620 629 627 635 638 635 638 642 644 652 656 660 665 669 674 676 685 691 698 702 709 710 718 719 726 727 730 731 736 743 750
399 395 404 399 397 400 405 409 400 404 400 405 414 411 416 418 418 426 417 421 430 431 439 440 444 445 454 463 469 474 479 479 481 487 493 494 494 502 499 499 503 511 516 525 523 524 533 537 538 547 548 550 559 555 563 569 575 581 573 569 575 576 580 590 594 603 609 607 616 620 626 627 635 641 642 639 644 652 659 665 669 669 675 681 685 687 692 697 704 711 711 717 726 734 732 731 732 738 740 746
403 404 410 408 406 408 412 409 405 406 405 406 415 420 425 421 426 423 419 427 436 435 441 446 451 453 461 464 473 474 482 480 486 494 501 496 501 508 506 507 508 516 522 526 525 533 540 542 547 552 557 558 560 557 563 572 581 583 576 576 584 584 585 588 594 597 604 605 611 616 623 632 633 638 647 648 645 649 650 656 661 669 673 682 691 695 701 698 706 713 720 721 724 732 740 740 739 747 746 747
411 413 419 414 415 417 421 418 409 407 414 407 409 418 423 429 435 432 427 429 430 439 442 451 452 461 465 465 470 479 488 488 491 495 504 502 503 511 513 513 514 523 530 534 533 542 542 543 549 558 561 567 562 558 567 573 575 577 578 579 587 592 593 595 602 604 610 614 613 622 627 633 642 647 648 657 650 657 657 659 666 671 679 687 693 701 709 704 705 713 717 725 730 738 745 749 747 756 755 751
419 414 418 417 417 426 429 420 415 416 411 410 413 414 419 420 429 431 433 437 439 441 445 453 455 464 466 471 478 487 489 493 493 494 502 510 512 513 516 522 517 518 527 534 542 543 551 544 545 552 561 567 571 565 574 582 580 583 579 585 592 598 601 602 611 606 615 619 614 622 630 639 647 655 656 665 657 666 658 661 669 676 681 682 690 699 700 702 711 717 725 734 737 738 745 754 749 754 763 755
428 421 426 425 418 420 428 422 419 415 414 419 414 423 421 429 436 434 441 443 448 442 451 459 462 469 473 479 486 494 498 499 502 496 499 503 509 511 519 520 518 519 524 525 533 541 547 553 552 556 564 565 574 574 583 588 585 592 587 593 601 604 608 610 618 613 622 624 621 629 637 639 639 648 654 658 656 659 664 670 673 674 681 687 688 690 697 705 713 721 729 731 739 739 746 747 756 762 763 764
437 429 428 433 426 429 429 422 421 417 419 428 423 430 423 424 427 434 435 438 441 449 453 460 462 466 475 481 490 499 503 508 500 498 499 506 515 516 523 524 524 520 523 527 530 537 545 550 552 561 562 566 568 569 577 585 589 598 591 592 600 605 609 611 620 618 622 623 623 632 640 637 638 640 648 649 653 662 670 672 673 676 684 690 692 693 702 710 711 718 726 734 736 738 744 752 753 762 771 770
445 438 431 440 435 429 428 427 427 423 421 429 431 428 426 429 434 440 444 440 444 446 455 458 464 472 473 480 487 496 501 504 508 499 500 502 508 517 524 533 533 529 532 529 537 545 550 553 559 560 569 574 577 576 585 588 593 598 600 595 602 609 612 616 624 627 630 627 626 628 630 634 637 638 647 651 661 664 669 673 674 679 688 695 701 698 707 714 720 726 731 737 739 746 752 752 758 758 762 770
440 436 433 434 441 433 435 428 428 429 430 437 432 433 430 437 441 449 451 442 443 446 454 455 456 463 466 475 479 488 497 498 499 502 509 511 517 524 531 540 539 538 540 538 546 554 559 555 561 563 564 573 574 577 586 590 595 600 607 603 610 618 620 625 633 634 632 630 628 634 638 642 646 647 653 655 665 672 676 681 683 683 688 696 704 707 715 717 724 727 731 740 737 737 745 751 752 753 757 765
449 442 442 442 443 441 433 429 435 433 434 436 441 441 438 445 442 443 452 451 447 454 459 464 457 466 474 479 486 492 493 500 506 509 506 514 523 522 526 533 537 546 548 545 552 553 558 556 563 572 571 575 576 585 586 588 596 605 614 610 618 624 629 634 634 641 638 638 631 640 646 643 649 656 660 657 667 675 683 681 683 690 687 695 703 712 714 717 719 722 722 731 728 729 736 745 749 753 760 766
453 445 446 451 443 439 438 438 443 434 439 443 446 447 442 451 443 452 458 460 455 456 461 468 465 468 475 481 488 493 496 494 497 502 504 508 517 519 525 526 534 543 548 546 551 559 560 565 572 581 573 582 578 583 589 595 601 609 609 614 620 620 625 628 635 643 644 642 634 643 651 645 648 655 659 661 665 670 678 678 680 681 684 693 698 705 710 717 725 721 714 723 727 729 738 747 756 760 760 769
456 449 447 455 452 448 447 447 444 443 446 450 454 448 451 447 444 452 460 461 463 458 467 470 468 473 474 479 483 484 488 492 500 509 507 508 515 519 524 525 534 543 549 548 551 560 566 568 571 580 582 591 587 584 592 599 600 601 603 607 611 618 626 627 636 642 645 641 637 641 649 653 649 655 663 668 666 668 669 672 674 683 690 694 695 702 701 709 716 717 712 721 724 733 739 743 752 756 757 766
463 457 455 464 458 453 456 454 453 446 447 456 461 454 460 454 453 454 459 466 472 467 476 471 473 481 483 482 491 493 493 501 504 512 516 514 523 528 531 534 537 538 547 550 557 565 573 571 579 586 589 596 589 593 595 600 604 604 611 615 614 620 629 636 640 647 652 647 638 647 649 654 651 660 667 674 668 670 677 679 677 682 683 690 692 696 700 702 707 708 709 718 723 726 733 742 747 748 756 758
471 466 464 473 467 460 458 455 456 447 456 459 467 459 466 457 462 456 465 467 476 468 470 477 476 485 486 483 485 489 498 507 509 513 522 521 528 535 535 541 546 547 554 555 562 567 571 575 579 588 590 595 591 600 596 605 612 606 613 622 619 627 633 642 641 648 649 650 642 651 658 662 655 662 666 666 675 678 685 680 682 687 689 698 699 698 702 703 711 711 712 721 723 732 741 745 750 756 762 759
479 473 473 469 468 467 465 456 458 450 459 465 471 468 468 459 465 459 466 471 479 477 479 486 483 489 495 492 488 497 500 502 511 512 521 529 536 542 541 542 544 552 559 558 562 569 571 577 586 595 591 600 600 609 601 609 614 615 618 627 625 629 635 642 650 642 649 650 650 657 665 663 657 658 659 664 673 681 688 683 686 690 693 701 706 699 706 712 718 714 720 721 729 737 738 747 756 757 762 765
486 480 471 470 475 475 466 457 465 457 464 468 474 471 477 468 468 465 472 473 476 477 483 489 485 486 490 498 490 499 501 510 516 517 526 534 535 544 550 548 553 561 566 567 564 566 572 581 587 594 592 593 595 603 602 604 610 611 619 625 626 620 629 636 641 634 643 649 658 666 674 665 662 665 663 667 675 679 686 689 695 698 701 706 703 701 703 708 710 717 720 726 733 736 743 752 761 764 771 774
487 478 477 478 482 473 468 459 466 466 472 477 478 473 480 475 477 474 473 474 477 478 486 495 493 488 497 495 492 493 496 503 512 518 523 532 535 539 546 553 554 562 566 567 565 570 573 582 584 586 594 602 596 605 609 605 608 611 615 617 618 619 623 632 638 633 641 648 651 659 666 672 671 669 666 669 677 685 691 698 699 706 708 715 711 706 710 717 717 723 723 724 733 740 749 757 764 765 774 781
493 484 486 483 483 474 474 468 467 475 473 476 483 474 483 484 485 483 482 483 478 486 492 501 494 489 497 499 501 495 504 512 519 519 523 529 530 537 540 545 552 561 569 570 573 578 582 590 585 593 594 599 604 612 615 613 613 615 623 622 622 620 628 629 630 632 637 643 644 650 659 667 674 678 674 677 679 682 691 692 693 697 703 712 712 707 710 717 720 725 729 731 732 741 749 751 757 764 767 772
490 487 489 490 484 483 476 469 473 475 478 478 481 482 489 487 491 488 483 483 481 482 484 493 502 498 502 507 503 504 512 516 525 528 530 531 536 541 542 546 555 562 566 569 578 586 585 594 592 598 603 608 607 613 619 621 614 622 630 624 631 629 633 636 637 634 635 641 650 653 657 660 666 669 671 675 676 678 683 685 694 702 709 710 712 714 713 714 718 723 725 734 739 743 744 752 754 763 771 775
499 491 496 499 493 492 485 478 479 480 486 486 482 485 494 488 493 490 488 491 482 491 492 501 509 505 503 512 505 511 520 525 534 537 535 539 541 546 551 547 552 558 559 568 573 580 584 593 595 596 599 604 612 613 615 621 623 629 638 629 636 637 640 642 646 642 644 650 658 661 662 667 671 675 673 682 678 685 684 693 699 703 706 715 718 722 717 722 719 727 734 743 742 743 752 758 756 761 763 766
500 499 505 500 501 497 488 484 480 485 489 487 485 486 494 496 500 492 491 499 490 491 492 501 507 506 510 519 510 519 520 529 537 546 542 540 549 552 551 550 551 557 566 573 582 589 589 597 603 597 598 607 613 622 622 628 630 630 638 637 642 640 642 651 650 643 649 652 653 654 655 661 669 670 678 682 687 687 693 695 701 706 710 711 713 721 726 726 720 724 726 735 736 745 751 752 756 757 766 774
506 504 512 507 499 496 490 488 487 486 494 495 492 492 499 505 505 501 493 502 496 500 501 502 506 510 514 515 512 521 525 534 539 548 547 541 547 554 560 557 557 563 571 578 582 591 595 597 606 601 607 609 616 621 625 628 633 632 636 639 644 648 648 651 654 645 654 660 662 658 660 662 667 674 676 685 693 696 696 696 698 707 716 712 719 726 732 728 724 730 732 733 735 736 742 750 751 756 764 768
515 513 513 505 501 492 491 496 495 491 492 493 498 497 503 512 509 500 499 508 503 509 510 507 515 513 514 515 515 523 528 537 543 544 553 546 553 562 559 558 566 564 569 578 587 593 602 605 614 609 615 618 624 630 634 634 642 641 642 640 645 652 657 657 656 647 649 653 658 663 668 665 669 670 673 680 689 690 695 696 700 701 708 716 724 730 734 731 729 733 740 739 744 738 745 751 756 755 756 759
522 513 505 504 495 494 499 500 496 499 497 495 504 498 506 507 516 509 504 507 504 508 517 511 519 514 522 523 523 524 526 534 537 543 552 555 562 566 568 561 565 573 577 586 595 602 609 612 613 611 613 622 625 633 634 642 649 650 647 648 654 656 662 658 660 656 650 657 661 665 666 674 677 677 682 687 696 698 696 700 708 703 706 708 716 725 725 734 735 740 746 748 749 740 741 742 747 753 761 760
519 512 505 504 496 500 508 504 505 503 506 504 509 501 508 508 513 516 507 511 506 515 524 518 527 521 530 525 527 531 532 540 539 545 554 558 567 567 572 566 572 580 583 591 600 605 614 621 620 616 620 629 633 638 641 644 650 658 650 649 658 665 667 667 663 655 653 661 668 671 674 680 685 686 690 692 696 697 705 705 713 704 707 708 716 718 721 729 737 738 743 744 746 743 747 745 755 755 759 767
524 518 509 505 505 503 505 505 514 505 511 513 511 502 511 517 516 515 508 515 514 517 524 523 528 527 534 529 530 535 537 546 548 554 555 564 567 576 577 573 581 585 590 592 599 600 609 618 625 624 621 630 638 639 644 651 656 665 658 652 658 667 676 676 667 660 659 667 671 680 682 687 694 687 695 695 696 699 708 706 715 712 716 717 725 722 730 738 744 746 744 752 751 750 755 751 754 756 765 772
524 516 510 513 511 510 507 510 513 506 510 519 514 511 520 518 518 524 517 520 520 526 533 527 534 528 537 534 539 537 539 546 553 558 560 563 572 579 579 582 587 592 593 593 599 603 610 619 623 630 622 630 639 648 648 651 656 663 667 661 667 674 679 678 676 668 668 673 679 688 683 692 697 693 700 701 702 700 709 711 720 720 725 726 731 723 732 740 749 755 752 761 752 755 758 758 761 757 758 762
526 519 519 520 519 516 516 517 508 507 515 518 521 512 517 522 526 525 524 522 522 524 530 535 534 533 534 543 547 544 548 547 555 563 569 565 574 575 583 580 589 593 602 598 603 612 616 618 626 630 629 635 639 640 649 658 657 658 664 666 673 682 688 681 675 672 674 681 688 691 689 698 702 694 701 709 704 703 706 707 714 717 726 735 738 731 738 742 751 758 760 765 757 763 763 762 767 759 766 768
529 523 524 528 520 524 523 521 514 512 519 519 528 521 526 531 535 531 529 528 530 526 534 542 543 534 542 543 551 549 556 553 560 566 573 566 573 578 586 579 580 589 598 607 612 609 609 614 620 621 622 626 630 632 641 650 659 667 669 675 674 683 688 689 683 675 683 690 692 693 697 700 708 702 707 712 713 704 712 716 718 726 732 738 741 733 742 751 755 763 769 769 764 770 769 771 775 768 772 769
532 532 526 529 525 532 524 522 521 521 521 528 530 523 532 539 544 539 530 529 532 529 537 539 548 541 542 550 553 558 565 562 562 571 578 570 572 574 577 578 580 584 592 600 606 607 608 610 619 627 628 635 638 641 644 652 659 668 676 676 682 691 692 694 689 683 692 698 699 694 699 706 709 707 710 711 715 712 720 725 727 727 735 736 742 734 741 748 756 757 764 772 770 771 778 780 779 775 780 778
