  0 475 469 474 477 473 482 484 487 493 486 482 476 481 482 480 474 475 479 478 481 490 498 494 503 498 496 501 504 505 509 506 507 516 517 520 514 521 522 523 531 534 543 544 550 547 551 553 561 565 568 570 579 583 580 588 588 595 598 603 612 604 606 614 623 621 625 633 634 640 649 658 665 667 674 676 679 677 682 677 682 690 694 702 704 713 721 730 727 733 739 740 741 747 755 9223372036854775808 9223372036854775808 9223372036854775808 9223372036854775808 9223372036854775808
  8 468 467 468 468 472 473 480 485 484 481 473 474 472 473 479 473 476 474 475 478 484 489 493 498 496 492 494 500 508 500 502 506 513 514 522 513 519 525 532 532 533 539 543 551 543 546 548 553 557 559 565 573 574 574 581 584 587 589 597 606 598 606 615 619 618 625 628 636 644 652 651 656 659 666 671 671 668 677 674 676 685 694 698 706 715 720 728 725 732 730 736 743 743 752 752 9223372036854775808 9223372036854775808 9223372036854775808 9223372036854775808
 16 460 458 467 465 474 466 472 477 477 474 471 465 465 467 472 465 468 469 476 485 484 491 485 489 491 488 494 497 501 495 499 507 514 523 519 512 517 517 525 532 538 530 535 542 537 545 551 559 557 561 564 565 567 572 580 583 582 589 596 604 596 604 607 611 616 623 625 631 637 646 648 656 656 657 665 666 667 668 672 675 684 693 694 701 710 711 720 716 723 728 733 734 742 743 746 753 9223372036854775808 9223372036854775808 9223372036854775808
 17 464 457 459 460 465 463 464 468 475 472 466 463 461 460 465 463 468 470 479 482 477 482 477 483 484 487 489 490 492 494 501 507 509 518 510 510 511 516 517 523 529 527 529 535 534 542 547 550 556 560 555 559 566 572 575 576 580 588 587 595 595 596 602 611 615 622 624 632 641 641 650 652 652 661 661 670 667 673 676 684 688 686 687 693 702 704 713 712 714 719 727 730 733 737 741 749 760 751 9223372036854775808
 26 464 456 453 459 460 462 469 472 467 463 464 464 460 458 456 460 469 473 473 477 470 473 473 476 480 478 480 482 485 490 492 499 500 509 504 503 512 517 509 518 520 521 528 526 533 539 542 550 554 560 552 554 563 565 572 581 582 582 584 590 589 597 606 608 612 619 624 628 636 633 641 643 651 653 654 663 664 666 667 676 684 685 688 694 696 704 705 706 710 717 719 721 730 736 741 745 753 747 750
 28 458 449 447 450 451 460 469 466 458 456 458 456 451 449 455 463 463 468 467 469 466 472 471 473 479 477 482 481 482 487 483 490 499 500 507 500 505 511 506 511 514 520 528 525 531 530 536 542 546 553 549 557 558 567 571 573 577 578 581 585 588 592 597 606 608 612 616 625 627 632 633 642 648 656 654 663 672 672 675 676 685 691 689 698 697 705 710 715 719 719 723 722 727 733 733 741 744 739 741
 29 450 441 441 446 450 459 464 458 456 447 454 447 442 443 449 456 457 459 465 461 457 464 468 464 471 475 477 478 485 488 480 487 494 501 498 498 499 502 503 510 511 519 523 523 530 527 530 537 539 548 547 551 556 558 564 566 571 580 583 584 587 592 601 609 616 615 619 623 624 625 632 639 640 648 653 657 663 670 673 675 678 683 691 700 705 712 713 709 716 717 717 721 729 734 730 732 735 734 733
 33 443 437 440 449 452 456 458 450 454 446 451 447 441 449 449 455 450 459 458 461 455 463 470 463 462 467 468 476 481 481 479 483 490 493 497 496 500 506 506 515 517 520 523 519 522 524 528 534 543 545 546 554 563 560 564 567 569 575 578 580 582 584 593 601 610 617 616 619 625 634 640 648 641 650 650 651 656 664 666 667 675 679 683 691 696 703 705 707 714 710 715 723 723 727 729 735 727 727 730
 41 437 436 438 442 443 448 451 448 452 444 444 449 440 443 448 447 449 457 449 454 453 461 463 465 459 463 470 479 484 477 477 481 485 492 496 487 492 499 508 512 509 512 514 517 526 530 537 540 542 541 544 549 556 563 569 576 577 583 587 583 589 587 596 605 611 613 615 621 623 631 639 641 643 646 648 650 654 655 658 665 673 674 677 682 690 695 696 698 705 702 711 714 718 725 727 730 726 718 726
 42 429 433 430 435 438 447 445 442 449 440 441 442 439 445 454 446 442 451 448 456 449 458 464 456 458 462 471 478 475 468 476 481 484 488 489 480 486 494 503 505 505 513 515 519 521 530 539 537 539 538 547 549 556 564 572 576 578 582 583 583 592 593 598 598 606 610 614 614 622 623 630 635 643 649 646 647 656 664 662 671 668 668 672 677 681 687 693 694 696 696 704 713 709 717 719 721 724 717 723
 51 424 431 423 431 433 439 439 439 443 439 441 437 431 437 446 446 437 442 440 447 448 454 457 454 463 463 467 469 473 467 472 474 481 480 485 478 482 489 498 502 504 511 519 526 523 526 530 532 532 537 545 546 551 556 565 568 570 573 574 577 584 590 591 592 598 604 605 611 614 622 624 630 639 640 644 650 659 662 666 670 667 659 663 672 678 684 685 686 694 695 696 705 708 709 711 714 715 716 724
 56 419 428 422 430 438 431 438 437 436 432 432 428 427 428 437 440 435 444 438 447 443 450 457 452 461 466 466 475 466 465 471 470 479 479 480 476 479 486 490 493 495 503 510 518 517 517 521 523 531 539 547 547 556 557 565 567 574 575 581 586 591 595 596 595 602 607 601 604 609 613 622 628 637 635 643 649 653 654 661 662 658 657 660 668 673 681 677 677 686 687 695 696 700 709 710 714 723 724 727
 58 416 419 421 423 429 423 432 439 431 430 429 429 423 429 430 431 432 441 437 438 442 444 449 451 452 460 463 472 468 461 463 469 472 471 477 475 477 486 488 491 493 497 504 512 509 510 513 522 527 531 540 547 551 556 559 562 566 570 579 588 593 593 602 597 602 601 596 604 613 619 613 622 629 630 636 640 645 654 652 661 653 655 658 661 668 673 672 675 680 684 691 697 703 710 714 706 715 718 726
 66 412 414 419 417 420 418 426 430 430 431 422 421 414 423 430 434 436 437 434 443 445 442 442 451 460 461 454 463 459 460 468 477 472 464 468 474 480 483 487 496 500 505 505 506 508 517 522 521 527 536 542 543 544 553 553 554 559 566 574 580 588 591 599 590 594 593 595 596 605 610 611 620 623 631 632 633 640 645 644 653 651 657 664 668 663 665 669 670 671 678 685 688 697 701 709 705 714 710 717
 73 411 405 411 408 412 414 423 422 426 429 420 414 410 417 425 425 427 429 426 434 442 436 437 444 453 454 452 456 458 465 474 472 464 463 469 471 472 481 485 491 500 505 499 508 503 511 516 520 523 527 535 542 551 550 547 556 563 570 571 571 579 583 592 584 585 592 594 597 606 609 614 619 615 622 624 627 634 637 643 649 650 651 659 659 661 670 668 669 677 680 688 689 691 700 700 703 712 707 712
 74 403 404 402 405 407 411 417 421 417 420 418 410 406 408 417 420 421 424 425 433 433 435 436 437 446 445 451 456 459 466 475 467 466 462 469 463 469 477 476 485 494 496 496 505 496 505 512 514 519 526 534 543 543 542 543 552 557 562 563 570 579 575 583 583 584 585 592 597 605 612 614 612 613 614 615 623 629 630 639 647 641 645 650 651 658 664 667 669 675 677 679 687 696 699 695 694 703 702 703
 83 398 395 401 402 407 409 416 418 416 414 421 413 405 409 412 416 413 421 420 425 425 432 427 434 437 441 448 452 460 469 467 459 463 461 460 460 466 471 475 481 490 499 494 497 494 497 503 510 512 517 526 535 544 541 546 553 556 561 564 569 577 573 574 582 587 593 601 598 607 609 607 610 619 621 620 629 630 636 638 644 636 637 645 654 661 662 669 669 674 679 678 686 691 696 691 692 699 701 709
 89 396 388 397 403 398 407 412 416 416 408 413 410 402 409 403 407 410 412 414 420 418 423 424 427 432 435 439 447 455 461 459 450 456 452 453 457 461 466 472 479 485 492 491 489 491 497 506 514 518 519 528 526 535 536 540 546 551 559 565 569 571 567 576 577 586 594 599 603 602 601 606 610 614 616 617 624 630 628 634 637 635 643 650 655 664 663 671 663 669 672 676 685 692 695 688 689 697 698 707
 93 390 386 392 399 396 402 409 408 407 406 410 404 401 409 400 401 406 412 415 415 413 414 418 419 428 429 430 438 446 455 452 443 447 448 456 465 467 469 475 476 481 488 496 488 495 500 509 518 523 520 520 522 526 535 540 547 545 553 559 563 568 565 572 581 582 589 593 595 601 593 602 601 606 607 616 615 621 620 625 628 631 638 647 650 657 666 671 662 669 668 675 676 683 688 687 696 700 706 711
 94 390 383 390 392 391 398 405 404 398 399 408 409 400 400 396 397 403 403 412 414 409 412 421 423 428 436 433 439 446 449 446 442 444 452 450 457 464 473 470 478 474 482 487 486 489 498 507 509 516 521 516 523 524 531 540 541 542 550 552 559 561 563 571 572 581 585 584 593 596 591 600 600 608 610 608 606 613 616 621 630 639 643 647 653 662 662 670 661 665 667 673 679 678 679 679 687 692 697 702
100 387 382 383 388 389 398 399 403 396 390 399 406 397 395 392 388 396 395 404 405 408 417 423 418 423 428 433 435 439 441 443 436 437 444 445 448 457 465 469 471 468 473 480 483 492 498 499 500 509 512 514 523 526 527 533 540 541 548 554 553 562 559 565 570 574 582 581 588 588 588 594 598 606 602 599 605 607 612 621 629 636 643 645 645 654 660 662 655 656 663 665 671 677 682 678 680 687 696 704
109 378 375 381 381 390 395 390 397 398 389 391 398 390 386 388 385 388 390 397 406 408 414 419 417 419 420 425 428 430 432 434 435 443 442 447 441 450 456 461 462 465 466 475 476 485 491 498 502 508 505 513 519 525 531 540 536 545 546 547 551 556 553 560 566 568 577 572 579 579 580 585 589 598 604 596 605 614 620 623 627 633 642 649 640 649 651 653 654 659 662 669 662 669 674 670 675 681 687 696
118 369 368 375 377 383 388 389 389 389 388 393 391 383 382 386 382 389 395 401 402 405 409 415 415 414 417 418 419 421 429 429 436 434 436 439 439 441 450 457 465 467 470 474 477 483 491 492 501 501 504 509 517 526 526 532 531 536 537 538 544 547 544 553 559 561 570 569 570 577 578 586 594 602 600 594 599 605 612 614 623 629 633 641 639 643 648 644 646 655 661 660 661 661 670 666 671 678 680 688
122 360 365 368 371 378 382 390 385 392 386 388 388 386 377 377 381 382 386 393 395 404 408 406 412 413 411 417 426 424 424 426 427 427 430 435 437 445 454 462 464 468 471 480 474 480 487 489 498 496 498 501 510 517 522 523 529 533 538 537 537 538 543 550 559 564 562 561 570 571 571 580 587 596 594 591 600 606 608 616 616 625 632 632 630 639 645 643 645 654 655 659 666 658 662 663 672 680 684 689
127 357 361 367 367 372 374 381 383 385 379 382 385 383 374 373 379 373 378 386 395 404 409 400 403 407 410 408 417 416 423 420 425 422 431 435 444 450 449 453 455 461 462 471 472 474 478 486 495 494 499 500 504 513 522 528 529 538 531 528 535 543 542 550 559 555 556 560 567 568 569 571 580 588 589 590 591 599 607 608 613 622 623 632 629 631 640 635 639 647 654 662 662 654 663 657 665 671 680 681
132 352 355 364 359 364 373 382 383 378 378 374 382 379 374 367 372 370 376 385 391 397 401 392 398 401 401 406 413 413 414 414 422 421 423 432 440 446 443 447 454 460 465 469 473 478 479 480 488 490 498 505 504 510 517 522 528 534 530 522 526 535 541 542 551 554 557 566 575 571 570 579 587 589 595 591 598 599 605 606 612 621 627 623 625 623 632 632 635 643 645 654 653 653 654 655 664 667 676 680
133 351 349 356 356 364 373 376 382 373 372 366 373 370 370 366 365 368 372 381 386 389 393 390 391 392 399 399 404 410 407 412 419 414 423 429 435 437 438 439 448 451 458 461 466 473 481 481 482 490 499 508 499 502 511 513 522 527 527 519 522 530 532 536 545 547 550 558 566 567 568 575 584 590 591 584 593 595 600 608 615 615 618 614 616 619 625 626 635 638 647 654 649 652 656 664 665 669 671 676
141 353 346 352 350 359 368 369 376 371 374 365 367 367 362 371 364 369 372 376 377 381 387 382 382 388 390 398 399 401 403 404 412 413 419 428 437 446 447 446 455 459 459 468 475 474 483 484 484 493 500 499 495 499 502 510 516 519 518 517 525 528 536 543 539 538 547 553 561 568 561 570 578 582 582 576 584 593 598 603 606 611 618 611 615 617 626 635 628 630 639 647 646 648 656 659 668 671 680 679
142 352 344 343 345 354 361 362 369 363 370 362 359 366 360 364 363 360 369 372 378 372 380 380 376 385 391 400 408 408 412 411 420 422 425 434 439 448 447 449 458 464 466 470 476 481 480 482 491 495 495 500 492 491 497 502 508 512 517 513 522 524 533 534 535 536 543 550 552 559 560 563 572 574 574 575 582 590 594 595 599 603 610 608 617 623 619 626 623 625 633 641 642 646 653 660 669 670 679 682
151 354 345 336 340 348 355 353 362 359 361 354 352 357 357 358 359 357 360 365 369 370 371 377 375 383 389 393 402 405 414 410 415 416 424 433 440 444 446 447 456 464 468 474 472 476 476 483 491 488 487 494 497 490 491 498 503 504 508 509 518 527 529 538 537 539 541 550 551 558 551 560 565 568 569 576 583 584 586 587 593 594 601 607 612 619 618 619 620 628 634 637 639 647 654 662 671 679 681 681
155 350 342 333 334 343 346 352 357 350 353 356 351 354 349 358 360 356 365 366 372 368 372 372 374 375 384 393 396 403 411 409 415 424 430 428 431 438 445 447 453 457 463 467 465 467 470 479 482 485 478 487 491 488 495 504 504 512 517 518 521 529 534 538 539 542 549 552 560 558 550 552 561 566 568 574 581 588 592 593 592 597 606 601 605 610 612 621 619 627 635 638 647 655 663 668 670 670 676 672
162 341 337 332 338 340 349 355 350 342 345 348 343 349 340 349 353 354 363 372 364 361 364 370 378 380 388 392 398 400 402 403 408 417 426 423 432 438 445 451 455 459 462 459 457 458 466 473 473 476 477 484 485 487 496 505 509 516 524 526 522 522 525 530 539 546 549 546 551 553 546 553 559 560 562 571 579 580 587 588 585 592 598 593 599 601 608 613 615 620 626 632 641 649 658 665 668 666 671 668
171 334 338 331 334 331 340 349 343 339 336 339 342 340 339 347 356 355 364 363 357 360 361 370 379 381 388 386 393 397 403 404 411 415 417 422 424 432 439 446 449 451 456 451 448 456 457 465 471 480 479 488 490 496 504 505 508 510 515 519 515 515 521 525 534 539 541 541 542 544 545 550 551 560 561 567 576 585 586 586 583 591 589 592 597 601 602 611 619 626 632 634 639 643 650 657 659 663 668 666
176 327 333 329 327 330 335 344 335 331 335 342 333 342 338 343 351 352 361 354 356 363 368 377 383 383 388 385 391 397 398 406 404 408 416 425 433 433 441 441 446 447 455 446 443 452 461 466 469 471 478 485 482 488 497 499 503 510 516 510 506 514 518 521 527 531 533 540 541 538 540 545 554 557 560 563 572 581 587 581 581 589 588 596 599 601 610 616 617 626 635 640 645 651 648 649 654 655 663 665
180 321 324 320 321 322 327 335 330 328 327 335 328 335 336 345 351 360 356 352 355 361 367 372 377 380 385 381 385 394 397 401 403 404 407 416 425 434 434 435 441 442 449 440 440 447 455 464 461 469 471 479 480 488 490 491 500 501 508 509 502 511 518 519 528 529 533 532 532 530 531 540 547 549 552 561 566 573 579 572 573 580 585 591 595 596 602 611 619 624 628 633 636 645 641 649 654 663 666 658
184 312 315 314 320 327 327 328 321 326 322 329 326 334 337 341 350 357 348 351 355 362 364 373 373 382 377 375 380 389 390 394 403 412 406 413 418 426 427 431 433 441 442 434 435 442 447 455 458 466 471 471 479 481 483 484 491 495 499 500 501 502 511 514 519 524 528 526 527 529 531 535 540 541 550 558 559 568 573 571 576 574 577 586 590 598 601 610 618 615 624 625 631 637 633 640 647 654 663 656
193 305 312 306 312 318 322 320 313 319 321 322 324 332 335 342 341 350 346 351 349 353 359 367 370 376 380 374 383 380 388 390 399 403 405 412 417 426 432 440 434 441 440 433 442 442 446 446 455 457 462 467 476 485 489 491 498 502 499 504 510 511 513 520 520 522 524 525 534 538 538 541 542 549 550 559 568 566 566 567 568 573 582 578 587 591 599 604 613 614 620 626 622 629 630 639 640 645 654 655
201 297 303 305 314 312 314 311 312 314 315 324 331 336 337 338 337 345 345 350 345 354 351 358 361 367 376 373 376 379 387 392 397 404 411 419 417 424 432 434 425 434 438 430 435 441 441 443 451 455 464 469 477 480 481 487 491 494 496 500 507 513 522 522 529 529 526 527 528 530 531 534 542 544 549 557 559 557 565 572 569 570 576 577 585 589 593 598 607 614 611 617 618 627 635 639 647 653 660 664
206 296 297 297 305 310 305 307 308 315 316 324 328 333 333 335 335 337 344 349 343 346 348 357 359 366 368 370 373 381 388 397 405 403 406 410 413 418 425 431 423 427 433 427 428 436 440 448 450 458 461 462 471 479 487 488 496 493 498 503 507 516 524 524 532 529 528 529 537 532 540 535 542 548 548 555 550 551 558 566 570 577 579 580 589 593 600 603 611 606 608 614 618 627 632 633 641 650 659 663
214 289 291 288 297 301 298 304 307 313 318 315 324 328 328 328 330 336 344 349 342 349 352 357 366 360 361 370 376 384 388 389 396 401 403 404 405 414 419 423 422 424 426 425 432 433 441 447 454 461 465 463 469 478 486 487 491 492 498 507 515 521 521 527 530 529 534 537 545 541 541 536 537 539 546 547 549 554 563 568 575 578 579 583 586 588 592 601 604 605 614 621 619 628 635 635 637 646 651 654
219 286 288 286 289 295 289 295 304 308 313 313 321 325 325 326 329 328 336 340 336 342 346 353 358 359 365 373 374 379 381 389 396 405 405 406 406 412 415 414 416 419 420 424 426 435 440 448 450 459 468 467 468 469 478 481 482 491 493 502 506 515 512 520 528 526 527 536 538 546 549 541 546 547 554 551 558 563 564 568 574 575 582 588 593 597 598 607 607 612 621 625 624 632 633 641 638 642 651 660
225 279 285 284 281 286 287 296 298 301 309 304 312 317 317 325 325 321 330 331 335 341 348 349 357 360 365 371 376 385 388 391 397 401 408 411 415 415 412 413 421 421 427 432 435 443 449 443 451 454 460 458 459 462 471 473 482 486 487 494 503 508 507 516 519 520 521 528 531 540 548 550 546 548 550 558 565 570 570 575 575 578 586 588 592 601 607 614 613 621 624 633 630 636 642 650 646 644 646 653
232 278 277 281 274 279 288 293 292 301 305 303 309 315 315 324 318 319 327 334 336 344 351 357 356 361 360 366 372 381 390 395 400 408 416 415 408 406 411 415 423 422 424 425 427 435 444 438 445 448 451 454 457 465 472 476 485 489 495 495 497 502 505 514 515 521 530 537 532 534 542 543 544 553 552 557 564 570 576 584 580 587 591 597 598 607 615 619 620 626 633 642 639 645 650 653 649 645 646 655
241 280 276 275 270 279 285 289 285 293 298 301 310 311 312 316 317 319 321 329 335 343 347 350 353 356 358 367 371 377 385 386 395 402 407 406 405 402 408 417 424 428 431 427 431 433 435 436 437 442 444 453 457 462 463 470 476 485 491 500 501 509 506 514 520 523 532 535 534 542 539 534 537 546 549 557 558 562 571 578 582 589 594 599 600 609 617 620 627 627 634 635 642 650 656 658 657 654 653 662
250 273 259 260 262 267 277 283 284 292 301 303 309 317 317 318 320 325 330 336 344 347 348 349 358 362 363 368 375 376 378 380 388 395 401 409 400 401 410 413 422 431 425 434 439 434 443 444 445 443 444 446 453 462 463 472 481 484 490 497 500 508 509 510 519 519 526 528 535 542 534 533 541 550 553 561 564 570 575 584 583 588 595 602 608 605 614 618 624 629 638 639 648 657 665 667 660 663 655 659
255 256 258 265 269 268 278 286 291 299 307 309 312 316 324 323 328 333 337 345 351 356 356 351 360 362 368 376 384 377 378 380 389 390 394 400 395 404 412 414 421 423 424 431 432 435 442 443 452 448 449 448 450 458 465 473 475 476 482 491 493 501 508 511 520 517 525 533 528 533 530 532 541 547 554 559 568 576 583 580 580 581 589 593 602 603 612 621 629 638 647 643 652 661 666 674 669 667 663 660
256 263 267 271 273 273 280 290 298 307 313 313 320 319 328 327 330 334 340 342 349 356 357 357 365 371 369 373 381 378 384 381 382 387 391 392 394 401 405 414 422 421 427 433 440 444 444 452 453 456 450 454 451 458 462 470 474 475 481 487 494 498 501 502 511 514 523 524 526 528 529 537 540 547 556 557 566 573 574 575 578 582 591 596 598 607 616 617 623 631 638 647 653 656 663 667 666 666 668 666
261 266 273 280 282 282 289 292 300 309 312 307 313 318 323 330 327 335 344 347 356 358 361 366 368 374 373 377 383 387 390 388 391 393 393 399 400 404 407 408 413 415 418 424 433 442 451 460 462 456 451 459 458 459 460 462 470 479 487 495 495 499 504 508 514 523 530 528 534 536 538 545 548 556 565 563 572 579 580 583 587 583 592 593 602 607 616 625 629 637 646 642 650 655 662 663 664 665 673 671
270 275 274 283 291 291 295 293 303 302 303 305 315 316 323 320 321 326 336 345 354 353 360 368 375 376 378 386 391 394 394 392 395 401 401 406 404 411 416 417 421 417 419 427 436 441 443 452 453 458 460 463 463 464 465 469 476 484 488 492 501 508 505 511 520 524 527 534 541 537 545 547 552 554 562 571 580 583 589 590 586 585 593 602 611 611 620 629 637 642 637 639 645 646 653 661 670 674 681 673
275 277 282 291 292 300 301 296 297 301 310 309 311 313 318 319 327 335 342 346 347 348 354 360 365 374 377 386 395 398 395 401 403 402 402 411 410 419 420 421 426 419 427 436 437 445 445 454 460 461 461 470 470 473 474 476 485 493 497 497 503 508 507 514 519 525 533 538 536 537 540 543 552 559 568 575 576 585 593 594 588 591 592 597 603 606 615 624 628 634 635 644 653 653 659 666 667 675 674 681
276 283 290 298 295 299 300 303 299 300 301 307 316 317 320 324 330 337 346 348 353 351 360 367 369 372 375 377 386 394 403 407 411 409 405 413 419 426 424 422 431 428 434 435 436 441 450 459 455 461 470 479 477 477 476 481 483 490 496 497 506 514 514 518 526 527 533 534 535 540 549 551 560 563 568 569 578 583 589 590 595 592 600 605 612 615 616 621 624 629 638 647 648 655 663 670 668 676 672 681
277 286 287 293 300 300 308 312 308 308 308 310 319 326 327 332 339 342 347 353 355 359 364 373 370 378 380 381 391 398 400 406 407 408 412 418 423 430 426 430 434 430 431 439 443 449 452 453 454 463 469 472 475 476 478 483 492 494 499 506 515 518 523 527 530 535 542 541 543 548 550 559 560 564 565 573 579 586 594 599 597 598 604 609 613 622 624 622 627 632 637 642 643 652 658 665 671 674 668 677
284 293 292 296 305 303 305 313 311 314 309 312 321 330 333 339 345 343 345 346 355 361 363 370 375 382 389 385 389 390 393 396 397 399 408 409 418 426 427 429 431 439 440 442 445 452 461 454 461 470 476 480 481 478 487 490 498 503 506 513 518 524 524 528 533 541 550 549 544 550 558 560 568 571 573 580 581 583 591 592 593 600 608 616 617 618 620 625 626 632 640 646 652 661 658 659 662 665 666 671
291 292 301 305 311 312 308 317 316 316 313 319 323 331 334 340 344 344 348 351 360 366 367 375 377 386 394 394 394 393 399 404 402 408 412 410 418 424 433 431 433 434 436 445 446 455 462 455 456 461 469 478 487 479 487 496 505 508 513 514 515 522 526 526 527 532 541 542 547 550 559 567 573 576 579 581 585 587 595 597 598 599 601 609 610 618 621 624 633 638 639 646 651 654 657 656 663 672 671 674
300 301 310 309 310 319 316 325 317 320 322 320 329 332 339 348 353 353 356 358 364 367 373 381 378 381 389 396 401 399 405 406 407 416 415 419 421 424 430 438 441 439 444 445 453 461 469 464 464 469 477 484 484 483 489 494 498 499 508 515 516 517 525 524 532 541 548 550 556 551 554 560 568 573 578 583 584 593 602 601 606 601 610 617 616 623 624 626 627 629 630 639 642 645 652 653 662 671 678 683
309 310 319 318 318 322 319 324 324 329 331 328 337 333 337 346 348 357 359 359 362 363 370 379 387 389 394 397 405 402 410 412 409 418 424 420 427 425 430 438 439 443 448 454 461 469 470 470 473 473 475 484 492 491 495 502 506 508 517 516 517 518 520 522 530 533 541 545 552 559 559 566 571 578 587 592 587 596 598 599 607 602 604 608 613 622 624 630 628 637 638 646 651 654 661 658 664 665 674 681
311 319 324 321 327 324 320 326 333 330 330 329 331 337 338 347 356 363 368 368 368 370 374 378 384 385 394 400 406 409 416 414 414 416 417 426 432 433 436 445 448 452 457 458 466 470 475 478 481 476 478 482 491 495 501 508 511 517 519 517 519 527 529 526 527 536 542 544 553 557 560 562 569 576 579 588 592 598 604 607 610 610 613 611 612 616 622 629 633 637 641 643 646 647 656 665 673 669 673 677
319 327 328 325 329 326 327 334 334 338 338 331 333 338 342 347 356 361 366 375 370 378 376 383 392 387 396 402 404 408 413 422 421 425 418 422 423 430 439 447 452 453 461 465 466 467 474 475 478 479 487 490 494 497 499 505 506 514 519 526 528 528 530 531 534 541 545 550 551 560 568 571 576 579 582 583 588 597 606 607 616 611 614 612 620 625 630 636 642 642 650 646 650 656 661 662 667 676 675 684
320 323 332 334 334 331 336 336 341 340 341 332 333 336 343 346 355 362 364 368 374 383 380 389 396 396 405 407 413 412 421 428 425 425 424 431 432 439 443 445 451 454 459 461 470 476 479 481 483 483 491 496 503 506 507 514 513 518 519 528 537 536 532 534 543 542 544 550 557 566 567 572 581 580 581 582 591 600 609 615 616 618 618 619 622 631 633 634 642 651 659 655 654 657 659 661 669 671 680 689
323 332 341 342 341 339 339 344 344 348 345 336 334 341 347 351 352 357 364 370 378 382 387 394 399 399 407 408 416 415 419 428 434 430 431 434 433 437 444 443 444 448 449 459 462 468 470 472 481 482 485 493 500 505 507 513 516 520 528 530 534 542 540 543 545 551 553 552 555 563 572 578 579 582 582 591 600 602 603 609 617 625 619 625 629 637 642 641 646 654 659 659 661 659 661 666 674 680 689 698
332 339 347 347 348 348 342 350 348 352 345 344 335 340 348 357 361 365 364 370 373 379 388 395 401 404 412 416 423 421 428 437 439 431 432 436 435 436 440 441 442 451 451 452 453 463 471 479 482 491 489 497 506 512 514 521 525 525 531 536 536 539 545 552 554 559 561 554 562 569 570 578 586 588 583 585 591 598 606 615 623 622 626 630 638 644 649 650 655 658 665 664 665 665 670 674 682 687 694 697
339 348 355 355 354 346 343 344 353 356 352 343 336 340 345 352 358 361 362 370 376 382 391 399 394 403 406 411 414 422 428 437 437 434 439 437 437 443 448 445 447 453 458 461 460 462 469 474 483 489 490 498 501 509 510 517 524 528 533 536 538 538 543 549 553 553 558 556 562 571 576 585 587 596 591 594 599 602 610 614 615 619 625 627 634 643 649 652 653 661 670 671 672 669 674 676 684 691 700 705
344 353 359 361 361 352 346 353 361 358 356 349 345 345 347 352 355 364 371 373 374 383 384 391 392 401 402 403 405 414 421 429 432 436 443 445 444 450 452 451 455 459 466 469 464 465 471 480 489 498 499 503 503 504 508 516 519 528 529 533 533 535 543 550 550 552 554 555 563 564 573 582 590 594 598 600 602 610 611 613 614 616 623 632 634 638 645 653 656 657 665 670 674 677 675 683 691 699 706 712
350 357 366 362 364 357 349 350 352 361 354 347 346 350 351 359 360 367 369 378 383 392 385 390 399 402 410 404 411 412 421 427 435 444 449 452 452 456 460 459 460 460 462 467 473 466 472 481 490 498 507 506 509 513 517 517 524 528 529 530 532 539 540 543 549 554 556 564 572 573 581 584 585 590 599 608 606 608 610 619 620 617 626 630 633 638 647 653 659 658 663 669 676 673 677 686 686 692 701 706
353 361 362 364 363 361 355 358 360 357 352 350 347 352 354 360 368 374 371 374 382 390 386 390 392 401 409 410 412 420 429 436 438 445 453 456 458 465 462 464 466 467 463 468 477 474 480 487 489 495 502 504 512 517 519 526 530 529 536 533 536 537 541 544 551 553 558 559 567 573 578 582 586 595 596 605 609 609 616 618 627 621 622 624 633 637 646 655 656 657 660 669 668 671 677 681 685 694 702 709
357 365 369 373 370 365 356 365 369 363 355 356 355 356 362 365 368 376 377 380 389 390 392 399 400 403 412 419 420 424 426 435 437 445 454 452 459 465 463 471 471 469 470 476 477 482 487 493 492 494 503 508 517 526 520 522 523 526 532 541 537 545 548 551 559 554 562 568 574 582 579 581 588 591 600 609 614 610 613 619 627 628 630 633 641 638 645 653 662 662 660 662 665 670 678 682 691 694 699 708
363 372 378 381 376 372 365 374 365 358 357 359 359 365 363 372 372 381 386 387 393 397 396 400 401 409 413 415 416 417 426 427 430 439 447 448 453 456 465 471 472 470 479 484 486 491 494 502 493 498 507 516 525 524 521 530 530 527 536 539 539 547 556 555 564 563 568 569 571 580 586 585 586 589 595 604 606 614 620 623 625 632 638 642 650 643 644 648 656 658 659 668 674 671 678 682 684 691 692 700
364 373 380 381 383 374 371 370 363 361 361 361 367 370 370 372 374 382 383 387 396 402 401 408 410 418 417 417 418 424 430 436 438 447 451 456 461 465 466 474 480 474 483 489 487 496 502 510 500 506 515 518 522 522 528 529 537 535 541 547 545 550 559 562 564 568 570 577 576 578 586 587 589 598 597 599 608 617 624 632 626 634 635 638 647 647 647 656 663 661 663 669 675 672 681 689 692 694 701 702
372 381 383 390 382 381 378 372 364 368 364 365 371 371 379 373 375 379 381 389 396 405 408 409 410 414 421 425 426 433 439 437 444 448 456 462 469 472 468 471 480 480 481 489 490 495 501 508 505 508 516 521 519 520 529 536 538 542 543 544 552 552 553 556 563 567 576 573 574 583 592 588 594 601 601 605 614 616 620 623 631 631 639 642 646 651 652 655 662 670 667 671 672 680 682 688 689 698 700 709
381 390 386 390 387 381 380 375 368 377 369 368 377 378 386 381 382 387 389 398 404 408 409 412 411 419 428 433 434 442 442 446 448 457 460 461 465 466 472 472 475 479 487 490 496 504 502 504 512 510 511 514 515 521 528 529 530 532 533 543 549 556 559 560 565 570 571 572 578 580 587 592 596 597 599 608 617 620 627 631 629 630 636 644 645 646 655 656 665 671 676 674 680 685 691 689 691 692 699 706
390 392 395 392 390 390 387 378 372 375 372 377 382 379 385 390 391 396 391 392 400 409 418 421 419 427 436 441 443 448 451 450 453 454 459 463 464 468 470 471 480 482 484 493 494 502 506 508 514 514 520 517 518 521 529 538 538 540 534 535 540 549 554 555 556 561 568 572 578 587 596 594 602 605 602 605 609 611 619 623 627 632 636 641 643 652 658 665 669 676 677 682 681 688 689 692 692 697 704 711
399 395 404 399 392 393 390 385 376 380 376 381 390 387 392 394 394 402 393 397 406 407 415 416 420 421 430 439 445 450 455 454 456 462 468 469 469 477 474 474 478 486 491 500 498 499 508 512 513 522 520 519 527 522 530 536 542 548 540 536 542 543 547 557 561 570 576 574 583 587 593 594 602 608 609 606 611 619 626 632 636 636 642 648 652 654 659 664 671 678 678 684 690 696 694 693 693 699 701 707
403 404 410 408 401 400 392 385 381 382 381 382 391 396 401 397 402 399 395 403 412 411 417 422 427 429 437 440 449 450 458 455 461 469 476 471 476 483 481 482 483 491 497 501 500 508 515 517 522 527 529 527 527 524 530 539 548 550 543 543 551 551 552 555 561 564 571 572 578 583 590 599 600 605 614 615 612 616 617 623 628 636 640 649 658 662 668 665 673 680 687 688 691 699 702 702 700 708 707 708
411 413 419 414 410 409 401 394 385 383 390 383 385 394 399 405 411 408 403 405 406 415 418 427 428 437 441 441 446 455 464 463 466 470 479 477 478 486 488 488 489 498 505 509 508 517 517 518 524 533 533 536 529 525 534 540 542 544 545 546 554 559 560 562 569 571 577 581 580 589 594 600 609 614 615 624 617 624 624 626 633 638 646 654 660 668 676 671 672 680 684 692 697 705 709 711 708 717 716 712
419 414 418 414 411 414 405 396 391 392 387 386 389 390 395 396 405 407 409 413 415 417 421 429 431 440 442 447 454 463 465 468 468 469 477 485 487 488 491 497 492 493 502 509 517 518 526 519 520 527 536 542 538 532 541 549 547 550 546 552 559 565 568 569 578 573 582 586 581 589 597 606 614 622 623 632 624 633 625 628 636 643 648 649 657 666 667 669 678 684 692 701 704 705 712 719 710 715 724 716
428 421 425 417 409 408 406 398 395 391 390 395 390 399 397 405 412 410 417 419 424 418 427 435 438 445 449 455 462 470 474 474 477 471 474 478 484 486 494 495 493 494 499 500 508 516 522 528 527 531 539 540 547 541 550 555 552 559 554 560 568 571 575 577 585 580 589 591 588 596 604 606 606 615 621 625 623 626 631 637 640 641 648 654 655 657 664 672 680 688 696 698 706 706 713 714 719 723 724 725
437 429 425 425 417 414 405 398 397 393 395 404 399 406 399 400 403 410 411 414 417 425 429 436 438 442 451 457 466 475 479 483 475 473 474 481 490 491 498 499 499 495 498 502 505 512 520 525 527 536 537 541 543 542 550 558 556 565 558 559 567 572 576 578 587 585 589 590 590 599 607 604 605 607 615 616 620 629 637 639 640 643 651 657 659 660 669 677 678 685 693 701 703 705 711 719 720 729 733 731
435 432 423 423 414 405 404 403 403 399 397 405 407 404 402 405 410 416 420 416 420 422 431 434 440 448 449 456 463 472 477 480 483 474 475 477 483 492 499 508 508 504 507 504 512 520 525 528 534 535 544 549 552 549 558 561 561 566 567 562 569 576 579 583 591 594 597 594 593 595 597 601 604 605 614 618 628 631 636 640 641 646 655 662 668 665 674 681 687 693 698 704 706 713 719 719 725 725 729 737
427 423 420 418 417 409 411 404 404 405 406 413 408 409 406 413 417 425 427 418 419 422 430 431 432 439 442 451 455 464 473 474 475 477 484 486 492 499 506 515 514 513 515 513 521 529 534 530 536 538 539 548 549 552 561 565 566 571 574 570 577 585 587 592 600 601 599 597 595 601 605 609 613 614 620 622 632 639 643 648 650 650 655 663 671 674 682 684 691 694 698 707 704 704 712 718 719 720 724 732
436 429 429 426 419 417 409 405 411 409 410 412 417 417 414 421 418 419 428 427 423 430 435 440 433 442 450 455 462 468 469 476 482 484 482 490 499 498 502 509 513 522 523 520 527 528 533 531 538 547 546 550 551 560 561 563 571 580 583 577 585 591 596 601 601 608 605 605 598 607 613 610 616 623 627 624 634 642 650 648 650 657 654 662 670 679 681 684 686 689 689 698 695 696 703 712 716 720 727 733
440 432 432 428 419 415 414 414 419 410 415 419 422 423 418 427 419 428 434 436 431 432 437 444 441 444 451 457 464 469 472 470 473 478 480 484 493 495 501 502 510 519 524 521 526 534 535 540 547 556 548 557 553 558 564 570 576 584 584 584 593 593 598 601 608 616 611 609 601 610 618 612 615 622 626 628 632 637 645 645 647 648 651 660 665 672 677 684 692 688 681 690 694 696 705 714 723 727 727 736
443 436 433 436 428 424 423 423 420 419 422 426 430 424 427 423 420 428 436 437 439 434 443 446 444 449 450 455 459 460 464 468 476 485 483 484 491 495 500 501 510 519 525 523 526 535 541 543 546 555 557 566 562 559 567 574 575 576 578 582 586 593 601 602 611 617 612 608 604 608 616 620 616 622 630 635 633 635 636 639 641 650 657 661 662 669 668 676 683 684 679 688 691 700 706 710 719 723 724 733
450 444 441 443 434 429 432 430 429 422 423 432 437 430 436 430 429 430 435 442 448 443 452 447 449 457 459 458 467 469 469 477 480 488 492 490 499 504 507 510 513 514 523 526 533 541 549 546 554 561 564 571 564 568 570 575 579 579 586 590 589 595 604 611 615 622 619 614 605 614 616 621 618 627 634 641 635 637 644 646 644 649 650 657 659 663 667 669 674 675 676 685 690 693 700 709 714 715 723 725
458 453 450 452 443 436 434 431 432 423 432 435 443 435 442 433 438 432 441 443 452 444 446 453 452 461 462 459 461 465 474 483 485 489 498 497 504 511 511 517 522 523 530 531 538 543 547 550 554 563 565 570 566 575 571 580 587 581 588 597 594 602 608 617 616 623 618 617 609 618 625 629 622 629 633 633 642 645 652 647 649 654 656 665 666 665 669 670 678 678 679 688 690 699 708 712 717 723 729 726
466 460 454 445 444 443 441 432 434 426 435 441 447 444 444 435 441 435 442 447 455 453 455 462 459 465 471 468 464 473 476 478 487 488 497 505 512 518 517 518 520 528 535 534 538 545 547 553 562 571 566 575 575 584 576 584 589 590 593 602 600 604 610 617 625 617 624 618 617 624 632 630 624 625 626 631 640 648 655 650 653 657 660 668 673 666 673 679 685 681 687 688 696 704 705 714 723 724 729 732
463 456 447 446 451 451 442 433 441 433 440 444 450 447 453 444 444 441 448 449 452 453 459 465 461 462 466 474 466 475 477 486 492 493 502 510 511 520 526 524 529 537 542 543 540 542 548 557 563 570 567 568 570 578 577 579 585 586 594 600 601 595 604 611 616 609 618 624 626 633 641 632 629 632 630 634 642 646 653 656 662 665 668 673 670 668 670 675 677 684 687 693 700 703 710 719 728 731 738 741
463 454 453 454 458 449 444 435 442 442 448 453 454 449 456 451 453 450 449 450 453 454 462 471 469 464 473 471 468 469 472 479 488 494 499 508 511 515 522 529 530 538 542 543 541 546 549 558 560 562 570 577 571 580 584 580 583 586 590 592 593 594 598 607 613 608 616 623 626 634 641 639 638 636 633 636 644 652 658 665 668 674 675 682 678 673 677 684 684 690 690 691 700 707 716 724 731 732 741 748
469 460 462 459 459 450 450 444 443 451 449 452 459 450 459 460 461 459 458 459 454 462 468 477 470 465 473 475 477 471 480 488 495 495 499 505 506 513 516 521 528 537 545 546 549 554 558 566 561 569 570 575 579 587 590 588 588 590 598 597 597 595 603 604 605 607 612 618 619 625 634 642 646 645 641 644 647 651 660 664 665 669 675 684 679 674 677 684 687 692 696 698 699 708 716 718 724 731 734 739
466 463 465 466 460 459 452 445 449 451 454 454 457 458 465 463 467 464 459 459 457 458 460 469 478 474 478 483 479 480 488 492 501 504 506 507 512 517 518 522 531 538 542 545 554 562 561 570 568 574 579 584 582 588 594 596 589 597 605 599 606 604 608 611 612 609 610 616 625 628 632 635 641 644 643 647 648 650 655 657 666 674 681 682 681 681 680 681 685 690 692 701 706 710 711 719 721 730 738 742
475 467 472 475 469 468 461 454 455 456 462 462 458 461 470 464 469 466 464 467 458 467 468 477 485 481 479 488 481 487 496 501 510 513 511 515 517 522 527 523 528 534 535 544 549 556 560 569 571 572 575 580 588 589 591 597 598 604 613 604 611 612 615 617 621 617 619 625 633 636 637 642 646 650 645 654 650 657 656 665 671 675 678 687 687 689 684 689 686 694 701 710 709 710 719 725 723 728 730 733
476 475 481 476 477 473 464 460 456 461 465 463 461 462 470 472 476 468 467 475 466 467 468 477 483 482 486 495 486 495 496 505 513 522 518 516 525 528 527 526 527 533 542 549 558 565 565 573 579 573 574 583 589 598 598 604 605 605 613 612 617 615 617 626 625 618 624 627 628 629 630 636 644 645 653 657 659 659 665 667 673 678 682 683 685 693 693 693 687 691 693 702 703 712 718 719 723 724 733 741
482 480 488 483 475 472 466 464 463 462 470 471 468 468 475 481 481 477 469 478 472 476 477 478 482 486 490 491 488 497 501 510 515 524 523 517 523 530 536 533 533 539 547 554 558 567 571 573 582 577 583 585 592 597 601 604 609 607 611 614 619 623 623 626 629 620 629 635 637 633 635 637 642 649 651 660 667 668 668 668 670 679 688 684 691 698 699 695 691 697 699 700 702 703 709 717 718 723 731 735
491 489 489 481 477 468 467 472 471 467 468 469 474 473 479 488 485 476 475 484 479 485 486 483 491 489 490 491 491 499 504 513 519 520 529 522 529 538 535 534 542 540 545 554 563 569 578 581 590 585 591 594 600 606 610 610 618 616 617 615 620 627 632 632 631 622 624 628 633 638 643 640 644 645 648 655 664 665 670 669 673 674 681 689 697 703 707 698 696 700 707 706 711 705 712 718 723 722 723 726
498 489 481 480 471 470 475 476 472 475 473 471 480 474 482 483 492 485 480 483 480 484 493 487 495 490 498 499 499 500 502 510 513 519 528 531 538 542 544 537 541 549 553 562 571 578 585 588 589 587 589 598 601 609 610 618 625 625 622 623 629 631 637 633 635 631 625 632 636 640 641 649 652 652 657 662 671 673 671 673 681 676 679 681 689 698 698 707 702 707 713 715 716 707 708 709 714 720 728 727
495 488 481 480 472 476 484 480 481 479 482 480 485 477 484 484 489 492 483 487 482 491 500 494 503 497 506 501 503 507 508 516 515 521 530 534 543 543 548 542 548 556 559 567 576 581 590 597 596 592 596 605 609 614 617 620 626 633 625 624 633 640 642 642 638 630 628 636 643 646 649 655 660 661 665 667 671 672 680 678 686 677 680 681 689 691 694 702 710 708 713 714 713 710 714 712 722 722 726 734
500 494 485 481 481 479 481 481 490 481 487 489 487 478 487 493 492 491 484 491 490 493 500 499 504 503 510 505 506 511 513 522 524 530 531 540 543 552 553 549 557 561 566 568 575 576 585 594 601 600 597 606 614 615 620 627 632 641 633 627 633 642 651 651 642 635 634 642 646 655 657 662 669 662 670 670 671 674 683 679 688 685 689 690 698 695 703 711 717 716 714 722 718 717 722 718 721 723 732 739
500 492 486 489 487 486 483 486 489 482 486 495 490 487 496 494 494 500 493 496 496 502 509 503 510 504 513 510 515 513 515 522 529 534 536 539 548 555 555 558 563 568 569 569 575 579 586 595 599 606 598 606 615 624 624 627 632 639 642 636 642 649 654 653 651 643 643 648 654 663 658 667 672 668 675 676 677 675 684 684 693 693 698 699 704 696 705 713 722 725 722 728 719 722 725 725 728 724 725 729
502 495 495 496 495 492 492 493 484 483 491 494 497 488 493 498 502 501 500 498 498 500 506 511 510 509 510 519 523 520 524 523 531 539 545 541 550 551 559 556 565 569 578 574 579 588 592 594 602 606 605 611 615 616 625 634 633 634 640 641 648 657 663 656 650 647 649 656 663 666 664 673 677 669 676 684 679 678 681 682 689 692 701 708 711 704 711 715 724 731 730 732 724 730 730 729 734 726 733 735
505 499 500 504 496 500 499 497 490 488 495 495 504 497 502 507 511 507 505 504 506 502 510 518 519 510 518 519 527 525 532 529 536 542 549 542 549 554 562 555 556 565 574 583 588 585 585 590 596 597 598 602 606 608 617 626 635 643 645 650 649 658 663 664 658 650 658 665 667 668 672 675 683 677 682 687 688 679 687 691 693 701 707 713 714 706 715 724 728 736 739 736 731 737 736 738 742 735 739 736
508 508 502 505 501 508 500 498 497 497 497 504 506 499 508 515 520 515 506 505 508 505 513 515 524 517 518 526 529 534 541 538 538 547 554 546 548 550 553 554 556 560 568 576 582 583 584 586 595 603 604 611 614 617 620 628 635 644 652 651 657 666 667 669 664 658 667 673 674 669 674 681 684 682 685 686 690 687 695 700 702 702 710 711 715 707 714 721 729 730 737 744 737 738 745 747 746 742 747 745
