  0 545 539 544 547 543 552 554 555 553 546 542 536 541 542 540 534 535 539 538 541 550 558 554 563 558 556 561 564 565 569 566 567 576 576 573 567 574 575 576 584 587 596 597 603 600 604 606 614 618 621 623 632 636 633 641 641 648 651 656 665 657 659 667 676 674 678 686 687 693 702 711 717 715 722 724 727 725 730 725 730 738 742 750 752 761 769 778 9223372036854775808 9223372036854775808 9223372036854775808 9223372036854775808 9223372036854775808 9223372036854775808 9223372036854775808 9223372036854775808 9223372036854775808 9223372036854775808 9223372036854775808 9223372036854775808
  8 538 537 538 538 542 543 550 552 544 541 533 534 532 533 539 533 536 534 535 538 544 549 553 558 556 552 554 560 568 560 562 566 573 574 575 566 572 578 585 585 586 592 596 604 596 599 601 606 610 612 618 626 627 627 634 637 640 642 650 659 651 659 668 672 671 678 681 689 697 705 703 708 707 714 719 719 716 725 722 724 733 742 746 754 763 768 776 773 780 9223372036854775808 9223372036854775808 9223372036854775808 9223372036854775808 9223372036854775808 9223372036854775808 9223372036854775808 9223372036854775808 9223372036854775808 9223372036854775808
 16 530 528 537 535 544 536 542 545 537 534 531 525 525 527 532 525 528 529 536 545 544 551 545 549 551 548 554 557 561 555 559 567 574 581 572 565 570 570 578 585 591 583 588 595 590 598 604 612 610 614 617 618 620 625 633 636 635 642 649 657 649 657 660 664 669 676 678 684 690 698 700 708 704 705 713 714 715 716 720 723 732 741 742 749 758 759 768 764 771 776 9223372036854775808 9223372036854775808 9223372036854775808 9223372036854775808 9223372036854775808 9223372036854775808 9223372036854775808 9223372036854775808 9223372036854775808
 17 534 527 529 530 535 533 534 536 535 532 526 523 521 520 525 523 528 530 539 542 537 542 537 543 544 547 549 550 552 554 559 565 567 572 563 563 564 569 570 576 582 580 582 588 587 595 600 603 609 613 608 612 619 625 628 629 633 641 640 648 648 649 655 664 668 675 677 685 693 689 698 700 700 709 709 718 715 721 724 732 736 734 735 741 750 752 761 760 762 767 775 778 9223372036854775808 9223372036854775808 9223372036854775808 9223372036854775808 9223372036854775808 9223372036854775808 9223372036854775808
 26 534 526 523 529 530 532 539 532 527 523 524 524 520 518 516 520 529 533 533 537 530 533 533 536 540 538 540 542 545 550 550 557 558 566 557 556 565 570 562 571 573 574 581 579 586 592 595 603 607 613 605 607 616 618 625 634 635 635 637 643 642 650 659 661 665 672 677 681 684 681 689 691 699 701 702 711 712 714 715 724 732 733 736 742 744 752 753 754 758 765 767 769 778 9223372036854775808 9223372036854775808 9223372036854775808 9223372036854775808 9223372036854775808 9223372036854775808
 28 528 519 517 520 521 530 533 526 518 516 518 516 511 509 515 523 523 528 527 529 526 532 531 533 539 537 542 541 542 546 541 548 557 558 561 553 558 564 559 564 567 573 581 578 584 583 589 595 599 606 602 610 611 620 624 626 630 631 634 638 641 645 650 659 661 665 669 678 675 680 681 690 696 704 702 711 719 720 723 723 732 738 737 746 745 753 758 763 767 766 770 769 774 9223372036854775808 9223372036854775808 9223372036854775808 9223372036854775808 9223372036854775808 9223372036854775808
 29 520 511 511 516 520 529 524 518 516 507 514 507 502 503 509 516 517 519 525 521 517 524 528 524 531 535 537 538 545 546 538 545 552 559 552 551 552 555 556 563 564 572 576 576 583 580 583 590 592 601 600 604 609 611 617 619 624 633 636 637 640 645 654 662 669 668 668 671 672 673 680 687 688 696 701 704 710 717 720 722 725 730 738 747 752 759 760 756 763 764 764 768 776 9223372036854775808 9223372036854775808 9223372036854775808 9223372036854775808 9223372036854775808 9223372036854775808
 33 513 507 510 519 522 525 518 510 514 506 511 507 501 509 509 515 510 519 518 521 515 523 530 523 522 527 528 536 541 539 537 541 548 551 553 549 553 559 559 568 570 573 576 572 575 577 581 587 596 598 599 607 616 613 617 620 622 628 631 633 635 637 646 654 663 670 664 667 673 682 688 696 689 698 697 698 703 711 713 714 722 726 730 738 743 750 752 754 761 757 762 770 770 774 9223372036854775808 9223372036854775808 9223372036854775808 774 9223372036854775808
 41 507 506 508 512 513 517 512 508 512 504 504 509 500 503 508 507 509 517 509 514 513 521 523 525 519 523 530 539 542 535 535 539 543 548 549 540 545 552 561 565 562 565 567 570 579 583 590 593 595 594 597 602 609 616 622 629 630 636 640 636 642 640 649 658 664 666 663 668 670 678 686 688 690 693 695 697 701 702 705 712 720 721 724 729 737 742 743 745 752 749 758 761 765 772 774 777 773 765 773
 42 499 503 500 505 508 515 506 502 509 500 501 502 499 505 514 506 502 511 508 516 509 518 524 516 518 522 531 538 533 526 534 539 542 541 542 533 539 547 556 558 558 566 568 572 574 583 592 590 592 591 600 602 609 617 625 629 631 635 636 636 645 646 651 651 659 663 661 661 669 670 677 682 690 696 693 694 703 711 709 718 715 715 719 724 728 734 740 741 743 743 751 760 756 764 766 768 771 764 770
 51 494 501 493 501 503 508 500 499 503 499 501 497 491 497 506 506 497 502 500 507 508 514 517 514 523 523 527 529 531 525 530 532 539 533 538 531 535 542 551 555 557 564 572 579 576 579 583 585 585 590 598 599 604 609 618 621 623 626 627 630 637 643 644 645 651 657 652 658 661 669 671 677 686 687 691 697 706 709 713 717 714 706 710 719 725 731 732 733 741 742 743 752 755 756 758 761 762 763 771
 56 489 498 492 500 508 501 504 497 496 492 492 488 487 488 497 500 495 504 498 507 503 510 517 512 521 526 524 533 524 523 529 528 536 532 533 529 532 539 543 546 548 556 563 571 570 570 574 576 584 592 600 600 609 610 618 620 627 628 634 639 644 645 649 647 654 654 648 651 656 660 669 675 684 682 690 696 700 701 708 709 705 704 707 715 720 728 724 724 733 734 742 743 747 756 757 761 770 771 774
 58 486 489 491 493 499 493 502 499 491 490 489 489 483 489 490 491 492 501 497 498 502 504 509 511 512 520 521 530 526 519 521 527 527 524 530 528 530 539 541 544 546 550 557 565 562 563 566 575 580 584 593 600 604 609 612 615 619 623 632 641 645 640 649 644 649 648 643 651 660 666 660 669 676 677 683 687 692 701 699 708 700 702 705 708 715 720 719 722 727 731 738 744 750 757 761 753 762 765 773
 66 482 484 489 487 490 488 496 490 490 491 482 481 474 483 490 494 496 497 494 503 505 502 502 511 520 519 512 521 517 518 526 534 525 517 521 527 533 536 540 549 553 558 558 559 561 570 575 574 580 589 595 596 597 606 606 607 612 619 627 633 641 638 646 637 641 640 642 643 652 657 658 667 670 678 679 680 687 692 691 700 698 704 711 715 710 712 716 717 718 725 732 735 744 748 756 752 761 757 764
 73 481 475 481 478 482 484 491 482 486 489 480 474 470 477 485 485 487 489 486 494 502 496 497 502 511 512 510 514 516 523 532 525 517 516 522 524 525 534 538 544 553 558 552 561 556 564 569 573 576 580 588 595 604 603 600 609 616 623 624 624 632 630 639 631 632 639 641 644 653 656 661 666 662 669 671 674 681 684 690 696 697 698 706 706 708 717 715 716 724 727 735 736 738 747 747 750 759 754 759
 74 473 474 472 475 477 481 487 481 477 480 478 470 466 468 477 480 481 484 485 493 493 495 496 495 504 503 509 514 517 524 529 520 519 515 522 516 522 530 529 538 547 549 549 558 549 558 565 567 572 579 587 596 596 595 596 605 610 615 616 623 631 622 630 630 631 632 639 644 652 659 661 659 660 661 662 670 676 677 686 694 688 692 697 698 705 711 714 716 722 724 726 734 743 746 742 741 750 749 750
 83 468 465 471 472 477 479 485 478 476 474 481 473 465 469 472 476 473 481 480 485 485 492 487 492 495 499 506 510 518 526 520 512 516 514 513 513 519 524 528 534 543 552 547 550 547 550 556 563 565 570 579 588 597 594 599 606 609 614 617 622 626 620 621 629 634 640 648 645 654 656 654 657 666 668 667 676 677 683 685 691 683 684 692 701 708 709 716 716 721 726 725 733 738 743 738 739 746 748 756
 89 466 458 467 473 468 477 480 476 476 468 473 470 462 469 463 467 470 472 474 480 478 483 484 485 490 493 497 505 513 517 512 503 509 505 506 510 514 519 525 532 538 545 544 542 544 550 559 567 571 572 581 579 588 589 593 599 604 612 616 617 618 614 623 624 633 641 646 650 649 648 653 657 661 663 664 671 677 675 681 684 682 690 697 702 711 710 718 710 716 719 723 732 739 742 735 736 744 745 754
 93 460 456 462 469 466 472 475 468 467 466 470 464 461 469 460 461 466 472 475 475 473 474 478 477 486 487 488 496 504 511 505 496 500 501 509 518 520 522 528 529 534 541 549 541 548 553 562 571 576 573 573 575 579 588 593 600 598 606 610 611 616 612 619 628 629 636 640 642 648 640 649 648 653 654 663 662 668 667 672 675 678 685 694 697 704 713 718 709 716 715 722 723 730 735 734 743 747 753 758
 94 460 453 460 462 461 468 470 464 458 459 468 469 460 460 456 457 463 463 472 474 469 472 481 476 481 489 489 494 499 502 499 495 497 505 503 510 517 526 523 531 527 535 540 539 542 551 560 562 569 574 569 576 577 584 593 594 595 603 603 607 609 610 618 619 628 632 631 640 643 638 647 647 655 657 655 653 660 663 668 677 686 690 694 700 709 709 717 708 712 714 720 726 725 726 726 734 739 744 749
100 457 452 453 458 459 468 463 463 456 450 459 466 457 455 452 448 456 455 464 465 468 477 477 471 476 481 486 488 492 494 496 489 490 497 498 501 510 518 522 524 521 526 533 536 545 551 552 553 562 565 567 576 579 580 586 593 594 601 601 600 609 606 612 617 621 629 628 635 635 635 641 645 653 649 646 652 654 659 668 676 683 690 692 692 701 707 709 702 703 710 712 718 724 729 725 727 734 743 751
109 448 445 451 451 460 461 454 460 458 449 451 458 450 446 448 445 448 450 457 466 468 473 473 470 472 473 478 481 483 485 487 488 496 495 500 494 503 509 514 515 518 519 528 529 538 544 551 555 561 558 566 572 578 584 593 589 598 595 594 598 603 600 607 613 615 624 619 626 626 627 632 636 645 651 643 652 661 667 670 674 680 689 696 687 696 698 700 701 706 709 716 709 716 721 717 722 728 734 743
118 439 438 445 447 453 458 453 452 449 448 453 451 443 442 446 442 449 455 461 462 465 467 468 468 467 470 471 472 474 482 482 489 487 489 492 492 494 503 510 518 520 523 527 530 536 544 545 554 554 557 562 570 579 579 585 584 589 586 585 591 594 591 600 606 608 617 616 617 624 625 633 641 649 647 641 646 652 659 661 670 676 680 688 686 690 695 691 693 702 708 707 708 708 717 713 718 725 727 735
122 430 435 438 441 448 452 457 448 453 446 448 448 446 437 437 441 442 446 453 455 464 463 459 465 466 464 470 479 477 477 479 480 480 483 488 490 498 507 515 517 521 524 533 527 533 540 542 551 549 551 554 563 570 575 576 582 586 585 584 584 585 590 597 606 611 609 608 617 618 618 627 634 643 641 638 647 653 655 663 663 672 679 679 677 686 692 690 692 701 702 706 713 705 709 710 719 727 731 736
127 427 431 437 437 442 444 451 446 446 439 442 445 443 434 433 439 433 438 446 455 459 462 453 456 460 463 461 470 469 476 473 478 475 484 488 497 503 502 506 508 514 515 524 525 527 531 539 548 547 552 553 555 564 573 575 576 585 578 575 582 590 589 597 606 602 603 607 614 615 616 618 627 635 636 637 638 646 654 655 660 669 670 679 676 678 687 682 686 694 701 709 709 701 710 704 712 718 727 728
132 422 425 434 429 434 443 452 444 439 438 434 442 439 434 427 432 430 436 445 450 450 454 445 451 454 454 459 466 466 467 467 475 474 476 485 493 499 496 500 507 513 518 522 526 531 532 533 541 543 551 558 551 557 564 569 575 581 577 569 573 582 588 589 598 601 604 613 622 618 617 626 634 636 642 638 645 646 652 653 659 668 674 670 672 670 679 679 682 690 692 701 700 700 701 702 711 714 723 727
133 421 419 426 426 434 443 446 443 434 432 426 433 430 430 426 425 428 432 441 444 442 446 443 444 445 452 452 457 463 460 465 472 467 476 482 488 490 491 492 501 504 511 514 519 526 534 533 534 542 551 555 546 549 558 560 569 574 574 566 569 577 579 583 592 594 597 605 613 614 615 622 631 637 638 631 640 642 647 655 662 662 665 661 663 666 672 673 682 685 694 701 696 699 703 711 712 716 718 723
141 423 416 422 420 429 438 439 438 432 434 425 427 427 422 431 424 429 432 436 435 434 440 435 435 441 443 451 452 454 456 457 465 466 472 481 490 499 500 499 508 512 512 521 528 527 536 532 534 543 549 546 542 546 549 557 563 566 565 564 572 575 583 590 586 585 594 600 608 615 608 617 625 629 629 623 631 640 645 650 653 658 665 658 662 664 673 682 675 677 686 694 693 695 703 706 715 718 727 726
142 422 414 413 415 424 431 432 431 424 430 422 419 426 420 424 423 420 429 432 434 425 433 433 429 438 444 453 461 461 465 464 473 475 478 487 492 501 500 502 511 517 519 523 525 530 527 529 538 542 542 547 539 538 544 549 555 559 564 560 569 571 580 581 582 583 590 597 599 606 607 610 619 621 621 622 629 637 641 642 646 650 657 655 664 670 666 673 670 672 680 688 689 693 700 707 716 717 726 729
151 424 415 406 410 418 425 423 427 420 421 414 412 417 417 418 419 417 420 425 427 423 424 430 428 436 442 446 455 458 467 463 468 469 477 486 493 497 499 500 509 517 520 521 519 523 523 530 538 535 534 541 544 537 538 545 550 551 555 556 565 574 576 585 584 586 588 597 598 605 598 607 612 615 616 623 630 631 633 634 640 641 648 654 659 666 665 666 667 675 681 684 686 694 701 709 718 726 728 728
155 418 412 403 404 413 416 422 418 411 413 416 411 414 409 418 420 416 425 426 425 421 425 425 427 428 437 446 449 456 464 462 468 477 483 481 484 491 498 500 506 510 515 514 512 514 517 526 529 532 525 534 538 535 542 551 551 559 564 565 568 576 581 585 586 589 596 599 607 605 597 599 608 613 615 621 628 635 639 640 639 644 653 648 652 657 659 668 666 674 682 685 694 702 710 715 717 717 723 719
162 409 407 402 408 410 419 417 411 403 405 408 403 409 400 409 413 414 423 425 417 414 417 423 431 433 441 445 451 453 455 456 461 470 479 476 485 491 498 504 505 509 509 506 504 505 513 520 520 523 524 531 532 534 543 552 556 563 571 573 569 569 572 577 586 593 596 593 598 600 593 600 606 607 609 618 626 627 634 635 632 639 645 640 646 648 655 660 662 667 673 679 688 696 705 712 715 713 718 715
171 402 408 401 404 401 410 414 405 400 396 399 402 400 399 407 416 415 424 416 410 413 414 423 432 434 441 439 446 450 456 457 464 468 470 475 477 485 492 499 499 501 503 498 495 503 504 512 518 527 526 535 537 543 551 552 555 557 562 566 562 562 568 572 581 586 588 588 589 591 592 597 598 607 608 614 623 632 633 633 630 638 636 639 644 648 649 658 666 673 679 681 686 690 697 704 706 710 715 713
176 395 401 399 397 400 405 406 397 392 395 402 393 402 398 403 411 412 416 407 409 416 421 430 436 436 441 438 444 450 451 459 457 461 469 478 486 486 494 494 496 497 502 493 490 499 508 513 516 518 525 532 529 535 544 546 550 557 563 557 553 561 565 568 574 578 580 587 588 585 587 592 601 604 607 610 619 628 634 628 628 636 635 643 646 648 657 663 664 673 682 687 692 698 695 696 701 702 710 712
180 389 392 390 391 392 397 405 398 389 387 395 388 395 396 405 409 418 409 405 408 414 420 425 430 433 438 434 438 447 450 454 456 457 460 469 478 487 487 488 491 492 496 487 487 494 502 511 508 516 518 526 527 535 537 538 547 548 555 556 549 558 565 566 575 576 580 579 579 577 578 587 594 596 599 608 613 620 626 619 620 627 632 638 642 643 649 658 666 671 675 680 683 692 688 696 701 710 713 705
184 380 383 384 390 397 397 398 390 389 382 389 386 394 396 400 403 410 401 404 408 415 417 426 426 435 430 428 433 442 443 447 456 465 459 466 471 479 480 484 483 491 489 481 482 489 494 502 505 513 518 518 526 528 530 531 538 542 546 547 548 549 558 561 566 571 575 573 574 576 578 582 587 588 597 605 606 615 620 618 623 621 624 633 637 645 648 657 665 662 671 672 678 684 680 687 694 701 710 703
193 373 380 376 382 388 392 390 382 383 381 382 384 392 393 398 394 403 399 404 402 406 412 420 423 429 433 427 436 433 441 443 452 456 458 465 470 479 485 490 481 488 487 480 489 489 493 493 502 504 509 514 523 532 536 538 545 549 546 551 557 558 560 567 567 569 571 572 581 585 585 588 589 596 597 606 615 613 613 614 615 620 629 625 634 638 646 651 660 661 667 673 669 676 677 686 687 692 701 702
201 365 371 375 384 382 384 381 381 377 375 384 388 391 390 391 390 398 398 403 398 407 404 411 414 420 429 426 429 432 440 445 450 457 464 470 468 475 482 481 472 481 485 477 482 488 488 490 498 502 511 516 524 527 528 534 538 541 543 547 554 560 569 569 576 576 573 574 575 577 578 581 589 591 596 604 606 604 612 619 616 617 623 624 632 636 640 645 654 661 658 664 665 674 682 686 694 700 707 711
206 364 365 367 375 380 375 377 378 381 374 377 381 386 386 388 388 390 397 402 396 399 401 410 412 419 421 423 426 434 441 449 456 454 457 461 464 469 474 478 470 474 480 474 475 483 487 495 497 505 508 509 518 526 534 535 543 540 545 550 554 563 571 571 579 576 575 576 584 579 587 582 589 595 595 602 597 598 605 613 617 624 626 627 636 640 647 650 658 653 655 661 665 674 679 680 688 697 706 710
214 357 359 358 367 371 368 374 377 379 373 368 377 381 381 381 383 389 397 402 395 402 405 410 419 413 414 423 429 437 439 440 447 452 454 455 456 465 467 470 469 471 473 472 479 480 488 494 501 508 512 510 516 525 533 534 538 539 545 554 562 568 568 574 577 576 581 584 592 588 588 583 584 586 593 594 596 601 610 615 622 625 626 630 633 635 639 648 651 652 661 668 666 675 682 682 684 693 698 701
219 354 356 356 359 365 359 365 374 375 370 366 374 378 378 379 382 381 389 393 389 395 399 406 411 412 418 426 425 430 432 440 447 456 456 457 457 463 462 461 463 466 467 471 473 482 487 495 497 506 515 514 515 516 525 528 529 538 540 549 553 562 559 567 575 573 574 583 585 593 596 588 593 594 601 598 605 610 611 615 621 622 629 635 640 644 645 654 654 659 668 672 671 679 680 688 685 689 698 707
225 347 353 354 351 356 357 366 368 368 365 357 365 370 370 378 378 374 383 384 388 394 401 402 410 412 413 419 424 433 439 442 448 452 459 462 464 462 459 460 468 468 474 479 482 490 496 490 498 501 507 505 506 509 518 520 529 533 534 541 550 555 554 563 566 567 568 575 578 587 595 597 593 595 597 605 612 617 617 622 622 625 633 635 639 648 654 661 660 668 671 680 677 683 689 697 693 691 693 700
232 346 345 351 344 349 358 363 362 371 363 356 362 368 368 377 371 372 380 387 389 397 404 406 404 409 408 414 420 429 438 443 448 456 463 462 455 453 458 462 470 469 471 472 474 482 491 485 492 495 498 501 504 512 519 523 532 536 542 542 544 549 552 561 562 568 577 584 579 581 589 590 591 600 599 604 611 617 623 631 627 634 638 644 645 654 662 666 667 673 680 689 686 692 697 700 696 692 693 702
241 349 344 345 340 349 355 359 355 363 359 354 363 364 365 369 370 372 374 382 388 396 399 398 401 404 406 415 419 425 433 434 443 450 454 453 452 449 455 464 471 475 478 474 478 480 482 483 484 489 491 500 504 509 510 517 523 532 538 547 548 556 553 561 567 570 579 582 581 589 586 581 584 593 596 604 605 609 618 625 629 636 641 646 647 656 664 667 674 674 681 682 689 697 703 705 704 701 700 709
250 342 335 336 338 343 347 353 354 362 360 351 357 363 368 370 370 376 383 387 394 398 395 395 404 410 411 416 423 424 426 428 436 443 448 456 447 448 457 460 469 478 472 481 486 481 490 491 492 490 491 493 500 509 510 519 528 531 537 544 547 555 556 557 566 566 573 575 582 589 581 580 588 597 600 608 611 617 622 631 630 635 642 649 655 652 661 665 671 676 685 686 695 704 712 714 707 710 702 706
255 333 334 341 345 344 352 347 353 359 356 349 352 355 363 368 367 371 376 380 385 394 394 394 403 405 411 419 428 424 425 427 436 437 441 447 442 451 459 461 468 470 471 478 479 482 489 490 499 495 496 495 497 505 512 520 522 523 529 538 540 548 555 558 567 564 572 580 575 580 577 579 588 594 601 606 615 623 630 627 627 628 636 640 649 650 659 668 676 685 694 690 699 708 713 721 716 714 710 707
256 332 332 338 338 343 346 339 346 351 348 343 351 351 360 363 359 363 369 371 378 385 386 392 400 409 410 414 422 423 429 428 429 434 438 439 441 448 452 461 469 468 474 480 487 491 491 499 500 503 497 501 498 505 509 517 521 522 528 534 541 545 548 549 558 561 570 571 573 575 576 584 587 594 603 604 613 620 621 622 625 629 638 643 645 654 663 664 670 678 685 694 700 703 710 714 713 713 715 713
261 325 323 332 334 343 339 331 338 342 342 337 343 348 353 359 356 364 373 376 385 387 390 399 402 408 412 416 422 431 435 435 438 440 440 446 447 451 454 455 460 462 465 471 480 489 498 507 508 503 498 506 505 506 507 509 517 526 534 542 542 546 551 555 561 570 577 575 581 583 585 592 595 603 612 610 619 626 627 630 634 630 639 640 649 654 663 672 676 684 693 689 697 702 709 710 711 712 720 718
270 320 316 325 325 334 330 328 337 333 334 336 345 345 352 350 351 356 365 374 383 382 389 397 404 405 410 419 427 434 432 436 440 448 448 453 451 458 463 464 468 464 466 474 483 488 489 498 499 504 507 510 510 511 512 516 523 531 535 539 548 555 552 558 567 571 574 581 588 584 592 594 599 601 609 618 627 630 636 637 633 632 640 649 658 658 667 676 684 689 684 686 692 693 700 708 717 721 728 720
275 311 315 322 316 325 324 327 328 332 338 339 341 343 348 349 357 365 372 376 377 378 384 390 395 403 406 415 424 427 428 437 445 445 446 455 457 466 466 467 473 466 474 483 477 485 487 496 502 504 505 514 517 520 521 523 532 540 544 544 550 555 554 561 566 572 580 585 583 584 587 590 599 606 615 622 623 632 640 641 635 638 639 644 650 653 662 671 675 681 682 691 700 700 706 713 714 722 721 728
276 309 307 313 315 317 318 325 327 328 329 335 344 347 350 354 360 367 376 378 383 381 390 397 399 402 405 407 415 423 432 438 444 444 447 455 461 466 462 463 472 475 474 475 476 481 490 499 495 501 510 519 522 520 520 525 527 534 540 541 550 558 561 565 573 574 580 581 582 587 596 598 607 610 615 616 625 630 636 637 642 639 647 652 659 662 663 668 671 676 685 694 695 702 710 717 715 723 719 728
277 286 287 305 312 313 321 330 336 336 336 338 347 356 357 362 369 372 377 381 383 389 394 403 400 408 410 411 420 427 429 435 436 437 444 447 452 459 458 466 464 466 467 475 482 489 492 493 494 503 509 512 515 516 518 523 532 536 541 550 559 562 570 574 577 582 589 588 590 595 597 606 607 611 612 620 626 633 641 646 644 645 651 656 660 669 671 669 674 679 684 689 690 699 705 712 718 721 715 724
284 293 292 296 311 314 316 324 327 333 334 337 346 355 361 368 374 371 373 374 383 389 391 398 403 410 419 415 419 420 423 426 427 428 437 438 447 455 456 458 460 469 474 477 478 485 494 493 500 507 513 520 521 518 527 530 538 545 548 555 560 566 567 570 573 581 590 590 588 594 602 604 612 618 620 627 628 630 638 639 640 647 655 663 664 665 667 672 673 679 687 693 699 708 705 706 709 712 713 718
291 292 301 305 316 323 319 328 332 335 338 344 348 356 359 365 369 370 374 379 388 394 395 403 405 414 422 424 424 423 429 434 432 437 441 439 447 453 462 460 462 463 465 474 475 484 491 492 493 498 506 515 524 519 527 536 545 548 555 556 557 564 568 566 567 572 581 582 587 590 599 607 613 618 624 625 628 632 640 644 645 646 648 656 657 665 668 671 680 685 686 693 698 701 704 703 710 719 718 721
300 301 310 309 310 324 327 336 333 337 346 345 354 357 364 373 378 379 382 386 392 394 400 408 406 409 417 424 431 429 435 436 437 445 444 448 450 453 459 467 470 468 473 474 482 490 498 501 501 506 514 521 522 523 529 534 538 539 548 555 556 557 565 564 572 581 588 590 596 591 594 600 608 613 618 623 624 633 642 643 651 648 657 663 663 670 671 673 674 676 677 686 689 692 699 700 709 718 725 730
309 310 319 318 318 322 330 335 340 346 355 353 360 358 362 371 373 382 385 386 389 390 397 406 415 417 422 425 433 432 440 442 439 447 453 449 456 454 459 467 468 472 477 483 490 498 499 505 510 510 512 521 529 531 535 542 546 548 557 556 557 558 560 562 570 573 581 585 592 599 599 606 611 618 627 632 627 636 638 639 647 648 650 654 659 668 670 676 675 684 685 693 698 701 708 705 711 712 721 728
311 319 324 321 327 326 327 333 342 343 344 345 351 357 358 367 376 383 392 395 395 397 401 405 411 412 421 427 433 439 446 444 444 446 447 455 461 462 465 474 477 481 486 487 495 499 504 512 515 513 515 519 528 532 538 545 548 557 558 557 559 567 569 566 567 576 582 584 593 597 600 602 609 616 619 628 632 638 644 647 650 656 659 657 658 662 668 675 680 684 688 690 693 694 703 712 720 716 720 724
319 327 328 325 329 328 334 341 342 350 352 347 353 358 362 367 376 381 386 395 396 404 403 410 419 414 423 429 431 435 440 449 451 455 448 452 453 459 468 476 481 482 490 494 495 496 503 504 507 510 519 527 531 534 536 542 543 551 556 565 568 568 570 571 574 581 585 590 591 600 608 611 616 619 622 623 628 637 646 647 656 657 660 658 666 671 676 682 689 689 697 693 697 703 708 709 714 723 722 731
320 323 332 334 334 333 342 343 349 351 360 348 349 356 363 366 375 382 384 388 394 403 407 416 423 423 432 434 440 439 448 455 455 455 454 461 462 468 472 474 480 483 488 490 499 505 508 510 512 514 522 528 537 543 544 551 550 554 555 564 573 576 572 574 583 582 584 590 597 606 607 612 621 620 621 622 631 640 649 655 656 663 664 665 668 677 679 680 688 697 706 702 701 704 706 708 716 718 727 736
323 332 341 342 341 341 344 351 352 359 361 352 350 360 366 371 372 377 384 390 398 402 409 416 421 424 432 433 441 442 446 455 464 460 461 464 463 466 473 472 474 478 479 488 491 497 499 501 510 511 514 522 529 534 536 542 545 549 558 560 564 572 580 583 585 591 593 590 593 601 610 616 617 620 621 630 639 641 642 648 656 663 663 669 675 683 688 687 692 700 705 706 708 706 708 713 721 727 736 745
332 339 347 347 348 350 347 355 356 363 362 361 351 359 367 376 381 385 383 389 392 398 407 414 420 425 433 438 442 447 455 464 464 459 460 464 465 466 470 471 472 481 481 482 483 492 500 508 511 520 518 526 535 541 543 550 554 554 560 566 566 569 575 584 591 590 595 588 596 603 604 612 620 626 622 624 630 637 645 654 656 655 662 665 674 681 688 694 695 698 705 710 712 712 717 721 729 734 741 744
339 348 355 355 356 351 348 349 358 362 371 362 352 356 361 368 374 377 378 389 395 401 410 418 413 422 425 430 433 441 447 456 456 458 465 465 467 473 478 475 477 483 488 491 490 492 498 503 512 518 519 527 530 538 539 546 553 557 562 565 567 567 572 578 582 582 587 586 592 601 607 616 618 627 630 633 638 641 649 650 648 652 658 660 667 676 682 685 686 694 703 710 714 716 716 718 726 733 742 750
344 353 359 361 365 357 351 358 366 364 371 367 361 361 363 368 371 380 387 390 391 400 401 410 411 420 421 422 424 433 440 448 451 455 462 470 474 480 482 481 485 489 496 499 494 495 500 509 518 527 528 532 532 533 537 545 548 557 558 562 562 564 572 579 579 581 583 584 592 593 602 611 619 623 630 636 639 647 644 646 647 649 656 665 667 671 678 686 689 690 698 703 707 714 711 719 727 733 740 746
350 357 366 362 369 362 354 355 357 366 370 363 362 366 367 375 376 383 385 394 400 409 402 409 418 421 429 423 430 431 440 446 454 463 468 475 482 486 490 489 490 490 492 497 503 496 502 510 519 527 536 535 538 542 546 546 553 557 558 559 561 568 569 572 578 583 585 593 601 602 610 613 614 619 628 637 641 641 643 652 653 650 659 663 666 671 680 686 692 691 696 702 709 706 710 719 719 725 734 739
353 361 362 364 366 366 360 363 365 370 368 366 363 368 370 376 384 390 387 390 398 406 403 409 411 420 428 429 431 439 448 455 457 464 472 475 481 490 487 492 496 497 493 498 507 504 510 517 519 524 531 533 541 546 548 555 559 558 565 562 565 566 570 573 580 582 587 588 596 602 607 611 615 624 625 634 638 639 646 648 657 654 655 657 666 670 679 688 689 690 693 702 701 704 710 714 718 727 735 742
357 365 369 373 373 370 361 370 374 378 371 372 371 372 378 381 384 392 393 396 405 406 409 418 419 422 431 438 439 443 445 454 456 464 473 471 478 484 485 493 497 495 500 506 507 512 517 523 522 523 532 537 546 555 549 551 552 555 561 570 566 574 577 580 588 583 591 597 603 611 608 610 617 620 629 638 643 640 643 649 657 661 663 666 674 671 678 686 695 695 693 695 698 703 711 715 724 727 732 741
363 372 378 381 379 377 370 379 381 374 373 375 375 381 379 388 388 397 402 403 409 413 413 417 418 426 430 432 433 434 443 444 449 458 466 467 472 475 484 490 492 493 502 510 516 521 524 532 523 527 536 545 554 550 550 559 559 556 565 568 568 576 585 584 593 592 597 598 600 609 615 614 615 618 624 633 635 643 650 653 655 662 670 675 683 676 677 681 689 691 692 701 707 704 711 715 717 724 725 733
364 373 380 381 388 379 376 383 379 377 377 377 383 386 386 388 390 398 399 403 412 418 418 425 427 435 434 434 435 441 447 453 457 466 470 475 480 484 485 493 500 497 506 512 513 522 530 539 530 535 544 547 548 547 554 555 563 564 570 576 574 579 588 590 592 597 599 606 604 606 614 616 618 627 626 628 637 646 653 661 656 664 665 668 677 680 680 689 696 694 696 702 708 705 714 722 725 727 734 735
372 381 383 390 387 386 383 388 380 384 380 381 387 387 395 389 391 395 397 405 412 421 425 426 427 431 438 442 443 450 456 454 461 467 475 481 488 491 487 490 499 503 504 512 515 520 526 533 535 538 544 546 544 545 554 561 563 567 568 569 577 579 580 583 590 594 603 598 599 608 617 617 623 629 628 634 643 645 649 652 660 656 664 668 672 676 681 684 691 700 700 704 705 713 715 721 722 731 733 742
381 390 386 390 393 387 388 391 384 393 385 384 393 394 402 397 398 403 405 414 420 424 425 428 428 436 445 450 451 459 459 463 465 476 479 480 484 485 491 489 492 496 504 507 513 522 523 525 533 535 536 539 540 546 553 554 555 557 558 568 574 581 585 585 590 595 596 597 603 605 612 617 621 622 624 633 642 645 652 656 654 655 661 669 670 671 680 681 690 696 705 707 713 718 724 722 724 725 732 739
390 392 395 392 395 396 397 394 388 391 388 393 398 395 401 406 407 412 407 408 416 425 434 437 436 444 453 458 460 465 468 467 470 471 476 480 481 485 487 488 497 499 501 510 511 519 523 527 533 537 545 542 543 546 554 563 563 565 559 560 565 574 579 580 581 586 593 597 603 612 621 619 627 630 627 630 634 636 644 648 652 657 661 666 668 677 683 690 694 701 702 710 711 718 719 722 723 728 735 742
399 395 404 399 397 399 402 401 392 396 392 397 406 403 408 410 410 418 409 413 422 423 431 432 436 437 446 455 461 466 471 471 473 479 485 486 486 494 491 491 495 503 508 517 515 516 525 529 530 539 540 542 551 547 555 561 567 573 565 561 567 568 572 582 586 595 601 599 608 612 618 619 627 633 634 631 636 644 651 657 661 661 667 673 677 679 684 689 696 703 703 709 718 726 724 723 724 730 732 738
403 404 410 408 406 407 408 401 397 398 397 398 407 412 417 413 418 415 411 419 428 427 433 438 443 445 453 456 465 466 474 472 478 486 493 488 493 500 498 499 500 508 514 518 517 525 532 534 539 544 549 550 552 549 555 564 573 575 568 568 576 576 577 580 586 589 596 597 603 608 615 624 625 630 639 640 637 641 642 648 653 661 665 674 683 687 693 690 698 705 712 713 716 724 732 732 731 739 738 739
411 413 419 414 415 416 417 410 401 399 406 399 401 410 415 421 427 424 419 421 422 431 434 443 444 453 457 457 462 471 480 480 483 487 496 494 495 503 505 505 506 515 522 526 525 534 534 535 541 550 553 559 554 550 559 565 567 569 570 571 579 584 585 587 594 596 602 606 605 614 619 625 634 639 640 649 642 649 649 651 658 663 671 679 685 693 701 696 697 705 709 717 722 730 737 741 739 748 747 743
419 414 418 417 417 425 421 412 407 408 403 402 405 406 411 412 421 423 425 429 431 433 437 445 447 456 458 463 470 479 481 485 485 486 494 502 504 505 508 514 509 510 519 526 534 535 543 536 537 544 553 559 563 557 566 574 572 575 571 577 584 590 593 594 603 598 607 611 606 614 622 631 639 647 648 657 649 658 650 653 661 668 673 674 682 691 692 694 703 709 717 726 729 730 737 746 741 746 755 747
428 421 426 425 418 420 422 414 411 407 406 411 406 415 413 421 428 426 433 435 440 434 443 451 454 461 465 471 478 486 490 491 494 488 491 495 501 503 511 512 510 511 516 517 525 533 539 545 544 548 556 557 566 566 575 580 577 584 579 585 593 596 600 602 610 605 614 616 613 621 629 631 631 640 646 650 648 651 656 662 665 666 673 679 680 682 689 697 705 713 721 723 731 731 738 739 748 754 755 756
437 429 428 433 426 429 421 414 413 409 411 420 415 422 415 416 419 426 427 430 433 441 445 452 454 458 467 473 482 491 495 500 492 490 491 498 507 508 515 516 516 512 515 519 522 529 537 542 544 553 554 558 560 561 569 577 581 590 583 584 592 597 601 603 612 610 614 615 615 624 632 629 630 632 640 641 645 654 662 664 665 668 676 682 684 685 694 702 703 710 718 726 728 730 736 744 745 754 763 762
445 438 431 439 430 421 420 419 419 415 413 421 423 420 418 421 426 432 436 432 436 438 447 450 456 464 465 472 479 488 493 496 500 491 492 494 500 509 516 525 525 521 524 521 529 537 542 545 551 552 561 566 569 568 577 580 585 590 592 587 594 601 604 608 616 619 622 619 618 620 622 626 629 630 639 643 653 656 661 665 666 671 680 687 693 690 699 706 712 718 723 729 731 738 744 744 750 750 754 762
440 436 433 434 433 425 427 420 420 421 422 429 424 425 422 429 433 441 443 434 435 438 446 447 448 455 458 467 471 480 489 490 491 494 501 503 509 516 523 532 531 530 532 530 538 546 551 547 553 555 556 565 566 569 578 582 587 592 599 595 602 610 612 617 625 626 624 622 620 626 630 634 638 639 645 647 657 664 668 673 675 675 680 688 696 699 707 709 716 719 723 732 729 729 737 743 744 745 749 757
449 442 442 442 435 433 425 421 427 425 426 428 433 433 430 437 434 435 444 443 439 446 451 456 449 458 466 471 478 484 485 492 498 501 498 506 515 514 518 525 529 538 540 537 544 545 550 548 555 564 563 567 568 577 578 580 588 597 606 602 610 616 621 626 626 633 630 630 623 632 638 635 641 648 652 649 659 667 675 673 675 682 679 687 695 704 706 709 711 714 714 723 720 721 728 737 741 745 752 758
453 445 446 444 435 431 430 430 435 426 431 435 438 439 434 443 435 444 450 452 447 448 453 460 457 460 467 473 480 485 488 486 489 494 496 500 509 511 517 518 526 535 540 538 543 551 552 557 564 573 565 574 570 575 581 587 593 601 601 606 612 612 617 620 627 635 636 634 626 635 643 637 640 647 651 653 657 662 670 670 672 673 676 685 690 697 702 709 717 713 706 715 719 721 730 739 748 752 752 761
456 449 447 452 444 440 439 439 436 435 438 442 446 440 443 439 436 444 452 453 455 450 459 462 460 465 466 471 475 476 480 484 492 501 499 500 507 511 516 517 526 535 541 540 543 552 558 560 563 572 574 583 579 576 584 591 592 593 595 599 603 610 618 619 628 634 637 633 629 633 641 645 641 647 655 660 658 660 661 664 666 675 682 686 687 694 693 701 708 709 704 713 716 725 731 735 744 748 749 758
463 457 455 459 450 445 448 446 445 438 439 448 453 446 452 446 445 446 451 458 464 459 468 463 465 473 475 474 483 485 485 493 496 504 508 506 515 520 523 526 529 530 539 542 549 557 565 563 571 578 581 588 581 585 587 592 596 596 603 607 606 612 621 628 632 639 644 639 630 639 641 646 643 652 659 666 660 662 669 671 669 674 675 682 684 688 692 694 699 700 701 710 715 718 725 734 739 740 748 750
471 466 464 468 459 452 450 447 448 439 448 451 459 451 458 449 454 448 457 459 468 460 462 469 468 477 478 475 477 481 490 499 501 505 514 513 520 527 527 533 538 539 546 547 554 559 563 567 571 580 582 587 583 592 588 597 604 598 605 614 611 619 625 634 633 640 641 642 634 643 650 654 647 654 658 658 667 670 677 672 674 679 681 690 691 690 694 695 703 703 704 713 715 724 733 737 742 748 754 751
479 473 470 461 460 459 457 448 450 442 451 457 463 460 460 451 457 451 458 463 471 469 471 478 475 481 487 484 480 489 492 494 503 504 513 521 528 534 533 534 536 544 551 550 554 561 563 569 578 587 583 592 592 601 593 601 606 607 610 619 617 621 627 634 642 634 641 642 642 649 657 655 649 650 651 656 665 673 680 675 678 682 685 693 698 691 698 704 710 706 712 713 721 729 730 739 748 749 754 757
479 472 463 462 467 467 458 449 457 449 456 460 466 463 469 460 460 457 464 465 468 469 475 481 477 478 482 490 482 491 493 502 508 509 518 526 527 536 542 540 545 553 558 559 556 558 564 573 579 586 584 585 587 595 594 596 602 603 611 617 618 612 621 628 633 626 635 641 650 658 666 657 654 657 655 659 667 671 678 681 687 690 693 698 695 693 695 700 702 709 712 718 725 728 735 744 753 756 763 766
479 470 469 470 474 465 460 451 458 458 464 469 470 465 472 467 469 466 465 466 469 470 478 487 485 480 489 487 484 485 488 495 504 510 515 524 527 531 538 545 546 554 558 559 557 562 565 574 576 578 586 594 588 597 601 597 600 603 607 609 610 611 615 624 630 625 633 640 643 651 658 664 663 661 658 661 669 677 683 690 691 698 700 707 703 698 702 709 709 715 715 716 725 732 741 749 756 757 766 773
485 476 478 475 475 466 466 460 459 467 465 468 475 466 475 476 477 475 474 475 470 478 484 493 486 481 489 491 493 487 496 504 511 511 515 521 522 529 532 537 544 553 561 562 565 570 574 582 577 585 586 591 596 604 607 605 605 607 615 614 614 612 620 621 622 624 629 635 636 642 651 659 666 670 666 669 671 674 683 684 685 689 695 704 704 699 702 709 712 717 721 723 724 733 741 743 749 756 759 764
482 479 481 482 476 475 468 461 465 467 470 470 473 474 481 479 483 480 475 475 473 474 476 485 494 490 494 499 495 496 504 508 517 520 522 523 528 533 534 538 547 554 558 561 570 578 577 586 584 590 595 600 599 605 611 613 606 614 622 616 623 621 625 628 629 626 627 633 642 645 649 652 658 661 663 667 668 670 675 677 686 694 701 702 704 706 705 706 710 715 717 726 731 735 736 744 746 755 763 767
491 483 488 491 485 484 477 470 471 472 478 478 474 477 486 480 485 482 480 483 474 483 484 493 501 497 495 504 497 503 512 517 526 529 527 531 533 538 543 539 544 550 551 560 565 572 576 585 587 588 591 596 604 605 607 613 615 621 630 621 628 629 632 634 638 634 636 642 650 653 654 659 663 667 665 674 670 677 676 685 691 695 698 707 710 714 709 714 711 719 726 735 734 735 744 750 748 753 755 758
492 491 497 492 493 489 480 476 472 477 481 479 477 478 486 488 492 484 483 491 482 483 484 493 499 498 502 511 502 511 512 521 529 538 534 532 541 544 543 542 543 549 558 565 574 581 581 589 595 589 590 599 605 614 614 620 622 622 630 629 634 632 634 643 642 635 641 644 645 646 647 653 661 662 670 674 679 679 685 687 693 698 702 703 705 713 718 718 712 716 718 727 728 737 743 744 748 749 758 766
498 496 504 499 491 488 482 480 479 478 486 487 484 484 491 497 497 493 485 494 488 492 493 494 498 502 506 507 504 513 517 526 531 540 539 533 539 546 552 549 549 555 563 570 574 583 587 589 598 593 599 601 608 613 617 620 625 624 628 631 636 640 640 643 646 637 646 652 654 650 652 654 659 666 668 677 685 688 688 688 690 699 708 704 711 718 724 720 716 722 724 725 727 728 734 742 743 748 756 760
507 505 505 497 493 484 483 488 487 483 484 485 490 489 495 504 501 492 491 500 495 501 502 499 507 505 506 507 507 515 520 529 535 536 545 538 545 554 551 550 558 556 561 570 579 585 594 597 606 601 607 610 616 622 626 626 634 633 634 632 637 644 649 649 648 639 641 645 650 655 660 657 661 662 665 672 681 682 687 688 692 693 700 708 716 722 726 723 721 725 732 731 736 730 737 743 748 747 748 751
514 505 497 496 487 486 491 492 488 491 489 487 496 490 498 499 508 501 496 499 496 500 509 503 511 506 514 515 515 516 518 526 529 535 544 547 554 558 560 553 557 565 569 578 587 594 601 604 605 603 605 614 617 625 626 634 641 642 639 640 646 648 654 650 652 648 642 649 653 657 658 666 669 669 674 679 688 690 688 692 700 695 698 700 708 717 717 726 727 732 738 740 741 732 733 734 739 745 753 752
511 504 497 496 488 492 500 496 497 495 498 496 501 493 500 500 505 508 499 503 498 507 516 510 519 513 522 517 519 523 524 532 531 537 546 550 559 559 564 558 564 572 575 583 592 597 606 613 612 608 612 621 625 630 633 636 642 650 642 641 650 657 659 659 655 647 645 653 660 663 666 672 677 678 682 684 688 689 697 697 705 696 699 700 708 710 713 721 729 730 735 736 738 735 739 737 747 747 751 759
516 510 501 497 497 495 497 497 506 497 503 505 503 494 503 509 508 507 500 507 506 509 516 515 520 519 526 521 522 527 529 538 540 546 547 556 559 568 569 565 573 577 582 584 591 592 601 610 617 616 613 622 630 631 636 643 648 657 650 644 650 659 668 668 659 652 651 659 663 672 674 679 686 679 687 687 688 691 700 698 707 704 708 709 717 714 722 730 736 738 736 744 743 742 747 743 746 748 757 764
516 508 502 505 503 502 499 502 505 498 502 511 506 503 512 510 510 516 509 512 512 518 525 519 526 520 529 526 531 529 531 538 545 550 552 555 564 571 571 574 579 584 585 585 591 595 602 611 615 622 614 622 631 640 640 643 648 655 659 653 659 666 671 670 668 660 660 665 671 680 675 684 689 685 692 693 694 692 701 703 712 712 717 718 723 715 724 732 741 747 744 753 744 747 750 750 753 749 750 754
518 511 511 512 511 508 508 509 500 499 507 510 513 504 509 514 518 517 516 514 514 516 522 527 526 525 526 535 539 536 540 539 547 555 561 557 566 567 575 572 581 585 594 590 595 604 608 610 618 622 621 627 631 632 641 650 649 650 656 658 665 674 680 673 667 664 666 673 680 683 681 690 694 686 693 701 696 695 698 699 706 709 718 727 730 723 730 734 743 750 752 757 749 755 755 754 759 751 758 760
521 515 516 520 512 516 515 513 506 504 511 511 520 513 518 523 527 523 521 520 522 518 526 534 535 526 534 535 543 541 548 545 552 558 565 558 565 570 578 571 572 581 590 599 604 601 601 606 612 613 614 618 622 624 633 642 651 659 661 667 666 675 680 681 675 667 675 682 684 685 689 692 700 694 699 704 705 696 704 708 710 718 724 730 733 725 734 743 747 755 761 761 756 762 761 763 767 760 764 761
524 524 518 521 517 524 516 514 513 513 513 520 522 515 524 531 536 531 522 521 524 521 529 531 540 533 534 542 545 550 557 554 554 563 570 562 564 566 569 570 572 576 584 592 598 599 600 602 611 619 620 627 630 633 636 644 651 660 668 668 674 683 684 686 681 675 684 690 691 686 691 698 701 699 702 703 707 704 712 717 719 719 727 728 734 726 733 740 748 749 756 764 762 763 770 772 771 767 772 770
