  0 378 372 377 380 376 385 387 390 398 397 393 391 399 403 402 396 397 401 400 403 412 420 420 429 424 422 427 430 431 435 432 433 442 443 448 442 449 450 451 459 462 471 472 478 477 481 483 491 495 498 500 509 513 510 518 518 525 528 533 542 534 536 544 553 551 555 563 564 570 579 588 595 597 604 606 609 607 612 607 612 620 624 632 634 643 651 660 657 663 669 670 671 677 685 691 692 688 694 703
  8 371 370 371 371 375 376 383 388 389 392 384 389 390 394 401 395 398 396 397 400 406 411 419 424 422 418 420 426 434 426 428 432 439 440 449 441 447 453 460 460 461 467 471 479 473 476 478 483 487 489 495 503 504 504 511 514 517 519 527 536 528 536 545 549 548 555 558 566 574 582 581 586 589 596 601 601 598 607 604 606 615 624 628 636 645 650 658 655 662 660 666 673 673 682 682 683 684 693 700
 16 363 361 370 368 377 369 375 380 382 384 382 380 383 388 394 387 390 391 398 407 410 417 411 415 417 414 420 423 427 421 425 433 440 449 447 440 445 445 453 460 466 458 463 470 467 475 481 489 487 491 494 495 497 502 510 513 512 519 526 534 526 534 537 541 546 553 555 561 567 576 578 586 586 587 595 596 597 598 602 605 614 623 624 631 640 641 650 646 653 658 663 664 672 673 676 683 684 685 691
 17 367 360 362 363 368 366 367 371 379 381 376 378 379 381 387 385 390 392 401 406 403 408 403 409 410 413 415 416 418 420 427 433 435 444 438 438 439 444 445 451 457 455 457 465 464 472 477 480 486 490 485 489 496 502 505 506 510 518 517 525 525 526 532 541 545 552 554 562 571 571 580 582 582 591 591 600 597 603 606 614 618 616 617 623 632 634 643 642 644 649 657 660 663 667 671 679 688 689 697
 26 367 359 356 362 363 365 372 377 376 372 373 381 382 380 378 382 391 395 396 403 396 399 399 402 406 404 406 408 411 416 418 425 426 435 432 431 440 445 437 446 448 449 456 456 463 469 472 480 484 490 482 484 493 495 502 511 512 512 514 520 519 527 536 538 542 549 554 558 566 563 571 573 581 583 584 593 594 596 597 606 614 615 618 624 626 634 635 636 640 647 649 651 660 666 674 678 687 694 697
 28 361 352 350 353 354 363 372 371 367 365 367 376 373 371 377 385 385 390 390 395 392 398 397 399 405 403 408 407 408 413 409 416 425 426 433 428 433 439 434 439 442 448 456 455 461 460 466 472 476 483 479 487 488 497 501 503 507 508 511 515 518 522 527 536 538 542 546 555 557 562 563 572 578 586 584 593 602 602 605 606 615 622 619 628 627 635 640 645 649 649 655 652 657 663 666 675 684 686 688
 29 353 344 344 349 353 362 368 363 365 356 363 368 364 365 371 378 379 381 388 387 383 390 394 390 397 401 403 404 411 414 406 413 420 427 424 426 427 430 431 438 439 447 451 453 460 457 460 467 469 478 477 481 486 488 494 496 501 510 513 514 517 522 531 539 546 545 549 553 554 555 562 569 570 578 583 587 593 600 604 606 609 614 622 631 636 644 648 647 654 656 657 656 664 670 667 669 677 681 680
 33 346 340 343 352 355 359 362 355 363 355 360 366 363 371 371 377 372 381 384 387 381 389 396 389 388 393 394 402 407 407 405 409 416 419 423 426 430 436 434 443 447 450 453 449 452 454 458 464 473 475 476 484 493 490 494 497 499 505 508 510 512 514 523 531 540 547 546 549 555 564 570 578 571 580 580 581 586 595 597 598 606 611 617 626 632 640 649 653 661 657 662 665 669 673 669 677 674 674 677
 41 340 339 341 345 346 351 354 353 361 353 353 362 362 365 370 369 371 379 375 380 379 387 389 391 385 389 396 405 410 403 403 407 411 418 426 417 422 429 438 442 439 442 444 447 456 460 467 470 472 471 474 479 486 493 499 506 507 513 517 513 519 517 526 535 541 543 545 552 554 562 571 573 573 576 578 581 585 586 589 596 604 610 615 620 629 637 640 644 652 649 658 661 665 672 674 677 673 665 673
 42 332 336 333 338 341 350 348 347 356 349 350 355 361 367 376 368 364 373 374 382 375 384 390 382 384 388 397 404 401 394 402 407 410 416 419 410 416 424 433 435 435 443 445 449 451 460 469 467 469 468 477 479 486 494 502 506 508 512 513 513 522 523 528 528 536 540 546 546 554 555 562 567 575 581 578 579 588 595 593 602 603 612 616 621 625 631 639 641 643 643 651 660 656 664 666 668 671 664 670
 51 327 334 326 334 336 342 342 344 350 348 354 355 353 359 368 368 359 364 366 373 374 380 383 380 389 389 393 395 399 393 398 400 407 408 415 408 412 419 428 432 434 441 449 456 453 456 460 462 462 467 475 476 481 486 495 498 500 503 504 507 514 520 521 522 528 534 537 543 546 554 556 562 571 572 576 582 591 597 598 606 611 603 607 616 622 628 632 633 641 642 643 652 655 656 658 661 662 663 671
 56 322 331 325 333 341 334 341 342 343 341 345 346 349 350 359 362 357 366 364 373 369 376 383 378 387 392 392 401 392 391 397 396 405 409 410 406 409 416 420 423 425 433 440 448 447 447 451 453 461 469 477 477 486 487 495 497 504 505 511 516 521 525 526 525 532 538 533 536 541 545 554 560 569 567 575 584 588 589 598 602 602 601 604 612 617 625 624 624 633 634 642 643 647 656 657 665 671 671 674
 58 319 322 324 326 332 326 335 342 338 339 346 351 345 351 352 353 354 363 363 364 368 370 375 377 378 386 389 398 394 387 389 395 398 401 407 405 407 416 418 421 423 427 434 442 439 440 443 452 457 461 470 477 481 486 489 492 496 500 509 518 523 525 534 529 534 533 528 536 545 551 545 554 561 562 568 575 580 589 593 602 597 599 602 605 612 620 619 622 627 631 638 644 650 657 665 660 669 673 681
 66 315 317 322 320 323 321 329 333 337 345 343 343 336 345 352 357 362 363 360 369 371 368 368 377 386 387 380 389 385 386 394 403 402 394 398 404 410 413 417 426 430 435 435 436 438 447 452 451 457 466 472 473 474 483 483 484 489 496 504 510 518 523 531 522 526 525 527 528 537 542 543 552 560 569 573 574 581 586 585 594 595 601 608 614 610 612 616 617 618 625 632 635 644 648 657 659 668 665 672
 73 314 308 314 311 315 317 326 325 333 336 341 336 332 339 347 348 353 355 352 360 368 362 363 370 379 380 378 382 384 391 400 402 394 393 399 401 402 411 415 421 430 435 429 438 433 441 446 450 453 457 465 472 481 480 477 486 493 500 501 501 509 515 524 516 517 524 526 529 538 541 546 553 555 563 565 568 575 578 584 590 597 598 606 606 608 617 615 616 624 627 635 636 638 647 652 658 667 662 667
 74 306 307 305 308 310 314 320 324 324 327 335 332 328 330 339 343 347 350 351 359 359 361 362 363 372 371 377 382 385 392 401 397 396 392 399 393 399 407 406 415 424 426 426 435 426 435 442 444 449 456 464 473 473 472 473 482 487 492 493 500 509 507 515 515 516 517 524 529 537 544 551 553 554 555 556 564 570 571 580 588 588 592 597 598 605 611 614 616 622 624 626 634 643 647 650 649 658 657 658
 83 301 298 304 305 310 312 319 321 323 321 328 335 327 331 338 342 339 347 346 351 351 358 353 360 363 367 374 378 386 395 397 389 393 391 390 390 396 401 405 411 420 429 424 427 424 427 433 440 442 447 456 465 474 471 476 483 486 491 494 499 507 505 506 514 519 525 533 530 539 547 548 551 560 562 561 570 571 579 583 591 583 584 592 601 608 609 616 622 627 631 628 636 641 646 646 647 654 656 664
 89 299 291 300 306 301 310 315 323 323 315 320 328 324 331 329 333 336 338 340 346 344 349 350 353 358 361 365 373 381 387 389 380 386 382 383 387 391 396 402 409 415 422 421 419 421 427 436 444 448 449 458 456 465 466 470 476 481 489 495 499 502 499 508 509 518 526 532 538 539 547 552 557 561 563 562 571 577 575 581 584 582 590 597 602 611 610 618 618 624 627 631 640 647 650 643 644 652 653 662
 93 293 289 295 302 299 305 312 315 314 313 319 322 323 332 326 327 332 338 341 341 339 340 344 345 354 355 356 364 372 381 382 373 377 378 386 395 397 399 405 406 411 418 426 418 425 430 439 448 453 450 450 452 456 465 470 477 475 483 489 493 498 497 504 513 514 521 530 532 540 540 549 548 553 554 563 562 568 567 572 575 578 585 594 597 604 613 622 617 624 623 630 631 638 643 642 651 655 661 666
 94 293 286 293 295 294 301 308 311 305 306 315 324 323 326 322 323 329 329 338 340 335 338 347 350 355 363 359 365 372 379 376 372 374 382 380 387 394 403 400 408 404 412 417 416 419 428 437 439 446 451 446 453 454 461 470 471 472 480 482 489 491 495 503 505 514 518 521 530 538 538 547 547 555 557 555 553 560 563 568 577 586 590 594 602 611 613 622 616 620 622 628 634 633 634 634 642 647 652 657
100 290 285 286 291 292 301 302 307 303 297 306 315 320 321 318 314 322 321 330 331 334 343 349 347 352 358 363 365 369 371 373 366 367 374 375 378 387 395 399 401 398 403 410 413 422 428 429 430 439 442 444 453 456 457 463 470 471 478 484 484 493 499 505 510 514 522 528 535 535 535 541 545 553 549 546 552 554 559 568 576 583 590 592 597 606 613 617 610 611 618 620 626 632 637 633 635 642 651 659
109 281 278 284 284 293 298 293 300 302 296 298 306 313 312 314 311 314 316 323 332 334 340 345 346 349 350 355 358 360 362 364 365 373 372 377 371 380 386 391 392 395 396 405 406 415 421 428 432 438 435 443 449 455 461 470 466 475 476 477 482 491 493 500 506 508 517 519 526 526 527 532 536 545 551 543 552 561 567 570 574 580 589 598 593 602 604 608 609 614 617 624 617 624 629 625 630 636 642 651
118 272 271 278 280 286 291 292 292 293 295 300 308 309 308 312 308 315 321 327 328 331 335 343 344 344 347 348 349 351 359 359 366 364 366 369 369 371 380 387 395 397 400 404 407 413 421 422 431 431 434 439 447 456 456 462 461 466 467 468 475 484 484 493 499 501 510 516 517 524 525 533 541 549 547 541 546 552 559 561 570 576 580 589 592 596 601 599 601 610 616 615 616 616 625 621 626 633 635 643
122 263 268 271 274 281 285 293 288 295 301 306 308 312 303 303 307 308 312 319 321 330 334 334 341 343 341 347 356 354 354 356 357 357 360 365 367 375 384 392 394 398 401 410 404 410 417 419 428 426 428 431 440 447 452 453 459 463 470 477 477 478 483 490 499 508 509 508 517 518 518 527 534 543 541 538 547 553 555 563 564 573 580 582 583 592 598 598 600 609 610 614 621 613 617 618 627 635 639 644
127 260 264 270 270 275 277 284 286 293 294 302 305 309 300 299 305 299 304 312 321 330 337 328 332 337 340 338 347 346 353 350 355 352 361 365 374 380 379 383 385 391 392 401 402 404 408 416 425 424 429 430 434 443 452 458 459 468 471 477 486 486 484 492 501 502 503 507 514 515 516 518 527 535 536 537 538 546 554 556 561 570 571 580 584 586 595 590 594 602 609 617 617 609 618 612 620 626 635 636
132 255 258 267 262 267 276 285 290 291 297 300 308 305 300 293 298 296 302 311 317 324 329 320 327 331 331 336 343 343 344 344 352 351 353 362 370 376 373 377 384 390 395 399 403 408 409 410 418 420 428 435 439 447 454 463 465 472 479 473 477 486 492 493 502 505 508 516 523 519 518 527 535 537 542 544 545 549 555 556 562 571 580 578 580 578 587 587 590 598 600 609 608 608 609 610 619 622 631 635
133 254 252 259 259 267 276 279 288 286 292 292 299 296 296 292 291 294 298 307 312 316 320 318 321 322 329 329 334 340 337 342 349 344 353 359 365 367 368 369 378 381 388 391 396 403 411 411 412 420 429 438 441 444 453 456 465 473 478 470 473 481 483 487 496 498 501 509 517 518 523 530 539 545 546 539 548 550 555 563 570 570 573 569 571 574 580 581 590 593 602 609 604 607 611 619 620 624 626 631
141 256 249 255 253 262 271 272 279 284 293 291 293 293 288 297 290 295 298 302 303 308 314 310 312 318 320 328 329 331 333 334 342 343 349 358 367 376 377 376 385 389 389 398 405 404 413 414 414 423 430 434 437 445 450 458 464 470 469 468 476 479 487 494 490 489 498 504 512 519 516 525 533 537 537 531 539 548 553 558 561 566 573 566 570 572 581 590 583 585 594 602 601 603 611 614 623 626 635 634
142 255 247 246 248 257 264 265 272 276 285 288 285 292 286 290 289 286 295 298 304 299 307 308 306 315 321 330 338 338 342 341 350 352 355 364 369 378 378 379 388 394 396 400 406 411 415 416 423 430 438 442 438 439 445 450 456 463 468 464 473 475 484 485 486 487 494 501 503 510 515 518 527 529 529 530 537 545 549 550 554 558 565 563 572 578 574 581 578 580 588 596 597 601 608 615 624 625 634 637
151 255 248 239 243 251 258 256 265 274 282 280 278 283 283 284 285 283 286 291 295 297 298 304 305 313 319 323 332 335 344 342 347 348 356 365 374 380 380 380 389 397 401 407 413 420 421 423 432 433 442 449 445 441 442 449 454 455 459 460 469 478 480 489 488 490 492 501 502 509 506 515 520 523 524 531 538 539 541 542 548 549 556 562 567 574 573 574 575 583 589 592 594 602 609 617 626 634 636 636
155 246 245 236 237 246 249 255 262 270 278 281 277 280 275 284 286 282 291 292 300 302 306 306 307 308 317 326 329 336 345 345 351 357 362 367 370 377 384 382 388 392 398 406 414 422 425 432 437 440 433 442 446 442 449 458 455 463 468 469 472 480 489 493 490 493 500 506 511 513 505 507 516 521 523 529 536 543 547 548 547 552 561 556 560 565 567 576 574 582 590 593 602 610 618 623 625 625 631 627
162 237 240 235 241 243 252 258 266 263 270 273 269 275 266 275 279 280 289 298 298 295 298 304 312 313 321 327 333 336 338 339 344 353 362 362 371 377 384 388 394 400 403 410 412 413 421 428 428 431 432 439 440 442 451 460 460 467 476 477 477 477 480 485 494 500 504 501 506 508 501 508 514 515 517 526 534 535 542 543 540 547 553 548 554 556 563 568 570 575 581 587 596 604 613 620 623 621 626 623
171 230 236 234 237 234 243 252 260 260 261 264 268 266 265 273 282 281 290 297 291 294 295 304 313 315 322 323 330 334 340 340 347 354 356 361 363 371 378 385 388 392 397 402 403 411 412 420 426 435 434 443 445 451 459 460 463 465 470 474 470 470 476 480 489 494 496 496 497 499 500 505 506 515 516 522 531 540 541 541 538 546 544 547 552 556 557 566 574 581 587 589 594 598 605 612 614 618 623 621
176 223 229 232 230 233 238 247 252 252 260 268 259 268 264 269 277 278 287 288 290 297 302 311 317 317 322 326 332 338 339 347 348 352 361 370 372 372 380 386 391 396 405 401 398 407 416 421 424 426 433 440 437 443 452 454 458 465 471 465 461 469 473 476 482 486 488 495 496 493 495 500 509 512 515 518 527 536 542 536 536 544 543 551 554 556 565 571 572 581 590 595 600 606 603 604 609 610 618 620
180 217 220 223 224 225 230 238 247 249 253 261 254 261 262 271 277 286 290 286 289 295 301 306 311 314 322 328 333 342 346 350 350 351 354 363 372 381 383 384 390 391 400 395 395 402 410 419 416 424 426 434 435 443 445 446 455 456 463 464 457 466 473 474 483 484 488 487 487 485 486 495 502 504 507 516 521 528 534 527 528 535 540 546 550 551 557 566 574 579 583 588 591 600 596 604 609 618 621 613
184 191 194 217 223 230 234 242 247 252 248 255 252 260 263 267 276 285 282 285 291 300 305 314 314 323 324 324 329 338 339 343 352 360 355 362 367 375 376 380 382 390 397 389 390 397 402 410 413 421 426 426 434 436 438 439 446 450 454 455 456 457 466 469 474 479 483 481 482 484 486 490 495 496 505 513 514 523 528 526 531 529 532 541 545 553 556 565 573 570 579 580 586 592 588 595 602 609 618 611
193 199 203 204 210 216 229 238 239 245 247 248 250 258 261 268 272 281 280 285 289 293 301 310 314 320 326 323 332 329 337 339 348 352 354 361 366 375 381 389 389 396 395 388 397 397 401 401 410 412 417 422 431 440 444 446 453 457 454 459 465 466 468 475 475 477 479 480 489 493 493 496 497 504 505 514 523 521 521 522 523 528 537 533 542 546 554 559 568 569 575 581 577 584 585 594 595 600 609 610
201 200 206 212 219 218 227 231 235 237 238 250 257 262 265 268 270 278 279 284 286 295 295 302 305 311 320 322 325 328 336 341 346 353 360 369 370 377 385 389 380 389 393 385 390 396 396 398 406 410 419 424 432 435 436 442 446 449 451 455 462 468 477 477 484 484 481 482 483 485 486 489 497 499 504 512 514 512 520 527 524 525 531 532 540 544 548 553 562 569 566 572 573 582 590 594 602 608 615 619
206 207 212 221 227 227 234 234 235 242 239 251 255 260 265 272 274 276 283 289 287 290 292 301 303 310 317 319 322 330 337 346 355 355 358 363 366 371 378 386 378 382 388 382 383 391 395 403 405 413 416 417 426 434 442 443 451 448 453 458 462 471 479 479 487 484 483 484 492 487 495 490 497 503 503 510 505 506 513 521 525 532 534 535 544 548 555 558 566 561 563 569 573 582 587 588 596 605 614 618
214 210 213 215 224 230 239 243 238 244 244 246 258 262 265 267 269 277 285 294 293 297 298 303 312 311 312 321 327 335 341 342 349 354 356 357 358 367 372 378 377 379 381 380 387 388 396 402 409 416 420 418 424 433 441 442 446 447 453 462 470 476 476 482 485 484 489 492 500 496 496 491 492 494 501 502 504 509 518 523 530 533 534 538 541 543 547 556 559 560 569 576 574 583 590 590 592 601 606 609
219 217 216 217 225 234 236 242 247 251 249 255 267 270 273 268 272 279 287 296 294 300 302 309 314 312 318 326 327 332 334 342 349 358 358 359 359 365 368 369 371 374 375 379 381 390 395 403 405 414 423 422 423 424 433 436 437 446 448 457 461 470 467 475 483 481 482 491 493 501 504 496 501 502 509 506 513 518 519 523 529 530 537 543 548 552 553 562 562 567 576 580 579 587 588 596 593 597 606 615
224 218 224 220 227 234 235 244 250 253 257 256 266 271 273 276 279 281 290 291 295 301 308 309 317 315 320 326 331 340 341 344 350 354 361 364 368 374 369 370 378 376 382 387 390 398 404 398 406 409 415 413 414 417 426 428 437 441 442 449 458 463 462 471 474 475 476 483 486 495 503 505 501 503 505 513 520 525 525 530 530 533 541 543 547 556 562 569 568 576 579 588 585 591 597 605 601 599 601 608
226 219 220 227 231 236 244 249 256 262 264 258 266 272 275 284 280 281 289 296 297 305 312 317 318 320 322 328 334 343 350 353 355 362 370 373 370 368 373 374 382 377 379 380 382 390 399 393 400 403 406 409 412 420 427 431 440 444 450 450 452 457 460 469 470 476 485 492 487 489 497 498 499 508 507 512 519 525 531 539 535 542 546 552 553 562 570 574 575 581 588 597 594 600 605 608 604 600 601 610
235 226 229 236 233 242 250 254 250 258 263 261 270 271 272 276 277 279 281 289 295 303 309 312 315 318 320 329 333 339 347 348 357 364 369 368 367 364 370 379 386 383 386 382 386 388 390 391 392 397 399 408 412 417 418 425 431 440 446 455 456 464 461 469 475 478 487 490 489 497 494 489 492 501 504 512 513 517 526 533 537 544 549 554 555 564 572 575 582 582 589 590 597 605 611 613 612 609 608 617
244 235 230 231 233 238 242 248 249 257 266 263 269 277 277 278 280 285 290 296 304 307 308 309 319 324 325 330 337 338 340 342 350 357 363 371 362 363 372 375 384 392 387 391 394 389 398 399 400 398 399 401 408 417 418 427 436 439 445 452 455 463 464 465 474 474 481 483 490 497 489 488 496 505 508 516 519 525 530 539 538 543 550 557 563 560 569 573 579 584 593 594 603 612 620 622 615 618 610 614
238 233 232 238 240 239 247 255 256 264 272 269 272 276 284 283 288 293 297 305 311 316 316 311 320 322 328 337 346 339 340 342 351 352 356 362 357 366 374 376 383 385 386 393 393 392 399 400 409 403 404 403 405 413 420 428 430 431 437 446 448 456 463 466 475 472 480 488 483 488 485 487 496 502 509 514 523 531 538 535 535 536 544 548 557 558 567 576 584 593 602 598 607 616 621 629 624 622 618 615
239 240 241 244 244 244 251 259 264 273 278 275 280 279 288 287 290 294 300 302 309 316 317 317 325 331 329 334 342 340 346 343 344 349 353 354 356 363 367 376 384 383 389 395 401 401 401 409 410 411 405 409 406 413 417 425 429 430 436 442 449 453 456 457 466 469 478 479 481 483 484 492 495 502 511 512 521 528 529 530 533 537 546 551 553 562 571 572 578 586 593 602 608 611 618 622 621 621 623 621
244 245 248 253 253 253 260 262 269 278 281 276 282 284 289 296 295 302 309 307 316 321 321 326 328 334 333 338 344 349 352 350 353 355 355 361 362 366 369 370 375 377 380 386 395 404 410 418 419 411 406 414 413 414 415 417 425 434 442 450 450 454 459 463 469 478 485 483 489 491 493 500 503 511 520 518 527 534 535 538 542 538 547 548 557 562 571 580 584 592 601 597 605 610 617 618 619 620 628 626
253 254 249 258 262 262 266 263 272 272 273 275 284 285 292 290 291 296 305 314 323 322 328 334 337 336 338 347 352 356 356 354 357 363 363 368 366 373 378 379 383 379 381 389 398 403 405 414 415 416 415 418 418 419 420 424 431 439 443 447 456 463 460 466 475 479 482 489 496 492 500 502 507 509 517 526 535 538 544 545 541 540 548 557 566 566 575 584 592 597 592 594 600 601 608 616 625 629 636 628
258 256 257 266 263 271 272 266 267 271 280 279 281 283 288 289 297 305 312 316 317 318 324 330 335 343 341 351 360 360 357 363 365 364 364 373 372 381 382 383 388 381 389 398 399 407 407 416 422 419 416 425 425 428 429 431 440 448 452 452 458 463 462 469 474 480 488 493 491 492 495 498 507 514 523 530 531 540 548 549 543 546 547 552 558 561 570 579 583 589 590 599 608 608 614 621 622 630 629 636
259 263 265 273 266 270 271 273 269 270 271 277 286 287 290 294 300 307 316 318 323 321 330 337 339 342 344 346 355 363 366 369 373 371 367 375 381 388 386 384 393 390 396 397 398 403 412 421 417 423 425 434 432 432 431 436 438 445 451 452 461 469 469 473 481 482 488 489 490 495 504 506 515 518 523 524 533 538 544 545 550 547 555 560 567 570 571 576 579 584 593 602 603 610 618 625 623 631 627 636
260 269 266 272 273 271 279 282 278 278 278 280 289 296 297 302 309 312 317 323 325 329 334 343 340 348 349 350 360 367 369 375 376 377 374 383 386 393 388 392 396 392 393 401 405 411 414 415 416 425 431 434 435 433 433 438 447 449 454 461 470 473 478 482 485 490 497 496 498 503 505 514 515 519 520 528 534 541 549 554 552 553 559 564 568 577 579 577 582 587 592 597 598 607 613 620 626 629 623 632
267 276 271 275 282 274 276 284 281 284 279 282 291 300 303 309 315 313 315 316 325 331 333 340 345 352 358 354 358 359 362 365 366 368 377 378 387 395 389 391 393 401 402 404 407 414 423 416 423 432 438 442 441 435 442 445 453 458 461 468 473 479 479 483 488 496 505 504 499 505 513 515 523 526 528 535 536 538 546 547 548 555 563 571 572 573 575 580 581 587 595 601 607 616 613 614 617 620 621 626
274 275 280 284 288 283 279 288 286 286 283 289 293 301 304 310 314 314 318 321 330 336 337 345 347 356 364 363 363 362 368 373 371 377 381 379 387 393 398 393 395 396 398 407 408 417 424 417 418 423 431 440 445 436 444 453 462 465 468 469 470 477 481 481 482 487 496 497 502 505 514 522 528 531 534 536 540 542 550 552 553 554 556 564 565 573 576 579 588 593 594 601 606 609 612 611 618 627 626 629
283 284 289 288 289 292 287 296 287 290 292 290 299 302 309 318 323 323 326 328 334 337 343 351 348 351 359 366 370 368 374 375 376 385 384 388 390 393 399 401 403 401 406 407 415 423 431 426 426 431 439 446 441 440 446 451 455 456 465 472 471 472 480 479 487 496 503 505 511 506 509 515 523 528 533 538 539 548 557 556 561 556 565 572 571 578 579 581 582 584 585 594 597 600 607 608 617 626 633 638
292 293 298 297 297 294 290 295 294 299 301 298 307 303 307 316 318 327 329 329 332 333 340 349 357 359 364 367 375 371 379 381 378 387 393 389 396 394 399 407 404 405 410 416 423 431 432 432 435 435 437 446 449 448 452 459 463 465 474 473 472 473 475 477 485 488 496 500 507 514 514 521 526 533 542 547 542 551 553 554 562 557 559 563 568 577 579 585 583 592 593 601 606 609 616 613 619 620 629 636
294 302 303 300 304 295 291 297 303 300 300 299 301 307 308 317 326 333 338 338 338 340 344 348 354 355 364 370 376 378 385 383 383 385 386 395 401 402 405 414 413 414 419 420 428 432 437 440 443 438 440 444 453 452 458 465 468 474 476 474 474 482 484 481 482 491 497 499 508 512 515 517 524 531 534 543 547 553 559 562 565 565 568 566 567 571 577 584 588 592 596 598 601 602 611 620 628 624 628 632
302 310 307 304 301 297 298 305 304 308 308 301 303 308 312 317 326 331 336 345 340 348 346 353 362 357 366 372 374 378 383 392 390 394 387 391 392 399 408 416 418 415 423 427 428 429 436 437 440 441 449 452 456 455 457 463 464 472 477 483 483 483 485 486 489 496 500 505 506 515 523 526 531 534 537 538 543 552 561 562 571 566 569 567 575 580 585 591 597 597 605 601 605 611 616 617 622 631 630 639
303 306 315 313 306 302 307 307 311 310 311 302 303 306 313 316 325 332 334 338 344 353 350 359 366 366 375 377 383 382 391 398 394 394 393 400 401 408 412 414 420 420 428 429 437 438 445 446 445 445 453 458 465 464 465 472 471 476 477 486 492 491 487 489 498 497 499 505 512 521 522 527 536 535 536 537 546 555 564 570 571 573 573 574 577 586 588 589 597 606 614 610 609 612 614 616 624 626 635 644
306 315 324 321 313 310 310 315 314 318 315 306 304 311 317 321 322 327 334 340 348 352 357 364 369 369 377 378 386 385 389 398 403 399 400 403 402 406 413 412 413 417 418 428 431 437 439 441 450 446 449 457 464 469 467 473 474 478 486 488 492 499 495 498 500 506 508 507 510 518 527 533 534 537 537 546 555 557 558 564 572 580 574 580 584 592 597 596 601 609 614 614 616 614 616 621 629 635 644 653
315 322 330 325 320 319 313 321 318 322 315 314 305 310 318 327 331 335 334 340 343 349 358 365 371 374 382 386 393 391 398 407 408 400 401 405 404 405 409 410 411 420 420 421 422 432 440 448 451 455 453 461 470 476 474 481 483 483 489 494 494 497 501 507 509 514 516 509 517 524 525 533 541 543 538 540 546 553 561 570 578 577 581 585 593 599 604 605 610 613 620 619 620 620 625 629 637 642 649 652
322 331 338 333 325 317 314 315 324 326 322 313 306 310 315 322 328 331 332 340 346 352 361 369 364 373 376 381 384 392 398 407 407 403 408 406 406 412 417 414 416 422 427 430 429 431 438 443 452 458 454 462 465 473 474 481 488 487 492 495 499 500 505 511 513 514 516 511 517 526 531 540 542 551 546 549 554 557 565 569 570 574 580 582 589 598 604 607 608 616 625 626 627 624 629 631 639 646 655 660
327 336 342 338 332 323 317 324 332 328 326 319 315 315 317 322 325 334 341 343 344 353 354 361 362 371 372 373 375 384 391 399 402 406 413 414 413 419 421 420 424 428 435 438 433 434 440 449 458 467 463 467 467 468 472 480 483 492 493 497 497 499 507 514 514 516 514 512 520 521 530 539 547 551 553 555 557 565 566 568 569 571 578 587 589 593 600 608 611 612 620 625 629 632 630 638 646 654 661 667
333 340 345 336 335 328 320 321 323 332 324 317 316 320 321 329 330 337 339 348 353 362 355 360 369 372 380 374 381 382 391 397 405 414 419 421 421 425 429 428 429 429 431 436 442 435 441 450 459 467 472 470 473 477 481 481 488 492 493 494 496 503 504 507 513 518 516 521 529 530 538 541 542 547 556 564 561 563 565 574 575 572 581 585 588 593 602 608 614 613 618 624 631 628 632 641 641 647 656 661
336 344 337 336 334 332 326 329 331 327 322 320 317 322 324 330 338 344 341 344 352 360 356 360 362 371 379 380 382 390 399 406 408 415 423 425 427 434 431 433 435 436 432 437 446 443 449 456 458 464 471 472 480 482 483 490 494 493 500 497 500 501 505 508 515 517 521 522 530 536 541 545 546 555 556 565 565 564 571 573 582 576 577 579 588 592 601 610 611 612 615 624 623 626 632 636 640 649 657 664
340 348 344 345 341 336 327 336 340 333 325 326 325 326 332 335 338 346 347 350 359 360 362 369 370 373 382 389 390 394 396 405 407 415 424 422 429 435 432 440 440 438 439 445 446 451 456 462 461 463 472 477 486 491 484 486 487 490 496 505 501 509 512 515 523 518 526 531 537 545 542 544 551 554 563 572 573 565 568 574 582 583 585 588 596 593 600 608 617 617 615 617 620 625 633 637 646 649 654 663
346 355 353 353 347 343 336 344 335 328 327 329 329 335 333 342 342 351 356 357 363 367 366 370 371 379 383 385 386 387 396 397 400 409 417 418 423 426 435 441 441 439 448 453 455 460 463 471 462 467 476 485 494 488 485 494 494 491 500 503 503 511 520 519 528 527 532 532 534 543 549 548 549 552 558 567 569 573 575 578 580 587 593 597 605 598 599 603 611 613 614 623 629 626 633 637 639 646 647 655
347 356 360 354 354 345 342 340 333 331 331 331 337 340 340 342 344 352 353 357 366 372 371 378 380 388 387 387 388 394 400 406 408 417 421 426 431 435 436 444 449 443 452 458 456 465 471 479 469 475 484 487 491 490 492 493 501 499 505 511 509 514 523 526 528 532 534 540 539 541 549 550 552 561 560 562 571 580 582 587 581 589 590 593 602 602 602 611 618 616 618 624 630 627 636 644 647 649 656 657
355 364 363 362 353 352 349 342 334 338 334 335 341 341 349 343 345 349 351 359 366 375 378 379 380 384 391 395 396 403 409 407 414 418 426 432 439 442 438 441 450 449 450 458 459 464 470 477 474 477 485 490 488 489 498 500 507 508 512 512 517 516 517 520 527 531 540 541 540 549 558 551 557 564 564 568 577 579 583 586 589 590 598 597 601 606 607 610 617 625 622 626 627 635 637 643 644 653 655 664
364 373 364 361 357 351 350 345 338 347 339 338 347 348 356 351 352 357 359 368 374 378 379 382 381 389 398 403 404 412 412 416 418 427 430 431 435 436 442 442 445 449 457 460 465 473 471 473 481 479 480 483 484 490 497 498 499 501 502 512 518 523 523 525 534 539 540 541 546 548 555 556 560 561 563 572 581 584 591 594 591 591 597 605 603 604 613 611 620 626 631 629 635 640 646 644 646 647 654 661
373 373 371 362 360 360 357 348 342 345 342 347 352 349 355 360 361 366 361 362 370 379 388 391 389 397 406 411 413 418 421 420 423 424 429 433 434 438 440 441 450 452 454 463 464 472 475 477 483 483 489 486 487 490 498 507 507 509 503 504 509 518 523 524 525 530 537 541 547 556 564 558 566 569 566 569 573 575 583 587 591 596 600 605 605 613 619 620 624 631 632 637 636 643 644 647 647 652 659 666
382 376 378 369 362 363 360 355 346 350 346 351 360 357 362 364 364 372 363 367 376 377 385 386 390 391 400 409 415 420 425 424 426 432 438 439 439 447 444 444 448 456 461 470 468 469 478 481 482 491 489 488 496 491 499 505 511 517 509 505 511 512 516 526 530 539 545 543 552 556 562 559 567 573 573 570 575 583 590 596 600 600 606 612 614 615 620 625 631 638 633 639 645 651 649 648 648 654 656 662
386 385 384 378 371 370 362 355 351 352 351 352 361 366 371 367 372 369 365 373 382 381 387 392 397 399 407 410 419 420 428 425 431 439 446 441 446 453 451 452 453 461 467 471 470 478 485 486 491 496 498 496 496 493 499 508 517 519 512 512 520 520 521 524 530 533 540 541 547 552 559 568 568 573 582 579 576 580 581 587 592 600 604 613 622 623 629 626 634 641 642 643 646 654 657 657 655 663 662 663
394 394 393 384 380 379 371 364 355 353 360 353 355 364 369 375 381 378 373 375 376 385 388 397 398 407 411 411 416 425 434 433 436 440 449 447 448 456 458 458 459 468 475 479 478 487 487 487 493 502 502 505 498 494 503 509 511 513 514 515 523 528 529 531 538 540 546 550 549 558 563 569 577 582 583 588 581 588 588 590 597 602 610 618 624 631 638 632 633 641 645 651 652 660 664 666 663 672 671 667
397 389 388 384 381 384 375 366 361 362 357 356 359 360 365 366 375 377 379 383 385 387 391 399 401 410 412 417 424 433 435 438 438 439 447 455 457 458 461 467 462 463 472 479 487 488 496 488 489 496 505 511 507 501 510 518 516 519 515 521 528 534 537 538 547 542 551 555 550 558 566 575 583 590 591 597 588 597 589 592 600 607 612 613 621 630 631 633 642 647 653 660 659 660 667 674 665 670 679 671
405 396 395 387 379 378 376 368 365 361 360 365 360 369 367 375 382 380 387 389 394 388 397 405 408 415 419 425 432 440 444 444 447 441 444 448 454 456 464 465 463 464 469 470 478 486 492 497 496 500 508 509 516 510 519 524 521 528 523 529 537 540 544 546 554 549 558 560 557 565 573 575 575 584 590 594 591 594 595 601 604 605 612 618 619 621 628 636 644 652 660 662 667 661 668 669 674 678 679 680
412 403 395 395 387 384 375 368 367 363 365 374 369 376 369 370 373 380 381 384 387 395 399 406 408 412 421 427 436 445 449 453 445 443 444 451 460 461 468 469 469 465 468 472 475 482 490 495 497 506 507 511 513 511 519 527 525 534 527 528 536 541 545 547 556 554 558 559 559 568 576 573 574 576 584 585 589 598 603 603 604 607 615 621 623 624 633 641 642 649 657 665 665 663 669 677 675 684 688 686
405 402 393 393 384 375 374 373 373 369 367 375 377 374 372 375 380 386 390 386 390 392 401 404 410 418 419 426 433 442 447 450 453 444 445 447 453 462 469 478 478 474 477 474 482 490 495 498 504 505 514 519 522 518 527 530 530 535 536 531 538 545 548 552 560 563 566 563 562 564 566 570 573 574 583 587 597 600 605 607 605 610 619 626 632 629 638 645 651 657 662 668 668 672 677 678 681 686 691 694
397 393 390 388 387 379 381 374 374 375 376 383 378 379 376 383 387 395 397 388 389 392 400 401 402 409 412 421 425 434 443 444 445 447 454 456 462 469 476 485 484 483 485 483 491 499 504 500 506 508 509 518 519 521 530 534 535 540 543 539 546 554 556 561 569 570 568 566 564 570 574 578 582 583 589 591 601 608 612 615 614 614 619 627 635 638 646 648 655 660 667 676 673 673 681 684 684 685 689 697
406 399 399 396 389 387 379 375 381 379 380 382 387 387 384 391 388 389 398 397 393 400 405 410 403 412 420 425 432 438 439 446 452 454 452 460 469 468 472 479 483 492 493 490 497 498 503 501 508 517 516 520 521 530 531 533 541 549 552 546 554 560 565 570 570 577 574 574 567 576 582 579 585 592 596 593 603 611 619 617 617 623 622 630 638 647 650 651 653 656 658 667 664 665 672 681 685 689 696 702
410 402 402 398 389 385 384 384 389 380 385 389 392 393 388 397 389 398 404 406 401 402 407 414 411 414 421 427 434 439 442 440 443 448 450 454 463 465 471 472 480 489 494 491 496 504 505 510 517 526 518 527 523 528 534 540 546 554 554 553 562 562 567 570 577 585 580 578 570 579 587 581 584 591 595 597 601 606 614 614 616 617 620 629 634 641 646 653 661 657 650 659 663 665 674 683 692 696 696 705
413 406 403 406 398 394 393 393 390 389 392 396 400 394 397 393 390 398 406 407 409 404 413 416 414 419 420 425 429 430 434 438 446 455 453 454 461 465 470 471 480 489 495 493 496 505 511 513 516 525 527 536 532 529 537 544 545 546 548 552 556 563 571 571 580 586 581 577 573 577 585 589 585 591 599 604 602 604 605 608 610 619 626 630 631 638 637 645 652 653 648 657 660 669 675 679 688 692 693 702
420 414 411 413 404 399 402 400 399 392 393 402 407 400 406 400 399 400 405 412 418 413 422 417 419 427 429 428 437 439 439 447 450 458 462 460 469 474 477 480 483 484 493 496 503 511 519 516 524 531 534 541 534 538 540 545 549 549 556 560 559 565 574 580 584 591 588 583 574 583 585 590 587 596 603 610 604 606 613 615 613 618 619 626 628 632 636 638 643 644 645 654 659 662 669 678 683 684 692 694
428 423 420 422 413 406 404 401 402 393 402 405 413 405 412 403 408 402 411 413 422 414 416 423 422 431 432 429 431 435 444 453 455 459 468 467 474 481 481 487 492 493 500 501 508 513 517 520 524 533 535 540 536 545 541 550 557 551 558 567 564 572 578 587 585 592 587 586 578 587 594 598 591 598 602 602 611 614 621 616 618 623 625 634 635 634 638 639 647 647 648 657 659 668 677 681 686 692 698 695
436 430 424 415 414 413 411 402 404 396 405 411 417 414 414 405 411 405 412 417 425 423 425 432 429 435 441 438 434 443 446 448 457 458 467 475 482 488 487 488 490 498 505 504 508 515 517 523 532 541 536 545 545 554 546 554 559 560 563 572 570 574 580 587 594 587 594 587 586 593 601 599 593 594 595 600 609 617 624 619 622 626 629 637 642 635 642 648 654 650 656 657 665 673 674 683 692 693 698 701
433 426 417 416 421 421 412 403 411 403 410 414 420 417 423 414 414 411 418 419 422 423 429 435 431 432 436 444 436 445 447 456 462 463 472 480 481 490 496 494 499 507 512 513 510 512 518 527 533 540 537 538 540 548 547 549 555 556 564 570 571 565 574 581 586 579 588 593 595 602 610 601 598 601 599 603 611 615 622 625 631 634 637 642 639 637 639 644 646 653 656 662 669 672 679 688 697 700 707 710
433 424 423 424 428 419 414 405 412 412 418 423 424 419 426 421 423 420 419 420 423 424 432 441 439 434 443 441 438 439 442 449 458 464 469 478 481 485 492 499 500 508 512 513 511 516 519 528 530 532 540 547 541 550 554 550 553 556 560 562 563 564 568 577 583 578 586 593 596 604 611 608 607 605 602 605 613 621 627 634 637 643 644 651 647 642 646 653 653 659 659 660 669 676 685 693 700 701 710 717
439 430 432 429 429 420 420 414 413 421 419 422 429 420 429 430 431 429 428 429 424 432 438 447 440 435 443 445 447 441 450 458 465 465 469 475 476 483 486 491 498 507 515 516 519 524 528 536 531 539 540 545 549 557 560 558 558 560 568 567 567 565 573 574 575 577 582 588 589 595 604 612 615 614 610 613 616 620 629 633 634 638 644 653 648 643 646 653 656 661 665 667 668 677 685 687 693 700 703 708
436 433 435 436 430 429 422 415 419 421 424 424 427 428 435 433 437 434 429 429 427 428 430 439 448 444 448 453 449 450 458 462 471 474 476 477 482 487 488 492 501 508 512 515 524 532 531 540 538 544 549 554 552 558 564 566 559 567 575 569 576 574 578 581 582 579 580 586 595 598 602 605 611 614 612 616 617 619 624 626 635 643 650 651 650 650 649 650 654 659 661 670 675 679 680 688 690 699 707 711
445 437 442 445 439 438 431 424 425 426 432 432 428 431 440 434 439 436 434 437 428 437 438 447 455 451 449 458 451 457 466 471 480 483 481 485 487 492 497 493 498 504 505 514 519 526 530 539 541 542 545 550 558 559 561 567 568 574 583 574 581 582 585 587 591 587 589 595 603 606 607 612 616 620 614 623 619 626 625 634 640 644 647 656 656 658 653 658 655 663 670 679 678 679 688 694 692 697 699 702
446 445 451 446 447 443 434 430 426 431 435 433 431 432 440 442 446 438 437 445 436 437 438 447 453 452 456 465 456 465 466 475 483 492 488 486 495 498 497 496 497 503 512 519 528 535 535 543 549 543 544 553 559 568 568 574 575 575 583 582 587 585 587 596 595 588 594 597 598 599 600 606 614 615 622 626 628 628 634 636 642 647 651 652 654 662 662 662 656 660 662 671 672 681 687 688 692 693 702 710
452 450 458 453 445 442 436 434 433 432 440 441 438 438 445 451 451 447 439 448 442 446 447 448 452 456 460 461 458 467 471 480 485 494 493 487 493 500 506 503 503 509 517 524 528 537 541 543 552 547 553 555 562 567 571 574 579 577 581 584 589 593 593 596 599 590 599 605 607 603 605 607 612 619 621 630 636 637 637 637 639 648 657 653 660 667 668 664 660 666 668 669 671 672 678 686 687 692 700 704
461 459 459 451 447 438 437 442 441 437 438 439 444 443 449 458 455 446 445 454 449 455 456 453 461 459 460 461 461 469 474 483 489 490 499 492 499 508 505 504 512 510 515 524 533 539 548 551 560 555 561 564 570 576 580 580 588 586 587 585 590 597 602 602 601 592 594 598 603 608 613 610 614 615 618 625 634 635 640 638 642 643 650 658 666 672 676 667 665 669 676 675 680 674 681 687 692 691 692 695
468 459 451 450 441 440 445 446 442 445 443 441 450 444 452 453 462 455 450 453 450 454 463 457 465 460 468 469 469 470 472 480 483 489 498 501 508 512 514 507 511 519 523 532 541 548 555 558 559 557 559 568 571 579 580 588 595 595 592 593 599 601 607 603 605 601 595 602 606 610 611 619 622 622 627 632 641 643 641 642 650 645 648 650 658 667 667 676 671 676 682 684 685 676 677 678 683 689 697 696
465 458 451 450 442 446 454 450 451 449 452 450 455 447 454 454 459 462 453 457 452 461 470 464 473 467 476 471 473 477 478 486 485 491 500 504 513 513 518 512 518 526 529 537 546 551 560 567 566 562 566 575 579 584 587 590 596 603 595 594 603 610 612 612 608 600 598 606 613 616 619 625 630 631 635 637 641 642 650 647 655 646 649 650 658 660 663 671 679 677 682 683 682 679 683 681 691 691 695 703
470 464 455 451 451 449 451 451 460 451 457 459 457 448 457 463 462 461 454 461 460 463 470 469 474 473 480 475 476 481 483 492 494 500 501 510 513 522 523 519 527 531 536 538 545 546 555 564 571 570 567 576 584 585 590 597 602 611 603 597 603 612 621 621 612 605 604 612 616 625 627 632 639 632 640 640 641 644 653 648 657 654 658 659 667 664 672 680 686 685 683 691 687 686 691 687 690 692 701 708
470 462 456 459 457 456 453 456 459 452 456 465 460 457 466 464 464 470 463 466 466 472 479 473 480 474 483 480 485 483 485 492 499 504 506 509 518 525 525 528 533 538 539 539 545 549 556 565 569 576 568 576 585 594 594 597 602 609 612 606 612 619 624 623 621 613 613 618 624 633 628 637 642 638 645 646 647 645 654 653 662 662 667 668 673 665 674 682 691 694 691 697 688 691 694 694 697 693 694 698
472 465 465 466 465 462 462 463 454 453 461 464 467 458 463 468 472 471 470 468 468 470 476 481 480 479 480 489 493 490 494 493 501 509 515 511 520 521 529 526 535 539 548 544 549 558 562 564 572 576 575 581 585 586 595 604 603 604 610 611 618 627 633 626 620 617 619 626 633 636 634 643 647 639 646 654 649 648 651 652 659 662 671 677 680 673 680 684 693 700 699 701 693 699 699 698 703 695 702 704
475 469 470 474 466 470 469 467 460 458 465 465 474 467 472 477 481 477 475 474 476 472 480 488 489 480 488 489 497 495 502 499 506 512 519 512 519 524 532 525 526 535 544 553 558 555 555 560 566 567 568 572 576 578 587 596 605 613 615 620 619 628 633 634 628 620 628 635 637 638 642 645 653 647 652 657 658 649 657 661 663 671 677 683 683 675 684 693 697 705 708 705 700 706 705 707 711 704 708 705
478 478 472 475 471 478 470 468 467 467 467 474 476 469 478 485 490 485 476 475 478 475 483 485 494 487 488 496 499 504 511 508 508 517 524 516 518 520 523 524 526 530 538 546 552 553 554 556 565 573 574 581 584 587 590 598 605 614 622 621 627 636 637 639 634 628 637 643 644 639 644 651 654 652 655 656 660 657 665 670 672 672 680 681 684 676 683 690 698 699 706 713 706 707 714 716 715 711 716 714
