  0 250 244 249 252 248 257 259 262 270 268 264 262 270 274 273 267 268 272 271 274 283 291 291 300 298 298 303 306 307 311 308 309 318 319 325 325 332 333 334 342 345 354 355 361 361 365 367 375 379 382 384 393 402 402 410 410 418 421 426 435 427 429 437 446 444 448 456 457 463 472 481 488 490 497 499 502 500 505 500 505 513 517 525 527 536 544 553 550 556 562 563 564 570 578 584 585 581 587 596
  8 243 242 243 243 247 248 255 260 261 263 255 260 261 265 272 266 269 267 268 271 277 282 290 298 296 294 296 302 310 302 304 308 315 316 325 324 330 336 343 343 344 350 354 362 357 360 362 367 371 373 379 387 394 396 403 406 410 412 420 429 421 429 438 442 441 448 451 459 467 475 474 479 482 489 494 494 491 500 497 499 508 517 521 529 538 543 551 548 555 553 559 566 566 575 575 576 577 586 593
 16 235 233 242 240 249 241 247 252 254 255 253 251 254 259 265 258 261 262 269 278 284 291 285 289 291 290 296 299 303 297 301 309 316 325 330 323 328 328 336 343 349 341 346 353 351 359 365 373 371 375 384 388 390 395 403 406 405 412 419 427 419 427 430 434 439 446 448 454 460 469 471 479 479 480 488 489 490 491 495 498 507 516 517 524 533 534 543 539 546 551 556 557 565 566 569 576 577 578 584
 17 239 232 234 235 240 238 239 243 251 252 247 249 250 252 258 256 261 263 272 277 277 282 277 283 284 289 291 292 294 296 305 313 318 327 321 321 322 327 328 334 340 338 340 349 348 356 361 364 370 375 378 382 389 395 398 399 403 411 410 418 418 419 425 434 438 445 447 455 464 464 473 475 475 484 484 493 490 496 499 507 511 509 510 516 525 527 536 535 537 542 550 553 556 560 564 572 581 582 590
 26 239 231 228 234 235 237 244 249 247 243 244 252 253 251 249 253 262 266 267 275 270 273 273 276 280 280 282 284 287 292 301 308 309 318 315 314 323 328 320 329 331 332 339 340 347 356 361 369 375 382 375 377 386 388 395 404 405 405 407 413 412 420 429 431 435 442 447 451 459 456 464 466 474 476 477 486 487 489 490 499 507 508 511 517 519 527 528 529 533 540 542 544 553 559 567 571 580 588 597
 28 233 224 222 225 226 235 244 243 238 236 238 247 244 242 248 256 256 261 261 269 266 272 271 275 281 279 284 283 284 289 292 299 308 309 316 311 316 322 317 322 325 331 339 340 346 349 355 361 367 374 372 380 381 390 394 396 400 401 404 408 411 415 420 429 431 435 439 448 450 455 456 465 471 479 477 486 495 495 498 499 508 515 512 521 520 528 533 538 542 542 548 545 550 556 559 568 577 582 588
 29 225 216 216 221 225 234 240 235 236 227 234 239 235 236 242 249 250 252 259 261 257 264 268 266 273 277 279 280 287 295 289 296 303 310 307 309 310 313 314 321 322 330 334 338 346 348 351 358 360 369 370 374 379 381 387 389 394 403 406 407 410 415 424 432 439 438 442 446 447 448 455 462 463 471 476 480 486 493 497 499 502 507 515 524 529 537 541 540 547 549 550 549 557 563 560 562 570 577 580
 33 218 212 215 224 227 231 234 227 234 226 231 237 234 242 242 248 243 252 255 258 255 263 270 265 264 269 270 278 283 287 288 292 299 302 306 315 318 320 317 326 330 338 343 340 343 345 349 355 364 368 370 378 387 383 387 390 392 398 401 403 405 407 416 424 433 440 440 443 449 457 463 471 464 473 473 474 479 488 490 491 499 504 510 519 525 533 542 546 555 557 555 558 562 566 562 570 571 580 584
 41 212 211 213 217 218 223 226 225 232 224 224 233 233 236 241 240 242 250 246 251 253 261 263 267 261 265 272 281 290 286 286 290 294 301 310 309 314 321 326 333 332 335 337 340 349 351 358 361 364 367 370 375 382 389 393 399 400 406 410 406 412 410 419 428 434 437 439 446 448 456 465 471 466 469 471 474 478 479 482 489 497 503 508 513 522 530 533 537 546 552 561 561 570 574 570 579 579 579 587
 42 204 208 205 210 213 222 220 219 228 220 221 226 232 238 247 239 235 244 245 253 249 258 265 258 260 264 273 280 284 277 285 290 293 299 307 302 308 316 325 328 328 336 338 342 344 353 362 364 366 365 374 376 383 391 399 403 405 409 410 410 419 416 423 425 433 437 444 445 453 454 461 466 474 478 473 474 483 488 486 495 496 505 514 518 522 528 536 544 546 547 555 564 565 573 578 582 585 578 584
 51 199 206 198 206 208 214 214 216 221 219 225 226 224 230 239 239 230 235 237 244 248 254 257 256 265 265 269 271 278 276 281 283 290 291 298 300 304 311 320 325 327 334 342 349 350 353 357 359 359 364 372 373 378 383 392 395 397 400 401 404 411 417 418 419 425 431 435 442 447 456 458 464 473 478 477 480 489 496 491 499 505 507 511 520 526 532 540 547 554 555 556 565 569 570 572 575 576 577 585
 56 194 203 197 205 213 206 213 214 214 212 216 217 220 221 230 233 228 237 238 247 243 250 258 254 263 268 271 280 275 274 280 279 288 296 300 299 302 309 313 316 318 326 333 341 344 344 348 350 358 366 374 374 383 384 392 397 405 405 408 413 418 422 423 422 429 435 440 443 448 452 461 467 476 477 485 489 497 497 500 503 508 509 512 520 525 533 538 538 547 548 556 557 561 570 571 579 585 585 588
 58 191 194 196 198 204 198 207 214 209 210 217 222 216 222 223 224 225 234 237 238 242 244 251 253 254 262 271 280 277 270 272 278 281 288 297 298 300 309 311 314 316 320 327 335 336 337 340 349 354 358 367 374 381 386 392 398 402 406 415 422 423 424 432 429 437 443 438 446 455 461 455 464 471 472 478 485 490 499 503 512 507 509 512 515 522 530 533 536 541 545 552 558 564 571 579 574 583 591 597
 66 187 189 194 192 195 193 201 205 208 216 214 214 207 216 223 228 234 238 239 247 245 250 251 260 263 269 263 272 268 269 277 286 289 289 293 299 307 310 314 323 323 328 333 334 339 346 349 350 356 365 372 373 374 383 389 390 395 402 410 416 424 431 440 432 436 435 437 438 447 452 453 462 470 479 483 484 491 496 495 504 505 511 518 524 524 526 530 531 532 539 546 549 558 562 571 573 582 585 592
 73 186 180 186 183 187 189 198 197 204 207 212 207 203 210 218 219 225 230 231 239 248 245 246 253 262 263 261 265 267 274 283 291 290 290 296 298 299 308 312 318 327 332 328 337 336 344 349 353 356 360 368 375 383 386 383 392 399 406 407 407 415 423 432 426 427 434 436 439 448 451 456 463 465 473 475 478 485 488 494 500 509 515 524 524 526 535 531 532 540 542 551 551 553 562 567 576 585 586 591
 74 178 179 177 180 182 186 192 196 195 198 206 203 199 201 210 214 222 225 230 238 242 244 245 246 255 254 260 265 268 275 284 292 293 289 296 290 296 304 303 312 321 323 325 334 329 338 345 347 352 359 367 376 377 378 379 388 393 398 399 406 415 417 425 425 426 427 434 439 447 454 461 463 464 465 466 474 480 481 490 498 503 510 515 516 523 529 532 534 540 542 544 552 561 565 569 571 580 581 582
 83 173 170 176 177 183 185 192 194 194 192 199 206 198 202 211 220 218 226 225 230 234 241 236 243 246 250 257 261 269 278 286 286 290 288 287 287 293 298 302 308 317 326 324 330 327 330 336 343 345 350 359 368 377 378 383 390 394 399 402 407 415 415 416 424 429 435 443 440 449 457 458 461 470 472 471 480 481 489 493 501 501 502 510 519 526 527 534 540 545 549 546 554 559 564 567 570 577 580 588
 89 171 163 172 178 174 183 188 193 194 186 191 199 195 202 205 211 215 217 219 225 227 232 233 236 241 244 248 256 264 270 279 277 283 279 280 284 288 293 299 306 312 319 321 322 324 330 339 347 351 352 361 363 372 373 377 383 389 397 403 409 412 409 418 419 428 436 442 448 449 457 462 470 475 477 472 481 490 493 499 502 500 508 515 520 529 528 536 537 543 547 550 559 568 571 567 568 576 577 586
 93 165 161 167 174 172 178 183 185 185 184 190 193 194 203 203 207 212 221 222 224 222 223 227 228 237 238 239 247 255 264 273 270 274 275 283 292 294 296 302 303 310 317 326 324 331 335 344 353 358 353 357 359 363 372 377 384 385 393 399 403 408 407 414 423 424 431 440 442 450 452 461 462 467 468 477 480 486 485 490 493 496 503 512 515 522 531 540 538 545 544 551 552 559 566 566 575 579 585 590
 94 165 158 165 168 167 174 176 181 176 177 186 195 194 199 199 206 212 212 221 223 218 221 230 233 238 246 242 248 255 263 267 269 271 279 277 286 293 302 303 311 314 322 327 326 329 338 347 349 356 362 359 366 364 371 380 381 382 390 392 399 401 405 413 415 424 428 431 440 448 451 460 462 470 475 473 471 478 481 486 495 504 508 512 520 529 531 540 537 541 543 549 556 556 557 558 566 571 576 581
100 162 157 158 164 165 174 169 175 174 168 177 186 191 197 195 197 205 204 213 214 217 226 232 232 237 245 250 255 263 265 270 263 264 271 272 279 288 297 305 311 308 313 320 323 332 338 339 340 349 356 358 367 367 368 374 381 382 389 396 398 407 411 417 420 426 434 440 449 453 453 459 463 471 467 464 470 472 477 486 494 501 508 510 515 524 531 538 531 532 539 541 548 555 560 561 563 570 579 587
109 153 150 156 157 166 165 160 168 173 167 169 177 184 188 191 194 197 199 206 215 218 224 229 231 236 239 246 252 254 256 261 262 271 277 280 281 290 296 301 302 305 306 315 316 325 331 338 342 349 350 358 364 370 374 383 384 391 394 395 400 409 411 418 424 426 435 437 444 444 445 450 454 463 469 461 470 479 485 488 492 498 507 516 511 520 522 529 530 535 538 546 539 547 552 553 558 564 570 579
118 144 143 150 153 150 156 157 161 162 164 169 177 178 183 194 195 202 208 214 221 221 225 234 234 235 241 242 243 245 253 256 265 272 276 279 279 281 290 297 305 307 310 314 317 323 331 334 343 348 352 357 365 374 374 380 379 384 385 386 393 402 402 411 417 419 428 434 435 442 443 451 459 467 465 459 464 470 477 479 488 494 498 507 510 514 519 520 522 531 537 537 538 541 550 549 554 561 563 571
122 125 130 133 137 144 152 161 163 169 171 175 178 187 186 192 196 205 213 220 222 230 229 235 243 241 242 251 252 253 254 260 262 267 270 275 277 285 294 303 312 314 319 323 319 325 334 337 346 344 346 349 358 365 370 371 377 381 388 395 395 396 401 408 417 426 427 426 435 436 436 445 452 461 459 456 465 471 473 481 482 491 498 500 501 510 516 520 522 531 532 536 544 541 545 546 555 563 567 572
127 130 136 139 145 152 154 161 163 170 171 179 181 190 187 195 202 205 210 218 227 236 238 243 248 247 251 253 261 256 263 266 267 268 277 279 286 291 297 303 305 311 312 321 320 322 326 334 343 342 347 348 352 361 370 376 377 386 389 395 404 404 402 410 419 420 421 425 432 433 434 436 445 453 454 455 456 464 472 474 479 488 489 498 502 508 517 512 516 524 531 539 544 537 546 540 548 554 563 564
132 131 137 146 148 153 162 170 168 173 177 185 190 199 194 195 203 203 209 218 224 232 241 241 248 254 253 259 266 259 266 267 275 274 276 285 293 299 296 300 307 313 318 322 326 327 327 328 336 338 346 353 357 365 372 381 383 390 397 391 395 404 410 411 420 423 426 434 441 437 436 445 453 455 460 462 463 467 473 474 480 489 498 500 502 500 509 509 512 520 522 531 535 536 537 538 547 550 559 563
133 133 136 143 149 157 166 173 177 175 181 182 189 192 200 196 197 201 205 214 222 230 235 239 244 245 252 252 257 263 260 265 272 267 276 282 288 290 291 292 301 304 311 314 319 326 334 329 330 338 347 356 359 362 371 374 383 391 396 388 391 399 401 405 414 416 419 427 435 436 443 450 459 463 468 461 470 469 474 482 489 492 495 491 493 496 502 503 512 520 529 536 537 540 541 547 548 552 554 559
141 140 138 147 152 161 170 177 184 183 190 185 193 197 199 205 198 208 208 212 213 222 229 231 235 241 243 251 252 254 256 257 265 266 272 281 290 299 300 299 308 312 312 321 328 327 336 332 332 341 348 352 355 363 368 376 382 388 387 386 394 397 405 412 408 407 416 422 430 437 438 447 455 459 459 453 461 470 475 480 483 488 495 488 492 494 503 512 516 518 527 535 534 536 544 547 556 555 563 562
142 147 139 146 151 160 167 176 183 187 196 193 200 206 202 208 202 206 215 219 222 222 230 231 229 238 244 253 261 261 265 264 273 275 278 287 292 301 301 302 311 317 319 323 329 334 338 334 341 348 356 360 356 357 363 368 374 381 386 382 391 393 402 403 404 405 412 419 421 428 437 440 449 451 451 452 459 467 471 472 476 480 487 485 494 500 501 508 511 513 521 529 530 534 541 548 557 556 565 565
151 156 148 149 155 163 172 170 179 188 196 195 196 201 209 206 204 205 208 213 217 219 220 226 227 236 242 246 255 258 267 265 270 271 279 288 297 303 303 303 312 320 324 330 336 343 344 341 350 351 360 367 363 359 360 367 372 373 377 378 387 396 398 407 406 408 410 419 420 427 428 437 442 445 446 453 460 461 463 464 470 471 478 484 491 500 506 507 508 516 522 525 527 535 542 550 559 565 570 572
155 164 157 150 151 160 163 169 176 184 192 200 204 206 215 215 211 207 216 214 222 226 228 228 229 230 240 249 252 259 268 268 274 280 285 290 293 300 307 305 311 315 321 329 337 346 348 350 359 360 360 369 366 360 367 376 373 381 386 387 390 398 407 415 408 411 418 424 429 435 432 434 443 449 452 458 465 469 469 470 477 476 485 492 496 501 503 512 510 518 526 529 536 543 551 556 558 561 567 563
162 163 156 151 157 166 172 175 183 186 195 204 205 214 210 219 212 208 217 223 229 227 230 234 237 235 243 249 255 258 260 261 267 276 285 285 294 300 307 311 317 323 326 333 339 340 348 355 355 358 359 366 363 362 371 380 378 385 394 395 397 404 408 413 417 418 426 429 438 442 433 440 448 449 451 460 468 469 476 473 475 482 489 484 490 492 499 504 506 511 517 523 532 540 549 556 559 557 562 559
171 167 160 153 160 161 170 179 187 194 195 198 207 208 209 217 220 211 220 229 226 229 230 239 246 237 244 245 252 256 262 262 269 277 279 284 286 294 301 308 311 315 320 325 330 338 339 347 353 362 361 370 371 371 379 385 383 385 390 399 406 405 411 415 424 426 432 430 431 435 436 441 442 451 452 458 467 476 477 477 474 482 480 483 488 492 493 502 510 517 523 525 530 534 541 548 550 554 559 557
176 173 169 162 166 169 177 186 191 194 202 207 212 217 211 216 220 212 221 223 225 232 237 246 246 240 245 249 255 261 262 270 270 275 284 293 295 295 303 309 314 319 328 331 331 340 348 352 358 360 367 374 371 377 386 390 387 394 398 401 397 405 409 412 418 422 424 431 432 429 431 436 445 448 451 454 463 472 478 472 472 480 479 487 490 492 501 507 508 517 526 531 536 542 539 540 545 546 554 556
180 182 177 168 167 168 173 181 190 192 197 205 207 214 212 221 226 221 229 224 227 233 239 244 248 243 251 255 260 269 269 276 272 273 276 286 295 304 306 307 313 314 323 328 328 335 343 352 350 358 360 368 369 377 381 382 391 392 399 400 393 402 409 410 419 420 424 423 423 421 422 431 438 440 443 452 457 464 470 463 464 471 476 482 486 487 493 502 510 515 519 524 527 536 532 540 545 554 557 549
184 186 179 176 175 177 178 186 194 199 198 205 207 215 215 219 228 230 229 227 233 242 244 253 251 252 253 254 259 268 270 274 281 282 277 285 290 298 299 303 305 313 321 322 323 330 335 344 347 356 362 362 370 372 374 375 382 386 390 391 392 393 402 405 410 415 419 417 418 420 422 426 431 432 441 449 450 459 464 462 467 465 468 477 481 489 492 501 509 506 515 516 522 528 524 531 538 545 554 547
193 194 186 177 181 183 186 195 195 201 204 205 207 215 218 225 229 238 230 232 236 240 248 257 260 261 259 255 264 265 273 275 284 284 279 287 292 301 305 312 314 320 327 324 332 331 336 337 346 348 353 358 367 376 380 382 389 393 390 395 401 402 404 411 411 413 415 416 425 429 429 432 433 440 441 450 459 457 457 458 459 464 473 469 478 482 490 495 504 505 511 517 513 520 521 530 531 536 545 546
200 192 191 185 190 185 194 198 199 201 202 211 214 219 222 225 227 235 231 236 238 247 247 254 257 263 267 258 261 264 272 277 282 289 286 296 296 303 311 320 316 325 329 321 326 332 332 334 342 346 355 360 368 371 372 378 382 385 387 391 398 404 413 413 420 420 417 418 419 421 422 425 433 435 440 448 450 448 456 463 460 461 467 468 476 480 484 489 498 505 502 508 509 518 526 530 538 544 551 555
204 199 197 194 198 194 201 201 200 207 203 212 216 221 226 232 232 234 238 242 239 242 244 253 255 262 267 260 263 271 278 286 291 291 289 296 302 307 314 322 314 318 324 318 319 327 331 339 341 349 352 353 362 370 378 379 387 384 389 394 398 407 415 415 423 420 419 420 428 423 431 426 433 439 439 446 441 442 449 457 461 468 470 471 480 484 491 494 502 497 499 505 509 518 523 524 532 541 550 554
210 202 199 196 205 200 209 210 203 209 208 210 219 223 226 228 230 238 246 251 245 249 250 255 264 263 264 269 269 277 284 285 292 296 291 292 293 303 308 314 313 315 317 316 323 324 332 338 345 352 356 354 360 369 377 378 382 383 389 398 406 412 412 418 421 420 425 428 436 432 432 427 428 430 437 438 440 445 454 459 466 469 470 474 477 479 483 492 495 496 505 512 510 519 526 526 528 537 542 545
213 208 201 198 206 209 211 216 212 216 213 219 228 231 234 229 233 240 248 255 246 252 254 261 266 264 270 277 270 275 277 285 292 301 293 294 294 300 303 304 306 309 311 315 317 326 331 339 341 350 359 358 359 360 369 372 373 382 384 393 397 406 403 411 419 417 418 427 429 437 440 432 437 438 445 442 449 454 455 459 465 466 473 479 484 488 489 498 498 503 512 516 515 523 524 532 529 533 542 551
215 209 209 201 208 215 212 221 218 219 221 220 228 233 235 237 240 242 251 251 250 256 261 262 270 267 272 278 275 284 284 287 293 297 300 299 303 309 304 305 313 311 318 323 326 334 340 334 342 345 351 349 350 353 362 364 373 377 378 385 394 399 398 407 410 411 412 419 422 431 439 441 437 439 441 449 456 461 461 466 466 469 477 479 483 492 498 505 504 512 515 524 521 527 533 541 537 535 537 544
217 210 209 208 212 217 221 226 225 228 228 222 228 234 237 246 241 242 250 257 252 260 267 270 273 272 274 280 281 290 293 296 298 305 309 308 306 310 309 309 317 312 314 315 318 326 335 329 336 339 342 345 348 356 363 367 376 380 386 386 388 393 396 405 406 412 421 428 423 425 433 434 435 444 443 448 455 461 467 475 471 478 482 488 489 498 506 510 511 517 524 533 530 536 541 544 540 536 537 546
226 217 218 217 214 223 229 232 226 234 230 225 234 235 236 240 241 243 245 253 258 266 270 273 276 275 276 285 285 291 299 302 307 312 315 309 311 311 315 318 324 318 321 317 321 323 325 326 327 332 335 344 348 353 354 361 367 376 382 391 392 400 397 405 411 414 423 426 425 433 430 425 428 437 440 448 449 453 462 469 473 480 485 490 491 500 508 511 518 518 525 526 533 541 547 549 548 545 544 553
235 226 218 217 216 221 225 231 227 235 236 227 233 241 241 242 244 249 254 260 267 270 271 272 281 281 281 286 292 292 294 296 304 311 317 318 316 312 321 321 330 327 322 326 329 324 333 334 335 333 334 336 344 353 354 363 372 375 381 388 391 399 400 401 410 410 417 419 426 433 425 424 432 441 444 452 455 461 466 475 474 479 486 493 499 496 505 509 515 520 529 530 539 548 556 558 551 554 546 550
226 221 220 224 223 222 230 238 234 242 241 233 236 240 248 247 252 257 261 269 274 279 279 274 283 283 287 294 301 293 294 296 305 306 310 316 311 320 328 323 330 325 323 330 328 327 334 335 344 338 339 338 340 349 356 364 366 367 373 382 384 392 399 402 411 408 416 424 419 424 421 423 432 438 445 450 459 467 474 471 471 472 480 484 493 494 503 512 520 529 538 534 543 552 557 565 560 558 554 551
227 228 229 230 227 227 234 242 242 251 245 239 244 243 252 251 254 258 264 266 273 280 280 280 288 292 288 292 300 294 300 297 298 303 307 308 310 317 321 330 338 331 332 339 336 336 336 344 345 346 340 344 341 349 353 361 365 366 372 378 385 389 392 393 402 405 414 415 417 419 420 428 431 438 447 448 457 464 465 466 469 473 482 487 489 498 507 508 514 522 529 538 544 547 554 558 557 557 559 557
232 233 236 239 236 236 243 245 249 253 248 240 246 248 253 260 259 266 273 271 280 285 284 289 291 297 292 296 302 303 306 304 307 309 309 315 316 320 323 324 329 331 334 340 345 345 345 353 354 346 341 349 348 349 351 353 361 370 378 386 386 390 395 399 405 414 421 419 425 427 429 436 439 447 456 454 463 470 471 474 478 474 483 484 493 498 507 516 520 528 537 533 541 546 553 554 555 556 564 562
241 242 237 246 245 245 249 246 253 244 243 242 251 250 257 257 258 263 272 280 289 289 291 297 300 299 297 305 310 310 310 308 311 317 317 322 320 327 332 333 337 333 335 343 352 350 347 356 352 351 350 353 353 354 356 360 367 375 379 383 392 399 396 402 411 415 418 425 432 428 436 438 443 445 453 462 471 474 480 481 477 476 484 493 502 502 511 520 528 533 528 530 536 537 544 552 561 565 572 564
246 244 245 254 246 254 255 249 249 248 252 246 248 250 255 256 264 272 279 283 284 285 291 297 302 307 300 309 318 314 311 317 319 318 318 327 326 335 336 337 342 335 343 352 353 357 349 358 359 354 351 360 360 363 365 367 376 384 388 388 394 399 398 405 410 416 424 429 427 428 431 434 443 450 459 466 467 476 484 485 479 482 483 488 494 497 506 515 519 525 526 535 544 544 550 557 558 566 565 572
247 251 253 257 249 253 254 256 251 249 250 252 257 254 257 261 267 274 283 285 290 288 297 304 306 306 303 305 313 321 320 323 327 325 321 329 335 342 340 338 347 344 350 351 352 357 358 367 360 360 360 369 367 367 367 372 374 381 387 388 397 405 405 409 417 418 424 425 426 431 440 442 451 454 459 460 469 474 480 481 486 483 491 496 503 506 507 512 515 520 529 538 539 546 554 561 559 567 563 572
248 257 254 260 256 254 262 265 260 257 257 255 264 263 264 269 276 279 284 290 292 296 301 310 307 314 308 309 318 325 326 332 334 334 328 337 340 347 342 346 350 346 347 355 359 365 361 362 361 369 366 369 370 368 369 374 383 385 390 397 406 409 414 418 421 426 433 432 434 439 441 450 451 455 456 464 470 477 485 490 488 489 495 500 504 513 515 513 518 523 528 533 534 543 549 556 562 565 559 568
255 264 259 263 265 257 259 267 263 263 258 258 267 272 270 276 282 280 282 283 292 298 300 307 312 319 317 313 317 318 321 324 325 326 335 336 345 351 343 345 347 355 356 358 361 368 370 363 368 377 373 377 376 370 378 381 389 394 397 404 409 415 415 419 424 432 441 440 435 441 449 451 459 462 464 471 472 474 482 483 484 491 499 507 508 509 511 516 517 523 531 537 543 552 549 550 553 556 557 562
262 263 268 272 271 266 262 271 268 265 262 265 269 277 273 279 283 281 285 288 297 303 304 312 314 323 325 322 322 321 327 332 330 335 339 337 345 351 352 347 349 350 352 361 362 371 371 364 365 370 378 386 381 371 380 389 398 401 404 405 406 413 417 417 418 423 432 433 438 441 450 458 464 467 470 472 476 478 486 488 489 490 492 500 501 509 512 515 524 529 530 537 542 545 548 547 554 563 562 565
271 272 277 276 272 275 270 278 269 269 271 266 275 278 280 288 292 290 293 295 301 304 310 318 315 318 326 329 329 327 333 334 335 343 342 346 348 351 357 355 357 355 360 361 369 377 379 373 373 378 386 384 377 375 382 387 391 392 401 408 407 408 416 415 423 432 439 441 447 442 445 451 459 464 469 474 475 484 493 492 497 492 501 508 507 514 515 517 518 520 521 530 533 536 543 544 553 562 569 574
280 281 286 285 280 277 273 278 276 278 280 274 283 279 283 292 294 299 296 296 299 300 307 316 324 326 331 332 337 330 338 340 337 345 351 347 354 352 357 363 358 359 364 370 377 385 380 379 382 382 384 393 385 383 388 395 399 401 410 409 408 409 411 413 421 424 432 436 443 450 450 457 462 469 478 483 478 487 489 490 498 493 495 499 504 513 515 521 519 528 529 537 542 545 552 549 555 556 565 572
282 290 291 288 287 278 274 280 285 277 276 275 277 283 284 293 302 306 305 305 305 307 311 315 321 322 331 337 343 337 344 342 342 344 345 353 359 360 363 372 367 368 373 374 382 386 385 387 390 385 387 391 394 387 394 401 404 410 412 410 410 418 420 417 418 427 433 435 444 448 451 453 460 467 470 479 483 489 495 498 501 501 504 502 503 507 513 520 524 528 532 534 537 538 547 556 564 560 564 568
290 298 292 288 284 280 281 288 286 285 284 277 279 284 288 293 302 307 310 314 307 315 313 320 329 324 333 339 341 341 346 351 349 353 346 350 351 357 366 374 372 369 377 381 382 383 390 388 391 388 396 399 395 390 392 398 399 408 413 419 419 419 421 422 425 432 436 441 442 451 459 462 467 470 473 474 479 488 497 498 507 502 505 503 511 516 521 527 533 533 541 537 541 547 552 553 558 567 566 575
291 294 301 297 289 285 290 290 293 287 287 278 279 282 289 292 301 308 310 314 313 322 317 326 333 333 342 344 350 345 354 358 353 353 352 359 360 366 370 372 378 374 383 383 391 392 399 397 396 392 400 405 404 399 400 407 406 412 413 422 428 427 423 425 434 433 435 441 448 457 458 463 472 471 472 473 482 491 500 506 507 509 509 510 513 522 524 525 533 542 550 546 545 548 550 552 560 562 571 580
294 303 310 304 296 293 293 298 296 295 291 282 280 287 293 297 298 303 310 316 321 325 324 331 336 336 344 345 353 348 352 361 362 358 359 362 361 364 371 370 372 376 377 386 389 395 397 399 402 393 396 404 411 404 402 408 409 413 422 424 428 435 431 434 436 442 444 443 446 454 463 469 470 473 473 482 491 493 494 500 508 516 510 516 520 528 533 532 537 545 550 550 552 550 552 557 565 571 580 589
303 310 316 308 303 302 296 304 300 298 291 290 281 286 294 303 307 311 310 316 319 325 333 338 343 341 349 353 362 354 361 370 367 359 360 364 363 364 368 369 370 379 379 380 381 390 398 406 405 402 400 408 417 411 409 416 418 418 425 430 430 433 437 443 445 450 452 445 453 460 461 469 477 479 474 476 482 489 497 506 514 513 517 521 529 535 540 541 546 549 556 555 556 556 561 565 573 578 585 588
310 319 324 316 308 300 297 298 307 302 298 289 282 286 291 298 304 307 308 316 322 328 337 345 340 349 352 357 360 362 368 376 367 362 367 365 365 371 376 373 375 381 386 389 388 390 396 401 410 407 401 409 412 419 411 418 425 422 427 431 435 436 441 447 449 450 452 447 453 462 467 476 478 487 482 485 490 493 501 505 506 510 516 518 525 534 540 543 544 552 561 562 563 560 565 567 575 582 591 596
315 324 327 321 315 306 300 307 313 304 302 295 291 291 293 298 301 310 317 319 320 329 330 337 338 347 348 349 351 360 367 375 369 366 373 373 372 378 380 379 383 387 394 397 392 393 398 407 416 416 410 414 414 415 415 423 426 431 428 433 434 436 444 451 450 452 450 448 456 457 466 475 483 487 489 491 493 501 502 504 505 507 514 523 525 529 536 544 547 548 556 561 565 568 566 574 582 590 597 603
321 328 328 319 318 311 303 304 306 309 300 293 292 296 297 305 306 313 315 324 329 338 331 336 345 348 356 350 357 358 367 373 377 375 379 380 380 384 388 387 388 388 390 395 401 394 400 408 417 424 419 417 420 424 424 424 431 434 429 430 432 440 441 444 450 455 452 457 465 466 474 477 478 483 492 500 497 499 501 510 511 508 517 521 524 529 538 544 550 549 554 560 567 564 568 577 577 583 592 597
324 328 320 319 317 315 309 312 311 303 298 296 293 298 300 306 314 320 317 320 328 336 332 336 338 347 355 356 358 366 375 382 380 382 387 384 386 393 390 392 394 395 391 396 405 402 408 415 417 422 426 419 427 429 426 433 437 436 436 433 436 438 442 445 452 454 457 458 466 472 477 481 482 491 492 501 501 500 507 509 518 512 513 515 524 528 537 546 547 548 551 560 559 562 568 572 576 585 593 600
328 335 327 328 324 319 310 319 318 309 301 302 301 302 308 311 314 322 323 326 335 336 338 345 346 349 358 365 366 370 372 381 383 390 396 388 393 400 391 399 399 397 398 404 405 410 415 421 420 421 430 424 433 436 427 429 430 433 439 442 437 446 449 452 460 455 463 467 473 481 478 480 487 490 499 508 509 501 504 510 518 519 521 524 532 529 536 544 553 553 551 553 556 561 569 573 582 585 590 599
334 343 336 336 330 326 319 320 311 304 303 305 305 311 309 318 318 327 332 333 339 343 342 346 347 355 359 361 362 363 372 373 376 385 393 389 394 397 400 405 400 398 407 412 414 419 422 430 421 425 434 433 440 431 428 437 437 434 443 443 439 448 457 456 465 464 469 468 470 479 485 484 485 488 494 503 505 509 511 514 516 523 529 533 541 534 535 539 547 549 550 559 565 562 569 573 575 582 583 591
335 344 342 335 334 325 322 316 309 307 307 307 313 316 316 318 320 328 329 333 342 348 347 354 356 364 363 363 364 370 376 382 384 393 397 397 402 406 401 409 408 402 411 417 415 424 430 437 428 433 442 436 437 433 435 436 444 442 448 451 445 450 460 463 465 469 471 476 475 477 485 486 488 497 496 498 507 516 518 523 517 525 526 529 538 538 538 547 554 552 554 560 566 563 572 580 583 585 592 593
343 352 343 342 333 332 325 318 310 314 310 311 317 317 325 319 321 325 327 335 342 351 354 355 356 360 367 371 372 379 385 383 390 394 402 403 410 410 403 406 415 408 409 417 418 423 429 436 433 436 443 442 437 434 443 443 450 451 457 452 453 452 453 456 464 468 477 477 476 485 494 487 493 500 500 504 513 515 519 522 525 526 534 533 537 542 543 546 553 561 558 562 563 571 573 579 580 589 591 600
352 349 340 337 333 327 326 321 314 323 315 314 323 324 332 327 328 333 335 344 350 354 355 358 357 365 374 379 380 388 388 392 394 403 406 404 408 409 409 407 410 412 417 420 424 432 430 432 440 438 439 441 438 440 447 444 445 447 448 457 462 459 459 461 471 477 479 478 482 484 491 492 496 497 499 508 517 520 527 530 527 527 533 541 539 540 549 547 556 562 567 565 571 576 582 580 582 583 590 597
358 349 347 338 336 336 333 324 318 321 318 323 328 325 331 336 337 342 337 338 346 355 364 367 365 373 382 387 389 394 397 396 399 400 405 408 409 413 410 408 417 415 417 426 425 433 434 436 442 442 448 444 441 443 451 453 453 455 449 450 454 463 465 462 463 468 475 479 486 493 500 494 502 505 502 505 509 511 519 523 527 532 536 541 541 549 555 556 560 567 568 573 572 579 580 583 583 588 595 602
361 352 354 345 338 339 336 331 322 326 322 327 336 333 338 340 340 348 339 343 352 353 361 362 366 367 376 385 391 396 401 400 402 408 414 414 414 422 414 411 415 423 424 433 429 430 439 440 441 450 447 446 450 444 452 458 459 463 455 451 457 458 462 471 468 477 483 481 491 495 501 495 503 509 509 506 511 519 526 532 536 536 542 548 550 551 556 561 567 574 569 575 581 587 585 584 584 590 592 598
365 361 360 354 347 346 338 331 327 328 327 328 337 342 347 343 348 345 341 349 358 357 363 368 373 375 383 386 395 396 404 401 407 415 422 416 421 428 421 419 420 428 430 434 431 439 446 445 450 455 456 454 449 446 452 461 468 465 458 458 466 466 467 470 474 477 484 482 488 493 500 504 504 509 518 515 512 516 517 523 528 536 540 549 558 559 565 562 570 577 578 579 582 590 593 593 591 599 598 599
373 370 369 360 356 355 347 340 331 329 336 329 331 340 345 351 357 354 349 351 352 361 364 373 374 383 387 387 392 401 410 409 412 416 425 422 423 431 428 425 426 435 438 442 439 448 448 446 452 461 460 460 451 447 456 462 464 462 460 461 469 474 475 477 482 484 490 491 490 499 504 510 513 518 519 524 517 524 524 526 533 538 546 554 560 567 574 568 569 577 581 587 588 596 600 602 599 608 607 603
373 365 364 360 357 360 351 342 337 338 333 332 335 336 341 342 351 353 355 359 361 363 367 375 377 386 388 393 400 409 411 414 414 415 423 430 432 433 431 434 429 430 439 446 448 450 456 447 448 455 464 466 460 454 463 471 469 467 461 467 474 480 483 484 491 486 495 496 491 499 507 516 521 526 527 533 524 533 525 528 536 543 548 549 557 566 567 569 578 583 589 596 595 596 603 610 601 606 615 607
381 372 371 363 355 354 352 344 341 337 336 341 336 345 343 351 358 356 363 365 370 364 373 381 384 391 395 401 408 416 420 420 423 417 420 424 430 432 439 432 430 431 436 437 445 453 459 456 455 459 467 467 469 463 472 477 474 476 469 475 483 486 490 492 499 493 502 501 498 506 514 516 516 525 531 535 527 530 531 537 540 541 548 554 555 557 564 572 580 588 596 598 603 597 604 605 610 614 615 616
388 379 371 371 363 360 351 344 343 339 341 350 345 352 345 346 349 356 357 360 363 371 375 382 384 388 397 403 412 421 425 429 421 419 420 427 436 437 443 436 436 432 435 439 442 449 457 461 457 466 467 470 466 464 472 480 478 482 473 474 482 487 491 493 502 498 502 502 500 509 517 514 515 517 525 526 530 539 539 539 540 543 551 557 559 560 569 577 578 585 593 601 601 599 605 613 611 620 624 622
381 378 369 369 360 351 350 349 349 345 343 351 353 350 348 351 356 362 366 362 366 368 377 380 386 394 395 402 409 418 423 426 429 420 421 423 429 438 445 445 445 441 444 441 449 457 462 464 464 465 474 478 475 471 480 483 483 487 482 477 484 491 494 498 506 507 510 506 503 505 507 511 514 515 524 528 538 541 544 543 541 546 555 562 568 565 574 581 587 593 598 604 604 608 613 614 617 622 627 630
373 369 366 364 363 355 357 350 350 351 352 359 354 355 352 359 363 371 373 364 365 368 376 377 378 385 388 397 401 410 419 420 421 423 430 432 438 445 452 454 451 450 452 450 458 466 471 466 470 468 469 478 475 474 483 487 488 492 489 485 492 500 502 507 515 514 510 508 505 511 515 519 523 524 530 532 542 549 551 551 550 550 555 563 571 574 582 584 591 596 605 613 613 614 622 620 620 621 625 633
382 375 375 372 365 363 355 351 357 355 356 358 363 363 360 367 364 365 374 373 369 376 381 386 379 388 396 401 408 414 415 422 428 430 428 436 445 444 448 455 455 459 460 457 464 465 470 467 474 477 476 480 477 483 484 486 494 501 498 492 500 506 511 516 516 521 516 516 508 517 523 520 526 533 537 534 544 552 559 554 553 559 558 566 574 583 586 587 589 592 599 608 605 606 613 622 624 625 632 638
386 378 378 374 365 361 360 360 365 356 361 365 368 369 364 373 365 374 380 382 377 378 383 390 387 390 397 403 410 415 418 416 419 424 426 430 439 441 447 448 456 465 463 458 463 471 472 476 483 486 478 487 479 484 490 493 499 507 504 499 508 508 513 516 523 529 522 519 511 520 528 522 525 532 536 538 542 547 555 555 557 558 561 570 575 582 587 594 598 598 591 600 604 606 615 624 633 632 635 644
389 382 379 382 374 370 369 369 366 365 368 372 376 370 373 369 366 374 382 383 385 380 389 392 390 395 396 401 405 406 410 414 422 431 429 430 437 441 446 447 456 465 466 460 463 472 478 479 482 491 487 496 488 485 493 500 500 501 503 503 507 514 521 517 526 528 522 518 514 518 526 530 526 532 540 545 543 545 546 549 551 560 567 571 572 579 578 586 593 594 589 598 601 610 616 620 629 633 634 643
396 390 387 389 380 375 378 376 375 368 369 378 383 376 382 376 375 376 381 388 394 389 398 393 395 403 405 404 413 415 415 423 426 434 438 436 445 450 453 456 459 460 469 463 470 478 486 482 490 497 494 497 490 494 496 501 504 504 511 511 510 516 525 526 530 535 529 524 515 524 526 531 528 537 544 551 545 547 554 556 554 559 560 567 569 573 577 579 584 585 586 595 600 603 610 619 624 625 633 635
404 399 396 398 389 382 380 377 378 369 378 381 389 381 388 379 384 378 387 389 398 390 392 399 398 407 408 405 407 411 420 429 431 435 444 443 450 457 457 463 468 469 475 468 475 480 484 486 490 499 496 497 492 501 497 506 512 506 513 520 515 523 529 535 531 535 528 527 519 528 535 539 532 539 543 543 552 555 562 557 559 564 566 575 576 575 579 580 588 588 589 598 600 609 618 622 627 633 639 636
412 406 400 391 390 389 387 378 380 372 381 387 393 390 390 381 387 381 388 393 401 399 401 408 405 411 417 414 410 419 422 424 433 434 443 451 458 464 463 464 466 474 478 471 475 482 484 490 499 506 497 506 501 510 502 510 515 515 518 527 521 530 535 542 540 543 535 528 527 534 542 540 534 535 536 541 550 558 565 560 563 567 570 578 583 576 583 589 595 591 597 598 606 614 615 624 633 634 639 642
409 402 393 392 397 397 388 379 387 379 386 390 396 393 399 390 390 387 394 395 398 399 405 411 407 408 412 420 412 421 423 432 438 439 448 456 457 466 472 470 475 483 485 480 477 479 485 494 500 506 498 499 501 509 503 505 511 512 520 526 527 521 530 537 542 535 543 534 536 543 551 542 539 542 540 544 552 556 563 566 572 575 578 583 580 578 580 585 587 594 597 603 610 613 620 629 638 641 648 651
409 400 399 400 404 395 390 381 388 388 394 399 400 395 402 397 399 396 395 396 399 400 408 417 415 410 419 417 414 415 418 425 434 440 445 454 457 461 468 475 476 484 484 480 478 483 486 495 497 499 506 508 502 511 510 506 509 512 516 518 519 520 524 533 539 534 542 541 543 552 556 549 548 546 543 546 554 562 568 575 578 584 585 592 588 583 587 594 594 600 600 601 610 617 626 634 641 642 651 658
415 406 408 405 405 396 396 390 389 397 395 398 405 396 405 406 407 405 404 405 400 408 414 423 416 411 419 421 423 417 426 434 441 441 445 451 452 459 462 467 474 483 491 483 486 491 495 503 498 506 507 512 510 518 516 514 514 516 524 523 523 521 529 530 531 533 538 544 544 550 559 557 556 555 551 554 557 561 570 574 575 579 585 594 589 584 587 594 597 602 606 608 609 618 626 628 634 641 644 649
412 409 411 412 406 405 398 391 395 397 400 400 403 404 411 409 413 410 405 405 403 404 406 415 424 420 424 429 425 426 434 438 447 450 452 453 458 463 464 468 477 484 488 486 495 499 498 507 505 511 516 521 513 519 522 522 515 523 531 525 532 530 534 537 538 535 536 542 551 553 557 560 562 556 553 557 558 560 565 567 576 584 591 592 591 591 590 591 595 600 602 611 616 620 621 629 631 640 648 652
421 413 418 421 415 414 407 400 401 402 408 408 404 407 416 410 415 412 410 413 404 413 414 423 431 427 425 434 427 433 442 447 456 459 457 461 463 468 473 469 474 480 481 490 495 502 502 511 508 509 512 517 521 520 522 528 524 530 539 530 537 538 541 543 547 543 545 551 559 561 563 567 566 561 555 564 560 567 566 575 581 585 588 597 597 599 594 599 596 604 611 620 619 620 629 635 633 638 640 643
422 421 427 422 423 419 410 406 402 407 411 409 407 408 416 418 422 414 413 421 412 413 414 423 429 428 432 441 432 441 442 451 459 468 464 462 471 474 473 472 473 479 488 495 504 511 507 515 516 510 511 520 526 529 529 535 531 531 539 538 543 541 543 552 551 544 550 553 554 555 556 562 570 562 563 567 569 569 575 577 583 588 592 593 595 603 603 603 597 601 603 612 613 622 628 629 633 634 643 651
428 426 434 429 421 418 412 410 409 408 416 417 414 414 421 427 427 423 415 424 418 422 423 424 428 432 436 437 434 443 447 456 461 470 469 463 469 476 482 479 479 485 493 500 504 513 513 515 523 514 520 522 529 534 533 536 536 533 537 540 545 549 549 552 555 546 555 561 563 559 561 563 568 569 566 575 577 578 578 578 580 589 598 594 601 608 609 605 601 607 609 610 612 613 619 627 628 633 641 645
437 435 435 427 423 414 413 418 417 413 414 415 420 419 425 434 431 422 421 430 425 431 432 429 437 435 436 437 437 445 450 459 465 466 475 468 475 484 481 480 488 486 491 500 509 515 522 523 531 522 528 531 537 543 542 542 545 542 543 541 546 553 558 558 557 548 550 554 559 564 569 566 570 570 569 576 585 579 583 579 583 584 591 599 607 613 617 608 606 610 617 616 621 615 622 628 633 632 633 636
444 435 427 426 417 416 421 422 418 421 419 417 426 420 428 429 438 431 426 429 426 430 439 433 441 436 444 445 445 446 448 456 459 465 474 477 484 488 490 483 487 495 499 508 517 524 529 530 526 524 526 535 538 546 543 550 552 551 548 549 555 557 563 559 561 557 551 558 562 566 567 575 578 577 578 583 592 587 584 583 591 586 589 591 599 608 608 617 612 617 623 625 626 617 618 619 624 630 638 637
441 434 427 426 418 422 430 426 427 425 428 426 431 423 430 430 435 438 429 433 428 437 446 440 449 443 452 447 449 453 454 462 461 467 476 480 489 489 494 488 494 502 505 513 522 527 536 539 533 529 533 542 546 551 550 553 558 559 551 550 559 566 568 568 564 556 554 562 569 572 575 581 586 586 586 588 592 588 593 588 596 587 590 591 599 601 604 612 620 618 623 624 623 620 624 622 632 632 636 644
446 440 431 427 427 425 427 427 436 427 433 435 433 424 433 439 438 437 430 437 436 439 446 445 450 449 456 451 452 457 459 468 470 476 477 486 489 498 499 495 503 507 512 514 521 522 531 540 540 537 534 543 551 552 555 560 564 568 559 553 559 568 577 577 568 561 560 568 572 581 583 588 595 587 594 591 592 591 598 589 598 595 599 600 608 605 613 621 627 626 624 632 628 627 632 628 631 633 642 649
446 438 432 435 433 432 429 432 435 428 432 441 436 433 442 440 440 446 439 442 442 448 455 449 456 450 459 456 461 459 461 468 475 480 482 485 494 501 501 504 509 514 515 515 521 525 532 541 544 543 535 543 552 561 559 562 567 574 568 562 568 575 580 579 577 569 569 574 580 589 584 593 598 593 600 597 598 592 601 594 603 603 608 609 614 606 615 623 632 635 632 638 629 632 635 635 638 634 635 639
448 441 441 442 441 438 438 439 430 429 437 440 443 434 439 444 448 447 446 444 444 446 452 457 456 455 456 465 469 466 470 469 477 485 491 487 496 497 505 502 511 515 524 520 525 534 538 540 548 551 542 551 560 561 568 571 568 569 573 567 574 583 589 582 576 573 575 582 589 592 590 599 602 594 601 605 597 595 598 595 602 605 614 618 621 614 621 625 634 641 640 642 634 640 640 639 644 636 643 645
451 445 446 450 442 446 445 443 436 434 441 441 450 443 448 453 457 453 451 450 452 448 456 464 465 456 464 465 473 471 478 475 482 488 495 488 495 500 508 501 502 511 520 529 534 531 531 536 542 543 543 547 551 553 562 571 577 578 578 576 575 584 589 590 584 576 584 591 593 594 598 601 609 602 607 610 605 596 604 604 606 614 620 624 624 616 625 634 638 646 649 646 641 647 646 648 652 645 649 646
454 454 448 451 447 454 446 444 443 443 443 450 452 445 454 461 466 461 452 451 454 451 459 461 470 463 464 472 475 480 487 484 484 493 500 492 494 496 499 500 502 506 514 522 528 529 530 532 541 549 549 556 559 562 565 573 580 587 585 577 583 592 593 595 590 584 593 599 600 595 600 607 610 607 610 609 608 604 612 613 615 615 623 624 625 617 624 631 639 640 647 654 647 648 655 657 656 652 657 655
