  0 274 268 273 276 272 281 283 286 294 293 289 287 295 299 299 293 294 298 297 300 309 317 317 326 328 328 333 336 337 341 338 339 348 349 355 355 362 363 364 372 375 384 385 391 391 395 397 405 409 412 414 423 432 432 440 440 448 451 456 465 457 459 467 476 474 478 486 487 493 502 511 518 520 527 529 532 530 535 530 535 543 547 555 557 566 574 583 580 586 592 593 594 600 608 614 615 611 617 626
  8 267 266 267 267 271 272 279 284 285 288 280 285 286 290 297 292 295 293 294 297 303 308 316 325 326 324 326 332 340 332 334 338 345 346 355 354 360 366 373 373 374 380 384 392 387 390 392 397 401 403 409 417 424 426 433 436 440 442 450 459 451 459 468 472 471 478 481 489 497 505 504 509 512 519 524 524 521 530 527 529 538 547 551 559 568 573 581 578 585 583 589 596 596 605 605 606 607 616 623
 16 259 257 266 264 273 265 271 276 278 280 278 276 279 284 291 284 287 288 295 304 310 317 315 319 321 320 326 329 333 327 331 339 346 355 360 353 358 358 366 373 379 371 376 383 381 389 395 403 401 405 414 418 420 425 433 436 435 442 449 457 449 457 460 464 469 476 478 484 490 499 501 509 509 510 518 519 520 521 525 528 537 546 547 554 563 564 573 569 576 581 586 587 595 596 599 606 607 608 614
 17 263 256 258 259 264 262 263 267 275 277 272 274 275 277 284 282 287 289 298 303 307 312 307 313 314 319 321 322 324 326 335 343 348 357 351 351 352 357 358 364 370 368 370 379 378 386 391 394 400 405 408 412 419 425 428 429 433 441 440 448 448 449 455 464 468 475 477 485 494 494 503 505 505 514 514 523 520 526 529 537 541 539 540 546 555 557 566 565 567 572 580 583 586 590 594 602 611 612 620
 26 263 255 252 258 259 261 268 273 272 268 269 277 279 277 275 279 288 293 297 305 300 303 303 306 310 310 312 314 317 322 331 338 339 348 345 344 353 358 350 359 361 362 369 370 377 386 391 399 405 412 405 407 416 418 425 434 435 435 437 443 442 450 459 461 465 472 477 481 489 486 494 496 504 506 507 516 517 519 520 529 537 538 541 547 549 557 558 559 563 570 572 574 583 589 597 601 610 618 627
 28 257 248 246 249 250 259 268 267 263 261 263 272 270 268 274 282 286 291 291 299 296 302 301 305 311 309 314 313 314 319 322 329 338 339 346 341 346 352 347 352 355 361 369 370 376 379 385 391 397 404 402 410 411 420 424 426 430 431 434 438 441 445 450 459 461 465 469 478 480 485 486 495 501 509 507 516 525 525 528 529 538 545 542 551 550 558 563 568 572 572 578 575 580 586 589 598 607 612 618
 29 249 240 240 245 249 258 264 259 261 252 259 264 261 262 268 275 280 282 289 291 287 294 298 296 303 307 309 310 317 325 319 326 333 340 337 339 340 343 344 351 352 360 364 368 376 378 381 388 390 399 400 404 409 411 417 419 424 433 436 437 440 445 454 462 469 468 472 476 477 478 485 492 493 501 506 510 516 523 527 529 532 537 545 554 559 567 571 570 577 579 580 579 587 593 590 592 600 607 610
 33 242 236 239 248 251 255 258 251 259 251 256 262 260 268 268 276 273 282 285 288 285 293 300 295 294 299 300 308 313 317 318 322 329 332 336 345 348 350 347 356 360 368 373 370 373 375 379 385 394 398 400 408 417 413 417 420 422 428 431 433 435 437 446 454 463 470 470 473 479 487 493 501 494 503 503 504 509 518 520 521 529 534 540 549 555 563 572 576 585 587 585 588 592 596 592 600 601 610 614
 41 236 235 237 241 242 247 250 249 257 249 249 258 259 262 267 268 272 280 276 281 283 291 293 297 291 295 302 311 320 316 316 320 324 331 340 339 344 351 356 363 362 365 367 370 379 381 388 391 394 397 400 405 412 419 423 429 430 436 440 436 442 440 449 458 464 467 469 476 478 486 495 501 496 499 501 504 508 509 512 519 527 533 538 543 552 560 563 567 576 582 591 591 600 604 600 609 609 604 612
 42 228 232 229 234 237 246 244 243 252 245 246 251 258 264 273 269 265 274 275 283 279 288 295 288 290 294 303 310 314 307 315 320 323 329 337 332 338 346 355 358 358 366 368 372 374 383 392 394 396 395 404 406 413 421 429 433 435 439 440 440 449 446 453 455 463 467 474 475 483 484 491 496 504 508 503 504 513 518 516 525 526 535 544 548 552 558 566 574 576 577 585 594 595 603 605 607 610 603 609
 51 223 230 222 230 232 238 238 240 246 244 250 251 250 256 265 269 260 265 267 274 278 284 287 286 295 295 299 301 308 306 311 313 320 321 328 330 334 341 350 355 357 364 372 379 380 383 387 389 389 394 402 403 408 413 422 425 427 430 431 434 441 447 448 449 455 461 465 472 477 486 488 494 503 508 507 510 519 526 521 529 535 537 541 550 556 562 570 572 580 581 582 591 594 595 597 600 601 602 610
 56 218 227 221 229 237 230 237 238 239 237 241 242 246 247 256 263 258 267 268 277 273 280 288 284 293 298 301 310 305 304 310 309 318 326 330 329 332 339 343 346 348 356 363 371 374 374 378 380 388 396 404 404 413 414 422 427 435 435 438 443 448 452 453 452 459 465 470 473 478 482 491 497 506 506 514 519 527 527 530 533 538 539 542 550 555 563 563 563 572 573 581 582 586 595 596 604 610 610 613
 58 215 218 220 222 228 222 231 238 234 235 242 250 246 252 253 254 255 264 267 268 272 274 281 283 284 292 301 310 307 300 302 308 311 318 327 328 330 339 341 344 346 350 357 365 366 367 370 379 384 388 397 404 411 416 422 428 432 436 445 452 453 454 462 459 467 472 467 475 484 490 484 493 500 501 507 514 519 528 532 541 536 538 541 544 551 559 558 561 566 570 577 583 589 596 604 599 608 616 622
 66 211 213 218 216 219 217 225 229 233 242 243 244 237 246 253 258 264 268 269 277 275 280 281 290 293 299 293 302 298 299 307 316 319 319 323 329 337 340 344 353 353 358 363 364 369 376 379 380 386 395 402 403 404 413 419 420 425 432 440 446 454 461 470 461 465 464 466 467 476 481 482 491 499 508 512 513 520 525 524 533 534 540 547 553 549 551 555 556 557 564 571 574 583 587 596 598 607 610 617
 73 210 204 210 207 211 213 222 221 230 236 241 237 233 240 248 249 255 260 261 269 278 275 276 283 292 293 291 295 297 304 313 321 320 320 326 328 329 338 342 348 357 362 358 367 366 374 379 383 386 390 398 405 413 416 413 422 429 436 437 437 445 453 462 455 456 463 465 468 477 480 485 492 494 502 504 507 514 517 523 529 536 537 545 545 547 556 554 555 563 566 574 575 577 586 591 600 609 607 612
 74 202 203 201 204 206 210 216 220 221 227 235 233 229 231 240 244 252 255 260 268 272 274 275 276 285 284 290 295 298 305 314 322 323 319 326 320 326 334 333 342 351 353 355 364 359 368 375 377 382 389 397 406 407 408 409 418 423 428 429 436 445 446 454 454 455 456 463 468 476 483 490 492 493 494 495 503 509 510 519 527 527 531 536 537 544 550 553 555 561 563 565 573 582 586 590 592 601 602 603
 83 197 194 200 201 207 209 216 218 220 222 229 236 228 232 241 250 248 256 255 260 264 271 266 273 276 280 287 291 299 308 316 316 320 318 317 317 323 328 332 338 347 356 354 360 357 360 366 373 375 380 389 398 407 408 413 420 424 429 432 437 445 444 445 453 458 464 472 469 478 486 487 490 499 501 500 509 510 518 522 530 522 523 531 540 547 548 555 561 566 570 567 575 580 585 588 591 598 601 609
 89 195 187 196 202 198 207 212 220 224 216 221 229 225 232 235 241 245 247 249 255 257 262 263 266 271 274 278 286 294 300 309 307 313 309 310 314 318 323 329 336 342 349 351 352 354 360 369 377 381 382 391 393 402 403 407 413 419 427 433 438 441 438 447 448 457 465 471 477 478 486 491 496 500 502 501 510 516 514 520 523 521 529 536 541 550 549 557 558 564 568 571 580 589 592 588 589 597 598 607
 93 189 185 191 198 196 202 209 213 215 214 220 223 224 233 233 237 242 251 252 254 252 253 257 258 267 268 269 277 285 294 303 300 304 305 313 322 324 326 332 333 340 347 356 354 361 365 374 383 388 383 387 389 393 402 407 414 414 422 428 432 437 436 443 452 453 460 469 471 479 479 488 487 492 493 502 501 507 506 511 514 517 524 533 536 543 552 561 559 566 565 572 573 580 587 587 596 600 606 611
 94 189 182 189 192 191 198 205 211 206 207 216 225 224 229 229 236 242 242 251 253 248 251 260 263 268 276 272 278 285 293 297 299 301 309 307 316 323 332 333 341 343 351 356 355 358 367 376 378 385 390 385 392 393 400 409 410 411 419 421 428 430 434 442 444 453 457 460 469 477 477 486 486 494 496 494 492 499 502 507 516 525 529 533 541 550 552 561 558 562 564 570 577 577 578 579 587 592 597 602
100 186 181 182 188 189 198 200 206 204 198 207 216 221 227 225 227 235 234 243 244 247 256 262 262 267 275 280 285 293 295 300 293 294 301 302 309 318 327 335 340 337 342 349 352 361 367 368 369 378 381 383 392 395 396 402 409 410 417 423 423 432 438 444 449 453 461 467 474 474 474 480 484 492 488 485 491 493 498 507 515 522 529 531 536 545 552 559 552 553 560 562 569 576 581 582 584 591 600 608
109 177 174 180 181 190 196 191 199 203 197 199 207 214 218 221 224 227 229 236 245 248 254 259 261 266 269 276 282 284 286 291 292 301 307 310 310 319 325 330 331 334 335 344 345 354 360 367 371 377 374 382 388 394 400 409 405 414 415 416 421 430 432 439 445 447 456 458 465 465 466 471 475 484 490 482 491 500 506 509 513 519 528 537 532 541 543 550 551 556 559 567 560 568 573 574 579 585 591 600
118 168 167 174 177 183 189 190 193 194 196 201 209 210 215 224 225 232 238 244 251 251 255 264 264 265 271 272 273 275 283 286 295 302 305 308 308 310 319 326 334 336 339 343 346 352 360 361 370 370 373 378 386 395 395 401 400 405 406 407 414 423 423 432 438 440 449 455 456 463 464 472 480 488 486 480 485 491 498 500 509 515 519 528 531 535 540 541 543 552 558 558 559 562 571 570 575 582 584 592
122 159 164 167 171 178 186 194 189 196 202 207 209 218 218 222 226 235 243 250 252 260 259 265 273 271 272 281 282 283 284 290 292 296 299 304 306 314 323 331 333 337 340 349 343 349 356 358 367 365 367 370 379 386 391 392 398 402 409 416 416 417 422 429 438 447 448 447 456 457 457 466 473 482 480 477 486 492 494 502 503 512 519 521 522 531 537 541 543 552 553 557 565 562 566 567 576 584 588 593
127 156 159 165 171 176 178 185 187 194 195 203 206 215 216 222 229 230 235 243 252 261 268 267 271 276 279 277 286 285 292 289 294 291 300 304 313 319 318 322 324 330 331 340 341 343 347 355 364 363 368 369 373 382 391 397 398 407 410 416 425 425 423 431 440 441 442 446 453 454 455 457 466 474 475 476 477 485 493 495 500 509 510 519 523 529 538 533 537 545 552 560 565 558 567 561 569 575 584 585
132 151 153 162 163 168 177 186 191 196 201 209 215 221 223 222 229 227 233 242 248 256 265 259 266 270 270 275 282 282 283 283 291 290 292 301 309 315 312 316 323 329 334 338 342 347 348 349 357 359 367 374 378 386 393 402 404 411 418 412 416 425 431 432 441 444 447 455 462 458 457 466 474 476 481 483 484 488 494 495 501 510 519 521 523 521 530 530 533 541 543 552 556 557 558 559 568 571 580 584
133 135 138 154 160 168 177 184 193 195 201 202 209 212 220 221 222 225 229 238 246 254 259 257 260 261 268 268 273 279 276 281 288 283 292 298 304 306 307 308 317 320 327 330 335 342 350 350 351 359 368 377 380 383 392 395 404 412 417 409 412 420 422 426 435 437 440 448 456 457 464 471 480 484 489 482 491 490 495 503 510 513 516 512 514 517 523 524 533 541 550 557 555 558 562 568 569 573 575 580
141 142 140 153 158 167 176 183 190 198 207 205 213 217 219 228 223 232 232 236 237 246 253 249 251 257 259 267 268 270 272 273 281 282 288 297 306 315 316 315 324 328 328 337 344 343 352 353 353 362 369 373 376 384 389 397 403 409 408 407 415 418 426 433 429 428 437 443 451 458 459 468 476 480 480 474 482 491 496 501 504 509 516 509 513 515 524 533 534 536 545 553 552 554 562 565 574 576 584 583
142 150 141 152 157 166 173 182 189 193 202 210 212 219 221 225 225 225 234 237 243 238 246 247 245 254 260 269 277 277 281 280 289 291 294 303 308 317 317 318 327 333 335 339 345 350 354 355 362 369 377 381 377 378 384 389 395 402 407 403 412 414 423 424 425 426 433 440 442 449 458 461 470 472 472 473 480 488 492 493 497 501 508 506 515 521 522 529 529 531 539 547 548 552 559 566 575 576 585 586
151 159 150 153 161 169 178 174 183 192 200 202 203 208 216 217 219 220 223 228 232 234 235 241 242 252 258 262 271 274 283 281 286 287 295 304 313 319 319 319 328 336 340 346 352 359 360 362 371 372 381 388 384 380 381 388 393 394 398 399 408 417 419 428 427 429 431 440 441 448 449 458 463 466 467 474 481 482 484 485 491 492 499 505 512 521 524 525 526 534 540 543 545 553 560 568 577 585 587 587
155 164 159 154 155 164 167 173 180 188 196 204 211 213 222 226 226 222 231 229 237 241 243 243 244 245 255 264 267 274 283 283 289 296 301 305 308 315 322 321 327 331 337 345 353 362 364 371 379 381 375 384 387 381 388 397 394 402 407 408 411 419 428 436 429 432 439 445 450 456 453 455 464 470 473 479 486 490 490 491 498 497 506 507 511 516 518 527 525 533 541 544 553 561 569 574 576 576 582 578
162 167 160 155 161 170 176 179 187 190 199 208 209 218 214 223 227 223 232 238 244 242 245 249 252 250 258 264 270 273 275 276 282 291 300 300 309 315 322 327 332 338 341 348 354 355 363 370 370 373 374 381 382 383 392 401 399 406 415 416 418 425 429 434 438 439 447 450 457 459 452 459 465 466 468 477 485 486 493 494 491 498 504 499 505 507 514 519 521 526 532 538 547 555 564 571 574 572 577 574
171 171 164 157 164 165 174 183 191 198 199 202 211 212 213 221 230 226 235 244 241 244 245 254 261 252 259 260 267 271 277 277 284 292 294 299 301 309 316 323 326 330 335 340 345 353 354 362 368 377 376 385 390 392 400 406 404 406 411 420 421 421 427 431 440 445 447 447 448 450 451 456 457 466 467 473 482 491 492 492 489 497 495 498 503 507 508 517 525 532 538 540 545 549 556 563 565 569 574 572
176 177 173 166 170 173 181 190 195 198 206 211 216 221 215 220 228 227 236 238 240 247 252 261 261 255 260 264 270 276 277 285 285 290 299 308 310 310 318 324 329 334 343 346 346 355 363 367 373 375 382 389 386 392 401 405 408 415 419 416 412 420 424 427 433 437 439 446 447 444 446 451 460 463 466 469 478 487 493 487 487 495 494 502 505 507 516 522 523 532 541 546 551 557 554 555 560 561 569 571
180 186 181 172 171 172 177 185 194 196 201 209 211 218 216 225 231 236 244 239 242 248 254 259 263 258 266 270 275 284 284 291 287 288 291 301 310 319 321 322 328 329 338 343 343 350 358 367 365 373 375 383 384 392 396 397 406 407 414 415 408 417 424 425 434 435 439 438 438 436 437 446 453 455 458 467 472 479 485 478 479 486 491 497 501 502 508 517 525 530 534 539 542 551 547 555 560 569 572 564
184 190 183 180 179 181 182 190 198 203 202 209 211 219 219 223 232 241 243 242 248 257 259 268 266 267 268 269 274 283 285 289 296 297 292 300 305 313 314 318 320 328 336 337 338 345 350 359 362 371 377 377 385 387 389 390 397 401 405 406 407 408 417 420 425 430 434 432 433 435 437 441 446 447 456 464 465 474 479 477 482 480 483 492 496 504 507 516 524 521 530 531 537 543 539 546 553 560 569 562
193 198 190 181 185 187 190 199 199 205 208 209 211 219 222 229 233 242 241 246 250 254 262 271 275 276 274 270 279 280 288 290 299 299 294 302 307 316 320 327 329 335 342 339 347 346 351 352 361 363 368 373 382 391 395 397 404 408 405 410 416 417 419 426 426 428 430 431 440 444 444 447 448 455 456 465 474 472 472 473 474 479 488 484 493 497 505 510 519 520 526 532 528 535 536 545 546 551 560 561
201 196 195 189 194 189 198 202 203 205 206 215 218 223 226 229 231 239 240 245 247 256 256 263 266 272 281 273 276 279 287 292 297 304 301 311 311 318 326 335 331 340 344 336 341 347 347 349 357 361 370 375 383 386 387 393 397 400 402 406 413 419 428 428 435 435 432 433 434 436 437 440 448 450 455 463 465 463 471 478 475 476 482 483 491 495 499 504 513 520 517 523 524 533 541 545 553 559 566 570
206 203 201 198 202 198 205 205 204 211 207 216 220 225 230 236 236 238 245 251 248 251 253 262 264 271 278 275 278 286 293 301 306 306 304 311 317 322 329 337 329 333 339 333 334 342 346 354 356 364 367 368 377 385 393 394 402 399 404 409 413 422 430 430 438 435 434 435 443 438 446 441 448 454 454 461 456 457 464 472 476 483 485 486 495 499 506 509 517 512 514 520 524 533 538 539 547 556 565 569
214 206 203 200 209 204 213 214 207 213 212 214 223 227 230 232 234 242 250 259 254 258 259 264 273 272 273 282 284 292 299 300 307 311 306 307 308 318 323 329 328 330 332 331 338 339 347 353 360 367 371 369 375 384 392 393 397 398 404 413 421 427 427 433 436 435 440 443 451 447 447 442 443 445 452 453 455 460 469 474 481 484 485 489 492 494 498 507 510 511 520 527 525 534 541 541 543 552 557 560
217 212 205 202 210 213 215 220 216 220 217 223 232 235 238 233 237 244 252 261 255 261 263 270 275 273 279 287 285 290 292 300 307 316 308 309 309 315 318 319 321 324 326 330 332 341 346 354 356 365 374 373 374 375 384 387 388 397 399 408 412 421 418 426 434 432 433 442 444 452 455 447 452 453 460 457 464 469 470 474 480 481 488 494 499 503 504 513 513 518 527 531 530 538 539 547 544 548 557 566
219 213 213 205 212 219 216 225 222 223 225 224 232 237 239 241 244 246 255 256 259 265 270 271 279 276 281 287 290 299 299 302 308 312 315 314 318 324 319 320 328 326 333 338 341 349 355 349 357 360 366 364 365 368 377 379 388 392 393 400 409 414 413 422 425 426 427 434 437 446 454 456 452 454 456 464 471 476 476 481 481 484 492 494 498 507 513 520 519 527 530 539 536 542 548 556 552 550 552 559
221 214 213 212 216 221 225 230 229 232 232 226 232 238 241 250 245 246 254 261 261 269 276 279 282 281 283 289 295 304 308 311 313 320 324 323 321 325 324 324 332 327 329 330 333 341 350 344 351 354 357 360 363 371 378 382 391 395 401 401 403 408 411 420 421 427 436 443 438 440 448 449 450 459 458 463 470 476 482 490 486 493 497 503 504 513 521 525 526 532 539 548 545 551 556 559 555 551 552 561
230 221 222 221 218 227 233 236 230 238 234 229 238 239 240 244 245 247 249 257 263 271 275 278 281 284 285 294 298 304 312 313 322 327 330 324 326 326 330 333 339 333 336 332 336 338 340 341 342 347 350 359 363 368 369 376 382 391 397 406 407 415 412 420 426 429 438 441 440 448 445 440 443 452 455 463 464 468 477 484 488 495 500 505 506 515 523 526 533 533 540 541 548 556 562 564 563 560 559 568
239 230 222 221 220 225 229 235 231 239 240 231 237 245 245 246 248 253 258 264 272 275 276 277 286 290 290 295 302 303 305 307 315 322 328 333 327 327 336 336 345 342 337 341 344 339 348 349 350 348 349 351 359 368 369 378 387 390 396 403 406 414 415 416 425 425 432 434 441 448 440 439 447 456 459 467 470 476 481 490 489 494 501 508 514 511 520 524 530 535 544 545 554 563 571 573 566 569 561 565
230 225 224 228 227 226 234 242 238 246 245 237 240 244 252 251 256 261 265 273 279 284 284 279 288 290 296 303 311 304 305 307 316 317 321 327 322 331 339 338 345 340 338 345 343 342 349 350 359 353 354 353 355 364 371 379 381 382 388 397 399 407 414 417 426 423 431 439 434 439 436 438 447 453 460 465 474 482 489 486 486 487 495 499 508 509 518 527 535 544 553 549 558 567 572 580 575 573 569 566
231 232 233 234 231 231 238 246 246 255 249 243 248 247 256 255 258 262 268 270 277 284 285 285 293 299 297 301 309 305 311 308 309 314 318 319 321 328 332 341 349 346 347 354 351 351 351 359 360 361 355 359 356 364 368 376 380 381 387 393 400 404 407 408 417 420 429 430 432 434 435 443 446 453 462 463 472 479 480 481 484 488 497 502 504 513 522 523 529 537 544 553 559 562 569 573 572 572 574 572
236 237 240 243 240 240 247 249 253 257 252 244 250 252 257 264 263 270 277 275 284 289 289 294 296 302 301 305 311 314 317 315 318 320 320 326 327 331 334 335 340 342 345 351 360 360 360 368 369 361 356 364 363 364 366 368 376 385 393 401 401 405 410 414 420 429 436 434 440 442 444 451 454 462 471 469 478 485 486 489 493 489 498 499 508 513 522 531 535 543 552 548 556 561 568 569 570 571 579 577
245 246 241 250 249 249 253 250 257 248 247 246 255 254 261 261 262 267 276 284 293 293 296 302 305 304 306 314 319 321 321 319 322 328 328 333 331 338 343 344 348 344 346 354 363 365 362 371 367 366 365 368 368 369 371 375 382 390 394 398 407 414 411 417 426 430 433 440 447 443 451 453 458 460 468 477 486 489 495 496 492 491 499 508 517 517 526 535 543 548 543 545 551 552 559 567 576 580 587 579
250 248 249 258 250 258 259 253 253 252 256 250 252 254 259 260 268 276 283 287 288 289 295 301 306 312 309 318 327 325 322 328 330 329 329 338 337 346 347 348 353 346 354 363 364 372 364 373 374 369 366 375 375 378 380 382 391 399 403 403 409 414 413 420 425 431 439 444 442 443 446 449 458 465 474 481 482 491 499 500 494 497 498 503 509 512 521 530 534 540 541 550 559 559 565 572 573 581 580 587
251 255 257 261 253 257 258 260 255 253 254 256 261 258 261 265 271 278 287 289 294 292 301 308 310 313 312 314 322 330 331 334 338 336 332 340 346 353 351 349 358 355 361 362 363 368 373 382 375 375 375 384 382 382 382 387 389 396 402 403 412 420 420 424 432 433 439 440 441 446 455 457 466 469 474 475 484 489 495 496 501 498 506 511 518 521 522 527 530 535 544 553 554 561 569 576 574 582 578 587
252 261 258 264 260 258 266 269 264 261 261 259 268 267 268 273 280 283 288 294 296 300 305 314 311 319 317 318 327 334 336 342 343 344 339 348 351 358 353 357 361 357 358 366 370 376 376 377 376 384 381 384 385 383 384 389 398 400 405 412 421 424 429 433 436 441 448 447 449 454 456 465 466 470 471 479 485 492 500 505 503 504 510 515 519 528 530 528 533 538 543 548 549 558 564 571 577 580 574 583
259 268 263 267 269 261 263 271 267 267 262 262 271 276 274 280 286 284 286 287 296 302 304 311 316 323 326 322 326 327 330 333 334 335 344 345 354 362 354 356 358 366 367 369 372 379 385 378 383 392 388 392 391 385 393 396 404 409 412 419 424 430 430 434 439 447 456 455 450 456 464 466 474 477 479 486 487 489 497 498 499 506 514 522 523 524 526 531 532 538 546 552 558 567 564 565 568 571 572 577
266 267 272 276 275 270 266 275 272 269 266 269 273 281 277 283 287 285 289 292 301 307 308 316 318 327 334 331 331 330 336 341 339 344 348 346 354 360 363 358 360 361 363 372 373 382 386 379 380 385 393 401 396 386 395 404 413 416 419 420 421 428 432 432 433 438 447 448 453 456 465 473 479 482 485 487 491 493 501 503 504 505 507 515 516 524 527 530 539 544 545 552 557 560 563 562 569 578 577 580
275 276 281 280 276 279 274 282 273 273 275 270 279 282 284 292 296 294 297 299 305 308 314 322 319 322 330 337 338 336 342 343 344 352 351 355 357 360 366 366 368 366 371 372 380 388 394 388 388 393 401 399 392 390 397 402 406 407 416 423 422 423 431 430 438 447 454 456 462 457 460 466 474 479 484 489 490 499 508 507 512 507 516 523 522 529 530 532 533 535 536 545 548 551 558 559 568 577 584 589
284 285 290 289 284 281 277 282 280 282 284 278 287 283 287 296 298 303 300 300 303 304 311 320 328 330 335 338 346 339 347 349 346 354 360 356 363 361 366 374 369 370 375 381 388 396 395 394 397 397 399 408 400 398 403 410 414 416 425 424 423 424 426 428 436 439 447 451 458 465 465 472 477 484 493 498 493 502 504 505 513 508 510 514 519 528 530 536 534 543 544 552 557 560 567 564 570 571 580 587
286 294 295 292 291 282 278 284 289 281 280 279 281 287 288 297 306 310 309 309 309 311 315 319 325 326 335 341 347 346 353 351 351 353 354 362 368 369 372 381 378 379 384 385 393 397 400 402 405 400 402 406 409 402 409 416 419 425 427 425 425 433 435 432 433 442 448 450 459 463 466 468 475 482 485 494 498 504 510 513 516 516 519 517 518 522 528 535 539 543 547 549 552 553 562 571 579 575 579 583
294 302 296 292 288 284 285 292 290 289 288 281 283 288 292 297 306 311 314 318 311 319 317 324 333 328 337 343 345 349 354 360 358 362 355 359 360 366 375 383 383 380 388 392 393 394 401 402 405 403 411 414 410 405 407 413 414 423 428 434 434 434 436 437 440 447 451 456 457 466 474 477 482 485 488 489 494 503 512 513 522 517 520 518 526 531 536 542 548 548 556 552 556 562 567 568 573 582 581 590
295 298 305 301 293 289 294 294 297 291 291 282 283 286 293 296 305 312 314 318 317 326 321 330 337 337 346 348 354 353 362 367 362 362 361 368 369 375 379 381 387 385 394 394 402 403 410 411 410 407 415 420 419 414 415 422 421 427 428 437 443 442 438 440 449 448 450 456 463 472 473 478 487 486 487 488 497 506 515 521 522 524 524 525 528 537 539 540 548 557 565 561 560 563 565 567 575 577 586 595
298 307 314 308 300 297 297 302 300 299 295 286 284 291 297 301 302 307 314 320 325 329 328 335 340 340 348 349 357 356 360 369 371 367 368 371 370 373 380 379 381 385 386 395 398 404 406 408 417 408 411 419 426 419 417 423 424 428 437 439 443 450 446 449 451 457 459 458 461 469 478 484 485 488 488 497 506 508 509 515 523 531 525 531 535 543 548 547 552 560 565 565 567 565 567 572 580 586 595 604
307 314 320 312 307 306 300 308 304 302 295 294 285 290 298 307 311 315 314 320 323 329 337 342 347 345 353 357 366 362 369 378 376 368 369 373 372 373 377 378 379 388 388 389 390 399 407 415 418 417 415 423 432 426 424 431 433 433 440 445 445 448 452 458 460 465 467 460 468 475 476 484 492 494 489 491 497 504 512 521 529 528 532 536 544 550 555 556 561 564 571 570 571 571 576 580 588 593 600 603
314 323 328 320 312 304 301 302 311 306 302 293 286 290 295 302 308 311 312 320 326 332 341 349 344 353 356 361 364 370 376 385 376 371 376 374 374 380 385 382 384 390 395 398 397 399 405 410 419 422 416 424 427 434 426 433 440 437 442 446 450 451 456 462 464 465 467 462 468 477 482 491 493 502 497 500 505 508 516 520 521 525 531 533 540 549 555 558 559 567 576 577 578 575 580 582 590 597 606 611
319 328 331 325 319 310 304 311 317 308 306 299 295 295 297 302 305 314 321 323 324 333 334 341 342 351 352 353 355 364 371 379 378 375 382 382 381 387 389 388 392 396 403 406 401 402 407 416 425 431 425 429 429 430 430 438 441 446 443 448 449 451 459 466 465 467 465 463 471 472 481 490 498 502 504 506 508 516 517 519 520 522 529 538 540 544 551 559 562 563 571 576 580 583 581 589 597 605 612 618
325 332 332 323 322 315 307 308 310 313 304 297 296 300 301 309 310 317 319 328 333 342 335 340 349 352 360 354 361 362 371 377 385 384 388 389 389 393 397 396 397 397 399 404 410 403 409 417 426 434 434 432 435 439 439 439 446 449 444 445 447 455 456 459 465 470 467 472 480 481 489 492 493 498 507 515 512 514 516 525 526 523 532 536 539 544 553 559 565 564 569 575 582 579 583 592 592 598 607 612
328 332 324 323 321 319 313 316 315 307 302 300 297 302 304 310 318 324 321 324 332 340 336 340 342 351 359 360 362 370 379 386 388 391 396 393 395 402 399 401 403 404 400 405 414 411 417 424 426 431 438 434 442 444 441 448 452 451 451 448 451 453 457 460 467 469 472 473 481 487 492 496 497 506 507 516 516 515 522 524 533 527 528 530 539 543 552 561 562 563 566 575 574 577 583 587 591 600 608 615
332 339 331 332 328 323 314 323 322 313 305 306 305 306 312 315 318 326 327 330 339 340 342 349 350 353 362 369 370 374 376 385 387 395 404 397 402 409 400 408 408 406 407 413 414 419 424 430 429 430 439 439 448 451 442 444 445 448 454 457 452 461 464 467 475 470 478 482 488 496 493 495 502 505 514 523 524 516 519 525 533 534 536 539 547 544 551 559 568 568 566 568 571 576 584 588 597 600 605 614
338 347 340 340 334 330 323 324 315 308 307 309 309 315 313 322 322 331 336 337 343 347 346 350 351 359 363 365 366 367 376 377 380 389 397 398 403 406 409 414 409 407 416 421 423 428 431 439 430 434 443 448 455 446 443 452 452 449 458 458 454 463 472 471 480 479 484 483 485 494 500 499 500 503 509 518 520 524 526 529 531 538 544 548 556 549 550 554 562 564 565 574 580 577 584 588 590 597 598 606
339 348 346 339 338 329 326 320 313 311 311 311 317 320 320 322 324 332 333 337 346 352 351 358 360 368 367 367 368 374 380 386 388 397 401 406 411 415 410 418 417 411 420 426 424 433 439 446 437 442 451 451 452 448 450 451 459 457 463 466 460 465 475 478 480 484 486 491 490 492 500 501 503 512 511 513 522 531 533 538 532 540 541 544 553 553 553 562 569 567 569 575 581 578 587 595 598 600 607 608
347 356 347 346 337 336 329 322 314 318 314 315 321 321 329 323 325 329 331 339 346 355 358 359 360 364 371 375 376 383 389 387 394 398 406 412 419 419 412 415 424 417 418 426 427 432 438 445 442 445 452 457 452 449 458 458 465 466 472 467 468 467 468 471 479 483 492 492 491 500 509 502 508 515 515 519 528 530 534 537 540 541 549 548 552 557 558 561 568 576 573 577 578 586 588 594 595 604 606 615
356 353 344 341 337 331 330 325 318 327 319 318 327 328 336 331 332 337 339 348 354 358 359 362 361 369 378 383 384 392 392 396 398 407 410 411 415 416 418 416 419 421 426 429 433 441 439 441 449 447 448 451 452 455 462 459 460 462 463 472 477 474 474 476 486 492 494 493 497 499 506 507 511 512 514 523 532 535 542 545 542 542 548 556 554 555 564 562 571 577 582 580 586 591 597 595 597 598 605 612
362 353 351 342 340 340 337 328 322 325 322 327 332 329 335 340 341 346 341 342 350 359 368 371 369 377 386 391 393 398 401 400 403 404 409 413 414 418 419 417 426 424 426 435 434 442 443 445 451 451 457 454 455 458 466 468 468 470 464 465 469 478 480 477 478 483 490 494 501 508 515 509 517 520 517 520 524 526 534 538 542 547 551 556 556 564 570 571 575 582 583 588 587 594 595 598 598 603 610 617
365 356 358 349 342 343 340 335 326 330 326 331 340 337 342 344 344 352 343 347 356 357 365 366 370 371 380 389 395 400 405 404 406 412 418 419 419 427 423 420 424 432 433 442 438 439 448 449 450 459 457 456 464 459 467 473 474 478 470 466 472 473 477 486 483 492 498 496 506 510 516 510 518 524 524 521 526 534 541 547 551 551 557 563 565 566 571 576 582 589 584 590 596 602 600 599 599 605 607 613
369 365 364 358 351 350 342 335 331 332 331 332 341 346 351 347 352 349 345 353 362 361 367 372 377 379 387 390 399 400 408 405 411 419 426 421 426 433 430 428 429 437 439 443 440 448 455 454 459 464 466 464 464 461 467 476 483 480 473 473 481 481 482 485 489 492 499 497 503 508 515 519 519 524 533 530 527 531 532 538 543 551 555 564 573 574 580 577 585 592 593 594 597 605 608 608 606 614 613 614
377 374 373 364 360 359 351 344 335 333 340 333 335 344 349 355 361 358 353 355 356 365 368 377 378 387 391 391 396 405 414 413 416 420 429 427 428 436 437 434 435 444 447 451 448 457 457 455 461 470 470 473 466 462 471 477 479 477 475 476 484 489 490 492 497 499 505 506 505 514 519 525 528 533 534 539 532 539 539 541 548 553 561 569 575 582 589 583 584 592 596 602 603 611 615 617 614 623 622 618
377 369 368 364 361 364 355 346 341 342 337 336 339 340 345 346 355 357 359 363 365 367 371 379 381 390 392 397 404 413 415 418 418 419 427 435 437 438 440 443 438 439 448 455 457 459 465 456 457 464 473 479 475 469 478 486 484 482 476 482 489 495 498 499 506 501 510 511 506 514 522 531 536 541 542 548 539 548 540 543 551 558 563 564 572 581 582 584 593 598 604 611 610 611 618 625 616 621 630 622
385 376 375 367 359 358 356 348 345 341 340 345 340 349 347 355 362 360 367 369 374 368 377 385 388 395 399 405 412 420 424 424 427 421 424 428 434 436 444 441 439 440 445 446 454 462 468 465 464 468 476 477 484 478 487 492 489 491 484 490 498 501 505 507 514 508 517 516 513 521 529 531 531 540 546 550 542 545 546 552 555 556 563 569 570 572 579 587 595 603 611 613 618 612 619 620 625 629 630 631
392 383 375 375 367 364 355 348 347 343 345 354 349 356 349 350 353 360 361 364 367 375 379 386 388 392 401 407 416 425 429 433 425 423 424 431 440 441 448 445 445 441 444 448 451 458 466 470 466 475 476 480 481 479 487 495 493 497 488 489 497 502 506 508 517 513 517 517 515 524 532 529 530 532 540 541 545 554 554 554 555 558 566 572 574 575 584 592 593 600 608 616 616 614 620 628 626 635 639 637
385 382 373 373 364 355 354 353 353 349 347 355 357 354 352 355 360 366 370 366 370 372 381 384 390 398 399 406 413 422 427 430 433 424 425 427 433 442 449 454 454 450 453 450 458 466 471 473 473 474 483 488 490 486 495 498 498 502 497 492 499 506 509 513 521 522 525 521 518 520 522 526 529 530 539 543 553 556 559 558 556 561 570 577 583 580 589 596 602 608 613 619 619 623 628 629 632 637 642 645
377 373 370 368 367 359 361 354 354 355 356 363 358 359 356 363 367 375 377 368 369 372 380 381 382 389 392 401 405 414 423 424 425 427 434 436 442 449 456 463 460 459 461 459 467 475 480 475 479 477 478 487 488 489 498 502 503 507 504 500 507 515 517 522 530 529 525 523 520 526 530 534 538 539 545 547 557 564 566 566 565 565 570 578 586 589 597 599 606 611 620 628 628 629 637 635 635 636 640 648
386 379 379 376 369 367 359 355 361 359 360 362 367 367 364 371 368 369 378 377 373 380 385 390 383 392 400 405 412 418 419 426 432 434 432 440 449 448 452 459 463 468 469 466 473 474 479 476 483 486 485 489 490 498 499 501 509 516 513 507 515 521 526 531 531 536 531 531 523 532 538 535 541 548 552 549 559 567 574 569 568 574 573 581 589 598 601 602 604 607 614 623 620 621 628 637 639 640 647 653
390 382 382 378 369 365 364 364 369 360 365 369 372 373 368 377 369 378 384 386 381 382 387 394 391 394 401 407 414 419 422 420 423 428 430 434 443 445 451 452 460 469 472 467 472 480 481 485 492 495 487 496 492 497 503 508 514 522 519 514 523 523 528 531 538 544 537 534 526 535 543 537 540 547 551 553 557 562 570 570 572 573 576 585 590 597 602 609 613 613 606 615 619 621 630 639 648 647 650 659
393 386 383 386 378 374 373 373 370 369 372 376 380 374 377 373 370 378 386 387 389 384 393 396 394 399 400 405 409 410 414 418 426 435 433 434 441 445 450 451 460 469 475 469 472 481 487 488 491 500 496 505 501 498 506 513 514 515 517 518 522 529 536 532 541 543 537 533 529 533 541 545 541 547 555 560 558 560 561 564 566 575 582 586 587 594 593 601 608 609 604 613 616 625 631 635 644 648 649 658
400 394 391 393 384 379 382 380 379 372 373 382 387 380 386 380 379 380 385 392 398 393 402 397 399 407 409 408 417 419 419 427 430 438 442 440 449 454 457 460 463 464 473 472 479 487 495 491 499 506 503 510 503 507 509 514 518 518 525 526 525 531 540 541 545 550 544 539 530 539 541 546 543 552 559 566 560 562 569 571 569 574 575 582 584 588 592 594 599 600 601 610 615 618 625 634 639 640 648 650
408 403 400 402 393 386 384 381 382 373 382 385 393 385 392 383 388 382 391 393 402 394 396 403 402 411 412 409 411 415 424 433 435 439 448 447 454 461 461 467 472 473 480 477 484 489 493 495 499 508 505 510 505 514 510 519 526 520 527 535 530 538 544 550 546 550 543 542 534 543 550 554 547 554 558 558 567 570 577 572 574 579 581 590 591 590 594 595 603 603 604 613 615 624 633 637 642 648 654 651
416 410 404 395 394 393 391 382 384 376 385 391 397 394 394 385 391 385 392 397 405 403 405 412 409 415 421 418 414 423 426 428 437 438 447 455 462 468 467 468 470 478 485 480 484 491 493 499 508 515 506 515 514 523 515 523 528 529 532 541 536 543 549 556 555 556 550 543 542 549 557 555 549 550 551 556 565 573 580 575 578 582 585 593 598 591 598 604 610 606 612 613 621 629 630 639 648 649 654 657
413 406 397 396 401 401 392 383 391 383 390 394 400 397 403 394 394 391 398 399 402 403 409 415 411 412 416 424 416 425 427 436 442 443 452 460 461 470 476 474 479 487 492 489 486 488 494 503 509 515 507 508 510 518 516 518 524 525 533 539 540 534 543 550 555 548 557 549 551 558 566 557 554 557 555 559 567 571 578 581 587 590 593 598 595 593 595 600 602 609 612 618 625 628 635 644 653 656 663 666
413 404 403 404 408 399 394 385 392 392 398 403 404 399 406 401 403 400 399 400 403 404 412 421 419 414 423 421 418 419 422 429 438 444 449 458 461 465 472 479 480 488 492 489 487 492 495 504 506 508 515 517 511 520 523 519 522 525 529 531 532 533 537 546 552 547 555 556 558 567 571 564 563 561 558 561 569 577 583 590 593 599 600 607 603 598 602 609 609 615 615 616 625 632 641 649 656 657 666 673
419 410 412 409 409 400 400 394 393 401 399 402 409 400 409 410 411 409 408 409 404 412 418 427 420 415 423 425 427 421 430 438 445 445 449 455 456 463 466 471 478 487 495 492 495 500 504 512 507 515 516 521 519 527 529 527 527 529 537 536 536 534 542 543 544 546 551 557 558 564 573 572 571 570 566 569 572 576 585 589 590 594 600 609 604 599 602 609 612 617 621 623 624 633 641 643 649 656 659 664
416 413 415 416 410 409 402 395 399 401 404 404 407 408 415 413 417 414 409 409 407 408 410 419 428 424 428 433 429 430 438 442 451 454 456 457 462 467 468 472 481 488 492 495 504 508 507 516 514 520 525 530 522 528 534 535 528 536 544 538 545 543 547 550 551 548 549 555 564 567 571 574 577 571 568 572 573 575 580 582 591 599 606 607 606 606 605 606 610 615 617 626 631 635 636 644 646 655 663 667
425 417 422 425 419 418 411 404 405 406 412 412 408 411 420 414 419 416 414 417 408 417 418 427 435 431 429 438 431 437 446 451 460 463 461 465 467 472 477 473 478 484 485 494 499 506 510 519 517 518 521 526 530 529 531 537 537 543 552 543 550 551 554 556 560 556 558 564 572 575 576 581 581 576 570 579 575 582 581 590 596 600 603 612 612 614 609 614 611 619 626 635 634 635 644 650 648 653 655 658
426 425 431 426 427 423 414 410 406 411 415 413 411 412 420 422 426 418 417 425 416 417 418 427 433 432 436 445 436 445 446 455 463 472 468 466 475 478 477 476 477 483 492 499 508 515 515 523 525 519 520 529 535 538 538 544 544 544 552 551 556 554 556 565 564 557 563 566 567 568 569 575 583 577 578 582 584 584 590 592 598 603 607 608 610 618 618 618 612 616 618 627 628 637 643 644 648 649 658 666
432 430 438 433 425 422 416 414 413 412 420 421 418 418 425 431 431 427 419 428 422 426 427 428 432 436 440 441 438 447 451 460 465 474 473 467 473 480 486 483 483 489 497 504 508 517 521 523 532 523 529 531 538 543 542 545 549 546 550 553 558 562 562 565 568 559 568 574 576 572 574 576 581 584 581 590 592 593 593 593 595 604 613 609 616 623 624 620 616 622 624 625 627 628 634 642 643 648 656 660
441 439 439 431 427 418 417 422 421 417 418 419 424 423 429 438 435 426 425 434 429 435 436 433 441 439 440 441 441 449 454 463 469 470 479 472 479 488 485 484 492 490 495 504 513 519 528 531 540 531 537 540 546 552 551 551 558 555 556 554 559 566 571 571 570 561 563 567 572 577 582 579 583 584 584 591 600 594 598 594 598 599 606 614 622 628 632 623 621 625 632 631 636 630 637 643 648 647 648 651
448 439 431 430 421 420 425 426 422 425 423 421 430 424 432 433 442 435 430 433 430 434 443 437 445 440 448 449 449 450 452 460 463 469 478 481 488 492 494 487 491 499 503 512 521 528 535 538 535 533 535 544 547 555 552 559 565 564 561 562 568 570 576 572 574 570 564 571 575 579 580 588 591 591 593 598 607 602 599 598 606 601 604 606 614 623 623 632 627 632 638 640 641 632 633 634 639 645 653 652
445 438 431 430 422 426 434 430 431 429 432 430 435 427 434 434 439 442 433 437 432 441 450 444 453 447 456 451 453 457 458 466 465 471 480 484 493 493 498 492 498 506 509 517 526 531 540 547 542 538 542 551 555 560 559 562 568 572 564 563 572 579 581 581 577 569 567 575 582 585 588 594 599 600 601 603 607 603 608 603 611 602 605 606 614 616 619 627 635 633 638 639 638 635 639 637 647 647 651 659
450 444 435 431 431 429 431 431 440 431 437 439 437 428 437 443 442 441 434 441 440 443 450 449 454 453 460 455 456 461 463 472 474 480 481 490 493 502 503 499 507 511 516 518 525 526 535 544 549 546 543 552 560 561 564 569 574 581 572 566 572 581 590 590 581 574 573 581 585 594 596 601 608 601 609 606 607 606 613 604 613 610 614 615 623 620 628 636 642 641 639 647 643 642 647 643 646 648 657 664
450 442 436 439 437 436 433 436 439 432 436 445 440 437 446 444 444 450 443 446 446 452 459 453 460 454 463 460 465 463 465 472 479 484 486 489 498 505 505 508 513 518 519 519 525 529 536 545 549 552 544 552 561 570 568 571 576 583 581 575 581 588 593 592 590 582 582 587 593 602 597 606 611 607 614 612 613 607 616 609 618 618 623 624 629 621 630 638 647 650 647 653 644 647 650 650 653 649 650 654
452 445 445 446 445 442 442 443 434 433 441 444 447 438 443 448 452 451 450 448 448 450 456 461 460 459 460 469 473 470 474 473 481 489 495 491 500 501 509 506 515 519 528 524 529 538 542 544 552 556 551 560 565 566 575 580 577 578 584 580 587 596 602 595 589 586 588 595 602 605 603 612 616 608 615 620 612 610 613 610 617 620 629 633 636 629 636 640 649 656 655 657 649 655 655 654 659 651 658 660
455 449 450 454 446 450 449 447 440 438 445 445 454 447 452 457 461 457 455 454 456 452 460 468 469 460 468 469 477 475 482 479 486 492 499 492 499 504 512 505 506 515 524 533 538 535 535 540 546 547 548 552 556 558 567 576 585 587 589 589 588 597 602 603 597 589 597 604 606 607 611 614 622 616 621 625 620 611 619 619 621 629 635 639 639 631 640 649 653 661 664 661 656 662 661 663 667 660 664 661
458 458 452 455 451 458 450 448 447 447 447 454 456 449 458 465 470 465 456 455 458 455 463 465 474 467 468 476 479 484 491 488 488 497 504 496 498 500 503 504 506 510 518 526 532 533 534 536 545 553 554 561 564 567 570 578 585 594 597 590 596 605 606 608 603 597 606 612 613 608 613 620 623 621 624 624 623 619 627 628 630 630 638 639 640 632 639 646 654 655 662 669 662 663 670 672 671 667 672 670
