  0 300 294 299 302 298 307 309 312 320 319 315 313 321 325 325 319 320 324 323 326 335 343 343 352 354 355 360 363 364 368 365 366 375 376 382 382 389 390 391 399 402 411 412 418 418 422 424 432 436 439 441 450 459 459 467 467 475 478 483 492 484 486 494 503 501 505 513 514 520 529 538 545 547 554 556 559 557 562 557 562 570 574 582 584 593 601 610 607 613 619 620 621 627 635 641 642 638 644 653
  8 293 292 293 293 297 298 305 310 311 314 306 311 312 316 323 318 321 319 320 323 329 334 342 351 353 351 353 359 367 359 361 365 372 373 382 381 387 393 400 400 401 407 411 419 414 417 419 424 428 430 436 444 451 453 460 463 467 469 477 486 478 486 495 499 498 505 508 516 524 532 531 536 539 546 551 551 548 557 554 556 565 574 578 586 595 600 608 605 612 610 616 623 623 632 632 633 634 643 650
 16 285 283 292 290 299 291 297 302 304 306 304 302 305 310 317 310 313 314 321 330 336 343 342 346 348 347 353 356 360 354 358 366 373 382 387 380 385 385 393 400 406 398 403 410 408 416 422 430 428 432 441 445 447 452 460 463 462 469 476 484 476 484 487 491 496 503 505 511 517 526 528 536 536 537 545 546 547 548 552 555 564 573 574 581 590 591 600 596 603 608 613 614 622 623 626 633 634 635 641
 17 289 282 284 285 290 288 289 293 301 303 298 300 301 303 310 308 313 315 324 329 334 339 334 340 341 346 348 349 351 353 362 370 375 384 378 378 379 384 385 391 397 395 397 406 405 413 418 421 427 432 435 439 446 452 455 456 460 468 467 475 475 476 482 491 495 502 504 512 521 521 530 532 532 541 541 550 547 553 556 564 568 566 567 573 582 584 593 592 594 599 607 610 613 617 621 629 638 639 647
 26 289 281 278 284 285 287 294 299 298 294 295 303 305 303 301 305 314 319 324 332 327 330 330 333 337 337 339 341 344 349 358 365 366 375 372 371 380 385 377 386 388 389 396 397 404 413 418 426 432 439 432 434 443 445 452 461 462 462 464 470 469 477 486 488 492 499 504 508 516 513 521 523 531 533 534 543 544 546 547 556 564 565 568 574 576 584 585 586 590 597 599 601 610 616 624 628 637 645 648
 28 283 274 272 275 276 285 294 293 289 287 289 298 296 294 300 308 313 318 318 326 323 329 328 332 338 336 341 340 341 346 349 356 365 366 373 368 373 379 374 379 382 388 396 397 403 406 412 418 424 431 429 437 438 447 451 453 457 458 461 465 468 472 477 486 488 492 496 505 507 512 513 522 528 536 534 543 552 552 555 556 565 572 569 578 577 585 590 595 599 599 605 602 607 613 616 625 634 637 639
 29 275 266 266 271 275 284 290 285 287 278 285 290 287 288 294 301 307 309 316 318 314 321 325 323 330 334 336 337 344 352 346 353 360 367 364 366 367 370 371 378 379 387 391 395 403 405 408 415 417 426 427 431 436 438 444 446 451 460 463 464 467 472 481 489 496 495 499 503 504 505 512 519 520 528 533 537 543 550 554 556 559 564 572 581 586 594 598 597 604 606 607 606 614 620 617 619 627 632 631
 33 268 262 265 274 277 281 284 277 285 277 282 288 286 294 294 302 300 309 312 315 312 320 327 322 321 326 327 335 340 344 345 349 356 359 363 372 375 377 374 383 387 395 400 397 400 402 406 412 421 425 427 435 444 440 444 447 449 455 458 460 462 464 473 481 490 497 497 500 506 514 520 528 521 530 530 531 536 545 547 548 556 561 567 576 582 590 599 603 612 608 612 615 619 623 619 627 625 625 628
 41 262 261 263 267 268 273 276 275 283 275 275 284 285 288 293 294 299 307 303 308 310 318 320 324 318 322 329 338 347 343 343 347 351 358 367 366 371 378 383 390 389 392 394 397 406 408 415 418 421 422 425 430 437 444 450 456 457 463 467 463 469 467 476 485 491 494 496 503 505 513 522 524 523 526 528 531 535 536 539 546 554 560 565 570 579 587 590 594 603 600 609 612 616 623 625 628 624 616 624
 42 254 258 255 260 263 272 270 269 278 271 272 277 284 290 299 296 292 301 302 310 306 315 322 315 317 321 330 337 341 334 342 347 350 356 364 359 365 373 382 385 385 393 395 399 401 410 419 418 420 419 428 430 437 445 453 457 459 463 464 464 473 473 479 479 487 491 497 497 505 506 513 518 526 532 529 530 539 545 543 552 553 562 567 572 576 582 590 592 594 594 602 611 607 615 617 619 622 615 621
 51 249 256 248 256 258 264 264 266 272 270 276 277 276 282 291 296 287 292 294 301 305 311 314 313 322 322 326 328 335 333 338 340 347 348 355 357 361 368 377 382 384 391 399 406 404 407 411 413 413 418 426 427 432 437 446 449 451 454 455 458 465 471 472 473 479 485 488 494 497 505 507 513 522 523 527 533 542 548 548 556 562 554 558 567 573 579 583 584 592 593 594 603 606 607 609 612 613 614 622
 56 244 253 247 255 263 256 263 264 265 263 267 268 272 273 282 290 285 294 295 304 300 307 315 311 320 325 328 337 332 331 337 336 345 353 357 356 359 366 370 373 375 383 390 398 398 398 402 404 412 420 428 428 437 438 446 448 455 456 462 467 472 476 477 476 483 489 484 487 492 496 505 511 520 518 526 535 539 540 549 553 553 552 555 563 568 576 575 575 584 585 593 594 598 607 608 616 622 622 625
 58 241 244 246 248 254 248 257 264 260 261 268 276 273 279 280 281 282 291 294 295 299 301 308 310 311 319 328 337 334 327 329 335 338 345 354 355 357 366 368 371 373 377 384 392 390 391 394 403 408 412 421 428 432 437 440 443 447 451 460 469 474 476 485 480 485 484 479 487 496 502 496 505 512 513 519 526 531 540 544 553 548 550 553 556 563 571 570 573 578 582 589 595 601 608 616 611 620 628 634
 66 237 239 244 242 245 243 251 255 259 268 269 271 264 273 280 285 291 295 296 304 302 307 308 317 320 326 320 329 325 326 334 343 346 345 349 355 361 364 368 377 380 385 386 387 389 398 403 402 408 417 423 424 425 434 434 435 440 447 455 461 469 474 482 473 477 476 478 479 488 493 494 503 511 520 524 525 532 537 536 545 546 552 559 565 561 563 567 568 569 576 583 586 595 599 608 610 619 622 629
 73 236 230 236 233 237 239 248 247 256 262 267 264 260 267 275 276 282 287 288 296 305 302 303 310 319 320 318 322 324 331 340 348 345 344 350 352 353 362 366 372 381 386 380 389 384 392 397 401 404 408 416 423 432 431 428 437 444 451 452 452 460 466 475 467 468 475 477 480 489 492 497 504 506 514 516 519 526 529 535 541 548 549 557 557 559 568 566 567 575 578 586 587 589 598 603 612 621 619 624
 74 228 229 227 230 232 236 242 246 247 253 261 260 256 258 267 271 279 282 287 295 299 301 302 303 312 311 317 322 325 332 341 348 347 343 350 344 350 358 357 366 375 377 377 386 377 386 393 395 400 407 415 424 424 423 424 433 438 443 444 451 460 458 466 466 467 468 475 480 488 495 502 504 505 506 507 515 521 522 531 539 539 543 548 549 556 562 565 567 573 575 577 585 594 598 602 604 613 614 615
 83 223 220 226 227 233 235 242 244 246 249 256 263 255 259 268 277 275 283 282 287 291 298 293 300 303 307 314 318 326 335 343 340 344 342 341 341 347 352 356 362 371 380 375 378 375 378 384 391 393 398 407 416 425 422 427 434 437 442 445 450 458 456 457 465 470 476 484 481 490 498 499 502 511 513 512 521 522 530 534 542 534 535 543 552 559 560 567 573 578 582 579 587 592 597 600 603 610 613 621
 89 221 213 222 228 224 233 238 246 251 243 248 256 252 259 262 268 272 274 276 282 284 289 290 293 298 301 305 313 321 327 336 331 337 333 334 338 342 347 353 360 366 373 372 370 372 378 387 395 399 400 409 407 416 417 421 427 432 440 446 450 453 450 459 460 469 477 483 489 490 498 503 508 512 514 513 522 528 526 532 535 533 541 548 553 562 561 569 570 576 580 583 592 601 604 600 601 609 610 619
 93 215 211 217 224 222 228 235 239 242 241 247 250 251 260 260 264 269 278 279 281 279 280 284 285 294 295 296 304 312 321 330 324 328 329 337 346 348 350 356 357 362 369 377 369 376 381 390 399 404 401 401 403 407 416 421 428 426 434 440 444 449 448 455 464 465 472 481 483 491 491 500 499 504 505 514 513 519 518 523 526 529 536 545 548 555 564 573 571 578 577 584 585 592 599 599 608 612 618 623
 94 215 208 215 218 217 224 231 237 233 234 243 252 251 256 256 263 269 269 278 280 275 278 287 290 295 303 299 305 312 320 324 323 325 333 331 338 345 354 351 359 355 363 368 367 370 379 388 390 397 402 397 404 405 412 421 422 423 431 433 440 442 446 454 456 465 469 472 481 489 489 498 498 506 508 506 504 511 514 519 528 537 541 545 553 562 564 573 570 574 576 582 589 589 590 591 599 604 609 614
100 212 207 208 214 215 224 226 232 231 225 234 243 248 254 252 254 262 261 270 271 274 283 289 289 294 302 307 312 320 322 324 317 318 325 326 329 338 346 350 352 349 354 361 364 373 379 380 381 390 393 395 404 407 408 414 421 422 429 435 435 444 450 456 461 465 473 479 486 486 486 492 496 504 500 497 503 505 510 519 527 534 541 543 548 557 564 571 564 565 572 574 581 588 593 594 596 603 612 620
109 203 200 206 207 216 222 217 225 230 224 226 234 241 245 248 251 254 256 263 272 275 281 286 288 293 296 303 309 311 313 315 316 324 323 328 322 331 337 342 343 346 347 356 357 366 372 379 383 389 386 394 400 406 412 421 417 426 427 428 433 442 444 451 457 459 468 470 477 477 478 483 487 496 502 494 503 512 518 521 525 531 540 549 544 553 555 562 563 568 571 579 572 580 585 586 591 597 603 612
118 194 193 200 203 209 215 216 220 221 223 228 236 237 242 251 252 259 265 271 276 278 282 291 291 292 298 299 300 302 310 310 317 315 317 320 320 322 331 338 346 348 351 355 358 364 372 373 382 382 385 390 398 407 407 413 412 417 418 419 426 435 435 444 450 452 461 467 468 475 476 484 492 500 498 492 497 503 510 512 521 527 531 540 543 547 552 553 555 564 570 570 571 574 583 582 587 594 596 604
122 185 190 193 197 204 212 221 216 223 229 234 236 245 245 249 253 256 260 267 269 278 282 285 292 294 292 298 307 305 305 307 308 308 311 316 318 326 335 343 345 349 352 361 355 361 368 370 379 377 379 382 391 398 403 404 410 414 421 428 428 429 434 441 450 459 460 459 468 469 469 478 485 494 492 489 498 504 506 514 515 524 531 533 534 543 549 553 555 564 565 569 577 574 578 579 588 596 600 605
127 182 186 192 198 203 205 212 214 221 222 230 233 242 243 247 253 247 252 260 269 278 287 279 283 288 291 289 298 297 304 301 306 303 312 316 325 331 330 334 336 342 343 352 353 355 359 367 376 375 380 381 385 394 403 409 410 419 422 428 437 437 435 443 452 453 454 458 465 466 467 469 478 486 487 488 489 497 505 507 512 521 522 531 535 541 550 545 549 557 564 572 577 570 579 573 581 587 596 597
132 177 180 189 190 195 204 213 218 223 228 235 242 246 248 241 246 244 250 259 265 273 280 271 278 282 282 287 294 294 295 295 303 302 304 313 321 327 324 328 335 341 346 350 354 359 360 361 369 371 379 386 390 398 405 414 416 423 430 424 428 437 443 444 453 456 459 467 474 470 469 478 486 488 493 495 496 500 506 507 513 522 531 533 535 533 542 542 545 553 555 564 568 569 570 571 580 583 592 596
133 176 174 181 187 195 204 211 220 220 226 227 234 237 243 240 239 242 246 255 263 267 271 269 272 273 280 280 285 291 288 293 300 295 304 310 316 318 319 320 329 332 339 342 347 354 362 362 363 371 380 389 392 395 404 407 416 424 429 421 424 432 434 438 447 449 452 460 468 469 476 483 492 496 501 494 503 502 507 515 522 525 528 524 526 529 535 536 545 553 562 569 567 570 574 580 581 585 587 592
141 175 171 180 185 194 203 206 213 218 227 227 232 236 235 244 238 246 249 253 254 259 265 261 263 269 271 279 280 282 284 285 293 294 300 309 318 327 328 327 336 340 340 349 356 355 364 365 365 374 381 385 388 396 401 409 415 421 420 419 427 430 438 445 441 440 449 455 463 470 471 480 488 492 492 486 494 503 508 513 516 521 528 521 525 527 536 545 546 548 557 565 564 566 574 577 586 588 596 595
142 150 151 176 181 190 197 199 206 210 219 224 224 231 233 237 237 237 246 249 255 250 258 259 257 266 272 281 289 289 293 292 301 303 306 315 320 329 329 330 339 345 347 351 357 362 366 367 374 381 389 393 389 390 396 401 407 414 419 415 424 426 435 436 437 438 445 452 454 461 470 473 482 484 484 485 492 500 504 505 509 513 520 518 527 533 534 541 541 543 551 559 560 564 571 578 587 588 597 598
151 159 160 163 177 185 192 184 193 202 210 212 213 218 226 227 229 230 233 238 242 244 245 251 256 264 270 274 283 286 295 293 298 299 307 316 325 331 331 331 340 348 352 358 364 371 372 374 383 384 393 400 396 392 393 400 405 406 410 411 420 429 431 440 439 441 443 452 453 460 461 470 475 478 479 486 493 494 496 497 503 504 511 517 524 533 536 537 538 546 552 555 557 565 572 580 589 597 599 599
155 164 169 164 165 174 177 183 190 198 206 214 221 223 232 236 236 232 241 239 247 251 253 253 255 256 267 276 279 286 295 295 301 308 313 317 320 327 334 333 339 343 349 357 365 374 376 383 391 393 387 396 399 393 400 409 406 414 419 420 423 431 440 448 441 444 451 457 462 468 465 467 476 482 485 491 498 502 502 503 510 509 518 519 523 528 530 539 537 545 553 556 565 573 581 586 588 588 594 590
162 169 170 165 171 180 186 189 197 200 209 218 219 228 224 233 237 233 242 248 254 252 255 259 263 261 271 277 283 286 288 289 294 303 312 312 321 327 334 339 344 350 353 360 366 367 375 382 382 385 386 393 394 395 404 413 411 418 427 428 430 437 441 446 450 451 459 462 469 471 464 471 477 478 480 489 497 498 505 506 503 510 516 511 517 519 526 531 533 538 544 550 559 567 576 583 586 584 589 586
171 176 174 167 174 175 184 193 201 208 209 212 221 222 223 231 240 236 245 254 251 254 255 264 272 263 272 273 280 284 290 290 297 304 306 311 313 321 328 335 338 342 347 352 357 365 366 374 380 389 388 397 402 404 412 418 416 418 423 432 433 433 439 443 452 457 459 459 460 462 463 468 469 478 479 485 494 503 504 504 501 509 507 510 515 519 520 529 537 544 550 552 557 561 568 575 577 581 586 584
176 182 183 176 180 183 191 200 205 208 216 221 226 231 225 230 238 237 246 248 250 257 262 271 274 266 271 275 281 287 288 296 297 302 311 320 322 322 330 336 341 346 355 358 358 367 375 379 385 387 394 401 398 404 413 417 420 427 431 428 424 432 436 439 445 449 451 458 459 456 458 463 472 475 478 481 490 499 505 499 499 507 506 514 517 519 528 534 535 544 553 558 563 569 566 567 572 573 581 583
180 189 191 182 181 182 187 195 204 206 211 219 221 228 226 235 241 246 254 249 252 258 264 269 274 269 277 281 286 295 295 302 299 300 303 313 322 331 333 334 340 341 350 355 355 362 370 379 377 385 387 395 396 404 408 409 418 419 426 427 420 429 436 437 446 447 451 450 450 448 449 458 465 467 470 479 484 491 497 490 491 498 503 509 513 514 520 529 537 542 546 551 554 563 559 567 572 581 584 576
184 191 193 190 189 191 192 200 208 213 212 219 221 229 229 233 242 251 253 252 258 267 269 278 277 278 279 280 285 294 296 300 308 309 304 312 317 325 326 330 332 340 348 349 350 357 362 371 374 383 389 389 397 399 401 402 409 413 417 418 419 420 429 432 437 442 446 444 445 447 449 453 458 459 468 476 477 486 491 489 494 492 495 504 508 516 519 528 536 533 542 543 549 555 551 558 565 572 581 574
193 199 200 191 195 197 200 209 209 215 218 219 221 229 232 239 243 252 251 256 260 264 272 281 285 287 285 281 290 291 299 301 310 311 306 314 319 328 332 339 341 347 354 351 359 358 363 364 373 375 380 385 394 403 407 409 416 420 417 422 428 429 431 438 438 440 442 443 452 456 456 459 460 467 468 477 486 484 484 485 486 491 500 496 505 509 517 522 531 532 538 544 540 547 548 557 558 563 572 573
201 200 205 199 204 199 208 212 213 215 216 225 228 233 236 239 241 249 250 255 257 266 266 273 276 282 291 284 287 290 298 303 308 315 313 323 323 330 338 347 343 352 356 348 353 359 359 361 369 373 382 387 395 398 399 405 409 412 414 418 425 431 440 440 447 447 444 445 446 448 449 452 460 462 467 475 477 475 483 490 487 488 494 495 503 507 511 516 525 532 529 535 536 545 553 557 565 571 578 582
206 207 211 208 212 208 215 215 214 221 217 226 230 235 240 246 246 248 255 261 258 261 263 272 274 281 288 286 289 297 304 312 317 317 316 323 329 334 341 349 341 345 351 345 346 354 358 366 368 376 379 380 389 397 405 406 414 411 416 421 425 434 442 442 450 447 446 447 455 450 458 453 460 466 466 473 468 469 476 484 488 495 497 498 507 511 518 521 529 524 526 532 536 545 550 551 559 568 577 581
214 210 213 210 219 214 223 224 217 223 222 224 233 237 240 242 244 252 260 269 264 268 269 274 283 282 283 292 295 303 310 311 318 322 318 319 320 330 335 341 340 342 344 343 350 351 359 365 372 379 383 381 387 396 404 405 409 410 416 425 433 439 439 445 448 447 452 455 463 459 459 454 455 457 464 465 467 472 481 486 493 496 497 501 504 506 510 519 522 523 532 539 537 546 553 553 555 564 569 572
219 217 215 212 220 223 225 230 226 230 227 233 242 245 248 243 247 254 262 271 265 271 273 280 285 283 289 297 296 301 303 311 318 327 320 321 321 327 330 331 333 336 338 342 344 353 358 366 368 377 386 385 386 387 396 399 400 409 411 420 424 433 430 438 446 444 445 454 456 464 467 459 464 465 472 469 476 481 482 486 492 493 500 506 511 515 516 525 525 530 539 543 542 550 551 559 556 560 569 578
224 218 223 215 222 229 226 235 232 233 235 234 242 247 249 251 254 256 265 266 269 275 280 281 289 286 291 297 301 310 310 313 319 323 327 326 330 336 331 332 340 338 345 350 353 361 367 361 369 372 378 376 377 380 389 391 400 404 405 412 421 426 425 434 437 438 439 446 449 458 466 468 464 466 468 476 483 488 488 493 493 496 504 506 510 519 525 532 531 539 542 551 548 554 560 568 564 562 564 571
226 219 220 222 226 231 235 240 239 242 242 236 242 248 251 260 255 256 264 271 271 279 286 289 292 291 293 299 305 314 319 322 324 331 336 335 333 337 336 336 344 339 341 342 345 353 362 356 363 366 369 372 375 383 390 394 403 407 413 413 415 420 423 432 433 439 448 455 450 452 460 461 462 471 470 475 482 488 494 502 498 505 509 515 516 525 533 537 538 544 551 560 557 563 568 571 567 563 564 573
235 226 229 231 228 237 243 246 240 248 244 239 248 249 250 254 255 257 259 267 273 281 285 288 291 294 295 304 308 314 322 323 332 338 342 336 338 338 342 345 351 345 348 344 348 350 352 353 354 359 362 371 375 380 381 388 394 403 409 418 419 427 424 432 438 441 450 453 452 460 457 452 455 464 467 475 476 480 489 496 500 507 512 517 518 527 535 538 545 545 552 553 560 568 574 576 575 572 571 580
244 235 230 231 230 235 239 245 241 249 250 241 247 255 255 256 258 263 268 274 282 285 286 287 296 300 300 305 312 313 315 317 325 332 338 345 337 338 347 348 357 354 349 353 356 351 360 361 362 360 361 363 371 380 381 390 399 402 408 415 418 426 427 428 437 437 444 446 453 460 452 451 459 468 471 479 482 488 493 502 501 506 513 520 526 523 532 536 542 547 556 557 566 575 583 585 578 581 573 577
238 233 232 238 237 236 244 252 248 256 255 247 250 254 262 261 266 271 275 283 289 294 294 289 298 300 306 313 321 314 315 317 326 327 331 337 332 341 349 350 357 352 350 357 355 354 361 362 371 365 366 365 367 376 383 391 393 394 400 409 411 419 426 429 438 435 443 451 446 451 448 450 459 465 472 477 486 494 501 498 498 499 507 511 520 521 530 539 547 556 565 561 570 579 584 592 587 585 581 578
239 240 241 244 241 241 248 256 256 265 259 253 258 257 266 265 268 272 278 280 287 294 295 295 303 309 307 311 319 315 321 318 319 324 328 329 331 338 342 351 359 358 359 366 363 363 363 371 372 373 367 371 368 376 380 388 392 393 399 405 412 416 419 420 429 432 441 442 444 446 447 455 458 465 474 475 484 491 492 493 496 500 509 514 516 525 534 535 541 549 556 565 571 574 581 585 584 584 586 584
244 245 248 253 250 250 257 259 263 267 262 254 260 262 267 274 273 280 287 285 294 299 299 304 306 312 311 315 321 324 327 325 328 330 330 336 337 341 344 345 350 352 355 361 370 372 372 380 381 373 368 376 375 376 378 380 388 397 405 413 413 417 422 426 432 441 448 446 452 454 456 463 466 474 483 481 490 497 498 501 505 501 510 511 520 525 534 543 547 555 564 560 568 573 580 581 582 583 591 589
253 254 249 258 259 259 263 260 267 258 257 256 265 264 271 271 272 277 286 294 303 303 306 312 315 314 316 324 329 331 331 329 332 338 338 343 341 348 353 354 358 354 356 364 373 377 374 383 379 378 377 380 380 381 383 387 394 402 406 410 419 426 423 429 438 442 445 452 459 455 463 465 470 472 480 489 498 501 507 508 504 503 511 520 529 529 538 547 555 560 555 557 563 564 571 579 588 592 599 591
258 256 257 266 260 268 269 263 263 262 266 260 262 264 269 270 278 286 293 297 298 299 305 311 316 322 319 328 337 335 332 338 340 339 339 348 347 356 357 358 363 356 364 373 374 382 376 385 386 381 378 387 387 390 392 394 403 411 415 415 421 426 425 432 437 443 451 456 454 455 458 461 470 477 486 493 494 503 511 512 506 509 510 515 521 524 533 542 546 552 553 562 571 571 577 584 585 593 592 599
259 263 265 271 263 267 268 270 265 263 264 266 271 268 271 275 281 288 297 299 304 302 311 318 320 323 322 324 332 340 341 344 348 346 342 350 356 363 361 359 368 365 371 372 373 378 385 394 387 387 387 396 394 394 394 399 401 408 414 415 424 432 432 436 444 445 451 452 453 458 467 469 478 481 486 487 496 501 507 508 513 510 518 523 530 533 534 539 542 547 556 565 566 573 581 588 586 594 590 599
260 269 266 272 270 268 276 279 274 271 271 269 278 277 278 283 290 293 298 304 306 310 315 324 321 329 327 328 337 344 346 352 353 354 349 358 361 368 363 367 371 367 368 376 380 386 388 389 388 396 393 396 397 395 396 401 410 412 417 424 433 436 441 445 448 453 460 459 461 466 468 477 478 482 483 491 497 504 512 517 515 516 522 527 531 540 542 540 545 550 555 560 561 570 576 583 589 592 586 595
267 276 271 275 279 271 273 281 277 277 272 272 281 286 284 290 296 294 296 297 306 312 314 321 326 333 336 332 336 337 340 343 344 345 354 355 364 372 364 366 368 376 377 379 382 389 397 390 395 404 400 404 403 397 405 408 416 421 424 431 436 442 442 446 451 459 468 467 462 468 476 478 486 489 491 498 499 501 509 510 511 518 526 534 535 536 538 543 544 550 558 564 570 579 576 577 580 583 584 589
274 275 280 284 285 280 276 285 282 279 276 279 283 291 287 293 297 295 299 302 311 317 318 326 328 337 344 341 341 340 346 351 349 354 358 356 364 370 373 368 370 371 373 382 383 392 398 391 392 397 405 413 408 398 407 416 425 428 431 432 433 440 444 444 445 450 459 460 465 468 477 485 491 494 497 499 503 505 513 515 516 517 519 527 528 536 539 542 551 556 557 564 569 572 575 574 581 590 589 592
283 284 289 288 286 289 284 292 283 283 285 280 289 292 294 302 306 304 307 309 315 318 324 332 329 332 340 347 348 346 352 353 354 362 361 365 367 370 376 376 378 376 381 382 390 398 406 400 400 405 413 411 404 402 409 414 418 419 428 435 434 435 443 442 450 459 466 468 474 469 472 478 486 491 496 501 502 511 520 519 524 519 528 535 534 541 542 544 545 547 548 557 560 563 570 571 580 589 596 601
292 293 298 297 294 291 287 292 290 292 294 288 297 293 297 306 308 313 310 310 313 314 321 330 338 340 345 348 356 349 357 359 356 364 370 366 373 371 376 384 379 380 385 391 398 406 407 406 409 409 411 420 412 410 415 422 426 428 437 436 435 436 438 440 448 451 459 463 470 477 477 484 489 496 505 510 505 514 516 517 525 520 522 526 531 540 542 548 546 555 556 564 569 572 579 576 582 583 592 599
294 302 303 300 301 292 288 294 299 291 290 289 291 297 298 307 316 320 319 319 319 321 325 329 335 336 345 351 357 356 363 361 361 363 364 372 378 379 382 391 388 389 394 395 403 407 412 414 417 412 414 418 421 414 421 428 431 437 439 437 437 445 447 444 445 454 460 462 471 475 478 480 487 494 497 506 510 516 522 525 528 528 531 529 530 534 540 547 551 555 559 561 564 565 574 583 591 587 591 595
302 310 306 302 298 294 295 302 300 299 298 291 293 298 302 307 316 321 324 328 321 329 327 334 343 338 347 353 355 359 364 370 368 372 365 369 370 376 385 393 393 390 398 402 403 404 411 412 415 415 423 426 422 417 419 425 426 435 440 446 446 446 448 449 452 459 463 468 469 478 486 489 494 497 500 501 506 515 524 525 534 529 532 530 538 543 548 554 560 560 568 564 568 574 579 580 585 594 593 602
303 306 315 311 303 299 304 304 307 301 301 292 293 296 303 306 315 322 324 328 327 336 331 340 347 347 356 358 364 363 372 377 372 372 371 378 379 385 389 391 397 395 404 404 412 413 420 421 420 419 427 432 431 426 427 434 433 439 440 449 455 454 450 452 461 460 462 468 475 484 485 490 499 498 499 500 509 518 527 533 534 536 536 537 540 549 551 552 560 569 577 573 572 575 577 579 587 589 598 607
306 315 324 318 310 307 307 312 310 309 305 296 294 301 307 311 312 317 324 330 335 339 338 345 350 350 358 359 367 366 370 379 381 377 378 381 380 383 390 389 391 395 396 405 408 414 416 418 427 420 423 431 438 431 429 435 436 440 449 451 455 462 458 461 463 469 471 470 473 481 490 496 497 500 500 509 518 520 521 527 535 543 537 543 547 555 560 559 564 572 577 577 579 577 579 584 592 598 607 616
315 322 330 322 317 316 310 318 314 312 305 304 295 300 308 317 321 325 324 330 333 339 347 352 357 355 363 367 376 372 379 388 386 378 379 383 382 383 387 388 389 398 398 399 400 409 417 425 428 429 427 435 444 438 436 443 445 445 452 457 457 460 464 470 472 477 479 472 480 487 488 496 504 506 501 503 509 516 524 533 541 540 544 548 556 562 567 568 573 576 583 582 583 583 588 592 600 605 612 615
322 331 338 330 322 314 311 312 321 316 312 303 296 300 305 312 318 321 322 330 336 342 351 359 354 363 366 371 374 380 386 395 386 381 386 384 384 390 395 392 394 400 405 408 407 409 415 420 429 434 428 436 439 446 438 445 452 449 454 458 462 463 468 474 476 477 479 474 480 489 494 503 505 514 509 512 517 520 528 532 533 537 543 545 552 561 567 570 571 579 588 589 590 587 592 594 602 609 618 623
327 336 341 335 329 320 314 321 327 318 316 309 305 305 307 312 315 324 331 333 334 343 344 351 352 361 362 363 365 374 381 389 388 385 392 392 391 397 399 398 402 406 413 416 411 412 417 426 435 443 437 441 441 442 442 450 453 458 455 460 461 463 471 478 477 479 477 475 483 484 493 502 510 514 516 518 520 528 529 531 532 534 541 550 552 556 563 571 574 575 583 588 592 595 593 601 609 617 624 630
333 340 342 333 332 325 317 318 320 323 314 307 306 310 311 319 320 327 329 338 343 352 345 350 359 362 370 364 371 372 381 387 395 394 398 399 399 403 407 406 407 407 409 414 420 413 419 427 436 444 446 444 447 451 451 451 458 461 456 457 459 467 468 471 477 482 479 484 492 493 501 504 505 510 519 527 524 526 528 537 538 535 544 548 551 556 565 571 577 576 581 587 594 591 595 604 604 610 619 624
336 342 334 333 331 329 323 326 325 317 312 310 307 312 314 320 328 334 331 334 342 350 346 350 352 361 369 370 372 380 389 396 398 401 406 403 405 412 409 411 413 414 410 415 424 421 427 434 436 441 448 446 454 456 453 460 464 463 463 460 463 465 469 472 479 481 484 485 493 499 504 508 509 518 519 528 528 527 534 536 545 539 540 542 551 555 564 573 574 575 578 587 586 589 595 599 603 612 620 627
340 348 341 342 338 333 324 333 332 323 315 316 315 316 322 325 328 336 337 340 349 350 352 359 360 363 372 379 380 384 386 395 397 405 414 407 412 419 410 418 418 416 417 423 424 429 434 440 439 440 449 451 460 463 454 456 457 460 466 469 464 473 476 479 487 482 490 494 500 508 505 507 514 517 526 535 536 528 531 537 545 546 548 551 559 556 563 571 580 580 578 580 583 588 596 600 609 612 617 626
346 355 350 350 344 340 333 334 325 318 317 319 319 325 323 332 332 341 346 347 353 357 356 360 361 369 373 375 376 377 386 387 390 399 407 408 413 416 419 424 419 417 426 431 433 438 441 449 440 444 453 460 467 458 455 464 464 461 470 470 466 475 484 483 492 491 496 495 497 506 512 511 512 515 521 530 532 536 538 541 543 550 556 560 568 561 562 566 574 576 577 586 592 589 596 600 602 609 610 618
347 356 356 349 348 339 336 330 323 321 321 321 327 330 330 332 334 342 343 347 356 362 361 368 370 378 377 377 378 384 390 396 398 407 411 416 421 425 420 428 427 421 430 436 434 443 449 456 447 452 461 463 464 460 462 463 471 469 475 478 472 477 487 490 492 496 498 503 502 504 512 513 515 524 523 525 534 543 545 550 544 552 553 556 565 565 565 574 581 579 581 587 593 590 599 607 610 612 619 620
355 364 357 356 347 346 339 332 324 328 324 325 331 331 339 333 335 339 341 349 356 365 368 369 370 374 381 385 386 393 399 397 404 408 416 422 429 429 422 425 434 427 428 436 437 442 448 455 452 455 462 467 464 461 470 470 477 478 484 479 480 479 480 483 491 495 504 504 503 512 521 514 520 527 527 531 540 542 546 549 552 553 561 560 564 569 570 573 580 588 585 589 590 598 600 606 607 616 618 627
364 363 354 351 347 341 340 335 328 337 329 328 337 338 346 341 342 347 349 358 364 368 369 372 371 379 388 393 394 402 402 406 408 417 420 421 425 426 428 426 429 431 436 439 443 451 449 451 459 457 458 461 462 467 474 471 472 474 475 484 489 486 486 488 498 504 506 505 509 511 518 519 523 524 526 535 544 547 554 557 554 554 560 568 566 567 576 574 583 589 594 592 598 603 609 607 609 610 617 624
372 363 361 352 350 350 347 338 332 335 332 337 342 339 345 350 351 356 351 352 360 369 378 381 379 387 396 401 403 408 411 410 413 414 419 423 424 428 429 427 436 434 436 445 444 452 453 455 461 461 467 464 465 468 476 480 480 482 476 477 481 490 492 489 490 495 502 506 513 520 527 521 529 532 529 532 536 538 546 550 554 559 563 568 568 576 582 583 587 594 595 600 599 606 607 610 610 615 622 629
375 366 368 359 352 353 350 345 336 340 336 341 350 347 352 354 354 362 353 357 366 367 375 376 380 381 390 399 405 410 415 414 416 422 428 429 429 437 433 430 434 442 443 452 448 449 458 459 460 469 467 466 474 469 477 483 486 490 482 478 484 485 489 498 495 504 510 508 518 522 528 522 530 536 536 533 538 546 553 559 563 563 569 575 577 578 583 588 594 601 596 602 608 614 612 611 611 617 619 625
379 375 374 368 361 360 352 345 341 342 341 342 351 356 361 357 362 359 355 363 372 371 377 382 387 389 397 400 409 410 418 415 421 429 436 431 436 443 440 438 439 447 449 453 450 458 465 464 469 474 476 474 474 471 477 486 495 492 485 485 493 493 494 497 501 504 511 509 515 520 527 531 531 536 545 542 539 543 544 550 555 563 567 576 585 586 592 589 597 604 605 606 609 617 620 620 618 626 625 626
387 384 383 374 370 369 361 354 345 343 350 343 345 354 359 365 371 368 363 365 366 375 378 387 388 397 401 401 406 415 424 423 426 430 439 437 438 446 447 444 445 454 457 461 458 467 467 465 471 480 480 483 476 472 481 487 489 489 487 488 496 501 502 504 509 511 517 518 517 526 531 537 540 545 546 551 544 551 551 553 560 565 573 581 587 594 601 595 596 604 608 614 615 623 627 629 626 635 634 630
387 379 378 374 371 374 365 356 351 352 347 346 349 350 355 356 365 367 369 373 375 377 381 389 391 400 402 407 414 423 425 428 428 429 437 445 447 448 450 453 448 449 458 465 467 469 475 466 467 474 483 489 485 479 488 496 494 494 488 494 501 507 510 511 518 513 522 523 518 526 534 543 548 553 554 560 551 560 552 555 563 570 575 576 584 593 594 596 605 610 616 623 622 623 630 637 628 633 642 634
395 386 385 377 369 368 366 358 355 351 350 355 350 359 357 365 372 370 377 379 384 378 387 395 398 405 409 415 422 430 434 434 437 431 434 438 444 446 454 451 449 450 455 456 464 472 478 475 474 478 486 487 494 488 497 502 499 503 496 502 510 513 517 519 526 520 529 528 525 533 541 543 543 552 558 562 554 557 558 564 567 568 575 581 582 584 591 599 607 615 623 625 630 624 631 632 637 641 642 643
402 393 385 385 377 374 365 358 357 353 355 364 359 366 359 360 363 370 371 374 377 385 389 396 398 402 411 417 426 435 439 443 435 433 434 441 450 451 458 455 455 451 454 458 461 468 476 480 476 485 486 490 491 489 497 505 503 509 500 501 509 514 518 520 529 525 529 529 527 536 544 541 542 544 552 553 557 566 566 566 567 570 578 584 586 587 596 604 605 612 620 628 628 626 632 640 638 647 651 649
395 392 383 383 374 365 364 363 363 359 357 365 367 364 362 365 370 376 380 376 380 382 391 394 400 408 409 416 423 432 437 440 443 434 435 437 443 452 459 464 464 460 463 460 468 476 481 483 483 484 493 498 500 496 505 508 508 513 509 504 511 518 521 525 533 534 537 533 530 532 534 538 541 542 551 555 565 568 571 570 568 573 582 589 595 592 601 608 614 620 625 631 631 635 640 641 644 649 654 657
387 383 380 378 377 369 371 364 364 365 366 373 368 369 366 373 377 385 387 378 379 382 390 391 392 399 402 411 415 424 433 434 435 437 444 446 452 459 466 473 470 469 471 469 477 485 490 485 489 487 488 497 498 499 508 512 513 518 516 512 519 527 529 534 542 541 537 535 532 538 542 546 550 551 557 559 569 576 578 578 577 577 582 590 598 601 609 611 618 623 632 640 640 641 649 647 647 648 652 660
396 389 389 386 379 377 369 365 371 369 370 372 377 377 374 381 378 379 388 387 383 390 395 400 393 402 410 415 422 428 429 436 442 444 442 450 459 458 462 469 473 478 479 476 483 484 489 486 493 496 495 499 500 508 509 511 519 527 525 519 527 533 538 543 543 548 543 543 535 544 550 547 553 560 564 561 571 579 586 581 580 586 585 593 601 610 613 614 616 619 626 635 632 633 640 649 651 652 659 665
400 392 392 388 379 375 374 374 379 370 375 379 382 383 378 387 379 388 394 396 391 392 397 404 401 404 411 417 424 429 432 430 433 438 440 444 453 455 461 462 470 479 482 477 482 490 491 495 502 505 497 506 502 507 513 518 524 532 531 526 535 535 540 543 550 556 549 546 538 547 555 549 552 559 563 565 569 574 582 582 584 585 588 597 602 609 614 621 625 625 618 627 631 633 642 651 660 659 662 671
403 396 393 396 388 384 383 383 380 379 382 386 390 384 387 383 380 388 396 397 399 394 403 406 404 409 410 415 419 420 424 428 436 445 443 444 451 455 460 461 470 479 485 479 482 491 497 498 501 510 506 515 511 508 516 523 524 525 527 530 534 541 548 544 553 555 549 545 541 545 553 557 553 559 567 572 570 572 573 576 578 587 594 598 599 606 605 613 620 621 616 625 628 637 643 647 656 660 661 670
410 404 401 403 394 389 392 390 389 382 383 392 397 390 396 390 389 390 395 402 408 403 412 407 409 417 419 418 427 429 429 437 440 448 452 450 459 464 467 470 473 474 483 482 489 497 505 501 509 516 513 520 513 517 519 524 528 528 535 538 537 543 552 553 557 562 556 551 542 551 553 558 555 564 571 578 572 574 581 583 581 586 587 594 596 600 604 606 611 612 613 622 627 630 637 646 651 652 660 662
418 413 410 412 403 396 394 391 392 383 392 395 403 395 402 393 398 392 401 403 412 404 406 413 412 421 422 419 421 425 434 443 445 449 458 457 464 471 471 477 482 483 490 487 494 499 503 505 509 518 515 520 515 524 520 529 536 530 537 546 542 550 556 562 558 562 555 554 546 555 562 566 559 566 570 570 579 582 589 584 586 591 593 602 603 602 606 607 615 615 616 625 627 636 645 649 654 660 666 663
426 420 414 405 404 403 401 392 394 386 395 401 407 404 404 395 401 395 402 407 415 413 415 422 419 425 431 428 424 433 436 438 447 448 457 465 472 478 477 478 480 488 495 490 494 501 503 509 518 525 516 525 524 533 525 533 538 539 542 551 548 553 559 566 567 566 562 555 554 561 569 567 561 562 563 568 577 585 592 587 590 594 597 605 610 603 610 616 622 618 624 625 633 641 642 651 660 661 666 669
423 416 407 406 411 411 402 393 401 393 400 404 410 407 413 404 404 401 408 409 412 413 419 425 421 422 426 434 426 435 437 446 452 453 462 470 471 480 486 484 489 497 502 499 496 498 504 513 519 525 517 518 520 528 526 528 534 535 543 549 550 544 553 560 565 558 567 561 563 570 578 569 566 569 567 571 579 583 590 593 599 602 605 610 607 605 607 612 614 621 624 630 637 640 647 656 665 668 675 678
423 414 413 414 418 409 404 395 402 402 408 413 414 409 416 411 413 410 409 410 413 414 422 431 429 424 433 431 428 429 432 439 448 454 459 468 471 475 482 489 490 498 502 499 497 502 505 514 516 518 525 527 521 530 533 529 532 535 539 541 542 543 547 556 562 557 565 568 570 579 583 576 575 573 570 573 581 589 595 602 605 611 612 619 615 610 614 621 621 627 627 628 637 644 653 661 668 669 678 685
429 420 422 419 419 410 410 404 403 411 409 412 419 410 419 420 421 419 418 419 414 422 428 437 430 425 433 435 437 431 440 448 455 455 459 465 466 473 476 481 488 497 505 502 505 510 514 522 517 525 526 531 529 537 539 537 537 539 547 546 546 544 552 553 554 556 561 567 568 574 583 584 583 582 578 581 584 588 597 601 602 606 612 621 616 611 614 621 624 629 633 635 636 645 653 655 661 668 671 676
426 423 425 426 420 419 412 405 409 411 414 414 417 418 425 423 427 424 419 419 417 418 420 429 438 434 438 443 439 440 448 452 461 464 466 467 472 477 478 482 491 498 502 505 514 518 517 526 524 530 535 540 532 538 544 545 538 546 554 548 555 553 557 560 561 558 559 565 574 577 581 584 589 583 580 584 585 587 592 594 603 611 618 619 618 618 617 618 622 627 629 638 643 647 648 656 658 667 675 679
435 427 432 435 429 428 421 414 415 416 422 422 418 421 430 424 429 426 424 427 418 427 428 437 445 441 439 448 441 447 456 461 470 473 471 475 477 482 487 483 488 494 495 504 509 516 520 529 527 528 531 536 540 539 541 547 547 553 562 553 560 561 564 566 570 566 568 574 582 585 586 591 593 588 582 591 587 594 593 602 608 612 615 624 624 626 621 626 623 631 638 647 646 647 656 662 660 665 667 670
436 435 441 436 437 433 424 420 416 421 425 423 421 422 430 432 436 428 427 435 426 427 428 437 443 442 446 455 446 455 456 465 473 482 478 476 485 488 487 486 487 493 502 509 518 525 525 533 535 529 530 539 545 548 548 554 554 554 562 561 566 564 566 575 574 567 573 576 577 578 579 585 593 589 590 594 596 596 602 604 610 615 619 620 622 630 630 630 624 628 630 639 640 649 655 656 660 661 670 678
442 440 448 443 435 432 426 424 423 422 430 431 428 428 435 441 441 437 429 438 432 436 437 438 442 446 450 451 448 457 461 470 475 484 483 477 483 490 496 493 493 499 507 514 518 527 531 533 542 533 539 541 548 553 552 555 559 556 560 563 568 572 572 575 578 569 578 584 586 582 584 586 591 596 593 602 604 605 605 605 607 616 625 621 628 635 636 632 628 634 636 637 639 640 646 654 655 660 668 672
451 449 449 441 437 428 427 432 431 427 428 429 434 433 439 448 445 436 435 444 439 445 446 443 451 449 450 451 451 459 464 473 479 480 489 482 489 498 495 494 502 500 505 514 523 529 538 541 550 541 547 550 556 562 561 561 568 565 566 564 569 576 581 581 580 571 573 577 582 587 592 589 593 594 596 603 612 606 610 606 610 611 618 626 634 640 644 635 633 637 644 643 648 642 649 655 660 659 660 663
458 449 441 440 431 430 435 436 432 435 433 431 440 434 442 443 452 445 440 443 440 444 453 447 455 450 458 459 459 460 462 470 473 479 488 491 498 502 504 497 501 509 513 522 531 538 545 548 545 543 545 554 557 565 562 569 575 574 571 572 578 580 586 582 584 580 574 581 585 589 590 598 601 601 605 610 619 614 611 610 618 613 616 618 626 635 635 644 639 644 650 652 653 644 645 646 651 657 665 664
455 448 441 440 432 436 444 440 441 439 442 440 445 437 444 444 449 452 443 447 442 451 460 454 463 457 466 461 463 467 468 476 475 481 490 494 503 503 508 502 508 516 519 527 536 541 550 557 552 548 552 561 565 570 569 572 578 582 574 573 582 589 591 591 587 579 577 585 592 595 598 604 609 610 613 615 619 615 620 615 623 614 617 618 626 628 631 639 647 645 650 651 650 647 651 649 659 659 663 671
460 454 445 441 441 439 441 441 450 441 447 449 447 438 447 453 452 451 444 451 450 453 460 459 464 463 470 465 466 471 473 482 484 490 491 500 503 512 513 509 517 521 526 528 535 536 545 554 559 556 553 562 570 571 574 579 584 591 582 576 582 591 600 600 591 584 583 591 595 604 606 611 618 611 619 618 619 618 625 616 625 622 626 627 635 632 640 648 654 653 651 659 655 654 659 655 658 660 669 676
460 452 446 449 447 446 443 446 449 442 446 455 450 447 456 454 454 460 453 456 456 462 469 463 470 464 473 470 475 473 475 482 489 494 496 499 508 515 515 518 523 528 529 529 535 539 546 555 559 562 554 562 571 580 578 581 586 593 591 585 591 598 603 602 600 592 592 597 603 612 607 616 621 617 624 624 625 619 628 621 630 630 635 636 641 633 642 650 659 662 659 665 656 659 662 662 665 661 662 666
462 455 455 456 455 452 452 453 444 443 451 454 457 448 453 458 462 461 460 458 458 460 466 471 470 469 470 479 483 480 484 483 491 499 505 501 510 511 519 516 525 529 538 534 539 548 552 554 562 566 561 570 575 576 585 590 587 588 594 590 597 606 612 605 599 596 598 605 612 615 613 622 626 618 625 632 624 622 625 622 629 632 641 645 648 641 648 652 661 668 667 669 661 667 667 666 671 663 670 672
465 459 460 464 456 460 459 457 450 448 455 455 464 457 462 467 471 467 465 464 466 462 470 478 479 470 478 479 487 485 492 489 496 502 509 502 509 514 522 515 516 525 534 543 548 545 545 550 556 557 558 562 566 568 577 586 595 597 599 599 598 607 612 613 607 599 607 614 616 617 621 624 632 626 631 636 632 623 631 631 633 641 647 651 651 643 652 661 665 673 676 673 668 674 673 675 679 672 676 673
468 468 462 465 461 468 460 458 457 457 457 464 466 459 468 475 480 475 466 465 468 465 473 475 484 477 478 486 489 494 501 498 498 507 514 506 508 510 513 514 516 520 528 536 542 543 544 546 555 563 564 571 574 577 580 588 595 604 607 600 606 615 616 618 613 607 616 622 623 618 623 630 633 631 634 635 635 631 639 640 642 642 650 651 652 644 651 658 666 667 674 681 674 675 682 684 683 679 684 682
