  0 571 565 570 573 569 578 580 581 579 572 568 562 567 568 566 560 561 565 564 567 576 584 580 589 584 582 587 590 591 595 592 593 602 602 599 593 600 601 602 610 613 622 623 629 626 630 632 640 644 647 649 658 662 659 667 667 674 677 682 691 683 685 693 702 700 704 712 713 719 728 737 743 741 748 750 753 751 756 751 756 764 768 776 778 787 9223372036854775808 9223372036854775808 9223372036854775808 9223372036854775808 9223372036854775808 9223372036854775808 9223372036854775808 9223372036854775808 9223372036854775808 9223372036854775808 9223372036854775808 9223372036854775808 9223372036854775808 9223372036854775808
  8 564 563 564 564 568 569 576 578 570 567 559 560 558 559 565 559 562 560 561 564 570 575 579 584 582 578 580 586 594 586 588 592 599 600 601 592 598 604 611 611 612 618 622 630 622 625 627 632 636 638 644 652 653 653 660 663 666 668 676 685 677 685 694 698 697 704 707 715 723 731 729 734 733 740 745 745 742 751 748 750 759 768 772 780 789 9223372036854775808 9223372036854775808 9223372036854775808 9223372036854775808 9223372036854775808 9223372036854775808 9223372036854775808 9223372036854775808 9223372036854775808 9223372036854775808 9223372036854775808 9223372036854775808 9223372036854775808 9223372036854775808
 16 556 554 563 561 570 562 568 571 563 560 557 551 551 553 558 551 554 555 562 571 570 577 571 575 577 574 580 583 587 581 585 593 600 607 598 591 596 596 604 611 617 609 614 621 616 624 630 638 636 640 643 644 646 651 659 662 661 668 675 683 675 683 686 690 695 702 704 710 716 724 726 734 730 731 739 740 741 742 746 749 758 767 768 775 784 785 9223372036854775808 9223372036854775808 9223372036854775808 9223372036854775808 9223372036854775808 9223372036854775808 9223372036854775808 9223372036854775808 9223372036854775808 9223372036854775808 9223372036854775808 9223372036854775808 9223372036854775808
 17 560 553 555 556 561 559 560 562 561 558 552 549 547 546 551 549 554 556 565 568 563 568 563 569 570 573 575 576 578 580 585 591 593 598 589 589 590 595 596 602 608 606 608 614 613 621 626 629 635 639 634 638 645 651 654 655 659 667 666 674 674 675 681 690 694 701 703 711 719 715 724 726 726 735 735 744 741 747 750 758 762 760 761 767 776 778 787 786 9223372036854775808 9223372036854775808 9223372036854775808 9223372036854775808 9223372036854775808 9223372036854775808 9223372036854775808 9223372036854775808 9223372036854775808 9223372036854775808 9223372036854775808
 26 560 552 549 555 556 558 565 558 553 549 550 550 546 544 542 546 555 559 559 563 556 559 559 562 566 564 566 568 571 576 576 583 584 592 583 582 591 596 588 597 599 600 607 605 612 618 621 629 633 639 631 633 642 644 651 660 661 661 663 669 668 676 685 687 691 698 703 707 710 707 715 717 725 727 728 737 738 740 741 750 758 759 762 768 770 778 779 780 784 9223372036854775808 9223372036854775808 9223372036854775808 9223372036854775808 9223372036854775808 9223372036854775808 9223372036854775808 9223372036854775808 9223372036854775808 9223372036854775808
 28 554 545 543 546 547 556 559 552 544 542 544 542 537 535 541 549 549 554 553 555 552 558 557 559 565 563 568 567 568 572 567 574 583 584 587 579 584 590 585 590 593 599 607 604 610 609 615 621 625 632 628 636 637 646 650 652 656 657 660 664 667 671 676 685 687 691 695 704 701 706 707 716 722 730 728 737 745 746 749 749 758 764 763 772 771 779 784 789 9223372036854775808 9223372036854775808 9223372036854775808 9223372036854775808 9223372036854775808 9223372036854775808 9223372036854775808 9223372036854775808 9223372036854775808 9223372036854775808 9223372036854775808
 29 546 537 537 542 546 555 550 544 542 533 540 533 528 529 535 542 543 545 551 547 543 550 554 550 557 561 563 564 571 572 564 571 578 585 578 577 578 581 582 589 590 598 602 602 609 606 609 616 618 627 626 630 635 637 643 645 650 659 662 663 666 671 680 688 695 694 694 697 698 699 706 713 714 722 727 730 736 743 746 748 751 756 764 773 778 785 786 782 9223372036854775808 9223372036854775808 9223372036854775808 9223372036854775808 9223372036854775808 9223372036854775808 9223372036854775808 9223372036854775808 9223372036854775808 9223372036854775808 9223372036854775808
 33 539 533 536 545 548 551 544 536 540 532 537 533 527 535 535 541 536 545 544 547 541 549 556 549 548 553 554 562 567 565 563 567 574 577 579 575 579 585 585 594 596 599 602 598 601 603 607 613 622 624 625 633 642 639 643 646 648 654 657 659 661 663 672 680 689 696 690 693 699 708 714 722 715 724 723 724 729 737 739 740 748 752 756 764 769 776 778 780 787 783 9223372036854775808 9223372036854775808 9223372036854775808 9223372036854775808 9223372036854775808 9223372036854775808 9223372036854775808 9223372036854775808 9223372036854775808
 41 533 532 534 538 539 543 538 534 538 530 530 535 526 529 534 533 535 543 535 540 539 547 549 551 545 549 556 565 568 561 561 565 569 574 575 566 571 578 587 591 588 591 593 596 605 609 616 619 621 620 623 628 635 642 648 655 656 662 666 662 668 666 675 684 690 692 689 694 696 704 712 714 716 719 721 723 727 728 731 738 746 747 750 755 763 768 769 771 778 775 784 9223372036854775808 9223372036854775808 9223372036854775808 9223372036854775808 9223372036854775808 9223372036854775808 9223372036854775808 9223372036854775808
 42 525 529 526 531 534 541 532 528 535 526 527 528 525 531 540 532 528 537 534 542 535 544 550 542 544 548 557 564 559 552 560 565 568 567 568 559 565 573 582 584 584 592 594 598 600 609 618 616 618 617 626 628 635 643 651 655 657 661 662 662 671 672 677 677 685 689 687 687 695 696 703 708 716 722 719 720 729 737 735 744 741 741 745 750 754 760 766 767 769 769 777 786 9223372036854775808 9223372036854775808 9223372036854775808 9223372036854775808 9223372036854775808 9223372036854775808 9223372036854775808
 51 520 527 519 527 529 534 526 525 529 525 527 523 517 523 532 532 523 528 526 533 534 540 543 540 549 549 553 555 557 551 556 558 565 559 564 557 561 568 577 581 583 590 598 605 602 605 609 611 611 616 624 625 630 635 644 647 649 652 653 656 663 669 670 671 677 683 678 684 687 695 697 703 712 713 717 723 732 735 739 743 740 732 736 745 751 757 758 759 767 768 769 778 781 9223372036854775808 9223372036854775808 9223372036854775808 9223372036854775808 9223372036854775808 9223372036854775808
 56 515 524 518 526 534 527 530 523 522 518 518 514 513 514 523 526 521 530 524 533 529 536 543 538 547 552 550 559 550 549 555 554 562 558 559 555 558 565 569 572 574 582 589 597 596 596 600 602 610 618 626 626 635 636 644 646 653 654 660 665 670 671 675 673 680 680 674 677 682 686 695 701 710 708 716 722 726 727 734 735 731 730 733 741 746 754 750 750 759 760 768 769 773 782 9223372036854775808 787 9223372036854775808 9223372036854775808 9223372036854775808
 58 512 515 517 519 525 519 528 525 517 516 515 515 509 515 516 517 518 527 523 524 528 530 535 537 538 546 547 556 552 545 547 553 553 550 556 554 556 565 567 570 572 576 583 591 588 589 592 601 606 610 619 626 630 635 638 641 645 649 658 667 671 666 675 670 675 674 669 677 686 692 686 695 702 703 709 713 718 727 725 734 726 728 731 734 741 746 745 748 753 757 764 770 776 783 787 779 788 9223372036854775808 9223372036854775808
 66 508 510 515 513 516 514 522 516 516 517 508 507 500 509 516 520 522 523 520 529 531 528 528 537 546 545 538 547 543 544 552 560 551 543 547 553 559 562 566 575 579 584 584 585 587 596 601 600 606 615 621 622 623 632 632 633 638 645 653 659 667 664 672 663 667 666 668 669 678 683 684 693 696 704 705 706 713 718 717 726 724 730 737 741 736 738 742 743 744 751 758 761 770 774 782 778 787 783 9223372036854775808
 73 507 501 507 504 508 510 517 508 512 515 506 500 496 503 511 511 513 515 512 520 528 522 523 528 537 538 536 540 542 549 558 551 543 542 548 550 551 560 564 570 579 584 578 587 582 590 595 599 602 606 614 621 630 629 626 635 642 649 650 650 658 656 665 657 658 665 667 670 679 682 687 692 688 695 697 700 707 710 716 722 723 724 732 732 734 743 741 742 750 753 761 762 764 773 773 776 785 780 785
 74 499 500 498 501 503 507 513 507 503 506 504 496 492 494 503 506 507 510 511 519 519 521 522 521 530 529 535 540 543 550 555 546 545 541 548 542 548 556 555 564 573 575 575 584 575 584 591 593 598 605 613 622 622 621 622 631 636 641 642 649 657 648 656 656 657 658 665 670 678 685 687 685 686 687 688 696 702 703 712 720 714 718 723 724 731 737 740 742 748 750 752 760 769 772 768 767 776 775 776
 83 494 491 497 498 503 505 511 504 502 500 507 499 491 495 498 502 499 507 506 511 511 518 513 518 521 525 532 536 544 552 546 538 542 540 539 539 545 550 554 560 569 578 573 576 573 576 582 589 591 596 605 614 623 620 625 632 635 640 643 648 652 646 647 655 660 666 674 671 680 682 680 683 692 694 693 702 703 709 711 717 709 710 718 727 734 735 742 742 747 752 751 759 764 769 764 765 772 774 782
 89 492 484 493 499 494 503 506 502 502 494 499 496 488 495 489 493 496 498 500 506 504 509 510 511 516 519 523 531 539 543 538 529 535 531 532 536 540 545 551 558 564 571 570 568 570 576 585 593 597 598 607 605 614 615 619 625 630 638 642 643 644 640 649 650 659 667 672 676 675 674 679 683 687 689 690 697 703 701 707 710 708 716 723 728 737 736 744 736 742 745 749 758 765 768 761 762 770 771 780
 93 486 482 488 495 492 498 501 494 493 492 496 490 487 495 486 487 492 498 501 501 499 500 504 503 512 513 514 522 530 537 531 522 526 527 535 544 546 548 554 555 560 567 575 567 574 579 588 597 602 599 599 601 605 614 619 626 624 632 636 637 642 638 645 654 655 662 666 668 674 666 675 674 679 680 689 688 694 693 698 701 704 711 720 723 730 739 744 735 742 741 748 749 756 761 760 769 773 779 784
 94 486 479 486 488 487 494 496 490 484 485 494 495 486 486 482 483 489 489 498 500 495 498 507 502 507 515 515 520 525 528 525 521 523 531 529 536 543 552 549 557 553 561 566 565 568 577 586 588 595 600 595 602 603 610 619 620 621 629 629 633 635 636 644 645 654 658 657 666 669 664 673 673 681 683 681 679 686 689 694 703 712 716 720 726 735 735 743 734 738 740 746 752 751 752 752 760 765 770 775
100 483 478 479 484 485 494 489 489 482 476 485 492 483 481 478 474 482 481 490 491 494 503 503 497 502 507 512 514 518 520 522 515 516 523 524 527 536 544 548 550 547 552 559 562 571 577 578 579 588 591 593 602 605 606 612 619 620 627 627 626 635 632 638 643 647 655 654 661 661 661 667 671 679 675 672 678 680 685 694 702 709 716 718 718 727 733 735 728 729 736 738 744 750 755 751 753 760 769 777
109 474 471 477 477 486 487 480 486 484 475 477 484 476 472 474 471 474 476 483 492 494 499 499 496 498 499 504 507 509 511 513 514 522 521 526 520 529 535 540 541 544 545 554 555 564 570 577 581 587 584 592 598 604 610 619 615 624 621 620 624 629 626 633 639 641 650 645 652 652 653 658 662 671 677 669 678 687 693 696 700 706 715 722 713 722 724 726 727 732 735 742 735 742 747 743 748 754 760 769
118 465 464 471 473 479 484 479 478 475 474 479 477 469 468 472 468 475 481 487 488 491 493 494 494 493 496 497 498 500 508 508 515 513 515 518 518 520 529 536 544 546 549 553 556 562 570 571 580 580 583 588 596 605 605 611 610 615 612 611 617 620 617 626 632 634 643 642 643 650 651 659 667 675 673 667 672 678 685 687 696 702 706 714 712 716 721 717 719 728 734 733 734 734 743 739 744 751 753 761
122 456 461 464 467 474 478 483 474 479 472 474 474 472 463 463 467 468 472 479 481 490 489 485 491 492 490 496 505 503 503 505 506 506 509 514 516 524 533 541 543 547 550 559 553 559 566 568 577 575 577 580 589 596 601 602 608 612 611 610 610 611 616 623 632 637 635 634 643 644 644 653 660 669 667 664 673 679 681 689 689 698 705 705 703 712 718 716 718 727 728 732 739 731 735 736 745 753 757 762
127 453 457 463 463 468 470 477 472 472 465 468 471 469 460 459 465 459 464 472 481 485 488 479 482 486 489 487 496 495 502 499 504 501 510 514 523 529 528 532 534 540 541 550 551 553 557 565 574 573 578 579 581 590 599 601 602 611 604 601 608 616 615 623 632 628 629 633 640 641 642 644 653 661 662 663 664 672 680 681 686 695 696 705 702 704 713 708 712 720 727 735 735 727 736 730 738 744 753 754
132 448 451 460 455 460 469 478 470 465 464 460 468 465 460 453 458 456 462 471 476 476 480 471 477 480 480 485 492 492 493 493 501 500 502 511 519 525 522 526 533 539 544 548 552 557 558 559 567 569 577 584 577 583 590 595 601 607 603 595 599 608 614 615 624 627 630 639 648 644 643 652 660 662 668 664 671 672 678 679 685 694 700 696 698 696 705 705 708 716 718 727 726 726 727 728 737 740 749 753
133 447 445 452 452 460 469 472 469 460 458 452 459 456 456 452 451 454 458 467 470 468 472 469 470 471 478 478 483 489 486 491 498 493 502 508 514 516 517 518 527 530 537 540 545 552 560 559 560 568 577 581 572 575 584 586 595 600 600 592 595 603 605 609 618 620 623 631 639 640 641 648 657 663 664 657 666 668 673 681 688 688 691 687 689 692 698 699 708 711 720 727 722 725 729 737 738 742 744 749
141 449 442 448 446 455 464 465 464 458 460 451 453 453 448 457 450 455 458 462 461 460 466 461 461 467 469 477 478 480 482 483 491 492 498 507 516 525 526 525 534 538 538 547 554 553 562 558 560 569 575 572 568 572 575 583 589 592 591 590 598 601 609 616 612 611 620 626 634 641 634 643 651 655 655 649 657 666 671 676 679 684 691 684 688 690 699 708 701 703 712 720 719 721 729 732 741 744 753 752
142 448 440 439 441 450 457 458 457 450 456 448 445 452 446 450 449 446 455 458 460 451 459 459 455 464 470 479 487 487 491 490 499 501 504 513 518 527 526 528 537 543 545 549 551 556 553 555 564 568 568 573 565 564 570 575 581 585 590 586 595 597 606 607 608 609 616 623 625 632 633 636 645 647 647 648 655 663 667 668 672 676 683 681 690 696 692 699 696 698 706 714 715 719 726 733 742 743 752 755
151 450 441 432 436 444 451 449 453 446 447 440 438 443 443 444 445 443 446 451 453 449 450 456 454 462 468 472 481 484 493 489 494 495 503 512 519 523 525 526 535 543 546 547 545 549 549 556 564 561 560 567 570 563 564 571 576 577 581 582 591 600 602 611 610 612 614 623 624 631 624 633 638 641 642 649 656 657 659 660 666 667 674 680 685 692 691 692 693 701 707 710 712 720 727 735 744 752 754 754
155 444 438 429 430 439 442 448 444 437 439 442 437 440 435 444 446 442 451 452 451 447 451 451 453 454 463 472 475 482 490 488 494 503 509 507 510 517 524 526 532 536 541 540 538 540 543 552 555 558 551 560 564 561 568 577 577 585 590 591 594 602 607 611 612 615 622 625 633 631 623 625 634 639 641 647 654 661 665 666 665 670 679 674 678 683 685 694 692 700 708 711 720 728 736 741 743 743 749 745
162 435 433 428 434 436 445 443 437 429 431 434 429 435 426 435 439 440 449 451 443 440 443 449 457 459 467 471 477 479 481 482 487 496 505 502 511 517 524 530 531 535 535 532 530 531 539 546 546 549 550 557 558 560 569 578 582 589 597 599 595 595 598 603 612 619 622 619 624 626 619 626 632 633 635 644 652 653 660 661 658 665 671 666 672 674 681 686 688 693 699 705 714 722 731 738 741 739 744 741
171 428 434 427 430 427 436 440 431 426 422 425 428 426 425 433 442 441 450 442 436 439 440 449 458 460 467 465 472 476 482 483 490 494 496 501 503 511 518 525 525 527 529 524 521 529 530 538 544 553 552 561 563 569 577 578 581 583 588 592 588 588 594 598 607 612 614 614 615 617 618 623 624 633 634 640 649 658 659 659 656 664 662 665 670 674 675 684 692 699 705 707 712 716 723 730 732 736 741 739
176 421 427 425 423 426 431 432 423 418 421 428 419 428 424 429 437 438 442 433 435 442 447 456 462 462 467 464 470 476 477 485 483 487 495 504 512 512 520 520 522 523 528 519 516 525 534 539 542 544 551 558 555 561 570 572 576 583 589 583 579 587 591 594 600 604 606 613 614 611 613 618 627 630 633 636 645 654 660 654 654 662 661 669 672 674 683 689 690 699 708 713 718 724 721 722 727 728 736 738
180 415 418 416 417 418 423 431 424 415 413 421 414 421 422 431 435 444 435 431 434 440 446 451 456 459 464 460 464 473 476 480 482 483 486 495 504 513 513 514 517 518 522 513 513 520 528 537 534 542 544 552 553 561 563 564 573 574 581 582 575 584 591 592 601 602 606 605 605 603 604 613 620 622 625 634 639 646 652 645 646 653 658 664 668 669 675 684 692 697 701 706 709 718 714 722 727 736 739 731
184 406 409 410 416 423 423 424 416 415 408 415 412 420 422 426 429 436 427 430 434 441 443 452 452 461 456 454 459 468 469 473 482 491 485 492 497 505 506 510 509 517 515 507 508 515 520 528 531 539 544 544 552 554 556 557 564 568 572 573 574 575 584 587 592 597 601 599 600 602 604 608 613 614 623 631 632 641 646 644 649 647 650 659 663 671 674 683 691 688 697 698 704 710 706 713 720 727 736 729
193 399 406 402 408 414 418 416 408 409 407 408 410 418 419 424 420 429 425 430 428 432 438 446 449 455 459 453 462 459 467 469 478 482 484 491 496 505 511 516 507 514 513 506 515 515 519 519 528 530 535 540 549 558 562 564 571 575 572 577 583 584 586 593 593 595 597 598 607 611 611 614 615 622 623 632 641 639 639 640 641 646 655 651 660 664 672 677 686 687 693 699 695 702 703 712 713 718 727 728
201 391 397 401 410 408 410 407 407 403 401 410 414 417 416 417 416 424 424 429 424 433 430 437 440 446 455 452 455 458 466 471 476 483 490 496 494 501 508 507 498 507 511 503 508 514 514 516 524 528 537 542 550 553 554 560 564 567 569 573 580 586 595 595 602 602 599 600 601 603 604 607 615 617 622 630 632 630 638 645 642 643 649 650 658 662 666 671 680 687 684 690 691 700 708 712 720 726 733 737
206 390 391 393 401 406 401 403 404 407 400 403 407 412 412 414 414 416 423 428 422 425 427 436 438 445 447 449 452 460 467 475 482 480 483 487 490 495 500 504 496 500 506 500 501 509 513 521 523 531 534 535 544 552 560 561 569 566 571 576 580 589 597 597 605 602 601 602 610 605 613 608 615 621 621 628 623 624 631 639 643 650 652 653 662 666 673 676 684 679 681 687 691 700 705 706 714 723 732 736
214 383 385 384 393 397 394 400 403 405 399 394 403 407 407 407 409 415 423 428 421 428 431 436 445 439 440 449 455 463 465 466 473 478 480 481 482 491 493 496 495 497 499 498 505 506 514 520 527 534 538 536 542 551 559 560 564 565 571 580 588 594 594 600 603 602 607 610 618 614 614 609 610 612 619 620 622 627 636 641 648 651 652 656 659 661 665 674 677 678 687 694 692 701 708 708 710 719 724 727
219 380 382 382 385 391 385 391 400 401 396 392 400 404 404 405 408 407 415 419 415 421 425 432 437 438 444 452 451 456 458 466 473 482 482 483 483 489 488 487 489 492 493 497 499 508 513 521 523 532 541 540 541 542 551 554 555 564 566 575 579 588 585 593 601 599 600 609 611 619 622 614 619 620 627 624 631 636 637 641 647 648 655 661 666 670 671 680 680 685 694 698 697 705 706 714 711 715 724 733
225 373 379 380 377 382 383 392 394 394 391 383 391 396 396 404 404 400 409 410 414 420 427 428 436 438 439 445 450 459 465 468 474 478 485 488 490 488 485 486 494 494 500 505 508 516 522 516 524 527 533 531 532 535 544 546 555 559 560 567 576 581 580 589 592 593 594 601 604 613 621 623 619 621 623 631 638 643 643 648 648 651 659 661 665 674 680 687 686 694 697 706 703 709 715 723 719 717 719 726
232 372 371 377 370 375 384 389 388 397 389 382 388 394 394 403 397 398 406 413 415 423 430 432 430 435 434 440 446 455 464 469 474 482 489 488 481 479 484 488 496 495 497 498 500 508 517 511 518 521 524 527 530 538 545 549 558 562 568 568 570 575 578 587 588 594 603 610 605 607 615 616 617 626 625 630 637 643 649 657 653 660 664 670 671 680 688 692 693 699 706 715 712 718 723 726 722 718 719 728
241 375 370 371 366 375 381 385 381 389 385 380 389 390 391 395 396 398 400 408 414 422 425 424 427 430 432 441 445 451 459 460 469 476 480 479 478 475 481 490 497 501 504 500 504 506 508 509 510 515 517 526 530 535 536 543 549 558 564 573 574 582 579 587 593 596 605 608 607 615 612 607 610 619 622 630 631 635 644 651 655 662 667 672 673 682 690 693 700 700 707 708 715 723 729 731 730 727 726 735
250 368 361 362 364 369 373 379 380 388 386 377 383 389 394 396 396 402 409 413 420 424 421 421 430 436 437 442 449 450 452 454 462 469 474 482 473 474 483 486 495 504 498 507 512 507 516 517 518 516 517 519 526 535 536 545 554 557 563 570 573 581 582 583 592 592 599 601 608 615 607 606 614 623 626 634 637 643 648 657 656 661 668 675 681 678 687 691 697 702 711 712 721 730 738 740 733 736 728 732
255 359 360 367 371 370 378 373 379 385 382 375 378 381 389 394 393 397 402 406 411 420 420 420 429 431 437 445 454 450 451 453 462 463 467 473 468 477 485 487 494 496 497 504 505 508 515 516 525 521 522 521 523 531 538 546 548 549 555 564 566 574 581 584 593 590 598 606 601 606 603 605 614 620 627 632 641 649 656 653 653 654 662 666 675 676 685 694 702 711 720 716 725 734 739 744 742 739 736 733
256 358 358 364 364 369 372 365 372 377 374 369 377 377 386 389 385 389 395 397 404 411 412 418 426 435 436 440 448 449 455 454 455 460 464 465 467 474 478 487 495 494 500 506 513 517 517 525 526 529 523 527 524 531 535 543 547 548 554 560 567 571 574 575 584 587 596 597 599 601 602 610 613 620 629 630 639 646 647 648 651 655 664 669 671 680 689 690 696 704 711 720 725 727 734 736 735 735 740 739
261 351 349 358 360 369 365 357 364 368 368 363 369 374 379 385 382 390 399 402 411 411 415 424 427 433 437 441 447 456 460 461 464 466 466 472 473 477 480 481 486 488 491 497 506 515 519 528 529 529 524 532 531 532 533 535 543 552 560 568 568 572 577 581 587 596 603 601 607 609 611 618 621 629 638 636 645 652 653 656 660 656 665 666 675 680 689 698 702 710 715 711 719 724 731 732 733 734 742 744
270 346 342 351 351 360 356 354 363 359 360 362 371 371 378 376 377 382 391 400 409 406 413 421 428 429 434 443 451 456 454 458 462 470 474 479 477 484 489 490 494 490 492 500 507 511 510 519 520 525 533 536 536 537 538 542 549 557 561 565 574 581 578 584 593 597 600 607 613 608 616 617 622 624 632 641 650 654 662 663 659 658 666 675 684 684 693 702 706 711 706 708 714 715 722 730 739 743 741 743
275 337 341 348 342 351 350 353 354 358 364 365 367 369 374 375 383 391 398 400 401 402 408 414 419 427 430 438 446 449 450 459 467 466 467 476 482 491 487 488 495 492 500 505 498 506 508 517 523 525 526 535 542 546 547 549 557 564 570 567 573 578 580 587 592 598 606 609 606 607 610 613 622 629 638 641 642 651 659 661 661 664 665 670 676 679 688 697 697 703 704 713 720 722 728 735 732 740 733 741
276 335 333 339 341 343 344 351 353 354 355 361 370 373 376 380 386 393 400 396 402 405 414 421 421 424 427 429 437 445 454 460 465 465 468 476 482 487 483 484 493 496 495 496 497 502 511 520 516 522 531 540 543 541 541 546 548 555 561 562 571 579 586 590 595 597 603 604 605 610 619 621 630 631 633 634 643 648 654 655 662 663 671 678 685 688 688 690 693 698 707 714 711 718 726 732 731 739 731 740
277 328 325 331 338 339 347 356 362 362 362 364 373 382 383 388 395 389 391 394 396 404 409 418 417 425 430 433 442 448 450 456 457 458 465 468 473 480 479 487 485 487 488 496 503 510 513 514 515 524 530 533 536 537 539 544 553 557 562 571 580 583 590 589 587 595 604 607 606 612 614 623 623 627 628 636 642 649 657 660 656 662 668 673 677 686 687 685 690 695 700 705 706 715 721 725 730 733 727 736
284 319 324 328 337 340 342 350 353 359 360 363 372 379 378 385 388 384 386 387 396 402 404 411 416 423 432 436 440 441 444 447 448 449 458 459 468 476 477 479 481 490 495 498 499 506 515 514 521 528 534 541 542 539 548 551 559 566 569 576 574 580 581 580 583 591 600 600 598 604 612 614 622 629 636 642 640 642 650 651 652 659 667 675 676 677 679 684 685 691 699 705 714 722 717 718 721 724 725 730
291 292 319 328 329 338 341 350 353 355 359 366 370 370 372 378 382 383 387 392 401 401 405 413 412 421 429 437 440 443 449 455 453 458 462 460 468 474 483 481 483 484 486 495 496 505 512 513 514 519 527 536 545 540 548 557 566 569 576 570 569 576 580 576 577 582 591 592 597 600 609 617 623 628 634 635 638 642 650 655 657 658 660 668 669 677 680 683 692 697 698 705 710 713 716 715 722 731 730 733
300 301 310 314 315 332 340 349 348 352 361 359 368 362 369 378 383 392 394 394 396 395 401 409 410 413 421 428 435 441 447 449 454 462 465 469 471 474 480 488 491 489 494 495 503 511 519 522 522 527 532 539 540 544 550 555 559 560 569 573 568 569 577 574 582 591 598 600 606 601 604 610 618 623 628 633 634 643 652 653 661 660 669 673 675 682 683 685 686 688 689 698 701 704 711 712 721 730 737 742
309 310 319 323 323 327 330 340 347 356 358 358 361 359 363 372 374 383 386 387 390 391 398 407 416 421 426 429 437 440 448 454 456 464 467 467 474 475 480 488 489 493 498 504 511 514 512 518 527 523 524 533 541 547 551 559 562 569 573 566 567 568 570 572 580 583 591 595 602 609 609 616 621 628 637 642 637 646 648 649 657 658 660 664 669 678 680 686 687 696 697 705 710 713 720 717 723 724 733 740
311 319 324 326 332 331 331 337 346 347 348 349 352 358 359 368 377 384 393 396 396 398 402 406 412 413 422 428 434 441 448 450 455 457 458 466 472 478 484 493 497 496 504 504 509 506 511 518 521 519 522 526 535 539 545 552 554 563 564 565 567 576 579 576 577 586 592 594 603 607 610 612 619 626 629 636 637 643 649 657 660 666 669 667 668 672 678 685 690 694 698 700 703 704 713 722 731 728 732 736
319 327 328 330 334 333 338 345 346 354 356 351 354 359 363 368 377 382 387 396 397 405 404 411 420 415 424 430 432 436 441 450 457 466 459 463 464 470 479 485 488 487 495 500 501 502 509 510 513 516 525 533 537 540 542 548 549 557 562 571 576 577 579 581 584 591 595 600 601 610 618 621 626 627 628 627 632 641 650 651 660 661 664 665 673 681 686 692 699 699 707 703 707 713 718 719 724 733 734 743
320 323 332 339 339 338 347 347 353 355 362 352 353 357 364 367 376 383 385 389 395 404 408 417 424 424 433 435 441 440 449 456 460 461 465 472 473 479 481 477 483 486 491 493 502 509 511 513 518 518 525 531 540 546 547 554 555 557 558 567 576 583 581 584 593 592 594 599 603 612 613 618 627 624 625 626 635 644 653 659 660 667 668 672 675 684 687 688 696 705 714 712 711 714 716 718 726 728 737 746
323 332 341 347 346 346 349 355 356 363 365 356 354 362 368 372 373 378 385 391 399 403 410 417 422 425 433 434 442 443 447 456 465 466 469 469 469 472 479 475 477 481 482 491 494 500 502 504 513 514 517 525 532 537 539 545 548 552 561 563 567 575 583 592 594 601 602 593 596 604 613 619 620 623 624 633 642 644 645 651 659 666 666 672 679 687 696 695 700 708 713 716 718 716 718 723 731 737 746 755
332 339 347 352 353 355 352 360 360 367 366 365 355 361 369 378 382 386 385 391 394 400 409 416 422 427 435 440 444 449 456 465 466 461 462 466 468 469 473 474 475 484 484 485 486 495 503 511 514 523 521 529 538 544 546 553 557 557 563 569 569 572 578 587 594 593 598 591 599 606 607 615 623 629 625 627 633 640 648 657 659 658 665 668 677 684 691 697 698 701 708 713 717 722 727 729 737 743 750 753
339 348 355 360 361 356 353 354 363 367 373 364 356 360 365 372 378 381 382 390 397 403 412 420 415 424 427 432 435 443 449 458 458 460 467 467 469 476 481 478 480 486 491 494 493 495 501 506 515 521 522 530 533 541 542 549 556 560 565 568 570 570 575 581 585 585 590 589 595 604 610 619 621 630 633 636 641 644 652 653 651 655 661 663 670 679 685 688 689 697 706 713 717 721 719 721 729 736 745 753
344 353 359 365 370 362 356 363 371 369 376 370 365 365 367 372 375 384 391 393 394 403 404 412 413 422 423 424 426 435 442 450 453 457 464 472 476 483 485 484 488 492 499 502 497 498 503 512 521 530 531 535 535 536 540 548 551 560 561 565 565 567 575 582 582 584 586 587 595 596 605 614 622 626 633 639 642 650 647 649 650 652 659 668 670 674 681 689 692 693 701 706 710 717 714 722 730 736 743 749
350 357 366 365 372 367 359 360 362 371 374 367 366 370 371 379 380 387 389 398 403 412 405 411 420 423 431 425 432 433 442 448 456 465 470 477 484 489 493 492 493 493 495 500 506 499 505 513 522 530 539 538 541 545 549 549 556 560 561 562 564 571 572 575 581 586 588 596 604 605 613 616 617 622 631 640 644 644 646 655 656 653 662 666 669 674 683 689 695 694 699 705 712 709 713 722 722 728 737 742
353 361 362 364 366 371 365 368 370 375 372 370 367 372 374 380 388 394 391 394 402 410 406 411 413 422 430 431 433 441 450 457 459 466 474 477 483 492 489 494 499 500 496 501 510 507 513 520 522 527 534 536 544 549 551 558 562 561 568 565 568 569 573 576 583 585 590 591 599 605 610 614 618 627 628 637 641 642 649 651 660 657 658 660 669 673 682 691 692 693 696 705 704 707 713 717 721 730 738 745
357 365 369 373 373 375 366 375 379 383 375 376 375 376 382 385 388 396 397 400 409 410 412 420 421 424 433 440 441 445 447 456 458 466 475 473 480 486 487 495 499 497 503 509 510 515 520 526 525 526 535 540 549 558 552 554 555 558 564 573 569 577 580 583 591 586 594 600 606 614 611 613 620 623 632 641 646 643 646 652 660 664 666 669 677 674 681 689 698 698 696 698 701 706 714 718 727 730 735 744
363 372 378 381 379 382 375 384 385 378 377 379 379 385 383 392 392 401 406 407 413 417 416 420 421 429 433 435 436 437 446 447 451 460 468 469 474 477 486 492 494 495 504 512 519 524 527 535 526 530 539 548 557 553 553 562 562 559 568 571 571 579 588 587 596 595 600 601 603 612 618 617 618 621 627 636 638 646 653 656 658 665 673 678 686 679 680 684 692 694 695 704 710 707 714 718 720 727 728 736
364 373 380 381 388 384 381 388 383 381 381 381 387 390 390 392 394 402 403 407 416 422 421 428 430 438 437 437 438 444 450 456 459 468 472 477 482 486 487 495 502 499 508 514 515 524 532 541 533 538 547 550 551 550 557 558 566 567 573 579 577 582 591 593 595 600 602 609 607 609 617 619 621 630 629 631 640 649 656 664 659 667 668 671 680 683 683 692 699 697 699 705 711 708 717 725 728 730 737 738
372 381 383 390 389 391 388 392 384 388 384 385 391 391 399 393 395 399 401 409 416 425 428 429 430 434 441 445 446 453 459 457 464 469 477 483 490 493 489 492 501 505 506 514 517 522 528 535 538 541 547 549 547 548 557 564 566 570 571 572 580 582 583 586 593 597 606 601 602 611 620 620 626 632 631 637 646 648 652 655 663 659 667 671 675 679 684 687 694 703 703 707 708 716 718 724 725 734 736 745
381 390 386 390 395 392 393 395 388 397 389 388 397 398 406 401 402 407 409 418 424 428 429 432 431 439 448 453 454 462 462 466 468 478 481 482 486 487 493 492 495 499 507 510 516 525 526 528 536 538 539 542 543 549 556 557 558 560 561 571 577 584 588 588 593 598 599 600 606 608 615 620 624 625 627 636 645 648 655 659 657 658 664 672 673 674 683 684 693 699 708 710 716 721 727 725 727 728 735 742
390 392 395 392 395 401 402 398 392 395 392 397 402 399 405 410 411 416 411 412 420 429 438 441 439 447 456 461 463 468 471 470 473 474 479 483 484 488 490 491 500 502 504 513 514 522 526 530 536 540 548 545 546 549 557 566 566 568 562 563 568 577 582 583 584 589 596 600 606 615 624 622 630 633 630 633 637 639 647 651 655 660 664 669 671 680 686 693 697 704 705 713 714 721 722 725 726 731 738 745
399 395 404 399 397 400 405 405 396 400 396 401 410 407 412 414 414 422 413 417 426 427 435 436 440 441 450 459 465 470 475 474 476 482 488 489 489 497 494 494 498 506 511 520 518 519 528 532 533 542 543 545 554 550 558 564 570 576 568 564 570 571 575 585 589 598 604 602 611 615 621 622 630 636 637 634 639 647 654 660 664 664 670 676 680 682 687 692 699 706 706 712 721 729 727 726 727 733 735 741
403 404 410 408 406 408 412 405 401 402 401 402 411 416 421 417 422 419 415 423 432 431 437 442 447 449 457 460 469 470 478 475 481 489 496 491 496 503 501 502 503 511 517 521 520 528 535 537 542 547 552 553 555 552 558 567 576 578 571 571 579 579 580 583 589 592 599 600 606 611 618 627 628 633 642 643 640 644 645 651 656 664 668 677 686 690 696 693 701 708 715 716 719 727 735 735 734 742 741 742
411 413 419 414 415 417 421 414 405 403 410 403 405 414 419 425 431 428 423 425 426 435 438 447 448 457 461 461 466 475 484 483 486 490 499 497 498 506 508 508 509 518 525 529 528 537 537 538 544 553 556 562 557 553 562 568 570 572 573 574 582 587 588 590 597 599 605 609 608 617 622 628 637 642 643 652 645 652 652 654 661 666 674 682 688 696 704 699 700 708 712 720 725 733 740 744 742 751 750 746
419 414 418 417 417 426 425 416 411 412 407 406 409 410 415 416 425 427 429 433 435 437 441 449 451 460 462 467 474 483 485 488 488 489 497 505 507 508 511 517 512 513 522 529 537 538 546 539 540 547 556 562 566 560 569 577 575 578 574 580 587 593 596 597 606 601 610 614 609 617 625 634 642 650 651 660 652 661 653 656 664 671 676 677 685 694 695 697 706 712 720 729 732 733 740 749 744 749 758 750
428 421 426 425 418 420 426 418 415 411 410 415 410 419 417 425 432 430 437 439 444 438 447 455 458 465 469 475 482 490 494 494 497 491 494 498 504 506 514 515 513 514 519 520 528 536 542 548 547 551 559 560 569 569 578 583 580 587 582 588 596 599 603 605 613 608 617 619 616 624 632 634 634 643 649 653 651 654 659 665 668 669 676 682 683 685 692 700 708 716 724 726 734 734 741 742 751 757 758 759
437 429 428 433 426 429 425 418 417 413 415 424 419 426 419 420 423 430 431 434 437 445 449 456 458 462 471 477 486 495 499 503 495 493 494 501 510 511 518 519 519 515 518 522 525 532 540 545 547 556 557 561 563 564 572 580 584 593 586 587 595 600 604 606 615 613 617 618 618 627 635 632 633 635 643 644 648 657 665 667 668 671 679 685 687 688 697 705 706 713 721 729 731 733 739 747 748 757 766 765
445 438 431 440 434 425 424 423 423 419 417 425 427 424 422 425 430 436 440 436 440 442 451 454 460 468 469 476 483 492 497 500 503 494 495 497 503 512 519 528 528 524 527 524 532 540 545 548 554 555 564 569 572 571 580 583 588 593 595 590 597 604 607 611 619 622 625 622 621 623 625 629 632 633 642 646 656 659 664 668 669 674 683 690 696 693 702 709 715 721 726 732 734 741 747 747 753 753 757 765
440 436 433 434 437 429 431 424 424 425 426 433 428 429 426 433 437 445 447 438 439 442 450 451 452 459 462 471 475 484 493 494 495 497 504 506 512 519 526 535 534 533 535 533 541 549 554 550 556 558 559 568 569 572 581 585 590 595 602 598 605 613 615 620 628 629 627 625 623 629 633 637 641 642 648 650 660 667 671 676 678 678 683 691 699 702 710 712 719 722 726 735 732 732 740 746 747 748 752 760
449 442 442 442 439 437 429 425 431 429 430 432 437 437 434 441 438 439 448 447 443 450 455 460 453 462 470 475 482 488 489 496 502 504 502 510 519 518 522 529 533 542 543 540 547 548 553 551 558 567 566 570 571 580 581 583 591 600 609 605 613 619 624 629 629 636 633 633 626 635 641 638 644 651 655 652 662 670 678 676 678 685 682 690 698 707 709 712 714 717 717 726 723 724 731 740 744 748 755 761
453 445 446 448 439 435 434 434 439 430 435 439 442 443 438 447 439 448 454 456 451 452 457 464 461 464 471 477 484 489 492 490 493 498 500 504 513 515 521 522 530 539 544 541 546 554 555 560 567 576 568 577 573 578 584 590 596 604 604 609 615 615 620 623 630 638 639 637 629 638 646 640 643 650 654 656 660 665 673 673 675 676 679 688 693 700 705 712 720 716 709 718 722 724 733 742 751 755 755 764
456 449 447 455 448 444 443 443 440 439 442 446 450 444 447 443 440 448 456 457 459 454 463 466 464 469 470 475 479 480 484 488 496 505 503 504 511 515 520 521 530 539 545 543 546 555 561 563 566 575 577 586 582 579 587 594 595 596 598 602 606 613 621 622 631 637 640 636 632 636 644 648 644 650 658 663 661 663 664 667 669 678 685 689 690 697 696 704 711 712 707 716 719 728 734 738 747 751 752 761
463 457 455 463 454 449 452 450 449 442 443 452 457 450 456 450 449 450 455 462 468 463 472 467 469 477 479 478 487 489 489 497 500 508 512 510 519 524 527 530 533 534 543 546 553 561 569 566 574 581 584 591 584 588 590 595 599 599 606 610 609 615 624 631 635 642 647 642 633 642 644 649 646 655 662 669 663 665 672 674 672 677 678 685 687 691 695 697 702 703 704 713 718 721 728 737 742 743 751 753
471 466 464 472 463 456 454 451 452 443 452 455 463 455 462 453 458 452 461 463 472 464 466 473 472 481 482 479 481 485 494 503 505 509 518 517 524 531 531 537 542 543 550 551 558 563 567 570 574 583 585 590 586 595 591 600 607 601 608 617 614 622 628 637 636 643 644 645 637 646 653 657 650 657 661 661 670 673 680 675 677 682 684 693 694 693 697 698 706 706 707 716 718 727 736 740 745 751 757 754
479 473 473 465 464 463 461 452 454 446 455 461 467 464 464 455 461 455 462 467 475 473 475 482 479 485 491 488 484 493 496 498 507 508 517 525 532 538 537 538 540 548 555 554 558 565 567 573 582 591 586 595 595 604 596 604 609 610 613 622 620 624 630 637 645 637 644 645 645 652 660 658 652 653 654 659 668 676 683 678 681 685 688 696 701 694 701 707 713 709 715 716 724 732 733 742 751 752 757 760
483 476 467 466 471 471 462 453 461 453 460 464 470 467 473 464 464 461 468 469 472 473 479 485 481 482 486 494 486 495 497 506 512 513 522 530 531 540 546 544 549 557 562 563 560 562 568 577 583 590 587 588 590 598 597 599 605 606 614 620 621 615 624 631 636 629 638 644 653 661 669 660 657 660 658 662 670 674 681 684 690 693 696 701 698 696 698 703 705 712 715 721 728 731 738 747 756 759 766 769
483 474 473 474 478 469 464 455 462 462 468 473 474 469 476 471 473 470 469 470 473 474 482 491 489 484 493 491 488 489 492 499 508 514 519 528 531 535 542 549 550 558 562 563 561 566 569 578 580 582 590 597 591 600 604 600 603 606 610 612 613 614 618 627 633 628 636 643 646 654 661 667 666 664 661 664 672 680 686 693 694 701 703 710 706 701 705 712 712 718 718 719 728 735 744 752 759 760 769 776
489 480 482 479 479 470 470 464 463 471 469 472 479 470 479 480 481 479 478 479 474 482 488 497 490 485 493 495 497 491 500 508 515 515 519 525 526 533 536 541 548 557 565 566 569 574 578 586 581 589 590 595 599 607 610 608 608 610 618 617 617 615 623 624 625 627 632 638 639 645 654 662 669 673 669 672 674 677 686 687 688 692 698 707 707 702 705 712 715 720 724 726 727 736 744 746 752 759 762 767
486 483 485 486 480 479 472 465 469 471 474 474 477 478 485 483 487 484 479 479 477 478 480 489 498 494 498 503 499 500 508 512 521 524 526 527 532 537 538 542 551 558 562 565 574 582 581 590 588 594 599 604 602 608 614 616 609 617 625 619 626 624 628 631 632 629 630 636 645 648 652 655 661 664 666 670 671 673 678 680 689 697 704 705 707 709 708 709 713 718 720 729 734 738 739 747 749 758 766 770
495 487 492 495 489 488 481 474 475 476 482 482 478 481 490 484 489 486 484 487 478 487 488 497 505 501 499 508 501 507 516 521 530 533 531 535 537 542 547 543 548 554 555 564 569 576 580 589 591 592 595 600 608 609 611 617 618 624 633 624 631 632 635 637 641 637 639 645 653 656 657 662 666 670 668 677 673 680 679 688 694 698 701 710 713 717 712 717 714 722 729 738 737 738 747 753 751 756 758 761
496 495 501 496 497 493 484 480 476 481 485 483 481 482 490 492 496 488 487 495 486 487 488 497 503 502 506 515 506 515 516 525 533 542 538 536 545 548 547 546 547 553 562 569 578 585 585 593 599 593 594 603 609 618 618 624 625 625 633 632 637 635 637 646 645 638 644 647 648 649 650 656 664 665 673 677 682 682 688 690 696 701 705 706 708 716 721 721 715 719 721 730 731 740 746 747 751 752 761 769
502 500 508 503 495 492 486 484 483 482 490 491 488 488 495 501 501 497 489 498 492 496 497 498 502 506 510 511 508 517 521 530 535 544 543 537 543 550 556 553 553 559 567 574 578 587 591 593 602 597 603 605 612 617 621 624 629 627 631 634 639 643 643 646 649 640 649 655 657 653 655 657 662 669 671 680 688 691 691 691 693 702 711 707 714 721 727 723 719 725 727 728 730 731 737 745 746 751 759 763
511 509 509 501 497 488 487 492 491 487 488 489 494 493 499 508 505 496 495 504 499 505 506 503 511 509 510 511 511 519 524 533 539 540 549 542 549 558 555 554 562 560 565 574 583 589 598 601 610 605 611 614 620 626 630 630 638 636 637 635 640 647 652 652 651 642 644 648 653 658 663 660 664 665 668 675 684 685 690 691 695 696 703 711 719 725 729 726 724 728 735 734 739 733 740 746 751 750 751 754
518 509 501 500 491 490 495 496 492 495 493 491 500 494 502 503 512 505 500 503 500 504 513 507 515 510 518 519 519 520 522 530 533 539 548 551 558 562 564 557 561 569 573 582 591 598 605 608 609 607 609 618 621 629 630 638 645 645 642 643 649 651 657 653 655 651 645 652 656 660 661 669 672 672 677 682 691 693 691 695 703 698 701 703 711 720 720 729 730 735 741 743 744 735 736 737 742 748 756 755
515 508 501 500 492 496 504 500 501 499 502 500 505 497 504 504 509 512 503 507 502 511 520 514 523 517 526 521 523 527 528 536 535 541 550 554 563 563 568 562 568 576 579 587 596 601 610 617 616 612 616 625 629 634 637 640 646 653 645 644 653 660 662 662 658 650 648 656 663 666 669 675 680 681 685 687 691 692 700 700 708 699 702 703 711 713 716 724 732 733 738 739 741 738 742 740 750 750 754 762
520 514 505 501 501 499 501 501 510 501 507 509 507 498 507 513 512 511 504 511 510 513 520 519 524 523 530 525 526 531 533 542 544 550 551 560 563 572 573 569 577 581 586 588 595 596 605 614 621 620 617 626 634 635 640 647 652 661 653 647 653 662 671 671 662 655 654 662 666 675 677 682 689 682 690 690 691 694 703 701 710 707 711 712 720 717 725 733 739 741 739 747 746 745 750 746 749 751 760 767
520 512 506 509 507 506 503 506 509 502 506 515 510 507 516 514 514 520 513 516 516 522 529 523 530 524 533 530 535 533 535 542 549 554 556 559 568 575 575 578 583 588 589 589 595 599 606 615 619 626 618 626 635 644 644 647 652 659 662 656 662 669 674 673 671 663 663 668 674 683 678 687 692 688 695 696 697 695 704 706 715 715 720 721 726 718 727 735 744 750 747 756 747 750 753 753 756 752 753 757
522 515 515 516 515 512 512 513 504 503 511 514 517 508 513 518 522 521 520 518 518 520 526 531 530 529 530 539 543 540 544 543 551 559 565 561 570 571 579 576 585 589 598 594 599 608 612 614 622 626 625 631 635 636 645 654 653 654 660 661 668 677 683 676 670 667 669 676 683 686 684 693 697 689 696 704 699 698 701 702 709 712 721 730 733 726 733 737 746 753 755 760 752 758 758 757 762 754 761 763
525 519 520 524 516 520 519 517 510 508 515 515 524 517 522 527 531 527 525 524 526 522 530 538 539 530 538 539 547 545 552 549 556 562 569 562 569 574 582 575 576 585 594 603 608 605 605 610 616 617 618 622 626 628 637 646 655 663 665 670 669 678 683 684 678 670 678 685 687 688 692 695 703 697 702 707 708 699 707 711 713 721 727 733 736 728 737 746 750 758 764 764 759 765 764 766 770 763 767 764
528 528 522 525 521 528 520 518 517 517 517 524 526 519 528 535 540 535 526 525 528 525 533 535 544 537 538 546 549 554 561 558 558 567 574 566 568 570 573 574 576 580 588 596 602 603 604 606 615 623 624 631 634 637 640 648 655 664 672 671 677 686 687 689 684 678 687 693 694 689 694 701 704 702 705 706 710 707 715 720 722 722 730 731 737 729 736 743 751 752 759 767 765 766 773 775 774 770 775 773
