  0 483 477 482 485 481 490 492 495 501 494 490 484 489 490 488 482 483 487 486 489 498 506 502 511 506 504 509 512 513 517 514 515 524 525 528 522 529 530 531 539 542 551 552 558 555 559 561 569 573 576 578 587 591 588 596 596 603 606 611 620 612 614 622 631 629 633 641 642 648 657 666 673 675 682 684 687 685 690 685 690 698 702 710 712 721 729 738 735 741 747 748 749 755 763 9223372036854775808 9223372036854775808 9223372036854775808 9223372036854775808 9223372036854775808
  8 476 475 476 476 480 481 488 493 492 489 481 482 480 481 487 481 484 482 483 486 492 497 501 506 504 500 502 508 516 508 510 514 521 522 530 521 527 533 540 540 541 547 551 559 551 554 556 561 565 567 573 581 582 582 589 592 595 597 605 614 606 614 623 627 626 633 636 644 652 660 659 664 667 674 679 679 676 685 682 684 693 702 706 714 723 728 736 733 740 738 744 751 751 760 760 9223372036854775808 9223372036854775808 9223372036854775808 9223372036854775808
 16 468 466 475 473 482 474 480 485 485 482 479 473 473 475 480 473 476 477 484 493 492 499 493 497 499 496 502 505 509 503 507 515 522 531 527 520 525 525 533 540 546 538 543 550 545 553 559 567 565 569 572 573 575 580 588 591 590 597 604 612 604 612 615 619 624 631 633 639 645 654 656 664 664 665 673 674 675 676 680 683 692 701 702 709 718 719 728 724 731 736 741 742 750 751 754 761 9223372036854775808 9223372036854775808 9223372036854775808
 17 472 465 467 468 473 471 472 476 483 480 474 471 469 468 473 471 476 478 487 490 485 490 485 491 492 495 497 498 500 502 509 515 517 526 518 518 519 524 525 531 537 535 537 543 542 550 555 558 564 568 563 567 574 580 583 584 588 596 595 603 603 604 610 619 623 630 632 640 649 649 658 660 660 669 669 678 675 681 684 692 696 694 695 701 710 712 721 720 722 727 735 738 741 745 749 757 9223372036854775808 759 9223372036854775808
 26 472 464 461 467 468 470 477 480 475 471 472 472 468 466 464 468 477 481 481 485 478 481 481 484 488 486 488 490 493 498 500 507 508 517 512 511 520 525 517 526 528 529 536 534 541 547 550 558 562 568 560 562 571 573 580 589 590 590 592 598 597 605 614 616 620 627 632 636 644 641 649 651 659 661 662 671 672 674 675 684 692 693 696 702 704 712 713 714 718 725 727 729 738 744 749 753 761 755 758
 28 466 457 455 458 459 468 477 474 466 464 466 464 459 457 463 471 471 476 475 477 474 480 479 481 487 485 490 489 490 495 491 498 507 508 515 508 513 519 514 519 522 528 536 533 539 538 544 550 554 561 557 565 566 575 579 581 585 586 589 593 596 600 605 614 616 620 624 633 635 640 641 650 656 664 662 671 680 680 683 684 693 699 697 706 705 713 718 723 727 727 731 730 735 741 741 749 752 747 749
 29 458 449 449 454 458 467 472 466 464 455 462 455 450 451 457 464 465 467 473 469 465 472 476 472 479 483 485 486 493 496 488 495 502 509 506 506 507 510 511 518 519 527 531 531 538 535 538 545 547 556 555 559 564 566 572 574 579 588 591 592 595 600 609 617 624 623 627 631 632 633 640 647 648 656 661 665 671 678 681 683 686 691 699 708 713 720 721 717 724 725 725 729 737 742 738 740 743 742 741
 33 451 445 448 457 460 464 466 458 462 454 459 455 449 457 457 463 458 467 466 469 463 471 478 471 470 475 476 484 489 489 487 491 498 501 505 504 508 514 514 523 525 528 531 527 530 532 536 542 551 553 554 562 571 568 572 575 577 583 586 588 590 592 601 609 618 625 624 627 633 642 648 656 649 658 658 659 664 672 674 675 683 687 691 699 704 711 713 715 722 718 723 731 731 735 737 743 735 735 738
 41 445 444 446 450 451 456 459 456 460 452 452 457 448 451 456 455 457 465 457 462 461 469 471 473 467 471 478 487 492 485 485 489 493 500 504 495 500 507 516 520 517 520 522 525 534 538 545 548 550 549 552 557 564 571 577 584 585 591 595 591 597 595 604 613 619 621 623 629 631 639 647 649 651 654 656 658 662 663 666 673 681 682 685 690 698 703 704 706 713 710 719 722 726 733 735 738 734 726 734
 42 437 441 438 443 446 455 453 450 457 448 449 450 447 453 462 454 450 459 456 464 457 466 472 464 466 470 479 486 483 476 484 489 492 496 497 488 494 502 511 513 513 521 523 527 529 538 547 545 547 546 555 557 564 572 580 584 586 590 591 591 600 601 606 606 614 618 622 622 630 631 638 643 651 657 654 655 664 672 670 679 676 676 680 685 689 695 701 702 704 704 712 721 717 725 727 729 732 725 731
 51 432 439 431 439 441 447 447 447 451 447 449 445 439 445 454 454 445 450 448 455 456 462 465 462 471 471 475 477 481 475 480 482 489 488 493 486 490 497 506 510 512 519 527 534 531 534 538 540 540 545 553 554 559 564 573 576 578 581 582 585 592 598 599 600 606 612 613 619 622 630 632 638 647 648 652 658 667 670 674 678 675 667 671 680 686 692 693 694 702 703 704 713 716 717 719 722 723 724 732
 56 427 436 430 438 446 439 446 445 444 440 440 436 435 436 445 448 443 452 446 455 451 458 465 460 469 474 474 483 474 473 479 478 487 487 488 484 487 494 498 501 503 511 518 526 525 525 529 531 539 547 555 555 564 565 573 575 582 583 589 594 599 603 604 603 610 615 609 612 617 621 630 636 645 643 651 657 661 662 669 670 666 665 668 676 681 689 685 685 694 695 703 704 708 717 718 722 731 732 735
 58 424 427 429 431 437 431 440 447 439 438 437 437 431 437 438 439 440 449 445 446 450 452 457 459 460 468 471 480 476 469 471 477 480 479 485 483 485 494 496 499 501 505 512 520 517 518 521 530 535 539 548 555 559 564 567 570 574 578 587 596 601 601 610 605 610 609 604 612 621 627 621 630 637 638 644 648 653 662 660 669 661 663 666 669 676 681 680 683 688 692 699 705 711 718 722 714 723 726 734
 66 420 422 427 425 428 426 434 438 438 439 430 429 422 431 438 442 444 445 442 451 453 450 450 459 468 469 462 471 467 468 476 485 480 472 476 482 488 491 495 504 508 513 513 514 516 525 530 529 535 544 550 551 552 561 561 562 567 574 582 588 596 599 607 598 602 601 603 604 613 618 619 628 631 639 640 641 648 653 652 661 659 665 672 676 671 673 677 678 679 686 693 696 705 709 717 713 722 718 725
 73 419 413 419 416 420 422 431 430 434 437 428 422 418 425 433 433 435 437 434 442 450 444 445 452 461 462 460 464 466 473 482 480 472 471 477 479 480 489 493 499 508 513 507 516 511 519 524 528 531 535 543 550 559 558 555 564 571 578 579 579 587 591 600 592 593 600 602 605 614 617 622 627 623 630 632 635 642 645 651 657 658 659 667 667 669 678 676 677 685 688 696 697 699 708 708 711 720 715 720
 74 411 412 410 413 415 419 425 429 425 428 426 418 414 416 425 428 429 432 433 441 441 443 444 445 454 453 459 464 467 474 483 475 474 470 477 471 477 485 484 493 502 504 504 513 504 513 520 522 527 534 542 551 551 550 551 560 565 570 571 578 587 583 591 591 592 593 600 605 613 620 622 620 621 622 623 631 637 638 647 655 649 653 658 659 666 672 675 677 683 685 687 695 704 707 703 702 711 710 711
 83 406 403 409 410 415 417 424 426 424 422 429 421 413 417 420 424 421 429 428 433 433 440 435 442 445 449 456 460 468 477 475 467 471 469 468 468 474 479 483 489 498 507 502 505 502 505 511 518 520 525 534 543 552 549 554 561 564 569 572 577 585 581 582 590 595 601 609 606 615 617 615 618 627 629 628 637 638 644 646 652 644 645 653 662 669 670 677 677 682 687 686 694 699 704 699 700 707 709 717
 89 404 396 405 411 406 415 420 424 424 416 421 418 410 417 411 415 418 420 422 428 426 431 432 435 440 443 447 455 463 469 467 458 464 460 461 465 469 474 480 487 493 500 499 497 499 505 514 522 526 527 536 534 543 544 548 554 559 567 573 577 579 575 584 585 594 602 607 611 610 609 614 618 622 624 625 632 638 636 642 645 643 651 658 663 672 671 679 671 677 680 684 693 700 703 696 697 705 706 715
 93 398 394 400 407 404 410 417 416 415 414 418 412 409 417 408 409 414 420 423 423 421 422 426 427 436 437 438 446 454 463 460 451 455 456 464 473 475 477 483 484 489 496 504 496 503 508 517 526 531 528 528 530 534 543 548 555 553 561 567 571 576 573 580 589 590 597 601 603 609 601 610 609 614 615 624 623 629 628 633 636 639 646 655 658 665 674 679 670 677 676 683 684 691 696 695 704 708 714 719
 94 398 391 398 400 399 406 413 412 406 407 416 417 408 408 404 405 411 411 420 422 417 420 429 431 436 444 441 447 454 457 454 450 452 460 458 465 472 481 478 486 482 490 495 494 497 506 515 517 524 529 524 531 532 539 548 549 550 558 560 567 569 571 579 580 589 593 592 601 604 599 608 608 616 618 616 614 621 624 629 638 647 651 655 661 670 670 678 669 673 675 681 687 686 687 687 695 700 705 710
100 395 390 391 396 397 406 407 411 404 398 407 414 405 403 400 396 404 403 412 413 416 425 431 426 431 436 441 443 447 449 451 444 445 452 453 456 465 473 477 479 476 481 488 491 500 506 507 508 517 520 522 531 534 535 541 548 549 556 562 561 570 567 573 578 582 590 589 596 596 596 602 606 614 610 607 613 615 620 629 637 644 651 653 653 662 668 670 663 664 671 673 679 685 690 686 688 695 704 712
109 386 383 389 389 398 403 398 405 406 397 399 406 398 394 396 393 396 398 405 414 416 422 427 425 427 428 433 436 438 440 442 443 451 450 455 449 458 464 469 470 473 474 483 484 493 499 506 510 516 513 521 527 533 539 548 544 553 554 555 559 564 561 568 574 576 585 580 587 587 588 593 597 606 612 604 613 622 628 631 635 641 650 657 648 657 659 661 662 667 670 677 670 677 682 678 683 689 695 704
118 377 376 383 385 391 396 397 397 397 396 401 399 391 390 394 390 397 403 409 410 413 417 423 423 422 425 426 427 429 437 437 444 442 444 447 447 449 458 465 473 475 478 482 485 491 499 500 509 509 512 517 525 534 534 540 539 544 545 546 552 555 552 561 567 569 578 577 578 585 586 594 602 610 608 602 607 613 620 622 631 637 641 649 647 651 656 652 654 663 669 668 669 669 678 674 679 686 688 696
122 368 373 376 379 386 390 398 393 400 394 396 396 394 385 385 389 390 394 401 403 412 416 414 420 421 419 425 434 432 432 434 435 435 438 443 445 453 462 470 472 476 479 488 482 488 495 497 506 504 506 509 518 525 530 531 537 541 546 545 545 546 551 558 567 572 570 569 578 579 579 588 595 604 602 599 608 614 616 624 624 633 640 640 638 647 653 651 653 662 663 667 674 666 670 671 680 688 692 697
127 365 369 375 375 380 382 389 391 393 387 390 393 391 382 381 387 381 386 394 403 412 417 408 411 415 418 416 425 424 431 428 433 430 439 443 452 458 457 461 463 469 470 479 480 482 486 494 503 502 507 508 512 521 530 536 537 546 539 536 543 551 550 558 567 563 564 568 575 576 577 579 588 596 597 598 599 607 615 616 621 630 631 640 637 639 648 643 647 655 662 670 670 662 671 665 673 679 688 689
132 360 363 372 367 372 381 390 391 386 386 382 390 387 382 375 380 378 384 393 399 405 409 400 406 409 409 414 421 421 422 422 430 429 431 440 448 454 451 455 462 468 473 477 481 486 487 488 496 498 506 513 512 518 525 530 536 542 538 530 534 543 549 550 559 562 565 574 583 579 578 587 595 597 603 599 606 607 613 614 620 629 635 631 633 631 640 640 643 651 653 662 661 661 662 663 672 675 684 688
133 359 357 364 364 372 381 384 390 381 380 374 381 378 378 374 373 376 380 389 394 397 401 398 399 400 407 407 412 418 415 420 427 422 431 437 443 445 446 447 456 459 466 469 474 481 489 489 490 498 507 516 507 510 519 521 530 535 535 527 530 538 540 544 553 555 558 566 574 575 576 583 592 598 599 592 601 603 608 616 623 623 626 622 624 627 633 634 643 646 655 662 657 660 664 672 673 677 679 684
141 361 354 360 358 367 376 377 384 379 382 373 375 375 370 379 372 377 380 384 385 389 395 390 390 396 398 406 407 409 411 412 420 421 427 436 445 454 455 454 463 467 467 476 483 482 491 492 492 501 508 507 503 507 510 518 524 527 526 525 533 536 544 551 547 546 555 561 569 576 569 578 586 590 590 584 592 601 606 611 614 619 626 619 623 625 634 643 636 638 647 655 654 656 664 667 676 679 688 687
142 360 352 351 353 362 369 370 377 371 378 370 367 374 368 372 371 368 377 380 386 380 388 388 384 393 399 408 416 416 420 419 428 430 433 442 447 456 455 457 466 472 474 478 484 489 488 490 499 503 503 508 500 499 505 510 516 520 525 521 530 532 541 542 543 544 551 558 560 567 568 571 580 582 582 583 590 598 602 603 607 611 618 616 625 631 627 634 631 633 641 649 650 654 661 668 677 678 687 690
151 362 353 344 348 356 363 361 370 367 369 362 360 365 365 366 367 365 368 373 377 378 379 385 383 391 397 401 410 413 422 418 423 424 432 441 448 452 454 455 464 472 476 482 480 484 484 491 499 496 495 502 505 498 499 506 511 512 516 517 526 535 537 546 545 547 549 558 559 566 559 568 573 576 577 584 591 592 594 595 601 602 609 615 620 627 626 627 628 636 642 645 647 655 662 670 679 687 689 689
155 358 350 341 342 351 354 360 365 358 361 364 359 362 357 366 368 364 373 374 380 376 380 380 382 383 392 401 404 411 419 417 423 432 438 436 439 446 453 455 461 465 471 475 473 475 478 487 490 493 486 495 499 496 503 512 512 520 525 526 529 537 542 546 547 550 557 560 568 566 558 560 569 574 576 582 589 596 600 601 600 605 614 609 613 618 620 629 627 635 643 646 655 663 671 676 678 678 684 680
162 349 345 340 346 348 357 363 358 350 353 356 351 357 348 357 361 362 371 380 372 369 372 378 386 388 396 400 406 408 410 411 416 425 434 431 440 446 453 459 463 467 470 467 465 466 474 481 481 484 485 492 493 495 504 513 517 524 532 534 530 530 533 538 547 554 557 554 559 561 554 561 567 568 570 579 587 588 595 596 593 600 606 601 607 609 616 621 623 628 634 640 649 657 666 673 676 674 679 676
171 342 346 339 342 339 348 357 351 347 344 347 350 348 347 355 364 363 372 371 365 368 369 378 387 389 396 394 401 405 411 412 419 423 425 430 432 440 447 454 457 459 464 459 456 464 465 473 479 488 487 496 498 504 512 513 516 518 523 527 523 523 529 533 542 547 549 549 550 552 553 558 559 568 569 575 584 593 594 594 591 599 597 600 605 609 610 619 627 634 640 642 647 651 658 665 667 671 676 674
176 335 341 337 335 338 343 352 343 339 343 350 341 350 346 351 359 360 369 362 364 371 376 385 391 391 396 393 399 405 406 414 412 416 424 433 441 441 449 449 454 455 463 454 451 460 469 474 477 479 486 493 490 496 505 507 511 518 524 518 514 522 526 529 535 539 541 548 549 546 548 553 562 565 568 571 580 589 595 589 589 597 596 604 607 609 618 624 625 634 643 648 653 659 656 657 662 663 671 673
180 329 332 328 329 330 335 343 338 336 335 343 336 343 344 353 359 368 364 360 363 369 375 380 385 388 393 389 393 402 405 409 411 412 415 424 433 442 442 443 449 450 457 448 448 455 463 472 469 477 479 487 488 496 498 499 508 509 516 517 510 519 526 527 536 537 541 540 540 538 539 548 555 557 560 569 574 581 587 580 581 588 593 599 603 604 610 619 627 632 636 641 644 653 649 657 662 671 674 666
184 320 323 322 328 335 335 336 329 334 330 337 334 342 345 349 358 365 356 359 363 370 372 381 381 390 385 383 388 397 398 402 411 420 414 421 426 434 435 439 441 449 450 442 443 450 455 463 466 474 479 479 487 489 491 492 499 503 507 508 509 510 519 522 527 532 536 534 535 537 539 543 548 549 558 566 567 576 581 579 584 582 585 594 598 606 609 618 626 623 632 633 639 645 641 648 655 662 671 664
193 313 320 314 320 326 330 328 321 327 329 330 332 340 343 350 349 358 354 359 357 361 367 375 378 384 388 382 391 388 396 398 407 411 413 420 425 434 440 448 442 449 448 441 450 450 454 454 463 465 470 475 484 493 497 499 506 510 507 512 518 519 521 528 528 530 532 533 542 546 546 549 550 557 558 567 576 574 574 575 576 581 590 586 595 599 607 612 621 622 628 634 630 637 638 647 648 653 662 663
201 305 311 313 322 320 322 319 320 322 323 332 339 344 345 346 345 353 353 358 353 362 359 366 369 375 384 381 384 387 395 400 405 412 419 427 425 432 440 442 433 442 446 438 443 449 449 451 459 463 472 477 485 488 489 495 499 502 504 508 515 521 530 530 537 537 534 535 536 538 539 542 550 552 557 565 567 565 573 580 577 578 584 585 593 597 601 606 615 622 619 625 626 635 643 647 655 661 668 672
206 304 305 305 313 318 313 315 316 323 324 332 336 341 341 343 343 345 352 357 351 354 356 365 367 374 376 378 381 389 396 405 413 411 414 418 421 426 433 439 431 435 441 435 436 444 448 456 458 466 469 470 479 487 495 496 504 501 506 511 515 524 532 532 540 537 536 537 545 540 548 543 550 556 556 563 558 559 566 574 578 585 587 588 597 601 608 611 619 614 616 622 626 635 640 641 649 658 667 671
214 297 299 296 305 309 306 312 315 321 326 323 332 336 336 336 338 344 352 357 350 357 360 365 374 368 369 378 384 392 396 397 404 409 411 412 413 422 427 431 430 432 434 433 440 441 449 455 462 469 473 471 477 486 494 495 499 500 506 515 523 529 529 535 538 537 542 545 553 549 549 544 545 547 554 555 557 562 571 576 583 586 587 591 594 596 600 609 612 613 622 629 627 636 643 643 645 654 659 662
219 294 296 294 297 303 297 303 312 316 321 321 329 333 333 334 337 336 344 348 344 350 354 361 366 367 373 381 382 387 389 397 404 413 413 414 414 420 423 422 424 427 428 432 434 443 448 456 458 467 476 475 476 477 486 489 490 499 501 510 514 523 520 528 536 534 535 544 546 554 557 549 554 555 562 559 566 571 572 576 582 583 590 596 601 605 606 615 615 620 629 633 632 640 641 649 646 650 659 668
225 287 293 292 289 294 295 304 306 309 317 312 320 325 325 333 333 329 338 339 343 349 356 357 365 368 373 379 384 393 396 399 405 409 416 419 423 423 420 421 429 429 435 440 443 451 457 451 459 462 468 466 467 470 479 481 490 494 495 502 511 516 515 524 527 528 529 536 539 548 556 558 554 556 558 566 573 578 578 583 583 586 594 596 600 609 615 622 621 629 632 641 638 644 650 658 654 652 654 661
232 286 285 289 282 287 296 301 300 309 313 311 317 323 323 332 326 327 335 342 344 352 359 365 364 369 368 374 380 389 398 403 408 416 424 423 416 414 419 423 431 430 432 433 435 443 452 446 453 456 459 462 465 473 480 484 493 497 503 503 505 510 513 522 523 529 538 545 540 542 550 551 552 561 560 565 572 578 584 592 588 595 599 605 606 615 623 627 628 634 641 650 647 653 658 661 657 653 654 663
241 290 284 283 278 287 293 297 293 301 306 309 318 319 320 324 325 327 329 337 343 351 355 358 361 364 366 375 379 385 393 394 403 410 415 414 413 410 416 425 432 436 439 435 439 441 443 444 445 450 452 461 465 470 471 478 484 493 499 508 509 517 514 522 528 531 540 543 542 550 547 542 545 554 557 565 566 570 579 586 590 597 602 607 608 617 625 628 635 635 642 643 650 658 664 666 665 662 661 670
250 283 267 268 270 275 285 291 292 300 309 311 317 325 325 326 328 333 338 344 352 355 356 357 366 370 371 376 383 384 386 388 396 403 409 417 408 409 418 421 430 439 433 442 447 442 451 452 453 451 452 454 461 470 471 480 489 492 498 505 508 516 517 518 527 527 534 536 543 550 542 541 549 558 561 569 572 578 583 592 591 596 603 610 616 613 622 626 632 637 646 647 656 665 673 675 668 671 663 667
255 264 266 273 277 276 286 294 299 307 315 317 320 324 332 331 336 341 345 353 359 364 364 359 368 370 376 384 392 385 386 388 397 398 402 408 403 412 420 422 429 431 432 439 440 443 450 451 460 456 457 456 458 466 473 481 483 484 490 499 501 509 516 519 528 525 533 541 536 541 538 540 549 555 562 567 576 584 591 588 588 589 597 601 610 611 620 629 637 646 655 651 660 669 674 682 677 675 671 668
256 263 272 278 281 281 288 298 306 315 321 321 328 327 336 335 338 342 348 350 357 364 365 365 373 379 377 381 389 386 392 389 390 395 399 400 402 409 413 422 430 429 435 441 448 452 452 460 461 464 458 462 459 466 470 478 482 483 489 495 502 506 509 510 519 522 531 532 534 536 537 545 548 555 564 565 574 581 582 583 586 590 599 604 606 615 624 625 631 639 646 655 661 664 671 675 674 674 676 674
261 266 273 282 290 290 297 300 308 317 320 315 321 326 331 338 335 343 352 355 364 366 369 374 376 382 381 385 391 395 398 396 399 401 401 407 408 412 415 416 421 423 426 432 441 450 459 468 470 464 459 467 466 467 468 470 478 487 495 503 503 507 512 516 522 531 538 536 542 544 546 553 556 564 573 571 580 587 588 591 595 591 600 601 610 615 624 633 637 645 654 650 658 663 670 671 672 673 681 679
270 275 274 283 292 299 303 301 311 310 311 313 323 324 331 328 329 334 344 353 362 361 368 376 383 384 386 394 399 402 402 400 403 409 409 414 412 419 424 425 429 425 427 435 444 449 451 460 461 466 468 471 471 472 473 477 484 492 496 500 509 516 513 519 528 532 535 542 549 545 553 555 560 562 570 579 588 591 597 598 594 593 601 610 619 619 628 637 645 650 645 647 653 654 661 669 678 682 689 681
275 277 282 291 292 301 306 304 305 309 318 317 319 321 326 327 335 343 350 354 355 356 362 368 373 382 385 394 403 406 403 409 411 410 410 419 418 427 428 429 434 427 435 444 445 453 453 462 468 469 469 478 478 481 482 484 493 501 505 505 511 516 515 522 527 533 541 546 544 545 548 551 560 567 576 583 584 593 601 602 596 599 600 605 611 614 623 632 636 642 643 652 661 661 667 674 675 683 682 689
276 283 290 298 295 299 300 307 307 308 309 315 324 325 328 332 338 345 354 356 361 359 368 375 377 380 383 385 394 402 411 415 419 417 413 421 427 434 432 430 439 436 442 443 444 449 458 467 463 469 478 487 485 485 484 489 491 498 504 505 514 522 522 526 534 535 541 542 543 548 557 559 568 571 576 577 586 591 597 598 603 600 608 613 620 623 624 629 632 637 646 655 656 663 671 678 676 684 680 689
277 286 287 293 300 300 308 316 316 316 316 318 327 334 335 340 347 350 355 361 363 367 372 381 378 386 388 389 399 406 408 414 415 416 420 426 431 438 434 438 442 438 439 447 451 457 460 461 462 471 477 480 483 484 486 491 500 502 507 514 523 526 531 535 538 543 550 549 551 556 558 567 568 572 573 581 587 594 602 607 605 606 612 617 621 630 632 630 635 640 645 650 651 660 666 673 679 682 676 685
284 293 292 296 305 303 305 313 316 322 317 320 329 338 341 347 353 351 353 354 363 369 371 378 383 390 397 393 397 398 401 404 405 407 416 417 426 434 435 437 439 447 448 450 453 460 469 462 469 478 484 488 489 486 495 498 506 511 514 521 526 532 532 536 541 549 558 557 552 558 566 568 576 579 581 588 589 591 599 600 601 608 616 624 625 626 628 633 634 640 648 654 660 669 666 667 670 673 674 679
291 292 301 305 311 312 308 317 321 324 321 327 331 339 342 348 352 352 356 359 368 374 375 383 385 394 402 402 402 401 407 412 410 416 420 418 426 432 441 439 441 442 444 453 454 463 470 463 464 469 477 486 495 487 495 504 513 516 521 522 523 530 534 534 535 540 549 550 555 558 567 575 581 584 587 589 593 595 603 605 606 607 609 617 618 626 629 632 641 646 647 654 659 662 665 664 671 680 679 682
300 301 310 309 310 319 316 325 322 326 330 328 337 340 347 356 361 361 364 366 372 375 381 389 386 389 397 404 409 407 413 414 415 424 423 427 429 432 438 446 449 447 452 453 461 469 477 472 472 477 485 492 492 491 497 502 506 507 516 523 524 525 533 532 540 549 556 558 564 559 562 568 576 581 586 591 592 601 610 609 614 609 618 625 624 631 632 634 635 637 638 647 650 653 660 661 670 679 686 691
309 310 319 318 318 322 319 324 329 335 339 336 345 341 345 354 356 365 367 367 370 371 378 387 395 397 402 405 413 410 418 420 417 426 432 428 435 433 438 446 447 451 456 462 469 477 478 478 481 481 483 492 500 499 503 510 514 516 525 524 525 526 528 530 538 541 549 553 560 567 567 574 579 586 595 600 595 604 606 607 615 610 612 616 621 630 632 638 636 645 646 654 659 662 669 666 672 673 682 689
311 319 324 321 327 324 320 326 335 336 337 337 339 345 346 355 364 371 376 376 376 378 382 386 392 393 402 408 414 417 424 422 422 424 425 434 440 441 444 453 456 460 465 466 474 478 483 486 489 484 486 490 499 503 509 516 519 525 527 525 527 535 537 534 535 544 550 552 561 565 568 570 577 584 587 596 600 606 612 615 618 618 621 619 620 624 630 637 641 645 649 651 654 655 664 673 681 677 681 685
319 327 328 325 329 326 327 334 335 343 345 339 341 346 350 355 364 369 374 383 378 386 384 391 400 395 404 410 412 416 421 430 429 433 426 430 431 438 447 455 460 461 469 473 474 475 482 483 486 487 495 498 502 505 507 513 514 522 527 534 536 536 538 539 542 549 553 558 559 568 576 579 584 587 590 591 596 605 614 615 624 619 622 620 628 633 638 644 650 650 658 654 658 664 669 670 675 684 683 692
320 323 332 334 334 331 336 336 342 344 349 340 341 344 351 354 363 370 372 376 382 391 388 397 404 404 413 415 421 420 429 436 433 433 432 439 440 447 451 453 459 462 467 469 478 484 487 489 491 491 499 504 511 514 515 522 521 526 527 536 545 544 540 542 551 550 552 558 565 574 575 580 589 588 589 590 599 608 617 623 624 626 626 627 630 639 641 642 650 659 667 663 662 665 667 669 677 679 688 697
323 332 341 342 341 339 339 344 345 352 353 344 342 349 355 359 360 365 372 378 386 390 395 402 407 407 415 416 424 423 427 436 442 438 439 442 441 445 452 451 452 456 457 467 470 476 478 480 489 490 493 501 508 513 515 521 524 528 536 538 542 550 548 551 553 559 561 560 563 571 580 586 587 590 590 599 608 610 611 617 625 633 627 633 637 645 650 649 654 662 667 667 669 667 669 674 682 688 697 706
332 339 347 347 348 348 342 350 349 356 353 352 343 348 356 365 369 373 372 378 381 387 396 403 409 412 420 424 431 429 436 445 447 439 440 444 443 444 448 449 450 459 459 460 461 471 479 487 490 499 497 505 514 520 522 529 533 533 539 544 544 547 553 560 562 567 569 562 570 577 578 586 594 596 591 593 599 606 614 623 631 630 634 638 646 652 657 658 663 666 673 672 673 673 678 682 690 695 702 705
339 348 355 355 354 346 343 344 353 357 360 351 344 348 353 360 366 369 370 378 384 390 399 407 402 411 414 419 422 430 436 445 445 442 447 445 445 451 456 453 455 461 466 469 468 470 477 482 491 497 498 506 509 517 518 525 532 536 541 544 546 546 551 557 561 561 566 564 570 579 584 593 595 604 599 602 607 610 618 622 623 627 633 635 642 651 657 660 661 669 678 679 680 677 682 684 692 699 708 713
344 353 359 361 361 352 346 353 361 359 364 357 353 353 355 360 363 372 379 381 382 391 392 399 400 409 410 411 413 422 429 437 440 444 451 453 452 458 460 459 463 467 474 477 472 473 479 488 497 506 507 511 511 512 516 524 527 536 537 541 541 543 551 558 558 560 562 563 571 572 581 590 598 602 606 608 610 618 619 621 622 624 631 640 642 646 653 661 664 665 673 678 682 685 683 691 699 707 714 720
350 357 366 362 364 357 349 350 352 361 362 355 354 358 359 367 368 375 377 386 391 400 393 398 407 410 418 412 419 420 429 435 443 452 457 460 460 464 468 467 468 468 470 475 481 474 480 489 498 506 515 514 517 521 525 525 532 536 537 538 540 547 548 551 557 562 564 572 580 581 589 592 593 598 607 616 614 616 618 627 628 625 634 638 641 646 655 661 667 666 671 677 684 681 685 694 694 700 709 714
353 361 362 364 363 361 355 358 360 365 360 358 355 360 362 368 376 382 379 382 390 398 394 398 400 409 417 418 420 428 437 444 446 453 461 464 466 473 470 472 474 475 471 476 485 482 488 495 497 503 510 512 520 525 527 534 538 537 544 541 544 545 549 552 559 561 566 567 575 581 586 590 594 603 604 613 617 617 624 626 635 629 630 632 641 645 654 663 664 665 668 677 676 679 685 689 693 702 710 717
357 365 369 373 370 365 356 365 369 371 363 364 363 364 370 373 376 384 385 388 397 398 400 407 408 411 420 427 428 432 434 443 445 453 462 460 467 473 471 479 479 477 478 484 485 490 495 501 500 502 511 516 525 534 528 530 531 534 540 549 545 553 556 559 567 562 570 576 582 590 587 589 596 599 608 617 622 618 621 627 635 636 638 641 649 646 653 661 670 670 668 670 673 678 686 690 699 702 707 716
363 372 378 381 376 372 365 374 373 366 365 367 367 373 371 380 380 389 394 395 401 405 404 408 409 417 421 423 424 425 434 435 438 447 455 456 461 464 473 479 480 478 487 492 494 499 502 510 501 506 515 524 533 532 529 538 538 535 544 547 547 555 564 563 572 571 576 577 579 588 594 593 594 597 603 612 614 622 628 631 633 640 646 650 658 651 652 656 664 666 667 676 682 679 686 690 692 699 700 708
364 373 380 381 383 374 371 378 371 369 369 369 375 378 378 380 382 390 391 395 404 410 409 416 418 426 425 425 426 432 438 444 446 455 459 464 469 473 474 482 488 482 491 497 495 504 510 518 508 514 523 526 530 530 536 537 545 543 549 555 553 558 567 570 572 576 578 585 584 586 594 595 597 606 605 607 616 625 632 640 634 642 643 646 655 655 655 664 671 669 671 677 683 680 689 697 700 702 709 710
372 381 383 390 382 381 378 380 372 376 372 373 379 379 387 381 383 387 389 397 404 413 416 417 418 422 429 433 434 441 447 445 452 456 464 470 477 480 476 479 488 488 489 497 498 503 509 516 513 516 524 529 527 528 537 544 546 550 551 552 560 560 561 564 571 575 584 581 582 591 600 596 602 609 609 613 622 624 628 631 639 639 647 650 654 659 660 663 670 678 675 679 680 688 690 696 697 706 708 717
381 390 386 390 388 382 383 383 376 385 377 376 385 386 394 389 390 395 397 406 412 416 417 420 419 427 436 441 442 450 450 454 456 465 468 469 473 474 480 480 483 487 495 498 504 512 510 512 520 518 519 522 523 529 536 537 538 540 541 551 557 564 567 568 573 578 579 580 586 588 595 600 604 605 607 616 625 628 635 639 637 638 644 652 653 654 663 664 673 679 684 682 688 693 699 697 699 700 707 714
390 392 395 392 391 391 392 386 380 383 380 385 390 387 393 398 399 404 399 400 408 417 426 429 427 435 444 449 451 456 459 458 461 462 467 471 472 476 478 479 488 490 492 501 502 510 514 516 522 522 528 525 526 529 537 546 546 548 542 543 548 557 562 563 564 569 576 580 586 595 604 602 610 613 610 613 617 619 627 631 635 640 644 649 651 660 666 673 677 684 685 690 689 696 697 700 700 705 712 719
399 395 404 399 393 394 397 393 384 388 384 389 398 395 400 402 402 410 401 405 414 415 423 424 428 429 438 447 453 458 463 462 464 470 476 477 477 485 482 482 486 494 499 508 506 507 516 520 521 530 528 527 535 530 538 544 550 556 548 544 550 551 555 565 569 578 584 582 591 595 601 602 610 616 617 614 619 627 634 640 644 644 650 656 660 662 667 672 679 686 686 692 698 704 702 701 701 707 709 715
403 404 410 408 402 402 400 393 389 390 389 390 399 404 409 405 410 407 403 411 420 419 425 430 435 437 445 448 457 458 466 463 469 477 484 479 484 491 489 490 491 499 505 509 508 516 523 525 530 535 537 535 535 532 538 547 556 558 551 551 559 559 560 563 569 572 579 580 586 591 598 607 608 613 622 623 620 624 625 631 636 644 648 657 666 670 676 673 681 688 695 696 699 707 710 710 708 716 715 716
411 413 419 414 411 411 409 402 393 391 398 391 393 402 407 413 419 416 411 413 414 423 426 435 436 445 449 449 454 463 472 471 474 478 487 485 486 494 496 496 497 506 513 517 516 525 525 526 532 541 541 544 537 533 542 548 550 552 553 554 562 567 568 570 577 579 585 589 588 597 602 608 617 622 623 632 625 632 632 634 641 646 654 662 668 676 684 679 680 688 692 700 705 713 717 719 716 725 724 720
419 414 418 416 413 420 413 404 399 400 395 394 397 398 403 404 413 415 417 421 423 425 429 437 439 448 450 455 462 471 473 476 476 477 485 493 495 496 499 505 500 501 510 517 525 526 534 527 528 535 544 550 546 540 549 557 555 558 554 560 567 573 576 577 586 581 590 594 589 597 605 614 622 630 631 640 632 641 633 636 644 651 656 657 665 674 675 677 686 692 700 709 712 713 720 727 718 723 732 724
428 421 426 422 414 416 414 406 403 399 398 403 398 407 405 413 420 418 425 427 432 426 435 443 446 453 457 463 470 478 482 482 485 479 482 486 492 494 502 503 501 502 507 508 516 524 530 536 535 539 547 548 555 549 558 563 560 567 562 568 576 579 583 585 593 588 597 599 596 604 612 614 614 623 629 633 631 634 639 645 648 649 656 662 663 665 672 680 688 696 704 706 714 714 721 722 727 731 732 733
437 429 428 430 422 422 413 406 405 401 403 412 407 414 407 408 411 418 419 422 425 433 437 444 446 450 459 465 474 483 487 491 483 481 482 489 498 499 506 507 507 503 506 510 513 520 528 533 535 544 545 549 551 550 558 566 564 573 566 567 575 580 584 586 595 593 597 598 598 607 615 612 613 615 623 624 628 637 645 647 648 651 659 665 667 668 677 685 686 693 701 709 711 713 719 727 728 737 741 739
443 438 431 431 422 413 412 411 411 407 405 413 415 412 410 413 418 424 428 424 428 430 439 442 448 456 457 464 471 480 485 488 491 482 483 485 491 500 507 516 516 512 515 512 520 528 533 536 542 543 552 557 560 557 566 569 569 574 575 570 577 584 587 591 599 602 605 602 601 603 605 609 612 613 622 626 636 639 644 648 649 654 663 670 676 673 682 689 695 701 706 712 714 721 727 727 733 733 737 745
435 431 428 426 425 417 419 412 412 413 414 421 416 417 414 421 425 433 435 426 427 430 438 439 440 447 450 459 463 472 481 482 483 485 492 494 500 507 514 523 522 521 523 521 529 537 542 538 544 546 547 556 557 560 569 573 574 579 582 578 585 593 595 600 608 609 607 605 603 609 613 617 621 622 628 630 640 647 651 656 658 658 663 671 679 682 690 692 699 702 706 715 712 712 720 726 727 728 732 740
444 437 437 434 427 425 417 413 419 417 418 420 425 425 422 429 426 427 436 435 431 438 443 448 441 450 458 463 470 476 477 484 490 492 490 498 507 506 510 517 521 530 531 528 535 536 541 539 546 555 554 558 559 568 569 571 579 588 591 585 593 599 604 609 609 616 613 613 606 615 621 618 624 631 635 632 642 650 658 656 658 665 662 670 678 687 689 692 694 697 697 706 703 704 711 720 724 728 735 741
448 440 440 436 427 423 422 422 427 418 423 427 430 431 426 435 427 436 442 444 439 440 445 452 449 452 459 465 472 477 480 478 481 486 488 492 501 503 509 510 518 527 532 529 534 542 543 548 555 564 556 565 561 566 572 578 584 592 592 592 601 601 606 609 616 624 619 617 609 618 626 620 623 630 634 636 640 645 653 653 655 656 659 668 673 680 685 692 700 696 689 698 702 704 713 722 731 735 735 744
451 444 441 444 436 432 431 431 428 427 430 434 438 432 435 431 428 436 444 445 447 442 451 454 452 457 458 463 467 468 472 476 484 493 491 492 499 503 508 509 518 527 533 531 534 543 549 551 554 563 565 574 570 567 575 582 583 584 586 590 594 601 609 610 619 625 620 616 612 616 624 628 624 630 638 643 641 643 644 647 649 658 665 669 670 677 676 684 691 692 687 696 699 708 714 718 727 731 732 741
458 452 449 451 442 437 440 438 437 430 431 440 445 438 444 438 437 438 443 450 456 451 460 455 457 465 467 466 475 477 477 485 488 496 500 498 507 512 515 518 521 522 531 534 541 549 557 554 562 569 572 579 572 576 578 583 587 587 594 598 597 603 612 619 623 630 627 622 613 622 624 629 626 635 642 649 643 645 652 654 652 657 658 665 667 671 675 677 682 683 684 693 698 701 708 717 722 723 731 733
466 461 458 460 451 444 442 439 440 431 440 443 451 443 450 441 446 440 449 451 460 452 454 461 460 469 470 467 469 473 482 491 493 497 506 505 512 519 519 525 530 531 538 539 546 551 555 558 562 571 573 578 574 583 579 588 595 589 596 605 602 610 616 625 624 631 626 625 617 626 633 637 630 637 641 641 650 653 660 655 657 662 664 673 674 673 677 678 686 686 687 696 698 707 716 720 725 731 737 734
474 468 462 453 452 451 449 440 442 434 443 449 455 452 452 443 449 443 450 455 463 461 463 470 467 473 479 476 472 481 484 486 495 496 505 513 520 526 525 526 528 536 543 542 546 553 555 561 570 579 574 583 583 592 584 592 597 598 601 610 608 612 618 625 633 625 632 626 625 632 640 638 632 633 634 639 648 656 663 658 661 665 668 676 681 674 681 687 693 689 695 696 704 712 713 722 731 732 737 740
471 464 455 454 459 459 450 441 449 441 448 452 458 455 461 452 452 449 456 457 460 461 467 473 469 470 474 482 474 483 485 494 500 501 510 518 519 528 534 532 537 545 550 551 548 550 556 565 571 578 575 576 578 586 585 587 593 594 602 608 609 603 612 619 624 617 626 632 634 641 649 640 637 640 638 642 650 654 661 664 670 673 676 681 678 676 678 683 685 692 695 701 708 711 718 727 736 739 746 749
471 462 461 462 466 457 452 443 450 450 456 461 462 457 464 459 461 458 457 458 461 462 470 479 477 472 481 479 476 477 480 487 496 502 507 516 519 523 530 537 538 546 550 551 549 554 557 566 568 570 578 585 579 588 592 588 591 594 598 600 601 602 606 615 621 616 624 631 634 642 649 647 646 644 641 644 652 660 666 673 676 682 683 690 686 681 685 692 692 698 698 699 708 715 724 732 739 740 749 756
477 468 470 467 467 458 458 452 451 459 457 460 467 458 467 468 469 467 466 467 462 470 476 485 478 473 481 483 485 479 488 496 503 503 507 513 514 521 524 529 536 545 553 554 557 562 566 574 569 577 578 583 587 595 598 596 596 598 606 605 605 603 611 612 613 615 620 626 627 633 642 650 654 653 649 652 655 659 668 672 673 677 683 692 687 682 685 692 695 700 704 706 707 716 724 726 732 739 742 747
474 471 473 474 468 467 460 453 457 459 462 462 465 466 473 471 475 472 467 467 465 466 468 477 486 482 486 491 487 488 496 500 509 512 514 515 520 525 526 530 539 546 550 553 562 570 569 578 576 582 587 592 590 596 602 604 597 605 613 607 614 612 616 619 620 617 618 624 633 636 640 643 649 652 651 655 656 658 663 665 674 682 689 690 689 689 688 689 693 698 700 709 714 718 719 727 729 738 746 750
483 475 480 483 477 476 469 462 463 464 470 470 466 469 478 472 477 474 472 475 466 475 476 485 493 489 487 496 489 495 504 509 518 521 519 523 525 530 535 531 536 542 543 552 557 564 568 577 579 580 583 588 596 597 599 605 606 612 621 612 619 620 623 625 629 625 627 633 641 644 645 650 654 658 653 662 658 665 664 673 679 683 686 695 695 697 692 697 694 702 709 718 717 718 727 733 731 736 738 741
484 483 489 484 485 481 472 468 464 469 473 471 469 470 478 480 484 476 475 483 474 475 476 485 491 490 494 503 494 503 504 513 521 530 526 524 533 536 535 534 535 541 550 557 566 573 573 581 587 581 582 591 597 606 606 612 613 613 621 620 625 623 625 634 633 626 632 635 636 637 638 644 652 653 661 665 667 667 673 675 681 686 690 691 693 701 701 701 695 699 701 710 711 720 726 727 731 732 741 749
490 488 496 491 483 480 474 472 471 470 478 479 476 476 483 489 489 485 477 486 480 484 485 486 490 494 498 499 496 505 509 518 523 532 531 525 531 538 544 541 541 547 555 562 566 575 579 581 590 585 591 593 600 605 609 612 617 615 619 622 627 631 631 634 637 628 637 643 645 641 643 645 650 657 659 668 675 676 676 676 678 687 696 692 699 706 707 703 699 705 707 708 710 711 717 725 726 731 739 743
499 497 497 489 485 476 475 480 479 475 476 477 482 481 487 496 493 484 483 492 487 493 494 491 499 497 498 499 499 507 512 521 527 528 537 530 537 546 543 542 550 548 553 562 571 577 586 589 598 593 599 602 608 614 618 618 626 624 625 623 628 635 640 640 639 630 632 636 641 646 651 648 652 653 656 663 672 673 678 677 681 682 689 697 705 711 715 706 704 708 715 714 719 713 720 726 731 730 731 734
506 497 489 488 479 478 483 484 480 483 481 479 488 482 490 491 500 493 488 491 488 492 501 495 503 498 506 507 507 508 510 518 521 527 536 539 546 550 552 545 549 557 561 570 579 586 593 596 597 595 597 606 609 617 618 626 633 633 630 631 637 639 645 641 643 639 633 640 644 648 649 657 660 660 665 670 679 681 679 681 689 684 687 689 697 706 706 715 710 715 721 723 724 715 716 717 722 728 736 735
503 496 489 488 480 484 492 488 489 487 490 488 493 485 492 492 497 500 491 495 490 499 508 502 511 505 514 509 511 515 516 524 523 529 538 542 551 551 556 550 556 564 567 575 584 589 598 605 604 600 604 613 617 622 625 628 634 641 633 632 641 648 650 650 646 638 636 644 651 654 657 663 668 669 673 675 679 680 688 686 694 685 688 689 697 699 702 710 718 716 721 722 721 718 722 720 730 730 734 742
508 502 493 489 489 487 489 489 498 489 495 497 495 486 495 501 500 499 492 499 498 501 508 507 512 511 518 513 514 519 521 530 532 538 539 548 551 560 561 557 565 569 574 576 583 584 593 602 609 608 605 614 622 623 628 635 640 649 641 635 641 650 659 659 650 643 642 650 654 663 665 670 677 670 678 678 679 682 691 687 696 693 697 698 706 703 711 719 725 724 722 730 726 725 730 726 729 731 740 747
508 500 494 497 495 494 491 494 497 490 494 503 498 495 504 502 502 508 501 504 504 510 517 511 518 512 521 518 523 521 523 530 537 542 544 547 556 563 563 566 571 576 577 577 583 587 594 603 607 614 606 614 623 632 632 635 640 647 650 644 650 657 662 661 659 651 651 656 662 671 666 675 680 676 683 684 685 683 692 692 701 701 706 707 712 704 713 721 730 733 730 736 727 730 733 733 736 732 733 737
510 503 503 504 503 500 500 501 492 491 499 502 505 496 501 506 510 509 508 506 506 508 514 519 518 517 518 527 531 528 532 531 539 547 553 549 558 559 567 564 573 577 586 582 587 596 600 602 610 614 613 619 623 624 633 642 641 642 648 649 656 665 671 664 658 655 657 664 671 674 672 681 685 677 684 692 687 686 689 690 697 700 709 716 719 712 719 723 732 739 738 740 732 738 738 737 742 734 741 743
513 507 508 512 504 508 507 505 498 496 503 503 512 505 510 515 519 515 513 512 514 510 518 526 527 518 526 527 535 533 540 537 544 550 557 550 557 562 570 563 564 573 582 591 596 593 593 598 604 605 606 610 614 616 625 634 643 651 653 658 657 666 671 672 666 658 666 673 675 676 680 683 691 685 690 695 696 687 695 699 701 709 715 721 722 714 723 732 736 744 747 744 739 745 744 746 750 743 747 744
516 516 510 513 509 516 508 506 505 505 505 512 514 507 516 523 528 523 514 513 516 513 521 523 532 525 526 534 537 542 549 546 546 555 562 554 556 558 561 562 564 568 576 584 590 591 592 594 603 611 612 619 622 625 628 636 643 652 660 659 665 674 675 677 672 666 675 681 682 677 682 689 692 690 693 694 698 695 703 708 710 710 718 719 723 715 722 729 737 738 745 752 745 746 753 755 754 750 755 753
