  0 435 429 434 437 433 442 444 447 455 454 450 447 452 453 451 445 446 450 449 452 461 469 465 474 469 467 472 475 476 480 477 478 487 488 493 487 494 495 496 504 507 516 517 523 522 526 528 536 540 543 545 554 558 555 563 563 570 573 578 587 579 581 589 598 596 600 608 609 615 624 633 640 642 649 651 654 652 657 652 657 665 669 677 679 688 696 705 702 708 714 715 716 722 730 736 737 9223372036854775808 9223372036854775808 9223372036854775808
  8 428 427 428 428 432 433 440 445 446 449 441 445 443 444 450 444 447 445 446 449 455 460 464 469 467 463 465 471 479 471 473 477 484 485 494 486 492 498 505 505 506 512 516 524 518 521 523 528 532 534 540 548 549 549 556 559 562 564 572 581 573 581 590 594 593 600 603 611 619 627 626 631 634 641 646 646 643 652 649 651 660 669 673 681 690 695 703 700 707 705 711 718 718 727 727 728 729 9223372036854775808 9223372036854775808
 16 420 418 427 425 434 426 432 437 439 441 439 436 436 438 443 436 439 440 447 456 455 462 456 460 462 459 465 468 472 466 470 478 485 494 492 485 490 490 498 505 511 503 508 515 512 520 526 534 532 536 539 540 542 547 555 558 557 564 571 579 571 579 582 586 591 598 600 606 612 621 623 631 631 632 640 641 642 643 647 650 659 668 669 676 685 686 695 691 698 703 708 709 717 718 721 728 729 9223372036854775808 9223372036854775808
 17 424 417 419 420 425 423 424 428 436 438 433 434 432 431 436 434 439 441 450 453 448 453 448 454 455 458 460 461 463 465 472 478 480 489 483 483 484 489 490 496 502 500 502 510 509 517 522 525 531 535 530 534 541 547 550 551 555 563 562 570 570 571 577 586 590 597 599 607 616 616 625 627 627 636 636 645 642 648 651 659 663 661 662 668 677 679 688 687 689 694 702 705 708 712 716 724 733 730 9223372036854775808
 26 424 416 413 419 420 422 429 434 433 429 430 435 431 429 427 431 440 444 444 448 441 444 444 447 451 449 451 453 456 461 463 470 471 480 477 476 485 490 482 491 493 494 501 501 508 514 517 525 529 535 527 529 538 540 547 556 557 557 559 565 564 572 581 583 587 594 599 603 611 608 616 618 626 628 629 638 639 641 642 651 659 660 663 669 671 679 680 681 685 692 694 696 705 711 719 723 732 726 729
 28 418 409 407 410 411 420 429 428 424 422 424 427 422 420 426 434 434 439 438 440 437 443 442 444 450 448 453 452 453 458 454 461 470 471 478 473 478 484 479 484 487 493 501 500 506 505 511 517 521 528 524 532 533 542 546 548 552 553 556 560 563 567 572 581 583 587 591 600 602 607 608 617 623 631 629 638 647 647 650 651 660 667 664 673 672 680 685 690 694 694 700 697 702 708 711 720 723 718 720
 29 410 401 401 406 410 419 425 420 422 413 420 418 413 414 420 427 428 430 436 432 428 435 439 435 442 446 448 449 456 459 451 458 465 472 469 471 472 475 476 483 484 492 496 498 505 502 505 512 514 523 522 526 531 533 539 541 546 555 558 559 562 567 576 584 591 590 594 598 599 600 607 614 615 623 628 632 638 645 649 651 654 659 667 676 681 689 692 688 695 696 696 700 708 713 709 711 714 713 712
 33 403 397 400 409 412 416 419 412 420 412 417 418 412 420 420 426 421 430 429 432 426 434 441 434 433 438 439 447 452 452 450 454 461 464 468 471 475 481 479 488 492 495 498 494 497 499 503 509 518 520 521 529 538 535 539 542 544 550 553 555 557 559 568 576 585 592 591 594 600 609 615 623 616 625 625 626 631 640 642 643 651 656 662 670 675 682 684 686 693 689 694 702 702 706 708 714 706 706 709
 41 397 396 398 402 403 408 411 410 418 410 410 419 411 414 419 418 420 428 420 425 424 432 434 436 430 434 441 450 455 448 448 452 456 463 471 462 467 474 483 487 484 487 489 492 501 505 512 515 517 516 519 524 531 538 544 551 552 558 562 558 564 562 571 580 586 588 590 597 599 607 616 618 618 621 623 626 630 631 634 641 649 653 656 661 669 674 675 677 684 681 690 693 697 704 706 709 705 697 705
 42 389 393 390 395 398 407 405 404 413 406 407 412 410 416 425 417 413 422 419 427 420 429 435 427 429 433 442 449 446 439 447 452 455 461 464 455 461 469 478 480 480 488 490 494 496 505 514 512 514 513 522 524 531 539 547 551 553 557 558 558 567 568 573 573 581 585 591 591 599 600 607 612 620 626 623 624 633 640 638 647 647 647 651 656 660 666 672 673 675 675 683 692 688 696 698 700 703 696 702
 51 384 391 383 391 393 399 399 401 407 405 411 408 402 408 417 417 408 413 411 418 419 425 428 425 434 434 438 440 444 438 443 445 452 453 460 453 457 464 473 477 479 486 494 501 498 501 505 507 507 512 520 521 526 531 540 543 545 548 549 552 559 565 566 567 573 579 582 588 591 599 601 607 616 617 621 627 636 641 643 649 646 638 642 651 657 663 664 665 673 674 675 684 687 688 690 693 694 695 703
 56 379 388 382 390 398 391 398 399 400 398 402 399 398 399 408 411 406 415 409 418 414 421 428 423 432 437 437 446 437 436 442 441 450 454 455 451 454 461 465 468 470 478 485 493 492 492 496 498 506 514 522 522 531 532 540 542 549 550 556 561 566 570 571 570 577 583 578 581 586 590 599 605 614 612 620 628 632 633 640 641 637 636 639 647 652 660 656 656 665 666 674 675 679 688 689 693 702 703 706
 58 376 379 381 383 389 383 392 399 395 396 400 400 394 400 401 402 403 412 408 409 413 415 420 422 423 431 434 443 439 432 434 440 443 446 452 450 452 461 463 466 468 472 479 487 484 485 488 497 502 506 515 522 526 531 534 537 541 545 554 563 568 570 579 574 579 578 573 581 590 596 590 599 606 607 613 619 624 633 631 640 632 634 637 640 647 652 651 654 659 663 670 676 682 689 693 685 694 697 705
 66 372 374 379 377 380 378 386 390 394 402 393 392 385 394 401 405 407 408 405 414 416 413 413 422 431 432 425 434 430 431 439 448 447 439 443 449 455 458 462 471 475 480 480 481 483 492 497 496 502 511 517 518 519 528 528 529 534 541 549 555 563 568 576 567 571 570 572 573 582 587 588 597 602 610 611 612 619 624 623 632 630 636 643 647 642 644 648 649 650 657 664 667 676 680 688 684 693 689 696
 73 371 365 371 368 372 374 383 382 390 393 391 385 381 388 396 396 398 400 397 405 413 407 408 415 424 425 423 427 429 436 445 447 439 438 444 446 447 456 460 466 475 480 474 483 478 486 491 495 498 502 510 517 526 525 522 531 538 545 546 546 554 560 569 561 562 569 571 574 583 586 591 598 594 601 603 606 613 616 622 628 629 630 638 638 640 649 647 648 656 659 667 668 670 679 679 682 691 686 691
 74 363 364 362 365 367 371 377 381 381 384 389 381 377 379 388 391 392 395 396 404 404 406 407 408 417 416 422 427 430 437 446 442 441 437 444 438 444 452 451 460 469 471 471 480 471 480 487 489 494 501 509 518 518 517 518 527 532 537 538 545 554 552 560 560 561 562 569 574 582 589 593 591 592 593 594 602 608 609 618 626 620 624 629 630 637 643 646 648 654 656 658 666 675 678 674 673 682 681 682
 83 358 355 361 362 367 369 376 378 380 378 385 384 376 380 383 387 384 392 391 396 396 403 398 405 408 412 419 423 431 440 442 434 438 436 435 435 441 446 450 456 465 474 469 472 469 472 478 485 487 492 501 510 519 516 521 528 531 536 539 544 552 550 551 559 564 570 578 575 584 588 586 589 598 600 599 608 609 615 617 623 615 616 624 633 640 641 648 648 653 658 657 665 670 675 670 671 678 680 688
 89 356 348 357 363 358 367 372 380 380 372 377 381 373 380 374 378 381 383 385 391 389 394 395 398 403 406 410 418 426 432 434 425 431 427 428 432 436 441 447 454 460 467 466 464 466 472 481 489 493 494 503 501 510 511 515 521 526 534 540 544 547 544 553 554 563 571 577 582 581 580 585 589 593 595 596 603 609 607 613 616 614 622 629 634 643 642 650 642 648 651 655 664 671 674 667 668 676 677 686
 93 350 346 352 359 356 362 369 372 371 370 376 375 372 380 371 372 377 383 386 386 384 385 389 390 399 400 401 409 417 426 427 418 422 423 431 440 442 444 450 451 456 463 471 463 470 475 484 493 498 495 495 497 501 510 515 522 520 528 534 538 543 542 549 558 559 566 572 574 580 572 581 580 585 586 595 594 600 599 604 607 610 617 626 629 636 645 650 641 648 647 654 655 662 667 666 675 679 685 690
 94 350 343 350 352 351 358 365 368 362 363 372 380 371 371 367 368 374 374 383 385 380 383 392 395 400 408 404 410 417 424 421 417 419 427 425 432 439 448 445 453 449 457 462 461 464 473 482 484 491 496 491 498 499 506 515 516 517 525 527 534 536 540 548 550 559 563 563 572 575 570 579 579 587 589 587 585 592 595 600 609 618 622 626 632 641 641 649 640 644 646 652 658 657 658 658 666 671 676 681
100 347 342 343 348 349 358 359 364 360 354 363 372 368 366 363 359 367 366 375 376 379 388 394 392 397 403 408 410 414 416 418 411 412 419 420 423 432 440 444 446 443 448 455 458 467 473 474 475 484 487 489 498 501 502 508 515 516 523 529 529 538 538 544 549 553 561 560 567 567 567 573 577 585 581 578 584 586 591 600 608 615 622 624 624 633 639 641 634 635 642 644 650 656 661 657 659 666 675 683
109 338 335 341 341 350 355 350 357 359 353 355 363 361 357 359 356 359 361 368 377 379 385 390 391 394 395 400 403 405 407 409 410 418 417 422 416 425 431 436 437 440 441 450 451 460 466 473 477 483 480 488 494 500 506 515 511 520 521 522 527 535 532 539 545 547 556 551 558 558 559 564 568 577 583 575 584 593 599 602 606 612 621 628 619 628 630 632 633 638 641 648 641 648 653 649 654 660 666 675
118 329 328 335 337 343 348 349 349 350 352 357 362 354 353 357 353 360 366 372 373 376 380 388 389 389 392 393 394 396 404 404 411 409 411 414 414 416 425 432 440 442 445 449 452 458 466 467 476 476 479 484 492 501 501 507 506 511 512 513 520 526 523 532 538 540 549 548 549 556 557 565 573 581 579 573 578 584 591 593 602 608 612 620 618 622 627 623 625 634 640 639 640 640 649 645 650 657 659 667
122 320 325 328 331 338 342 350 345 352 357 359 359 357 348 348 352 353 357 364 366 375 379 379 386 388 386 392 401 399 399 401 402 402 405 410 412 420 429 437 439 443 446 455 449 455 462 464 473 471 473 476 485 492 497 498 504 508 515 516 516 517 522 529 538 543 541 540 549 550 550 559 566 575 573 570 579 585 587 595 595 604 611 611 609 618 624 622 624 633 634 638 645 637 641 642 651 659 663 668
127 317 321 327 327 332 334 341 343 350 350 353 356 354 345 344 350 344 349 357 366 375 382 373 377 382 385 383 392 391 398 395 400 397 406 410 419 425 424 428 430 436 437 446 447 449 453 461 470 469 474 475 479 488 497 503 504 513 510 507 514 522 521 529 538 534 535 539 546 547 548 550 559 567 568 569 570 578 586 587 592 601 602 611 608 610 619 614 618 626 633 641 641 633 642 636 644 650 659 660
132 312 315 324 319 324 333 342 347 348 349 345 353 350 345 338 343 341 347 356 362 369 374 365 372 376 376 381 388 388 389 389 397 396 398 407 415 421 418 422 429 435 440 444 448 453 454 455 463 465 473 480 483 489 496 501 507 513 509 501 505 514 520 521 530 533 536 545 554 550 549 558 566 568 574 570 577 578 584 585 591 600 606 602 604 602 611 611 614 622 624 633 632 632 633 634 643 646 655 659
133 311 309 316 316 324 333 336 345 343 343 337 344 341 341 337 336 339 343 352 357 361 365 363 366 367 374 374 379 385 382 387 394 389 398 404 410 412 413 414 423 426 433 436 441 448 456 456 457 465 474 483 478 481 490 492 501 506 506 498 501 509 511 515 524 526 529 537 545 546 547 554 563 569 570 563 572 574 579 587 594 594 597 593 595 598 604 605 614 617 626 633 628 631 635 643 644 648 650 655
141 313 306 312 310 319 328 329 336 341 345 336 338 338 333 342 335 340 343 347 348 353 359 355 357 363 365 373 374 376 378 379 387 388 394 403 412 421 422 421 430 434 434 443 450 449 458 459 459 468 475 478 474 478 481 489 495 498 497 496 504 507 515 522 518 517 526 532 540 547 540 549 557 561 561 555 563 572 577 582 585 590 597 590 594 596 605 614 607 609 618 626 625 627 635 638 647 650 659 658
142 312 304 303 305 314 321 322 329 333 341 333 330 337 331 335 334 331 340 343 349 344 352 353 351 360 366 375 383 383 387 386 395 397 400 409 414 423 423 424 433 439 441 445 451 456 459 461 468 474 474 479 471 470 476 481 487 491 496 492 501 503 512 513 514 515 522 529 531 538 539 542 551 553 553 554 561 569 573 574 578 582 589 587 596 602 598 605 602 604 612 620 621 625 632 639 648 649 658 661
151 314 305 296 300 308 315 313 322 330 332 325 323 328 328 329 330 328 331 336 340 342 343 349 350 358 364 368 377 380 389 387 392 393 401 410 419 423 425 425 434 442 446 452 451 455 455 462 470 467 466 473 476 469 470 477 482 483 487 488 497 506 508 517 516 518 520 529 530 537 530 539 544 547 548 555 562 563 565 566 572 573 580 586 591 598 597 598 599 607 613 616 618 626 633 641 650 658 660 660
155 305 302 293 294 303 306 312 319 321 324 327 322 325 320 329 331 327 336 337 345 347 351 351 352 353 362 371 374 381 390 388 394 402 407 407 410 417 424 426 432 436 442 446 444 446 449 458 461 464 457 466 470 467 474 483 483 491 496 497 500 508 513 517 518 521 528 531 539 537 529 531 540 545 547 553 560 567 571 572 571 576 585 580 584 589 591 600 598 606 614 617 626 634 642 647 649 649 655 651
162 296 297 292 298 300 309 315 321 313 316 319 314 320 311 320 324 325 334 343 343 340 343 349 357 358 366 371 377 379 381 382 387 396 405 402 411 417 424 430 434 438 441 438 436 437 445 452 452 455 456 463 464 466 475 484 488 495 503 505 501 501 504 509 518 525 528 525 530 532 525 532 538 539 541 550 558 559 566 567 564 571 577 572 578 580 587 592 594 599 605 611 620 628 637 644 647 645 650 647
171 289 295 291 294 291 300 309 314 310 307 310 313 311 310 318 327 326 335 342 336 339 340 349 358 360 367 365 372 376 382 383 390 394 396 401 403 411 418 425 428 430 435 430 427 435 436 444 450 459 458 467 469 475 483 484 487 489 494 498 494 494 500 504 513 518 520 520 521 523 524 529 530 539 540 546 555 564 565 565 562 570 568 571 576 580 581 590 598 605 611 613 618 622 629 636 638 642 647 645
176 282 288 289 287 290 295 304 306 302 306 313 304 313 309 314 322 323 332 333 335 342 347 356 362 362 367 364 370 376 377 385 383 387 395 404 412 412 420 420 425 426 434 425 422 431 440 445 448 450 457 464 461 467 476 478 482 489 495 489 485 493 497 500 506 510 512 519 520 517 519 524 533 536 539 542 551 560 566 560 560 568 567 575 578 580 589 595 596 605 614 619 624 630 627 628 633 634 642 644
180 276 279 280 281 282 287 295 301 299 298 306 299 306 307 316 322 331 335 331 334 340 346 351 356 359 364 360 364 373 376 380 382 383 386 395 404 413 413 414 420 421 428 419 419 426 434 443 440 448 450 458 459 467 469 470 479 480 487 488 481 490 497 498 507 508 512 511 511 509 510 519 526 528 531 540 545 552 558 551 552 559 564 570 574 575 581 590 598 603 607 612 615 624 620 628 633 642 645 637
184 267 270 274 280 287 291 299 292 297 293 300 297 305 308 312 321 330 327 330 334 341 343 352 352 361 356 354 359 368 369 373 382 391 385 392 397 405 406 410 412 420 421 413 414 421 426 434 437 445 450 450 458 460 462 463 470 474 478 479 480 481 490 493 498 503 507 505 506 508 510 514 519 520 529 537 538 547 552 550 555 553 556 565 569 577 580 589 597 594 603 604 610 616 612 619 626 633 642 635
193 260 267 266 272 278 286 291 284 290 292 293 295 303 306 313 317 326 325 330 328 332 338 346 349 355 359 353 362 359 367 369 378 382 384 391 396 405 411 419 413 420 419 412 421 421 425 425 434 436 441 446 455 464 468 470 477 481 478 483 489 490 492 499 499 501 503 504 513 517 517 520 521 528 529 538 547 545 545 546 547 552 561 557 566 570 578 583 592 593 599 605 601 608 609 618 619 624 633 634
201 252 258 265 274 274 283 282 283 285 286 295 302 307 310 313 315 323 324 329 324 333 330 337 340 346 355 352 355 358 366 371 376 383 390 398 396 403 411 413 404 413 417 409 414 420 420 422 430 434 443 448 456 459 460 466 470 473 475 479 486 492 501 501 508 508 505 506 507 509 510 513 521 523 528 536 538 536 544 551 548 549 555 556 564 568 572 577 586 593 590 596 597 606 614 618 626 632 639 643
206 251 253 257 265 272 276 278 279 286 287 296 300 305 310 314 314 316 323 328 322 325 327 336 338 345 347 349 352 360 367 376 384 382 385 389 392 397 404 410 402 406 412 406 407 415 419 427 429 437 440 441 450 458 466 467 475 472 477 482 486 495 503 503 511 508 507 508 516 511 519 514 521 527 527 534 529 530 537 545 549 556 558 559 568 572 579 582 590 585 587 593 597 606 611 612 620 629 638 642
214 244 247 248 257 263 269 275 278 284 289 291 300 304 307 307 309 315 323 328 321 328 331 336 345 339 340 349 355 363 367 368 375 380 382 383 384 393 398 402 401 403 405 404 411 412 420 426 433 440 444 442 448 457 465 466 470 471 477 486 494 500 500 506 509 508 513 516 524 520 520 515 516 518 525 526 528 533 542 547 554 557 558 562 565 567 571 580 583 584 593 600 598 607 614 614 616 625 630 633
219 241 244 246 254 263 260 266 275 282 287 292 300 304 304 305 308 307 315 319 315 321 325 332 337 338 344 352 353 358 360 368 375 384 384 385 385 391 394 393 395 398 399 403 405 414 419 427 429 438 447 446 447 448 457 460 461 470 472 481 485 494 491 499 507 505 506 515 517 525 528 520 525 526 533 530 537 542 543 547 553 554 561 567 572 576 577 586 586 591 600 604 603 611 612 620 617 621 630 639
225 226 242 244 251 257 258 267 273 276 284 283 291 296 296 304 304 300 309 310 314 320 327 328 336 339 344 350 355 364 367 370 376 380 387 390 394 394 391 392 400 400 406 411 414 422 428 422 430 433 439 437 438 441 450 452 461 465 466 473 482 487 486 495 498 499 500 507 510 519 527 529 525 527 529 537 544 549 549 554 554 557 565 567 571 580 586 593 592 600 603 612 609 615 621 629 625 623 625 632
232 227 228 241 245 250 259 264 271 280 284 282 288 294 294 303 297 298 306 313 315 323 330 336 335 340 339 345 351 360 369 374 379 387 395 394 387 385 390 394 402 401 403 404 406 414 423 417 424 427 430 433 436 444 451 455 464 468 474 474 476 481 484 493 494 500 509 516 511 513 521 522 523 532 531 536 543 549 555 563 559 566 570 576 577 586 594 598 599 605 612 621 618 624 629 632 628 624 625 634
241 234 237 250 247 256 264 268 264 272 277 280 289 290 291 295 296 298 300 308 314 322 326 329 332 335 337 346 350 356 364 365 374 381 386 385 384 381 387 396 403 407 410 406 410 412 414 415 416 421 423 432 436 441 442 449 455 464 470 479 480 488 485 493 499 502 511 514 513 521 518 513 516 525 528 536 537 541 550 557 561 568 573 578 579 588 596 599 606 606 613 614 621 629 635 637 636 633 632 641
250 243 238 239 241 246 256 262 263 271 280 282 288 296 296 297 299 304 309 315 323 326 327 328 337 341 342 347 354 355 357 359 367 374 380 388 379 380 389 392 401 410 404 413 418 413 422 423 424 422 423 425 432 441 442 451 460 463 469 476 479 487 488 489 498 498 505 507 514 521 513 512 520 529 532 540 543 549 554 563 562 567 574 581 587 584 593 597 603 608 617 618 627 636 644 646 639 642 634 638
246 241 240 246 248 247 257 265 270 278 286 288 291 295 303 302 307 312 316 324 330 335 335 330 339 341 347 355 363 356 357 359 368 369 373 379 374 383 391 393 400 402 403 410 411 414 421 422 431 427 428 427 429 437 444 452 454 455 461 470 472 480 487 490 499 496 504 512 507 512 509 511 520 526 533 538 547 555 562 559 559 560 568 572 581 582 591 600 608 617 626 622 631 640 645 653 648 646 642 639
247 248 249 252 252 252 259 269 277 286 292 292 299 298 307 306 309 313 319 321 328 335 336 336 344 350 348 352 360 357 363 360 361 366 370 371 373 380 384 393 401 400 406 412 419 423 423 431 432 435 429 433 430 437 441 449 453 454 460 466 473 477 480 481 490 493 502 503 505 507 508 516 519 526 535 536 545 552 553 554 557 561 570 575 577 586 595 596 602 610 617 626 632 635 642 646 645 645 647 645
252 253 256 261 261 261 268 271 279 288 291 286 292 297 302 309 306 314 323 326 335 337 340 345 347 353 352 356 362 366 369 367 370 372 372 378 379 383 386 387 392 394 397 403 412 421 430 439 441 435 430 438 437 438 439 441 449 458 466 474 474 478 483 487 493 502 509 507 513 515 517 524 527 535 544 542 551 558 559 562 566 562 571 572 581 586 595 604 608 616 625 621 629 634 641 642 643 644 652 650
261 262 257 266 270 270 274 272 282 281 282 284 294 295 302 299 300 305 315 324 333 332 339 347 354 355 357 365 370 373 373 371 374 380 380 385 383 390 395 396 400 396 398 406 415 420 422 431 432 437 439 442 442 443 444 448 455 463 467 471 480 487 484 490 499 503 506 513 520 516 524 526 531 533 541 550 559 562 568 569 565 564 572 581 590 590 599 608 616 621 616 618 624 625 632 640 649 653 660 652
266 264 265 274 271 279 280 275 276 280 289 288 290 292 297 298 306 314 321 325 326 327 333 339 344 353 356 365 374 377 374 380 382 381 381 390 389 398 399 400 405 398 406 415 416 424 424 433 439 440 440 449 449 452 453 455 464 472 476 476 482 487 486 493 498 504 512 517 515 516 519 522 531 538 547 554 555 564 572 573 567 570 571 576 582 585 594 603 607 613 614 623 632 632 638 645 646 654 653 660
267 271 273 281 274 278 279 282 278 279 280 286 295 296 299 303 309 316 325 327 332 330 339 346 348 351 354 356 365 373 382 386 390 388 384 392 398 405 403 401 410 407 413 414 415 420 429 438 434 440 449 458 456 456 455 460 462 469 475 476 485 493 493 497 505 506 512 513 514 519 528 530 539 542 547 548 557 562 568 569 574 571 579 584 591 594 595 600 603 608 617 626 627 634 642 649 647 655 651 660
268 277 274 280 281 279 287 291 287 287 287 289 298 305 306 311 318 321 326 332 334 338 343 352 349 357 359 360 370 377 379 385 386 387 391 397 402 409 405 409 413 409 410 418 422 428 431 432 433 442 448 451 454 455 457 462 471 473 478 485 494 497 502 506 509 514 521 520 522 527 529 538 539 543 544 552 558 565 573 578 576 577 583 588 592 601 603 601 606 611 616 621 622 631 637 644 650 653 647 656
275 284 279 283 290 282 284 292 290 293 288 291 300 309 312 318 324 322 324 325 334 340 342 349 354 361 368 364 368 369 372 375 376 378 387 388 397 405 406 408 410 418 419 421 424 431 440 433 440 449 455 459 460 457 466 469 477 482 485 492 497 503 503 507 512 520 529 528 523 529 537 539 547 550 552 559 560 562 570 571 572 579 587 595 596 597 599 604 605 611 619 625 631 640 637 638 641 644 645 650
282 283 288 292 296 291 287 296 295 295 292 298 302 310 313 319 323 323 327 330 339 345 346 354 356 365 373 373 373 372 378 383 381 387 391 389 397 403 412 410 412 413 415 424 425 434 441 434 435 440 448 457 466 458 466 475 484 487 492 493 494 501 505 505 506 511 520 521 526 529 538 546 552 555 558 560 564 566 574 576 577 578 580 588 589 597 600 603 612 617 618 625 630 633 636 635 642 651 650 653
291 292 297 296 297 300 295 304 296 299 301 299 308 311 318 327 332 332 335 337 343 346 352 360 357 360 368 375 380 378 384 385 386 395 394 398 400 403 409 417 420 418 423 424 432 440 448 443 443 448 456 463 463 462 468 473 477 478 487 494 495 496 504 503 511 520 527 529 535 530 533 539 547 552 557 562 563 572 581 580 585 580 589 596 595 602 603 605 606 608 609 618 621 624 631 632 641 650 657 662
300 301 306 305 305 302 298 303 303 308 310 307 316 312 316 325 327 336 338 338 341 342 349 358 366 368 373 376 384 381 389 391 388 397 403 399 406 404 409 417 418 422 427 433 440 448 449 449 452 452 454 463 471 470 474 481 485 487 496 495 496 497 499 501 509 512 520 524 531 538 538 545 550 557 566 571 566 575 577 578 586 581 583 587 592 601 603 609 607 616 617 625 630 633 640 637 643 644 653 660
302 310 311 308 312 303 299 305 312 309 309 308 310 316 317 326 335 342 347 347 347 349 353 357 363 364 373 379 385 388 395 393 393 395 396 405 411 412 415 424 427 431 436 437 445 449 454 457 460 455 457 461 470 474 480 487 490 496 498 496 498 506 508 505 506 515 521 523 532 536 539 541 548 555 558 567 571 577 583 586 589 589 592 590 591 595 601 608 612 616 620 622 625 626 635 644 652 648 652 656
310 318 315 312 309 305 306 313 313 317 317 310 312 317 321 326 335 340 345 354 349 357 355 362 371 366 375 381 383 387 392 401 400 404 397 401 402 409 418 426 431 432 440 444 445 446 453 454 457 458 466 469 473 476 478 484 485 493 498 505 507 507 509 510 513 520 524 529 530 539 547 550 555 558 561 562 567 576 585 586 595 590 593 591 599 604 609 615 621 621 629 625 629 635 640 641 646 655 654 663
311 314 323 321 314 310 315 315 320 319 320 311 312 315 322 325 334 341 343 347 353 362 359 368 375 375 384 386 392 391 400 407 404 404 403 410 411 418 422 424 430 433 438 440 449 455 458 460 462 462 470 475 482 485 486 493 492 497 498 507 516 515 511 513 522 521 523 529 536 545 546 551 560 559 560 561 570 579 588 594 595 597 597 598 601 610 612 613 621 630 638 634 633 636 638 640 648 650 659 668
314 323 332 329 321 318 318 323 323 327 324 315 313 320 326 330 331 336 343 349 357 361 366 373 378 378 386 387 395 394 398 407 413 409 410 413 412 416 423 422 423 427 428 438 441 447 449 451 460 461 464 472 479 484 486 492 495 499 507 509 513 521 519 522 524 530 532 531 534 542 551 557 558 561 561 570 579 581 582 588 596 604 598 604 608 616 621 620 625 633 638 638 640 638 640 645 653 659 668 677
323 330 338 333 328 327 321 329 327 331 324 323 314 319 327 336 340 344 343 349 352 358 367 374 380 383 391 395 402 400 407 416 418 410 411 415 414 415 419 420 421 430 430 431 432 442 450 458 461 470 468 476 485 491 493 500 504 504 510 515 515 518 524 531 533 538 540 533 541 548 549 557 565 567 562 564 570 577 585 594 602 601 605 609 617 623 628 629 634 637 644 643 644 644 649 653 661 666 673 676
330 339 346 341 333 325 322 323 332 335 331 322 315 319 324 331 337 340 341 349 355 361 370 378 373 382 385 390 393 401 407 416 416 413 418 416 416 422 427 424 426 432 437 440 439 441 448 453 462 468 469 477 480 488 489 496 503 507 512 515 517 517 522 528 532 532 537 535 541 550 555 564 566 575 570 573 578 581 589 593 594 598 604 606 613 622 628 631 632 640 649 650 651 648 653 655 663 670 679 684
335 344 350 346 340 331 325 332 340 337 335 328 324 324 326 331 334 343 350 352 353 362 363 370 371 380 381 382 384 393 400 408 411 415 422 424 423 429 431 430 434 438 445 448 443 444 450 459 468 477 478 482 482 483 487 495 498 507 508 512 512 514 522 529 529 531 533 534 542 543 552 561 569 573 577 579 581 589 590 592 593 595 602 611 613 617 624 632 635 636 644 649 653 656 654 662 670 678 685 691
341 348 353 344 343 336 328 329 331 340 333 326 325 329 330 338 339 346 348 357 362 371 364 369 378 381 389 383 390 391 400 406 414 423 428 431 431 435 439 438 439 439 441 446 452 445 451 460 469 477 486 485 488 492 496 496 503 507 508 509 511 518 519 522 528 533 535 543 551 552 560 563 564 569 578 587 585 587 589 598 599 596 605 609 612 617 626 632 638 637 642 648 655 652 656 665 665 671 680 685
344 352 345 344 342 340 334 337 339 336 331 329 326 331 333 339 347 353 350 353 361 369 365 369 371 380 388 389 391 399 408 415 417 424 432 435 437 444 441 443 445 446 442 447 456 453 459 466 468 474 481 483 491 496 498 505 509 508 515 512 515 516 520 523 530 532 537 538 546 552 557 561 565 574 575 584 588 588 595 597 606 600 601 603 612 616 625 634 635 636 639 648 647 650 656 660 664 673 681 688
348 356 352 353 349 344 335 344 348 342 334 335 334 335 341 344 347 355 356 359 368 369 371 378 379 382 391 398 399 403 405 414 416 424 433 431 438 444 442 450 450 448 449 455 456 461 466 472 471 473 482 487 496 505 499 501 502 505 511 520 516 524 527 530 538 533 541 547 553 561 558 560 567 570 579 588 593 589 592 598 606 607 609 612 620 617 624 632 641 641 639 641 644 649 657 661 670 673 678 687
354 363 361 361 355 351 344 353 344 337 336 338 338 344 342 351 351 360 365 366 372 376 375 379 380 388 392 394 395 396 405 406 409 418 426 427 432 435 444 450 451 449 458 463 465 470 473 481 472 477 486 495 504 503 500 509 509 506 515 518 518 526 535 534 543 542 547 548 550 559 565 564 565 568 574 583 585 593 599 602 604 611 617 621 629 622 623 627 635 637 638 647 653 650 657 661 663 670 671 679
355 364 368 362 362 353 350 349 342 340 340 340 346 349 349 351 353 361 362 366 375 381 380 387 389 397 396 396 397 403 409 415 417 426 430 435 440 444 445 453 459 453 462 468 466 475 481 489 479 485 494 497 501 501 507 508 516 514 520 526 524 529 538 541 543 547 549 556 555 557 565 566 568 577 576 578 587 596 603 611 605 613 614 617 626 626 626 635 642 640 642 648 654 651 660 668 671 673 680 681
363 372 371 370 361 360 357 351 343 347 343 344 350 350 358 352 354 358 360 368 375 384 387 388 389 393 400 404 405 412 418 416 423 427 435 441 448 451 447 450 459 459 460 468 469 474 480 487 484 487 495 500 498 499 508 515 517 521 522 523 531 531 532 535 542 546 555 552 553 562 571 567 573 580 580 584 593 595 599 602 610 610 618 621 625 630 631 634 641 649 646 650 651 659 661 667 668 677 679 688
372 381 373 370 366 360 359 354 347 356 348 347 356 357 365 360 361 366 368 377 383 387 388 391 390 398 407 412 413 421 421 425 427 436 439 440 444 445 451 451 454 458 466 469 475 483 481 483 491 489 490 493 494 500 507 508 509 511 512 522 528 535 538 539 544 549 550 551 557 559 566 571 575 576 578 587 596 599 606 610 608 609 615 623 624 625 634 635 644 650 655 653 659 664 670 668 670 671 678 685
381 382 380 371 369 369 366 357 351 354 351 356 361 358 364 369 370 375 370 371 379 388 397 400 398 406 415 420 422 427 430 429 432 433 438 442 443 447 449 450 459 461 463 472 473 481 485 487 493 493 499 496 497 500 508 517 517 519 513 514 519 528 533 534 535 540 547 551 557 566 575 573 581 584 581 584 588 590 598 602 606 611 615 620 622 631 637 644 648 655 656 661 660 667 668 671 671 676 683 690
390 385 387 378 371 372 369 364 355 359 355 360 369 366 371 373 373 381 372 376 385 386 394 395 399 400 409 418 424 429 434 433 435 441 447 448 448 456 453 453 457 465 470 479 477 478 487 491 492 501 499 498 506 501 509 515 521 527 519 515 521 522 526 536 540 549 555 553 562 566 572 573 581 587 588 585 590 598 605 611 615 615 621 627 631 633 638 643 650 657 657 663 669 675 673 672 672 678 680 686
394 394 393 387 380 379 371 364 360 361 360 361 370 375 380 376 381 378 374 382 391 390 396 401 406 408 416 419 428 429 437 434 440 448 455 450 455 462 460 461 462 470 476 480 479 487 494 496 501 506 508 506 506 503 509 518 527 529 522 522 530 530 531 534 540 543 550 551 557 562 569 578 579 584 593 594 591 595 596 602 607 615 619 628 637 641 647 644 652 659 666 667 670 678 681 681 679 687 686 687
402 403 402 393 389 388 380 373 364 362 369 362 364 373 378 384 390 387 382 384 385 394 397 406 407 416 420 420 425 434 443 442 445 449 458 456 457 465 467 467 468 477 484 488 487 496 496 497 503 512 512 515 508 504 513 519 521 523 524 525 533 538 539 541 548 550 556 560 559 568 573 579 588 593 594 603 596 603 603 605 612 617 625 633 639 647 655 650 651 659 663 671 676 684 688 690 687 696 695 691
406 398 397 393 390 393 384 375 370 371 366 365 368 369 374 375 384 386 388 392 394 396 400 408 410 419 421 426 433 442 444 447 447 448 456 464 466 467 470 476 471 472 481 488 496 497 505 498 499 506 515 521 517 511 520 528 526 529 525 531 538 544 547 548 557 552 561 565 560 568 576 585 593 601 602 611 603 612 604 607 615 622 627 628 636 645 646 648 657 663 671 680 683 684 691 698 689 694 703 695
414 405 404 396 388 387 385 377 374 370 369 374 369 378 376 384 391 389 396 398 403 397 406 414 417 424 428 434 441 449 453 453 456 450 453 457 463 465 473 474 472 473 478 479 487 495 501 507 506 510 518 519 526 520 529 534 531 538 533 539 547 550 554 556 564 559 568 570 567 575 583 585 585 594 600 604 602 605 610 616 619 620 627 633 634 636 643 651 659 667 675 677 685 685 692 693 698 702 703 704
421 412 404 404 396 393 384 377 376 372 374 383 378 385 378 379 382 389 390 393 396 404 408 415 417 421 430 436 445 454 458 462 454 452 453 460 469 470 477 478 478 474 477 481 484 491 499 504 506 515 516 520 522 521 529 537 535 544 537 538 546 551 555 557 566 564 568 569 569 578 586 583 584 586 594 595 599 608 616 618 619 622 630 636 638 639 648 656 657 664 672 680 682 684 690 698 699 708 712 710
414 411 402 402 393 384 383 382 382 378 376 384 386 383 381 384 389 395 399 395 399 401 410 413 419 427 428 435 442 451 456 459 462 453 454 456 462 471 478 487 487 483 486 483 491 499 504 507 513 514 523 528 531 528 537 540 540 545 546 541 548 555 558 562 570 573 576 573 572 574 576 580 583 584 593 597 607 610 615 619 620 625 634 641 647 644 653 660 666 672 677 683 685 692 698 698 704 704 708 716
406 402 399 397 396 388 390 383 383 384 385 392 387 388 385 392 396 404 406 397 398 401 409 410 411 418 421 430 434 443 452 453 454 456 463 465 471 478 485 494 493 492 494 492 500 508 513 509 515 517 518 527 528 531 540 544 545 550 553 549 556 564 566 571 579 580 578 576 574 580 584 588 592 593 599 601 611 618 622 627 629 629 634 642 650 653 661 663 670 673 677 686 683 683 691 697 698 699 703 711
415 408 408 405 398 396 388 384 390 388 389 391 396 396 393 400 397 398 407 406 402 409 414 419 412 421 429 434 441 447 448 455 461 463 461 469 478 477 481 488 492 501 502 499 506 507 512 510 517 526 525 529 530 539 540 542 550 559 562 556 564 570 575 580 580 587 584 584 577 586 592 589 595 602 606 603 613 621 629 627 629 636 633 641 649 658 660 663 665 668 668 677 674 675 682 691 695 699 706 712
419 411 411 407 398 394 393 393 398 389 394 398 401 402 397 406 398 407 413 415 410 411 416 423 420 423 430 436 443 448 451 449 452 457 459 463 472 474 480 481 489 498 503 500 505 513 514 519 526 535 527 536 532 537 543 549 555 563 563 563 572 572 577 580 587 595 590 588 580 589 597 591 594 601 605 607 611 616 624 624 626 627 630 639 644 651 656 663 671 667 660 669 673 675 684 693 702 706 706 715
422 415 412 415 407 403 402 402 399 398 401 405 409 403 406 402 399 407 415 416 418 413 422 425 423 428 429 434 438 439 443 447 455 464 462 463 470 474 479 480 489 498 504 502 505 514 520 522 525 534 536 545 541 538 546 553 554 555 557 561 565 572 580 581 590 596 591 587 583 587 595 599 595 601 609 614 612 614 615 618 620 629 636 640 641 648 647 655 662 663 658 667 670 679 685 689 698 702 703 712
429 423 420 422 413 408 411 409 408 401 402 411 416 409 415 409 408 409 414 421 427 422 431 426 428 436 438 437 446 448 448 456 459 467 471 469 478 483 486 489 492 493 502 505 512 520 528 525 533 540 543 550 543 547 549 554 558 558 565 569 568 574 583 590 594 601 598 593 584 593 595 600 597 606 613 620 614 616 623 625 623 628 629 636 638 642 646 648 653 654 655 664 669 672 679 688 693 694 702 704
437 432 429 431 422 415 413 410 411 402 411 414 422 414 421 412 417 411 420 422 431 423 425 432 431 440 441 438 440 444 453 462 464 468 477 476 483 490 490 496 501 502 509 510 517 522 526 529 533 542 544 549 545 554 550 559 566 560 567 576 573 581 587 596 595 602 597 596 588 597 604 608 601 608 612 612 621 624 631 626 628 633 635 644 645 644 648 649 657 657 658 667 669 678 687 691 696 702 708 705
445 439 433 424 423 422 420 411 413 405 414 420 426 423 423 414 420 414 421 426 434 432 434 441 438 444 450 447 443 452 455 457 466 467 476 484 491 497 496 497 499 507 514 513 517 524 526 532 541 550 545 554 554 563 555 563 568 569 572 581 579 583 589 596 604 596 603 597 596 603 611 609 603 604 605 610 619 627 634 629 632 636 639 647 652 645 652 658 664 660 666 667 675 683 684 693 702 703 708 711
442 435 426 425 430 430 421 412 420 412 419 423 429 426 432 423 423 420 427 428 431 432 438 444 440 441 445 453 445 454 456 465 471 472 481 489 490 499 505 503 508 516 521 522 519 521 527 536 542 549 546 547 549 557 556 558 564 565 573 579 580 574 583 590 595 588 597 603 605 612 620 611 608 611 609 613 621 625 632 635 641 644 647 652 649 647 649 654 656 663 666 672 679 682 689 698 707 710 717 720
442 433 432 433 437 428 423 414 421 421 427 432 433 428 435 430 432 429 428 429 432 433 441 450 448 443 452 450 447 448 451 458 467 473 478 487 490 494 501 508 509 517 521 522 520 525 528 537 539 541 549 556 550 559 563 559 562 565 569 571 572 573 577 586 592 587 595 602 605 613 620 618 617 615 612 615 623 631 637 644 647 653 654 661 657 652 656 663 663 669 669 670 679 686 695 703 710 711 720 727
448 439 441 438 438 429 429 423 422 430 428 431 438 429 438 439 440 438 437 438 433 441 447 456 449 444 452 454 456 450 459 467 474 474 478 484 485 492 495 500 507 516 524 525 528 533 537 545 540 548 549 554 558 566 569 567 567 569 577 576 576 574 582 583 584 586 591 597 598 604 613 621 625 624 620 623 626 630 639 643 644 648 654 663 658 653 656 663 666 671 675 677 678 687 695 697 703 710 713 718
445 442 444 445 439 438 431 424 428 430 433 433 436 437 444 442 446 443 438 438 436 437 439 448 457 453 457 462 458 459 467 471 480 483 485 486 491 496 497 501 510 517 521 524 533 541 540 549 547 553 558 563 561 567 573 575 568 576 584 578 585 583 587 590 591 588 589 595 604 607 611 614 620 623 622 626 627 629 634 636 645 653 660 661 660 660 659 660 664 669 671 680 685 689 690 698 700 709 717 721
454 446 451 454 448 447 440 433 434 435 441 441 437 440 449 443 448 445 443 446 437 446 447 456 464 460 458 467 460 466 475 480 489 492 490 494 496 501 506 502 507 513 514 523 528 535 539 548 550 551 554 559 567 568 570 576 577 583 592 583 590 591 594 596 600 596 598 604 612 615 616 621 625 629 624 633 629 636 635 644 650 654 657 666 666 668 663 668 665 673 680 689 688 689 698 704 702 707 709 712
455 454 460 455 456 452 443 439 435 440 444 442 440 441 449 451 455 447 446 454 445 446 447 456 462 461 465 474 465 474 475 484 492 501 497 495 504 507 506 505 506 512 521 528 537 544 544 552 558 552 553 562 568 577 577 583 584 584 592 591 596 594 596 605 604 597 603 606 607 608 609 615 623 624 632 636 638 638 644 646 652 657 661 662 664 672 672 672 666 670 672 681 682 691 697 698 702 703 712 720
461 459 467 462 454 451 445 443 442 441 449 450 447 447 454 460 460 456 448 457 451 455 456 457 461 465 469 470 467 476 480 489 494 503 502 496 502 509 515 512 512 518 526 533 537 546 550 552 561 556 562 564 571 576 580 583 588 586 590 593 598 602 602 605 608 599 608 614 616 612 614 616 621 628 630 639 646 647 647 647 649 658 667 663 670 677 678 674 670 676 678 679 681 682 688 696 697 702 710 714
470 468 468 460 456 447 446 451 450 446 447 448 453 452 458 467 464 455 454 463 458 464 465 462 470 468 469 470 470 478 483 492 498 499 508 501 508 517 514 513 521 519 524 533 542 548 557 560 569 564 570 573 579 585 589 589 597 595 596 594 599 606 611 611 610 601 603 607 612 617 622 619 623 624 627 634 643 644 649 648 652 653 660 668 676 682 686 677 675 679 686 685 690 684 691 697 702 701 702 705
477 468 460 459 450 449 454 455 451 454 452 450 459 453 461 462 471 464 459 462 459 463 472 466 474 469 477 478 478 479 481 489 492 498 507 510 517 521 523 516 520 528 532 541 550 557 564 567 568 566 568 577 580 588 589 597 604 604 601 602 608 610 616 612 614 610 604 611 615 619 620 628 631 631 636 641 650 652 650 652 660 655 658 660 668 677 677 686 681 686 692 694 695 686 687 688 693 699 707 706
474 467 460 459 451 455 463 459 460 458 461 459 464 456 463 463 468 471 462 466 461 470 479 473 482 476 485 480 482 486 487 495 494 500 509 513 522 522 527 521 527 535 538 546 555 560 569 576 575 571 575 584 588 593 596 599 605 612 604 603 612 619 621 621 617 609 607 615 622 625 628 634 639 640 644 646 650 651 659 657 665 656 659 660 668 670 673 681 689 687 692 693 692 689 693 691 701 701 705 713
479 473 464 460 460 458 460 460 469 460 466 468 466 457 466 472 471 470 463 470 469 472 479 478 483 482 489 484 485 490 492 501 503 509 510 519 522 531 532 528 536 540 545 547 554 555 564 573 580 579 576 585 593 594 599 606 611 620 612 606 612 621 630 630 621 614 613 621 625 634 636 641 648 641 649 649 650 653 662 658 667 664 668 669 677 674 682 690 696 695 693 701 697 696 701 697 700 702 711 718
479 471 465 468 466 465 462 465 468 461 465 474 469 466 475 473 473 479 472 475 475 481 488 482 489 483 492 489 494 492 494 501 508 513 515 518 527 534 534 537 542 547 548 548 554 558 565 574 578 585 577 585 594 603 603 606 611 618 621 615 621 628 633 632 630 622 622 627 633 642 637 646 651 647 654 655 656 654 663 663 672 672 677 678 683 675 684 692 701 704 701 707 698 701 704 704 707 703 704 708
481 474 474 475 474 471 471 472 463 462 470 473 476 467 472 477 481 480 479 477 477 479 485 490 489 488 489 498 502 499 503 502 510 518 524 520 529 530 538 535 544 548 557 553 558 567 571 573 581 585 584 590 594 595 604 613 612 613 619 620 627 636 642 635 629 626 628 635 642 645 643 652 656 648 655 663 658 657 660 661 668 671 680 687 690 683 690 694 703 710 709 711 703 709 709 708 713 705 712 714
484 478 479 483 475 479 478 476 469 467 474 474 483 476 481 486 490 486 484 483 485 481 489 497 498 489 497 498 506 504 511 508 515 521 528 521 528 533 541 534 535 544 553 562 567 564 564 569 575 576 577 581 585 587 596 605 614 622 624 629 628 637 642 643 637 629 637 644 646 647 651 654 662 656 661 666 667 658 666 670 672 680 686 692 693 685 694 703 707 715 718 715 710 716 715 717 721 714 718 715
487 487 481 484 480 487 479 477 476 476 476 483 485 478 487 494 499 494 485 484 487 484 492 494 503 496 497 505 508 513 520 517 517 526 533 525 527 529 532 533 535 539 547 555 561 562 563 565 574 582 583 590 593 596 599 607 614 623 631 630 636 645 646 648 643 637 646 652 653 648 653 660 663 661 664 665 669 666 674 679 681 681 689 690 694 686 693 700 708 709 716 723 716 717 724 726 725 721 726 724
