  0 451 445 450 453 449 458 460 463 471 470 466 463 468 469 467 461 462 466 465 468 477 485 481 490 485 483 488 491 492 496 493 494 503 504 508 502 509 510 511 519 522 531 532 538 535 539 541 549 553 556 558 567 571 568 576 576 583 586 591 600 592 594 602 611 609 613 621 622 628 637 646 653 655 662 664 667 665 670 665 670 678 682 690 692 701 709 718 715 721 727 728 729 735 743 9223372036854775808 9223372036854775808 9223372036854775808 9223372036854775808 9223372036854775808
  8 444 443 444 444 448 449 456 461 462 465 457 461 459 460 466 460 463 461 462 465 471 476 480 485 483 479 481 487 495 487 489 493 500 501 510 501 507 513 520 520 521 527 531 539 531 534 536 541 545 547 553 561 562 562 569 572 575 577 585 594 586 594 603 607 606 613 616 624 632 640 639 644 647 654 659 659 656 665 662 664 673 682 686 694 703 708 716 713 720 718 724 731 731 740 740 9223372036854775808 9223372036854775808 9223372036854775808 9223372036854775808
 16 436 434 443 441 450 442 448 453 455 457 455 452 452 454 459 452 455 456 463 472 471 478 472 476 478 475 481 484 488 482 486 494 501 510 507 500 505 505 513 520 526 518 523 530 525 533 539 547 545 549 552 553 555 560 568 571 570 577 584 592 584 592 595 599 604 611 613 619 625 634 636 644 644 645 653 654 655 656 660 663 672 681 682 689 698 699 708 704 711 716 721 722 730 731 734 741 9223372036854775808 9223372036854775808 9223372036854775808
 17 440 433 435 436 441 439 440 444 452 454 449 450 448 447 452 450 455 457 466 469 464 469 464 470 471 474 476 477 479 481 488 494 496 505 498 498 499 504 505 511 517 515 517 523 522 530 535 538 544 548 543 547 554 560 563 564 568 576 575 583 583 584 590 599 603 610 612 620 629 629 638 640 640 649 649 658 655 661 664 672 676 674 675 681 690 692 701 700 702 707 715 718 721 725 729 737 746 739 9223372036854775808
 26 440 432 429 435 436 438 445 450 449 445 446 451 447 445 443 447 456 460 460 464 457 460 460 463 467 465 467 469 472 477 479 486 487 496 492 491 500 505 497 506 508 509 516 514 521 527 530 538 542 548 540 542 551 553 560 569 570 570 572 578 577 585 594 596 600 607 612 616 624 621 629 631 639 641 642 651 652 654 655 664 672 673 676 682 684 692 693 694 698 705 707 709 718 724 729 733 741 735 738
 28 434 425 423 426 427 436 445 444 440 438 440 443 438 436 442 450 450 455 454 456 453 459 458 460 466 464 469 468 469 474 470 477 486 487 494 488 493 499 494 499 502 508 516 513 519 518 524 530 534 541 537 545 546 555 559 561 565 566 569 573 576 580 585 594 596 600 604 613 615 620 621 630 636 644 642 651 660 660 663 664 673 679 677 686 685 693 698 703 707 707 711 710 715 721 721 729 732 727 729
 29 426 417 417 422 426 435 441 436 438 429 436 434 429 430 436 443 444 446 452 448 444 451 455 451 458 462 464 465 472 475 467 474 481 488 485 486 487 490 491 498 499 507 511 511 518 515 518 525 527 536 535 539 544 546 552 554 559 568 571 572 575 580 589 597 604 603 607 611 612 613 620 627 628 636 641 645 651 658 661 663 666 671 679 688 693 700 701 697 704 705 705 709 717 722 718 720 723 722 721
 33 419 413 416 425 428 432 435 428 436 428 433 434 428 436 436 442 437 446 445 448 442 450 457 450 449 454 455 463 468 468 466 470 477 480 484 484 488 494 494 503 505 508 511 507 510 512 516 522 531 533 534 542 551 548 552 555 557 563 566 568 570 572 581 589 598 605 604 607 613 622 628 636 629 638 638 639 644 652 654 655 663 667 671 679 684 691 693 695 702 698 703 711 711 715 717 723 715 715 718
 41 413 412 414 418 419 424 427 426 434 426 426 435 427 430 435 434 436 444 436 441 440 448 450 452 446 450 457 466 471 464 464 468 472 479 484 475 480 487 496 500 497 500 502 505 514 518 525 528 530 529 532 537 544 551 557 564 565 571 575 571 577 575 584 593 599 601 603 609 611 619 627 629 631 634 636 638 642 643 646 653 661 662 665 670 678 683 684 686 693 690 699 702 706 713 715 718 714 706 714
 42 405 409 406 411 414 423 421 420 429 422 423 428 426 432 441 433 429 438 435 443 436 445 451 443 445 449 458 465 462 455 463 468 471 476 477 468 474 482 491 493 493 501 503 507 509 518 527 525 527 526 535 537 544 552 560 564 566 570 571 571 580 581 586 586 594 598 602 602 610 611 618 623 631 637 634 635 644 652 650 659 656 656 660 665 669 675 681 682 684 684 692 701 697 705 707 709 712 705 711
 51 400 407 399 407 409 415 415 417 423 421 427 424 418 424 433 433 424 429 427 434 435 441 444 441 450 450 454 456 460 454 459 461 468 468 473 466 470 477 486 490 492 499 507 514 511 514 518 520 520 525 533 534 539 544 553 556 558 561 562 565 572 578 579 580 586 592 593 599 602 610 612 618 627 628 632 638 647 650 654 658 655 647 651 660 666 672 673 674 682 683 684 693 696 697 699 702 703 704 712
 56 395 404 398 406 414 407 414 415 416 414 418 415 414 415 424 427 422 431 425 434 430 437 444 439 448 453 453 462 453 452 458 457 466 467 468 464 467 474 478 481 483 491 498 506 505 505 509 511 519 527 535 535 544 545 553 555 562 563 569 574 579 583 584 583 590 595 589 592 597 601 610 616 625 623 631 637 641 642 649 650 646 645 648 656 661 669 665 665 674 675 683 684 688 697 698 702 711 712 715
 58 392 395 397 399 405 399 408 415 411 412 416 416 410 416 417 418 419 428 424 425 429 431 436 438 439 447 450 459 455 448 450 456 459 459 465 463 465 474 476 479 481 485 492 500 497 498 501 510 515 519 528 535 539 544 547 550 554 558 567 576 581 581 590 585 590 589 584 592 601 607 601 610 617 618 624 628 633 642 640 649 641 643 646 649 656 661 660 663 668 672 679 685 691 698 702 694 703 706 714
 66 388 390 395 393 396 394 402 406 410 418 409 408 401 410 417 421 423 424 421 430 432 429 429 438 447 448 441 450 446 447 455 464 460 452 456 462 468 471 475 484 488 493 493 494 496 505 510 509 515 524 530 531 532 541 541 542 547 554 562 568 576 579 587 578 582 581 583 584 593 598 599 608 611 619 620 621 628 633 632 641 639 645 652 656 651 653 657 658 659 666 673 676 685 689 697 693 702 698 705
 73 387 381 387 384 388 390 399 398 406 409 407 401 397 404 412 412 414 416 413 421 429 423 424 431 440 441 439 443 445 452 461 460 452 451 457 459 460 469 473 479 488 493 487 496 491 499 504 508 511 515 523 530 539 538 535 544 551 558 559 559 567 571 580 572 573 580 582 585 594 597 602 607 603 610 612 615 622 625 631 637 638 639 647 647 649 658 656 657 665 668 676 677 679 688 688 691 700 695 700
 74 379 380 378 381 383 387 393 397 397 400 405 397 393 395 404 407 408 411 412 420 420 422 423 424 433 432 438 443 446 453 462 455 454 450 457 451 457 465 464 473 482 484 484 493 484 493 500 502 507 514 522 531 531 530 531 540 545 550 551 558 567 563 571 571 572 573 580 585 593 600 602 600 601 602 603 611 617 618 627 635 629 633 638 639 646 652 655 657 663 665 667 675 684 687 683 682 691 690 691
 83 374 371 377 378 383 385 392 394 396 394 401 400 392 396 399 403 400 408 407 412 412 419 414 421 424 428 435 439 447 456 455 447 451 449 448 448 454 459 463 469 478 487 482 485 482 485 491 498 500 505 514 523 532 529 534 541 544 549 552 557 565 561 562 570 575 581 589 586 595 597 595 598 607 609 608 617 618 624 626 632 624 625 633 642 649 650 657 657 662 667 666 674 679 684 679 680 687 689 697
 89 372 364 373 379 374 383 388 396 396 388 393 397 389 396 390 394 397 399 401 407 405 410 411 414 419 422 426 434 442 448 447 438 444 440 441 445 449 454 460 467 473 480 479 477 479 485 494 502 506 507 516 514 523 524 528 534 539 547 553 557 559 555 564 565 574 582 587 591 590 589 594 598 602 604 605 612 618 616 622 625 623 631 638 643 652 651 659 651 657 660 664 673 680 683 676 677 685 686 695
 93 366 362 368 375 372 378 385 388 387 386 392 391 388 396 387 388 393 399 402 402 400 401 405 406 415 416 417 425 433 442 440 431 435 436 444 453 455 457 463 464 469 476 484 476 483 488 497 506 511 508 508 510 514 523 528 535 533 541 547 551 556 553 560 569 570 577 581 583 589 581 590 589 594 595 604 603 609 608 613 616 619 626 635 638 645 654 659 650 657 656 663 664 671 676 675 684 688 694 699
 94 366 359 366 368 367 374 381 384 378 379 388 396 387 387 383 384 390 390 399 401 396 399 408 411 416 424 420 426 433 437 434 430 432 440 438 445 452 461 458 466 462 470 475 474 477 486 495 497 504 509 504 511 512 519 528 529 530 538 540 547 549 551 559 560 569 573 572 581 584 579 588 588 596 598 596 594 601 604 609 618 627 631 635 641 650 650 658 649 653 655 661 667 666 667 667 675 680 685 690
100 363 358 359 364 365 374 375 380 376 370 379 388 384 382 379 375 383 382 391 392 395 404 410 406 411 416 421 423 427 429 431 424 425 432 433 436 445 453 457 459 456 461 468 471 480 486 487 488 497 500 502 511 514 515 521 528 529 536 542 541 550 547 553 558 562 570 569 576 576 576 582 586 594 590 587 593 595 600 609 617 624 631 633 633 642 648 650 643 644 651 653 659 665 670 666 668 675 684 692
109 354 351 357 357 366 371 366 373 375 369 371 379 377 373 375 372 375 377 384 393 395 401 406 405 407 408 413 416 418 420 422 423 431 430 435 429 438 444 449 450 453 454 463 464 473 479 486 490 496 493 501 507 513 519 528 524 533 534 535 539 544 541 548 554 556 565 560 567 567 568 573 577 586 592 584 593 602 608 611 615 621 630 637 628 637 639 641 642 647 650 657 650 657 662 658 663 669 675 684
118 345 344 351 353 359 364 365 365 366 368 373 378 370 369 373 369 376 382 388 389 392 396 403 403 402 405 406 407 409 417 417 424 422 424 427 427 429 438 445 453 455 458 462 465 471 479 480 489 489 492 497 505 514 514 520 519 524 525 526 532 535 532 541 547 549 558 557 558 565 566 574 582 590 588 582 587 593 600 602 611 617 621 629 627 631 636 632 634 643 649 648 649 649 658 654 659 666 668 676
122 336 341 344 347 354 358 366 361 368 373 375 375 373 364 364 368 369 373 380 382 391 395 394 400 401 399 405 414 412 412 414 415 415 418 423 425 433 442 450 452 456 459 468 462 468 475 477 486 484 486 489 498 505 510 511 517 521 526 525 525 526 531 538 547 552 550 549 558 559 559 568 575 584 582 579 588 594 596 604 604 613 620 620 618 627 633 631 633 642 643 647 654 646 650 651 660 668 672 677
127 333 337 343 343 348 350 357 359 366 366 369 372 370 361 360 366 360 365 373 382 391 397 388 391 395 398 396 405 404 411 408 413 410 419 423 432 438 437 441 443 449 450 459 460 462 466 474 483 482 487 488 492 501 510 516 517 526 519 516 523 531 530 538 547 543 544 548 555 556 557 559 568 576 577 578 579 587 595 596 601 610 611 620 617 619 628 623 627 635 642 650 650 642 651 645 653 659 668 669
132 328 331 340 335 340 349 358 363 364 365 361 369 366 361 354 359 357 363 372 378 385 389 380 386 389 389 394 401 401 402 402 410 409 411 420 428 434 431 435 442 448 453 457 461 466 467 468 476 478 486 493 492 498 505 510 516 522 518 510 514 523 529 530 539 542 545 554 563 559 558 567 575 577 583 579 586 587 593 594 600 609 615 611 613 611 620 620 623 631 633 642 641 641 642 643 652 655 664 668
133 327 325 332 332 340 349 352 361 359 359 353 360 357 357 353 352 355 359 368 373 377 381 378 379 380 387 387 392 398 395 400 407 402 411 417 423 425 426 427 436 439 446 449 454 461 469 469 470 478 487 496 487 490 499 501 510 515 515 507 510 518 520 524 533 535 538 546 554 555 556 563 572 578 579 572 581 583 588 596 603 603 606 602 604 607 613 614 623 626 635 642 637 640 644 652 653 657 659 664
141 329 322 328 326 335 344 345 352 357 361 352 354 354 349 358 351 356 359 363 364 369 375 370 370 376 378 386 387 389 391 392 400 401 407 416 425 434 435 434 443 447 447 456 463 462 471 472 472 481 488 487 483 487 490 498 504 507 506 505 513 516 524 531 527 526 535 541 549 556 549 558 566 570 570 564 572 581 586 591 594 599 606 599 603 605 614 623 616 618 627 635 634 636 644 647 656 659 668 667
142 328 320 319 321 330 337 338 345 349 357 349 346 353 347 351 350 347 356 359 365 360 368 368 364 373 379 388 396 396 400 399 408 410 413 422 427 436 435 437 446 452 454 458 464 469 468 470 479 483 483 488 480 479 485 490 496 500 505 501 510 512 521 522 523 524 531 538 540 547 548 551 560 562 562 563 570 578 582 583 587 591 598 596 605 611 607 614 611 613 621 629 630 634 641 648 657 658 667 670
151 330 321 312 316 324 331 329 338 346 348 341 339 344 344 345 346 344 347 352 356 358 359 365 363 371 377 381 390 393 402 398 403 404 412 421 428 432 434 435 444 452 456 462 460 464 464 471 479 476 475 482 485 478 479 486 491 492 496 497 506 515 517 526 525 527 529 538 539 546 539 548 553 556 557 564 571 572 574 575 581 582 589 595 600 607 606 607 608 616 622 625 627 635 642 650 659 667 669 669
155 321 318 309 310 319 322 328 335 337 340 343 338 341 336 345 347 343 352 353 360 356 360 360 362 363 372 381 384 391 399 397 403 412 418 416 419 426 433 435 441 445 451 455 453 455 458 467 470 473 466 475 479 476 483 492 492 500 505 506 509 517 522 526 527 530 537 540 548 546 538 540 549 554 556 562 569 576 580 581 580 585 594 589 593 598 600 609 607 615 623 626 635 643 651 656 658 658 664 660
162 312 313 308 314 316 325 331 337 329 332 335 330 336 327 336 340 341 350 359 352 349 352 358 366 368 376 380 386 388 390 391 396 405 414 411 420 426 433 439 443 447 450 447 445 446 454 461 461 464 465 472 473 475 484 493 497 504 512 514 510 510 513 518 527 534 537 534 539 541 534 541 547 548 550 559 567 568 575 576 573 580 586 581 587 589 596 601 603 608 614 620 629 637 646 653 656 654 659 656
171 305 311 307 310 307 316 325 330 326 323 326 329 327 326 334 343 342 351 351 345 348 349 358 367 369 376 374 381 385 391 392 399 403 405 410 412 420 427 434 437 439 444 439 436 444 445 453 459 468 467 476 478 484 492 493 496 498 503 507 503 503 509 513 522 527 529 529 530 532 533 538 539 548 549 555 564 573 574 574 571 579 577 580 585 589 590 599 607 614 620 622 627 631 638 645 647 651 656 654
176 298 304 305 303 306 311 320 322 318 322 329 320 329 325 330 338 339 348 342 344 351 356 365 371 371 376 373 379 385 386 394 392 396 404 413 421 421 429 429 434 435 443 434 431 440 449 454 457 459 466 473 470 476 485 487 491 498 504 498 494 502 506 509 515 519 521 528 529 526 528 533 542 545 548 551 560 569 575 569 569 577 576 584 587 589 598 604 605 614 623 628 633 639 636 637 642 643 651 653
180 292 295 296 297 298 303 311 317 315 314 322 315 322 323 332 338 347 344 340 343 349 355 360 365 368 373 369 373 382 385 389 391 392 395 404 413 422 422 423 429 430 437 428 428 435 443 452 449 457 459 467 468 476 478 479 488 489 496 497 490 499 506 507 516 517 521 520 520 518 519 528 535 537 540 549 554 561 567 560 561 568 573 579 583 584 590 599 607 612 616 621 624 633 629 637 642 651 654 646
184 283 286 290 296 303 307 315 308 313 309 316 313 321 324 328 337 345 336 339 343 350 352 361 361 370 365 363 368 377 378 382 391 400 394 401 406 414 415 419 421 429 430 422 423 430 435 443 446 454 459 459 467 469 471 472 479 483 487 488 489 490 499 502 507 512 516 514 515 517 519 523 528 529 538 546 547 556 561 559 564 562 565 574 578 586 589 598 606 603 612 613 619 625 621 628 635 642 651 644
193 276 283 282 288 294 302 307 300 306 308 309 311 319 322 329 329 338 334 339 337 341 347 355 358 364 368 362 371 368 376 378 387 391 393 400 405 414 420 428 422 429 428 421 430 430 434 434 443 445 450 455 464 473 477 479 486 490 487 492 498 499 501 508 508 510 512 513 522 526 526 529 530 537 538 547 556 554 554 555 556 561 570 566 575 579 587 592 601 602 608 614 610 617 618 627 628 633 642 643
201 268 274 281 290 290 299 298 299 301 302 311 318 323 325 326 325 333 333 338 333 342 339 346 349 355 364 361 364 367 375 380 385 392 399 407 405 412 420 422 413 422 426 418 423 429 429 431 439 443 452 457 465 468 469 475 479 482 484 488 495 501 510 510 517 517 514 515 516 518 519 522 530 532 537 545 547 545 553 560 557 558 564 565 573 577 581 586 595 602 599 605 606 615 623 627 635 641 648 652
206 267 269 273 281 288 292 294 295 302 303 312 316 321 321 323 323 325 332 337 331 334 336 345 347 354 356 358 361 369 376 385 393 391 394 398 401 406 413 419 411 415 421 415 416 424 428 436 438 446 449 450 459 467 475 476 484 481 486 491 495 504 512 512 520 517 516 517 525 520 528 523 530 536 536 543 538 539 546 554 558 565 567 568 577 581 588 591 599 594 596 602 606 615 620 621 629 638 647 651
214 260 263 264 273 279 285 291 294 300 305 303 312 316 316 316 318 324 332 337 330 337 340 345 354 348 349 358 364 372 376 377 384 389 391 392 393 402 407 411 410 412 414 413 420 421 429 435 442 449 453 451 457 466 474 475 479 480 486 495 503 509 509 515 518 517 522 525 533 529 529 524 525 527 534 535 537 542 551 556 563 566 567 571 574 576 580 589 592 593 602 609 607 616 623 623 625 634 639 642
219 257 260 262 270 279 276 282 291 296 301 301 309 313 313 314 317 316 324 328 324 330 334 341 346 347 353 361 362 367 369 377 384 393 393 394 394 400 403 402 404 407 408 412 414 423 428 436 438 447 456 455 456 457 466 469 470 479 481 490 494 503 500 508 516 514 515 524 526 534 537 529 534 535 542 539 546 551 552 556 562 563 570 576 581 585 586 595 595 600 609 613 612 620 621 629 626 630 639 648
225 250 258 260 267 273 274 283 286 289 297 292 300 305 305 313 313 309 318 319 323 329 336 337 345 348 353 359 364 373 376 379 385 389 396 399 403 403 400 401 409 409 415 420 423 431 437 431 439 442 448 446 447 450 459 461 470 474 475 482 491 496 495 504 507 508 509 516 519 528 536 538 534 536 538 546 553 558 558 563 563 566 574 576 580 589 595 602 601 609 612 621 618 624 630 638 634 632 634 641
232 233 250 257 261 266 275 280 280 289 293 291 297 303 303 312 306 307 315 322 324 332 339 345 344 349 348 354 360 369 378 383 388 396 404 403 396 394 399 403 411 410 412 413 415 423 432 426 433 436 439 442 445 453 460 464 473 477 483 483 485 490 493 502 503 509 518 525 520 522 530 531 532 541 540 545 552 558 564 572 568 575 579 585 586 595 603 607 608 614 621 630 627 633 638 641 637 633 634 643
241 240 257 263 258 267 273 277 273 281 286 289 298 299 300 304 305 307 309 317 323 331 335 338 341 344 346 355 359 365 373 374 383 390 395 394 393 390 396 405 412 416 419 415 419 421 423 424 425 430 432 441 445 450 451 458 464 473 479 488 489 497 494 502 508 511 520 523 522 530 527 522 525 534 537 545 546 550 559 566 570 577 582 587 588 597 605 608 615 615 622 623 630 638 644 646 645 642 641 650
250 249 250 251 253 258 265 271 272 280 289 291 297 305 305 306 308 313 318 324 332 335 336 337 346 350 351 356 363 364 366 368 376 383 389 397 388 389 398 401 410 419 413 422 427 422 431 432 433 431 432 434 441 450 451 460 469 472 478 485 488 496 497 498 507 507 514 516 523 530 522 521 529 538 541 549 552 558 563 572 571 576 583 590 596 593 602 606 612 617 626 627 636 645 653 655 648 651 643 647
255 250 252 258 260 259 269 277 279 287 295 297 300 304 312 311 316 321 325 333 339 344 344 339 348 350 356 364 372 365 366 368 377 378 382 388 383 392 400 402 409 411 412 419 420 423 430 431 440 436 437 436 438 446 453 461 463 464 470 479 481 489 496 499 508 505 513 521 516 521 518 520 529 535 542 547 556 564 571 568 568 569 577 581 590 591 600 609 617 626 635 631 640 649 654 662 657 655 651 648
256 257 261 264 264 264 271 281 287 296 301 303 308 307 316 315 318 322 328 330 337 344 345 345 353 359 357 361 369 366 372 369 370 375 379 380 382 389 393 402 410 409 415 421 428 432 432 440 441 444 438 442 439 446 450 458 462 463 469 475 482 486 489 490 499 502 511 512 514 516 517 525 528 535 544 545 554 561 562 563 566 570 579 584 586 595 604 605 611 619 626 635 641 644 651 655 654 654 656 654
261 262 268 273 273 273 280 283 291 300 303 298 304 309 314 321 318 326 335 335 344 349 349 354 356 362 361 365 371 375 378 376 379 381 381 387 388 392 395 396 401 403 406 412 421 430 439 448 450 444 439 447 446 447 448 450 458 467 475 483 483 487 492 496 502 511 518 516 522 524 526 533 536 544 553 551 560 567 568 571 575 571 580 581 590 595 604 613 617 625 634 630 638 643 650 651 652 653 661 659
270 271 269 278 282 282 286 284 294 293 294 296 306 307 314 311 312 317 327 336 345 344 351 359 365 364 366 374 379 382 382 380 383 389 389 394 392 399 404 405 409 405 407 415 424 429 431 440 441 446 448 451 451 452 453 457 464 472 476 480 489 496 493 499 508 512 515 522 529 525 533 535 540 542 550 559 568 571 577 578 574 573 581 590 599 599 608 617 625 630 625 627 633 634 641 649 658 662 669 661
275 273 277 286 283 291 292 287 288 292 301 300 302 304 309 310 318 326 333 337 338 339 345 351 356 365 368 377 386 386 383 389 391 390 390 399 398 407 408 409 414 407 415 424 425 433 433 442 448 449 449 458 458 461 462 464 473 481 485 485 491 496 495 502 507 513 521 526 524 525 528 531 540 547 556 563 564 573 581 582 576 579 580 585 591 594 603 612 616 622 623 632 641 641 647 654 655 663 662 669
276 280 285 293 286 290 291 294 290 291 292 298 307 308 311 315 321 328 337 339 344 342 351 358 360 363 366 368 377 385 392 395 399 397 393 401 407 414 412 410 419 416 422 423 424 429 438 447 443 449 458 467 465 465 464 469 471 478 484 485 494 502 502 506 514 515 521 522 523 528 537 539 548 551 556 557 566 571 577 578 583 580 588 593 600 603 604 609 612 617 626 635 636 643 651 658 656 664 660 669
277 286 286 292 293 291 299 303 299 299 299 301 310 317 318 323 330 333 338 344 346 350 355 364 361 369 371 372 382 389 391 397 398 399 400 409 412 419 414 418 422 418 419 427 431 437 440 441 442 451 457 460 463 464 466 471 480 482 487 494 503 506 511 515 518 523 530 529 531 536 538 547 548 552 553 561 567 574 582 587 585 586 592 597 601 610 612 610 615 620 625 630 631 640 646 653 659 662 656 665
284 293 291 295 302 294 296 304 302 305 300 303 312 321 324 330 336 334 336 337 346 352 354 361 366 373 380 376 380 381 384 387 388 390 399 400 409 417 415 417 419 427 428 430 433 440 449 442 449 458 464 468 469 466 475 478 486 491 494 501 506 512 512 516 521 529 538 537 532 538 546 548 556 559 561 568 569 571 579 580 581 588 596 604 605 606 608 613 614 620 628 634 640 649 646 647 650 653 654 659
291 292 300 304 308 303 299 308 307 307 304 310 314 322 325 331 335 335 339 342 351 357 358 366 368 377 385 385 385 384 390 395 393 399 403 401 409 415 424 419 421 422 424 433 434 443 450 443 444 449 457 466 475 467 475 484 493 496 501 502 503 510 514 514 515 520 529 530 535 538 547 555 561 564 567 569 573 575 583 585 586 587 589 597 598 606 609 612 621 626 627 634 639 642 645 644 651 660 659 662
300 301 309 308 309 312 307 316 308 311 313 311 320 323 330 339 344 344 347 349 355 358 364 372 369 372 380 387 392 390 396 397 398 407 406 410 412 415 421 427 429 427 432 433 441 449 457 452 452 457 465 472 472 471 477 482 486 487 496 503 504 505 513 512 520 529 536 538 544 539 542 548 556 561 566 571 572 581 590 589 594 589 598 605 604 611 612 614 615 617 618 627 630 633 640 641 650 659 666 671
309 310 318 317 317 314 310 315 315 320 322 319 328 324 328 337 339 348 350 350 353 354 361 370 378 380 385 388 396 393 401 403 400 409 415 411 418 416 421 429 430 431 436 442 449 457 458 458 461 461 463 472 480 479 483 490 494 496 505 504 505 506 508 510 518 521 529 533 540 547 547 554 559 566 575 580 575 584 586 587 595 590 592 596 601 610 612 618 616 625 626 634 639 642 649 646 652 653 662 669
311 319 323 320 324 315 311 317 324 321 321 320 322 328 329 338 347 354 359 359 359 361 365 369 375 376 385 391 397 400 407 405 405 407 408 417 423 424 427 436 439 440 445 446 454 458 463 466 469 464 466 470 479 483 489 496 499 505 507 505 507 515 517 514 515 524 530 532 541 545 548 550 557 564 567 576 580 586 592 595 598 598 601 599 600 604 610 617 621 625 629 631 634 635 644 653 661 657 661 665
319 327 327 324 321 317 318 325 325 329 329 322 324 329 333 338 347 352 357 366 361 369 367 374 383 378 387 393 395 399 404 413 412 416 409 413 414 421 430 438 443 441 449 453 454 455 462 463 466 467 475 478 482 485 487 493 494 502 507 514 516 516 518 519 522 529 533 538 539 548 556 559 564 567 570 571 576 585 594 595 604 599 602 600 608 613 618 624 630 630 638 634 638 644 649 650 655 664 663 672
320 323 332 333 326 322 327 327 332 331 332 323 324 327 334 337 346 353 355 359 365 374 371 380 387 387 396 398 404 403 412 419 416 416 415 422 423 430 434 436 442 445 450 452 461 464 470 472 471 471 479 484 491 494 495 502 501 506 507 516 525 524 520 522 531 530 532 538 545 554 555 560 569 568 569 570 579 588 597 603 604 606 606 607 610 619 621 622 630 639 647 643 642 645 647 649 657 659 668 677
323 332 341 341 333 330 330 335 335 339 336 327 325 332 338 342 343 348 355 361 369 373 378 385 390 390 398 399 407 406 410 419 425 421 422 425 424 428 435 434 435 439 440 450 453 459 461 463 472 472 475 483 490 495 497 503 504 508 516 518 522 530 528 531 533 539 541 540 543 551 560 566 567 570 570 579 588 590 591 597 605 613 607 613 617 625 630 629 634 642 647 647 649 647 649 654 662 668 677 686
332 339 347 345 340 339 333 341 339 343 336 335 326 331 339 348 352 356 355 361 364 370 379 386 392 395 403 407 414 412 419 428 430 422 423 427 426 427 431 432 433 442 442 443 444 454 462 470 473 481 479 487 496 502 504 511 513 513 519 524 524 527 533 540 542 547 549 542 550 557 558 566 574 576 571 573 579 586 594 603 611 610 614 618 626 632 637 638 643 646 653 652 653 653 658 662 670 675 682 685
339 348 355 353 345 337 334 335 344 347 343 334 327 331 336 343 349 352 353 361 367 373 382 390 385 394 397 402 405 413 419 428 428 425 430 428 428 434 439 436 438 444 449 452 451 453 460 465 474 480 480 488 491 499 500 507 514 517 522 525 528 528 533 539 543 543 548 544 550 559 564 573 575 584 579 582 587 590 598 602 603 607 613 615 622 631 637 640 641 649 658 659 660 657 662 664 672 679 688 693
344 353 359 358 352 343 337 344 352 349 347 340 336 336 338 343 346 355 362 364 365 374 375 382 383 392 393 394 396 405 412 420 423 427 434 436 435 441 443 442 446 450 457 460 455 456 462 471 480 489 489 493 493 494 498 506 509 518 519 523 523 525 533 540 540 542 544 545 553 554 563 572 580 584 586 588 590 598 599 601 602 604 611 620 622 626 633 641 644 645 653 658 662 665 663 671 679 687 694 700
350 357 365 356 355 348 340 341 343 352 345 338 337 341 342 350 351 358 360 369 374 383 376 381 390 393 401 395 402 403 412 418 426 435 440 443 443 447 451 450 451 451 453 458 464 457 463 472 481 489 498 496 499 503 507 507 514 518 519 520 522 529 530 533 539 544 546 554 562 563 571 574 575 580 589 597 594 596 598 607 608 605 614 618 621 626 635 641 647 646 651 657 664 661 665 674 674 680 689 694
353 361 357 356 354 352 346 349 351 348 343 341 338 343 345 351 359 365 362 365 373 381 377 381 383 392 400 401 403 411 420 427 429 436 444 447 449 456 453 455 457 458 454 459 468 465 471 478 480 486 493 495 503 508 509 516 520 519 526 523 526 527 531 534 541 543 548 549 557 563 568 572 576 585 586 595 598 597 604 606 615 609 610 612 621 625 634 643 644 645 648 657 656 659 665 669 673 682 690 697
357 365 364 365 361 356 347 356 360 354 346 347 346 347 353 356 359 367 368 371 380 381 383 390 391 394 403 410 411 415 417 426 428 436 445 443 450 456 454 462 462 460 461 467 468 473 478 484 483 485 494 499 508 517 510 512 513 516 522 531 527 535 538 541 549 544 552 558 564 572 569 571 578 581 590 599 604 598 601 607 615 616 618 621 629 626 633 641 650 650 648 650 653 658 666 670 679 682 687 696
363 372 373 373 367 363 356 365 356 349 348 350 350 356 354 363 363 372 377 378 384 388 387 391 392 400 404 406 407 408 417 418 421 430 438 439 444 447 456 462 463 461 470 475 477 482 485 493 484 489 498 507 516 514 511 520 520 517 526 529 529 537 546 545 554 553 558 559 561 570 576 575 576 579 585 594 596 604 608 611 613 620 626 630 638 631 632 636 644 646 647 656 662 659 666 670 672 679 680 688
364 373 380 374 374 365 362 361 354 352 352 352 358 361 361 363 365 373 374 378 387 393 392 399 401 409 408 408 409 415 421 427 429 438 442 447 452 456 457 465 471 465 474 480 478 487 493 501 491 497 506 509 513 513 518 519 527 525 531 537 535 540 549 552 554 558 560 567 566 568 576 577 579 588 587 589 598 607 614 620 614 622 623 626 635 635 635 644 651 649 651 657 663 660 669 677 680 682 689 690
372 381 383 382 373 372 369 363 355 359 355 356 362 362 370 364 366 370 372 380 387 396 399 400 401 405 412 416 417 424 430 428 435 439 447 453 460 463 459 462 471 471 472 480 481 486 492 499 496 499 507 512 510 511 520 526 529 533 534 535 543 542 543 546 553 557 566 564 565 574 583 578 584 591 591 595 604 606 610 613 621 622 630 630 634 639 640 643 650 658 655 659 660 668 670 676 677 686 688 697
381 390 385 382 378 372 371 366 359 368 360 359 368 369 377 372 373 378 380 389 395 399 400 403 402 410 419 424 425 433 433 437 439 448 451 452 456 457 463 463 466 470 478 481 487 495 493 495 503 501 502 505 506 512 519 520 521 523 524 534 540 547 549 551 556 561 562 563 569 571 578 583 587 588 590 599 608 611 618 621 620 621 627 635 636 637 646 644 653 659 664 662 668 673 679 677 679 680 687 694
390 392 392 383 381 381 378 369 363 366 363 368 373 370 376 381 382 387 382 383 391 400 409 412 410 418 427 432 434 439 442 441 444 445 450 454 455 459 461 462 471 473 475 484 485 493 497 499 505 505 511 508 509 512 520 529 529 531 525 526 531 540 545 546 547 552 559 563 569 578 587 585 593 596 593 596 600 602 610 614 618 623 627 632 634 643 649 653 657 664 665 670 669 676 677 680 680 685 692 699
399 395 399 390 383 384 381 376 367 371 367 372 381 378 383 385 385 393 384 388 397 398 406 407 411 412 421 430 436 441 446 445 447 453 459 460 460 468 465 465 469 477 482 491 489 490 499 503 504 513 511 510 518 513 521 527 533 539 531 527 533 534 538 548 552 561 567 565 574 578 584 585 593 599 600 597 602 610 617 623 627 627 633 639 643 645 650 655 662 669 666 672 678 684 682 681 681 687 689 695
403 404 405 399 392 391 383 376 372 373 372 373 382 387 392 388 393 390 386 394 403 402 408 413 418 420 428 431 440 441 449 446 452 460 467 462 467 474 472 473 474 482 488 492 491 499 506 508 513 518 520 518 518 515 521 530 539 541 534 534 542 542 543 546 552 555 562 563 569 574 581 590 591 596 605 606 603 607 608 614 619 627 631 640 649 653 659 656 664 671 675 676 679 687 690 690 688 696 695 696
411 413 414 405 401 400 392 385 376 374 381 374 376 385 390 396 402 399 394 396 397 406 409 418 419 428 432 432 437 446 455 454 457 461 470 468 469 477 479 479 480 489 496 500 499 508 508 509 515 524 524 527 520 516 525 531 533 535 536 537 545 550 551 553 560 562 568 572 571 580 585 591 600 605 606 615 608 615 615 617 624 629 637 645 651 659 667 662 663 671 675 683 685 693 697 699 696 705 704 700
418 410 409 405 402 405 396 387 382 383 378 377 380 381 386 387 396 398 400 404 406 408 412 420 422 431 433 438 445 454 456 459 459 460 468 476 478 479 482 488 483 484 493 500 508 509 517 510 511 518 527 533 529 523 532 540 538 541 537 543 550 556 559 560 569 564 573 577 572 580 588 597 605 613 614 623 615 624 616 619 627 634 639 640 648 657 658 660 669 675 683 692 692 693 700 707 698 703 712 704
426 417 416 408 400 399 397 389 386 382 381 386 381 390 388 396 403 401 408 410 415 409 418 426 429 436 440 446 453 461 465 465 468 462 465 469 475 477 485 486 484 485 490 491 499 507 513 519 518 522 530 531 538 532 541 546 543 550 545 551 559 562 566 568 576 571 580 582 579 587 595 597 597 606 612 616 614 617 622 628 631 632 639 645 646 648 655 663 671 679 687 689 697 694 701 702 707 711 712 713
433 424 416 416 408 405 396 389 388 384 386 395 390 397 390 391 394 401 402 405 408 416 420 427 429 433 442 448 457 466 470 474 466 464 465 472 481 482 489 490 490 486 489 493 496 503 511 516 518 527 528 532 534 533 541 549 547 556 549 550 558 563 567 569 578 576 580 581 581 590 598 595 596 598 606 607 611 620 628 630 631 634 642 648 650 651 660 668 669 676 684 692 694 696 702 710 708 717 721 719
426 423 414 414 405 396 395 394 394 390 388 396 398 395 393 396 401 407 411 407 411 413 422 425 431 439 440 447 454 463 468 471 474 465 466 468 474 483 490 499 499 495 498 495 503 511 516 519 525 526 535 540 543 540 549 552 552 557 558 553 560 567 570 574 582 585 588 585 584 586 588 592 595 596 605 609 619 622 627 631 632 637 646 653 659 656 665 672 678 684 689 695 697 704 710 710 714 716 720 727
418 414 411 409 408 400 402 395 395 396 397 404 399 400 397 404 408 416 418 409 410 413 421 422 423 430 433 442 446 455 464 465 466 468 475 477 483 490 497 506 505 504 506 504 512 520 525 521 527 529 530 539 540 543 552 556 557 562 565 561 568 576 578 583 591 592 590 588 586 592 596 600 604 605 611 613 623 630 634 639 641 641 646 654 662 665 673 675 682 685 689 698 695 695 703 709 710 711 715 723
427 420 420 417 410 408 400 396 402 400 401 403 408 408 405 412 409 410 419 418 414 421 426 431 424 433 441 446 453 459 460 467 473 475 473 481 490 489 493 500 504 513 514 511 518 519 524 522 529 538 537 541 542 551 552 554 562 571 574 568 576 582 587 592 592 599 596 596 589 598 604 601 607 614 618 615 625 633 641 639 641 648 645 653 661 670 672 675 677 680 680 689 686 687 694 703 707 711 718 724
431 423 423 419 410 406 405 405 410 401 406 410 413 414 409 418 410 419 425 427 422 423 428 435 432 435 442 448 455 460 463 461 464 469 471 475 484 486 492 493 501 510 515 512 517 525 526 531 538 547 539 548 544 549 555 561 567 575 575 575 584 584 589 592 599 607 602 600 592 601 609 603 606 613 617 619 623 628 636 636 638 639 642 651 656 663 668 675 683 679 672 681 685 687 696 705 714 718 718 727
434 427 424 427 419 415 414 414 411 410 413 417 421 415 418 414 411 419 427 428 430 425 434 437 435 440 441 446 450 451 455 459 467 476 474 475 482 486 491 492 501 510 516 514 517 526 532 534 537 546 548 557 553 550 558 565 566 567 569 573 577 584 592 593 602 608 603 599 595 599 607 611 607 613 621 626 624 626 627 630 632 641 648 652 653 660 659 667 674 675 670 679 682 691 697 701 710 714 715 724
441 435 432 434 425 420 423 421 420 413 414 423 428 421 427 421 420 421 426 433 439 434 443 438 440 448 450 449 458 460 460 468 471 479 483 481 490 495 498 501 504 505 514 517 524 532 540 537 545 552 555 562 555 559 561 566 570 570 577 581 580 586 595 602 606 613 610 605 596 605 607 612 609 618 625 632 626 628 635 637 635 640 641 648 650 654 658 660 665 666 667 676 681 684 691 700 705 706 714 716
449 444 441 443 434 427 425 422 423 414 423 426 434 426 433 424 429 423 432 434 443 435 437 444 443 452 453 450 452 456 465 474 476 480 489 488 495 502 502 508 513 514 521 522 529 534 538 541 545 554 556 561 557 566 562 571 578 572 579 588 585 593 599 608 607 614 609 608 600 609 616 620 613 620 624 624 633 636 643 638 640 645 647 656 657 656 660 661 669 669 670 679 681 690 699 703 708 714 720 717
457 451 445 436 435 434 432 423 425 417 426 432 438 435 435 426 432 426 433 438 446 444 446 453 450 456 462 459 455 464 467 469 478 479 488 496 503 509 508 509 511 519 526 525 529 536 538 544 553 562 557 566 566 575 567 575 580 581 584 593 591 595 601 608 616 608 615 609 608 615 623 621 615 616 617 622 631 639 646 641 644 648 651 659 664 657 664 670 676 672 678 679 687 695 696 705 714 715 720 723
454 447 438 437 442 442 433 424 432 424 431 435 441 438 444 435 435 432 439 440 443 444 450 456 452 453 457 465 457 466 468 477 483 484 493 501 502 511 517 515 520 528 533 534 531 533 539 548 554 561 558 559 561 569 568 570 576 577 585 591 592 586 595 602 607 600 609 615 617 624 632 623 620 623 621 625 633 637 644 647 653 656 659 664 661 659 661 666 668 675 678 684 691 694 701 710 719 722 729 732
454 445 444 445 449 440 435 426 433 433 439 444 445 440 447 442 444 441 440 441 444 445 453 462 460 455 464 462 459 460 463 470 479 485 490 499 502 506 513 520 521 529 533 534 532 537 540 549 551 553 561 568 562 571 575 571 574 577 581 583 584 585 589 598 604 599 607 614 617 625 632 630 629 627 624 627 635 643 649 656 659 665 666 673 669 664 668 675 675 681 681 682 691 698 707 715 722 723 732 739
460 451 453 450 450 441 441 435 434 442 440 443 450 441 450 451 452 450 449 450 445 453 459 468 461 456 464 466 468 462 471 479 486 486 490 496 497 504 507 512 519 528 536 537 540 545 549 557 552 560 561 566 570 578 581 579 579 581 589 588 588 586 594 595 596 598 603 609 610 616 625 633 637 636 632 635 638 642 651 655 656 660 666 675 670 665 668 675 678 683 687 689 690 699 707 709 715 722 725 730
457 454 456 457 451 450 443 436 440 442 445 445 448 449 456 454 458 455 450 450 448 449 451 460 469 465 469 474 470 471 479 483 492 495 497 498 503 508 509 513 522 529 533 536 545 553 552 561 559 565 570 575 573 579 585 587 580 588 596 590 597 595 599 602 603 600 601 607 616 619 623 626 632 635 634 638 639 641 646 648 657 665 672 673 672 672 671 672 676 681 683 692 697 701 702 710 712 721 729 733
466 458 463 466 460 459 452 445 446 447 453 453 449 452 461 455 460 457 455 458 449 458 459 468 476 472 470 479 472 478 487 492 501 504 502 506 508 513 518 514 519 525 526 535 540 547 551 560 562 563 566 571 579 580 582 588 589 595 604 595 602 603 606 608 612 608 610 616 624 627 628 633 637 641 636 645 641 648 647 656 662 666 669 678 678 680 675 680 677 685 692 701 700 701 710 716 714 719 721 724
467 466 472 467 468 464 455 451 447 452 456 454 452 453 461 463 467 459 458 466 457 458 459 468 474 473 477 486 477 486 487 496 504 513 509 507 516 519 518 517 518 524 533 540 549 556 556 564 570 564 565 574 580 589 589 595 596 596 604 603 608 606 608 617 616 609 615 618 619 620 621 627 635 636 644 648 650 650 656 658 664 669 673 674 676 684 684 684 678 682 684 693 694 703 709 710 714 715 724 732
473 471 479 474 466 463 457 455 454 453 461 462 459 459 466 472 472 468 460 469 463 467 468 469 473 477 481 482 479 488 492 501 506 515 514 508 514 521 527 524 524 530 538 545 549 558 562 564 573 568 574 576 583 588 592 595 600 598 602 605 610 614 614 617 620 611 620 626 628 624 626 628 633 640 642 651 658 659 659 659 661 670 679 675 682 689 690 686 682 688 690 691 693 694 700 708 709 714 722 726
482 480 480 472 468 459 458 463 462 458 459 460 465 464 470 479 476 467 466 475 470 476 477 474 482 480 481 482 482 490 495 504 510 511 520 513 520 529 526 525 533 531 536 545 554 560 569 572 581 576 582 585 591 597 601 601 609 607 608 606 611 618 623 623 622 613 615 619 624 629 634 631 635 636 639 646 655 656 661 660 664 665 672 680 688 694 698 689 687 691 698 697 702 696 703 709 714 713 714 717
489 480 472 471 462 461 466 467 463 466 464 462 471 465 473 474 483 476 471 474 471 475 484 478 486 481 489 490 490 491 493 501 504 510 519 522 529 533 535 528 532 540 544 553 562 569 576 579 580 578 580 589 592 600 601 609 616 616 613 614 620 622 628 624 626 622 616 623 627 631 632 640 643 643 648 653 662 664 662 664 672 667 670 672 680 689 689 698 693 698 704 706 707 698 699 700 705 711 719 718
486 479 472 471 463 467 475 471 472 470 473 471 476 468 475 475 480 483 474 478 473 482 491 485 494 488 497 492 494 498 499 507 506 512 521 525 534 534 539 533 539 547 550 558 567 572 581 588 587 583 587 596 600 605 608 611 617 624 616 615 624 631 633 633 629 621 619 627 634 637 640 646 651 652 656 658 662 663 671 669 677 668 671 672 680 682 685 693 701 699 704 705 704 701 705 703 713 713 717 725
491 485 476 472 472 470 472 472 481 472 478 480 478 469 478 484 483 482 475 482 481 484 491 490 495 494 501 496 497 502 504 513 515 521 522 531 534 543 544 540 548 552 557 559 566 567 576 585 592 591 588 597 605 606 611 618 623 632 624 618 624 633 642 642 633 626 625 633 637 646 648 653 660 653 661 661 662 665 674 670 679 676 680 681 689 686 694 702 708 707 705 713 709 708 713 709 712 714 723 730
491 483 477 480 478 477 474 477 480 473 477 486 481 478 487 485 485 491 484 487 487 493 500 494 501 495 504 501 506 504 506 513 520 525 527 530 539 546 546 549 554 559 560 560 566 570 577 586 590 597 589 597 606 615 615 618 623 630 633 627 633 640 645 644 642 634 634 639 645 654 649 658 663 659 666 667 668 666 675 675 684 684 689 690 695 687 696 704 713 716 713 719 710 713 716 716 719 715 716 720
493 486 486 487 486 483 483 484 475 474 482 485 488 479 484 489 493 492 491 489 489 491 497 502 501 500 501 510 514 511 515 514 522 530 536 532 541 542 550 547 556 560 569 565 570 579 583 585 593 597 596 602 606 607 616 625 624 625 631 632 639 648 654 647 641 638 640 647 654 657 655 664 668 660 667 675 670 669 672 673 680 683 692 699 702 695 702 706 715 722 721 723 715 721 721 720 725 717 724 726
496 490 491 495 487 491 490 488 481 479 486 486 495 488 493 498 502 498 496 495 497 493 501 509 510 501 509 510 518 516 523 520 527 533 540 533 540 545 553 546 547 556 565 574 579 576 576 581 587 588 589 593 597 599 608 617 626 634 636 641 640 649 654 655 649 641 649 656 658 659 663 666 674 668 673 678 679 670 678 682 684 692 698 704 705 697 706 715 719 727 730 727 722 728 727 729 733 726 730 727
499 499 493 496 492 499 491 489 488 488 488 495 497 490 499 506 511 506 497 496 499 496 504 506 515 508 509 517 520 525 532 529 529 538 545 537 539 541 544 545 547 551 559 567 573 574 575 577 586 594 595 602 605 608 611 619 626 635 643 642 648 657 658 660 655 649 658 664 665 660 665 672 675 673 676 677 681 678 686 691 693 693 701 702 706 698 705 712 720 721 728 735 728 729 736 738 737 733 738 736
