  0 451 445 450 453 449 458 460 463 471 470 466 463 468 469 467 461 462 466 465 468 477 485 481 490 485 483 488 491 492 496 493 494 503 504 509 503 510 511 512 520 523 532 533 539 538 542 544 552 556 559 561 570 574 571 579 579 586 589 594 603 595 597 605 614 612 616 624 625 631 640 649 656 658 665 667 670 668 673 668 673 681 685 693 695 704 712 721 718 724 730 731 732 738 746 9223372036854775808 9223372036854775808 9223372036854775808 9223372036854775808 9223372036854775808
  8 444 443 444 444 448 449 456 461 462 465 457 461 459 460 466 460 463 461 462 465 471 476 480 485 483 479 481 487 495 487 489 493 500 501 510 502 508 514 521 521 522 528 532 540 534 537 539 544 548 550 556 564 565 565 572 575 578 580 588 597 589 597 606 610 609 616 619 627 635 643 642 647 650 657 662 662 659 668 665 667 676 685 689 697 706 711 719 716 723 721 727 734 734 743 743 9223372036854775808 9223372036854775808 9223372036854775808 9223372036854775808
 16 436 434 443 441 450 442 448 453 455 457 455 452 452 454 459 452 455 456 463 472 471 478 472 476 478 475 481 484 488 482 486 494 501 510 508 501 506 506 514 521 527 519 524 531 528 536 542 550 548 552 555 556 558 563 571 574 573 580 587 595 587 595 598 602 607 614 616 622 628 637 639 647 647 648 656 657 658 659 663 666 675 684 685 692 701 702 711 707 714 719 724 725 733 734 737 744 9223372036854775808 9223372036854775808 9223372036854775808
 17 440 433 435 436 441 439 440 444 452 454 449 450 448 447 452 450 455 457 466 469 464 469 464 470 471 474 476 477 479 481 488 494 496 505 499 499 500 505 506 512 518 516 518 526 525 533 538 541 547 551 546 550 557 563 566 567 571 579 578 586 586 587 593 602 606 613 615 623 632 632 641 643 643 652 652 661 658 664 667 675 679 677 678 684 693 695 704 703 705 710 718 721 724 728 732 740 749 744 9223372036854775808
 26 440 432 429 435 436 438 445 450 449 445 446 451 447 445 443 447 456 460 460 464 457 460 460 463 467 465 467 469 472 477 479 486 487 496 493 492 501 506 498 507 509 510 517 517 524 530 533 541 545 551 543 545 554 556 563 572 573 573 575 581 580 588 597 599 603 610 615 619 627 624 632 634 642 644 645 654 655 657 658 667 675 676 679 685 687 695 696 697 701 708 710 712 721 727 734 738 746 740 743
 28 434 425 423 426 427 436 445 444 440 438 440 443 438 436 442 450 450 455 454 456 453 459 458 460 466 464 469 468 469 474 470 477 486 487 494 489 494 500 495 500 503 509 517 516 522 521 527 533 537 544 540 548 549 558 562 564 568 569 572 576 579 583 588 597 599 603 607 616 618 623 624 633 639 647 645 654 663 663 666 667 676 683 680 689 688 696 701 706 710 710 716 713 718 724 726 734 737 732 734
 29 426 417 417 422 426 435 441 436 438 429 436 434 429 430 436 443 444 446 452 448 444 451 455 451 458 462 464 465 472 475 467 474 481 488 485 487 488 491 492 499 500 508 512 514 521 518 521 528 530 539 538 542 547 549 555 557 562 571 574 575 578 583 592 600 607 606 610 614 615 616 623 630 631 639 644 648 654 661 665 667 670 675 683 692 697 705 706 702 709 710 710 714 722 727 723 725 728 727 726
 33 419 413 416 425 428 432 435 428 436 428 433 434 428 436 436 442 437 446 445 448 442 450 457 450 449 454 455 463 468 468 466 470 477 480 484 487 491 497 495 504 508 511 514 510 513 515 519 525 534 536 537 545 554 551 555 558 560 566 569 571 573 575 584 592 601 608 607 610 616 625 631 639 632 641 641 642 647 656 658 659 667 672 676 684 689 696 698 700 707 703 708 716 716 720 722 728 720 720 723
 41 413 412 414 418 419 424 427 426 434 426 426 435 427 430 435 434 436 444 436 441 440 448 450 452 446 450 457 466 471 464 464 468 472 479 487 478 483 490 499 503 500 503 505 508 517 521 528 531 533 532 535 540 547 554 560 567 568 574 578 574 580 578 587 596 602 604 606 613 615 623 632 634 634 637 639 642 646 647 650 657 665 667 670 675 683 688 689 691 698 695 704 707 711 718 720 723 719 711 719
 42 405 409 406 411 414 423 421 420 429 422 423 428 426 432 441 433 429 438 435 443 436 445 451 443 445 449 458 465 462 455 463 468 471 477 480 471 477 485 494 496 496 504 506 510 512 521 530 528 530 529 538 540 547 555 563 567 569 573 574 574 583 584 589 589 597 601 607 607 615 616 623 628 636 642 639 640 649 656 654 663 661 661 665 670 674 680 686 687 689 689 697 706 702 710 712 714 717 710 716
 51 400 407 399 407 409 415 415 417 423 421 427 424 418 424 433 433 424 429 427 434 435 441 444 441 450 450 454 456 460 454 459 461 468 469 476 469 473 480 489 493 495 502 510 517 514 517 521 523 523 528 536 537 542 547 556 559 561 564 565 568 575 581 582 583 589 595 598 604 607 615 617 623 632 633 637 643 652 655 659 663 660 652 656 665 671 677 678 679 687 688 689 698 701 702 704 707 708 709 717
 56 395 404 398 406 414 407 414 415 416 414 418 415 414 415 424 427 422 431 425 434 430 437 444 439 448 453 453 462 453 452 458 457 466 470 471 467 470 477 481 484 486 494 501 509 508 508 512 514 522 530 538 538 547 548 556 558 565 566 572 577 582 586 587 586 593 599 594 597 602 606 615 621 630 628 636 642 646 647 654 655 651 650 653 661 666 674 670 670 679 680 688 689 693 702 703 707 716 717 720
 58 392 395 397 399 405 399 408 415 411 412 416 416 410 416 417 418 419 428 424 425 429 431 436 438 439 447 450 459 455 448 450 456 459 462 468 466 468 477 479 482 484 488 495 503 500 501 504 513 518 522 531 538 542 547 550 553 557 561 570 579 584 586 595 590 595 594 589 597 606 612 606 615 622 623 629 633 638 647 645 654 646 648 651 654 661 666 665 668 673 677 684 690 696 703 707 699 708 711 719
 66 388 390 395 393 396 394 402 406 410 418 409 408 401 410 417 421 423 424 421 430 432 429 429 438 447 448 441 450 446 447 455 464 463 455 459 465 471 474 478 487 491 496 496 497 499 508 513 512 518 527 533 534 535 544 544 545 550 557 565 571 579 584 592 583 587 586 588 589 598 603 604 613 616 624 625 626 633 638 637 646 644 650 657 661 656 658 662 663 664 671 678 681 690 694 702 698 707 703 710
 73 387 381 387 384 388 390 399 398 406 409 407 401 397 404 412 412 414 416 413 421 429 423 424 431 440 441 439 443 445 452 461 463 455 454 460 462 463 472 476 482 491 496 490 499 494 502 507 511 514 518 526 533 542 541 538 547 554 561 562 562 570 576 585 577 578 585 587 590 599 602 607 612 608 615 617 620 627 630 636 642 643 644 652 652 654 663 661 662 670 673 681 682 684 693 693 696 705 700 705
 74 379 380 378 381 383 387 393 397 397 400 405 397 393 395 404 407 408 411 412 420 420 422 423 424 433 432 438 443 446 453 462 458 457 453 460 454 460 468 467 476 485 487 487 496 487 496 503 505 510 517 525 534 534 533 534 543 548 553 554 561 570 568 576 576 577 578 585 590 598 605 607 605 606 607 608 616 622 623 632 640 634 638 643 644 651 657 660 662 668 670 672 680 689 692 688 687 696 695 696
 83 374 371 377 378 383 385 392 394 396 394 401 400 392 396 399 403 400 408 407 412 412 419 414 421 424 428 435 439 447 456 458 450 454 452 451 451 457 462 466 472 481 490 485 488 485 488 494 501 503 508 517 526 535 532 537 544 547 552 555 560 568 566 567 575 580 586 594 591 600 602 600 603 612 614 613 622 623 629 631 637 629 630 638 647 654 655 662 662 667 672 671 679 684 689 684 685 692 694 702
 89 372 364 373 379 374 383 388 396 396 388 393 397 389 396 390 394 397 399 401 407 405 410 411 414 419 422 426 434 442 448 450 441 447 443 444 448 452 457 463 470 476 483 482 480 482 488 497 505 509 510 519 517 526 527 531 537 542 550 556 560 563 560 569 570 579 587 592 596 595 594 599 603 607 609 610 617 623 621 627 630 628 636 643 648 657 656 664 656 662 665 669 678 685 688 681 682 690 691 700
 93 366 362 368 375 372 378 385 388 387 386 392 391 388 396 387 388 393 399 402 402 400 401 405 406 415 416 417 425 433 442 443 434 438 439 447 456 458 460 466 467 472 479 487 479 486 491 500 509 514 511 511 513 517 526 531 538 536 544 550 554 559 558 565 574 575 582 586 588 594 586 595 594 599 600 609 608 614 613 618 621 624 631 640 643 650 659 664 655 662 661 668 669 676 681 680 689 693 699 704
 94 366 359 366 368 367 374 381 384 378 379 388 396 387 387 383 384 390 390 399 401 396 399 408 411 416 424 420 426 433 440 437 433 435 443 441 448 455 464 461 469 465 473 478 477 480 489 498 500 507 512 507 514 515 522 531 532 533 541 543 550 552 556 564 565 574 578 577 586 589 584 593 593 601 603 601 599 606 609 614 623 632 636 640 646 655 655 663 654 658 660 666 672 671 672 672 680 685 690 695
100 363 358 359 364 365 374 375 380 376 370 379 388 384 382 379 375 383 382 391 392 395 404 410 408 413 419 424 426 430 432 434 427 428 435 436 439 448 456 460 462 459 464 471 474 483 489 490 491 500 503 505 514 517 518 524 531 532 539 545 545 554 552 558 563 567 575 574 581 581 581 587 591 599 595 592 598 600 605 614 622 629 636 638 638 647 653 655 648 649 656 658 664 670 675 671 673 680 689 697
109 354 351 357 357 366 371 366 373 375 369 371 379 377 373 375 372 375 377 384 393 395 401 406 407 410 411 416 419 421 423 425 426 434 433 438 432 441 447 452 453 456 457 466 467 476 482 489 493 499 496 504 510 516 522 531 527 536 537 538 543 549 546 553 559 561 570 565 572 572 573 578 582 591 597 589 598 607 613 616 620 626 635 642 633 642 644 646 647 652 655 662 655 662 667 663 668 674 680 689
118 345 344 351 353 359 364 365 365 366 368 373 378 370 369 373 369 376 382 388 389 392 396 404 405 405 408 409 410 412 420 420 427 425 427 430 430 432 441 448 456 458 461 465 468 474 482 483 492 492 495 500 508 517 517 523 522 527 528 529 536 540 537 546 552 554 563 562 563 570 571 579 587 595 593 587 592 598 605 607 616 622 626 634 632 636 641 637 639 648 654 653 654 654 663 659 664 671 673 681
122 336 341 344 347 354 358 366 361 368 373 375 375 373 364 364 368 369 373 380 382 391 395 395 402 404 402 408 417 415 415 417 418 418 421 426 428 436 445 453 455 459 462 471 465 471 478 480 489 487 489 492 501 508 513 514 520 524 531 530 530 531 536 543 552 557 555 554 563 564 564 573 580 589 587 584 593 599 601 609 609 618 625 625 623 632 638 636 638 647 648 652 659 651 655 656 665 673 677 682
127 333 337 343 343 348 350 357 359 366 366 369 372 370 361 360 366 360 365 373 382 391 398 389 393 398 401 399 408 407 414 411 416 413 422 426 435 441 440 444 446 452 453 462 463 465 469 477 486 485 490 491 495 504 513 519 520 529 524 521 528 536 535 543 552 548 549 553 560 561 562 564 573 581 582 583 584 592 600 601 606 615 616 625 622 624 633 628 632 640 647 655 655 647 656 650 658 664 673 674
132 328 331 340 335 340 349 358 363 364 365 361 369 366 361 354 359 357 363 372 378 385 390 381 388 392 392 397 404 404 405 405 413 412 414 423 431 437 434 438 445 451 456 460 464 469 470 471 479 481 489 496 497 503 510 515 521 527 523 515 519 528 534 535 544 547 550 559 568 564 563 572 580 582 588 584 591 592 598 599 605 614 620 616 618 616 625 625 628 636 638 647 646 646 647 648 657 660 669 673
133 327 325 332 332 340 349 352 361 359 359 353 360 357 357 353 352 355 359 368 373 377 381 379 382 383 390 390 395 401 398 403 410 405 414 420 426 428 429 430 439 442 449 452 457 464 472 472 473 481 490 499 492 495 504 506 515 520 520 512 515 523 525 529 538 540 543 551 559 560 561 568 577 583 584 577 586 588 593 601 608 608 611 607 609 612 618 619 628 631 640 647 642 645 649 657 658 662 664 669
141 329 322 328 326 335 344 345 352 357 361 352 354 354 349 358 351 356 359 363 364 369 375 371 373 379 381 389 390 392 394 395 403 404 410 419 428 437 438 437 446 450 450 459 466 465 474 475 475 484 491 492 488 492 495 503 509 512 511 510 518 521 529 536 532 531 540 546 554 561 554 563 571 575 575 569 577 586 591 596 599 604 611 604 608 610 619 628 621 623 632 640 639 641 649 652 661 664 673 672
142 328 320 319 321 330 337 338 345 349 357 349 346 353 347 351 350 347 356 359 365 360 368 369 367 376 382 391 399 399 403 402 411 413 416 425 430 439 439 440 449 455 457 461 467 472 473 475 484 488 488 493 485 484 490 495 501 505 510 506 515 517 526 527 528 529 536 543 545 552 553 556 565 567 567 568 575 583 587 588 592 596 603 601 610 616 612 619 616 618 626 634 635 639 646 653 662 663 672 675
151 330 321 312 316 324 331 329 338 346 348 341 339 344 344 345 346 344 347 352 356 358 359 365 366 374 380 384 393 396 405 403 408 409 417 426 433 437 439 440 449 457 461 467 465 469 469 476 484 481 480 487 490 483 484 491 496 497 501 502 511 520 522 531 530 532 534 543 544 551 544 553 558 561 562 569 576 577 579 580 586 587 594 600 605 612 611 612 613 621 627 630 632 640 647 655 664 672 674 674
155 321 318 309 310 319 322 328 335 337 340 343 338 341 336 345 347 343 352 353 361 361 365 365 367 368 377 386 389 396 404 402 408 417 423 421 424 431 438 440 446 450 456 460 458 460 463 472 475 478 471 480 484 481 488 497 497 505 510 511 514 522 527 531 532 535 542 545 553 551 543 545 554 559 561 567 574 581 585 586 585 590 599 594 598 603 605 614 612 620 628 631 640 648 656 661 663 663 669 665
162 312 313 308 314 316 325 331 337 329 332 335 330 336 327 336 340 341 350 359 357 354 357 363 371 373 381 385 391 393 395 396 401 410 419 416 425 431 438 444 448 452 455 452 450 451 459 466 466 469 470 477 478 480 489 498 502 509 517 519 515 515 518 523 532 539 542 539 544 546 539 546 552 553 555 564 572 573 580 581 578 585 591 586 592 594 601 606 608 613 619 625 634 642 651 658 661 659 664 661
171 305 311 307 310 307 316 325 330 326 323 326 329 327 326 334 343 342 351 356 350 353 354 363 372 374 381 379 386 390 396 397 404 408 410 415 417 425 432 439 442 444 449 444 441 449 450 458 464 473 472 481 483 489 497 498 501 503 508 512 508 508 514 518 527 532 534 534 535 537 538 543 544 553 554 560 569 578 579 579 576 584 582 585 590 594 595 604 612 619 625 627 632 636 643 650 652 656 661 659
176 298 304 305 303 306 311 320 322 318 322 329 320 329 325 330 338 339 348 347 349 356 361 370 376 376 381 378 384 390 391 399 397 401 409 418 426 426 434 434 439 440 448 439 436 445 454 459 462 464 471 478 475 481 490 492 496 503 509 503 499 507 511 514 520 524 526 533 534 531 533 538 547 550 553 556 565 574 580 574 574 582 581 589 592 594 603 609 610 619 628 633 638 644 641 642 647 648 656 658
180 292 295 296 297 298 303 311 317 315 314 322 315 322 323 332 338 347 349 345 348 354 360 365 370 373 378 374 378 387 390 394 396 397 400 409 418 427 427 428 434 435 442 433 433 440 448 457 454 462 464 472 473 481 483 484 493 494 501 502 495 504 511 512 521 522 526 525 525 523 524 533 540 542 545 554 559 566 572 565 566 573 578 584 588 589 595 604 612 617 621 626 629 638 634 642 647 656 659 651
184 283 286 290 296 303 307 315 308 313 309 316 313 321 324 328 337 346 341 344 348 355 357 366 366 375 370 368 373 382 383 387 396 405 399 406 411 419 420 424 426 434 435 427 428 435 440 448 451 459 464 464 472 474 476 477 484 488 492 493 494 495 504 507 512 517 521 519 520 522 524 528 533 534 543 551 552 561 566 564 569 567 570 579 583 591 594 603 611 608 617 618 624 630 626 633 640 647 656 649
193 276 283 282 288 294 302 307 300 306 308 309 311 319 322 329 333 342 339 344 342 346 352 360 363 369 373 367 376 373 381 383 392 396 398 405 410 419 425 433 427 434 433 426 435 435 439 439 448 450 455 460 469 478 482 484 491 495 492 497 503 504 506 513 513 515 517 518 527 531 531 534 535 542 543 552 561 559 559 560 561 566 575 571 580 584 592 597 606 607 613 619 615 622 623 632 633 638 647 648
201 268 274 281 290 290 299 298 299 301 302 311 318 323 326 329 330 338 338 343 338 347 344 351 354 360 369 366 369 372 380 385 390 397 404 412 410 417 425 427 418 427 431 423 428 434 434 436 444 448 457 462 470 473 474 480 484 487 489 493 500 506 515 515 522 522 519 520 521 523 524 527 535 537 542 550 552 550 558 565 562 563 569 570 578 582 586 591 600 607 604 610 611 620 628 632 640 646 653 657
206 267 269 273 281 288 292 294 295 302 303 312 316 321 326 328 328 330 337 342 336 339 341 350 352 359 361 363 366 374 381 390 398 396 399 403 406 411 418 424 416 420 426 420 421 429 433 441 443 451 454 455 464 472 480 481 489 486 491 496 500 509 517 517 525 522 521 522 530 525 533 528 535 541 541 548 543 544 551 559 563 570 572 573 582 586 593 596 604 599 601 607 611 620 625 626 634 643 652 656
214 260 263 264 273 279 285 291 294 300 305 307 316 320 321 321 323 329 337 342 335 342 345 350 359 353 354 363 369 377 381 382 389 394 396 397 398 407 412 416 415 417 419 418 425 426 434 440 447 454 458 456 462 471 479 480 484 485 491 500 508 514 514 520 523 522 527 530 538 534 534 529 530 532 539 540 542 547 556 561 568 571 572 576 579 581 585 594 597 598 607 614 612 621 628 628 630 639 644 647
219 257 260 262 270 279 276 282 291 298 303 306 314 318 318 319 322 321 329 333 329 335 339 346 351 352 358 366 367 372 374 382 389 398 398 399 399 405 408 407 409 412 413 417 419 428 433 441 443 452 461 460 461 462 471 474 475 484 486 495 499 508 505 513 521 519 520 529 531 539 542 534 539 540 547 544 551 556 557 561 567 568 575 581 586 590 591 600 600 605 614 618 617 625 626 634 631 635 644 653
225 250 258 260 267 273 274 283 289 292 300 297 305 310 310 318 318 314 323 324 328 334 341 342 350 353 358 364 369 378 381 384 390 394 401 404 408 408 405 406 414 414 420 425 428 436 442 436 444 447 453 451 452 455 464 466 475 479 480 487 496 501 500 509 512 513 514 521 524 533 541 543 539 541 543 551 558 563 563 568 568 571 579 581 585 594 600 607 606 614 617 626 623 629 635 643 639 637 639 646
232 233 250 257 261 266 275 280 285 294 298 296 302 308 308 317 311 312 320 327 329 337 344 350 349 354 353 359 365 374 383 388 393 401 409 408 401 399 404 408 416 415 417 418 420 428 437 431 438 441 444 447 450 458 465 469 478 482 488 488 490 495 498 507 508 514 523 530 525 527 535 536 537 546 545 550 557 563 569 577 573 580 584 590 591 600 608 612 613 619 626 635 632 638 643 646 642 638 639 648
241 240 257 266 263 272 278 282 278 286 291 294 303 304 305 309 310 312 314 322 328 336 340 343 346 349 351 360 364 370 378 379 388 395 400 399 398 395 401 410 417 421 424 420 424 426 428 429 430 435 437 446 450 455 456 463 469 478 484 493 494 502 499 507 513 516 525 528 527 535 532 527 530 539 542 550 551 555 564 571 575 582 587 592 593 602 610 613 620 620 627 628 635 643 649 651 650 647 646 655
250 249 253 254 256 266 270 276 277 285 294 296 302 310 310 311 313 318 323 329 337 340 341 342 351 355 356 361 368 369 371 373 381 388 394 402 393 394 403 406 415 424 418 427 432 427 436 437 438 436 437 439 446 455 456 465 474 477 483 490 493 501 502 503 512 512 519 521 528 535 527 526 534 543 546 554 557 563 568 577 576 581 588 595 601 598 607 611 617 622 631 632 641 650 658 660 653 656 648 652
255 250 252 259 263 264 275 283 284 292 300 302 305 309 317 316 321 326 330 338 344 349 349 344 353 355 361 369 377 370 371 373 382 383 387 393 388 397 405 407 414 416 417 424 425 428 435 436 445 441 442 441 443 451 458 466 468 469 475 484 486 494 501 504 513 510 518 526 521 526 523 525 534 540 547 552 561 569 576 573 573 574 582 586 595 596 605 614 622 631 640 636 645 654 659 667 662 660 656 653
256 257 261 265 267 269 276 287 292 301 306 308 313 312 321 320 323 327 333 335 342 349 350 350 358 364 362 366 374 371 377 374 375 380 384 385 387 394 398 407 415 414 420 426 433 437 437 445 446 449 443 447 444 451 455 463 467 468 474 480 487 491 494 495 504 507 516 517 519 521 522 530 533 540 549 550 559 566 567 568 571 575 584 589 591 600 609 610 616 624 631 640 646 649 656 660 659 659 661 659
261 262 268 274 276 278 285 288 297 306 309 304 310 315 320 327 324 332 341 340 349 354 354 359 361 367 366 370 376 380 383 381 384 386 386 392 393 397 400 401 406 408 411 417 426 435 444 453 455 449 444 452 451 452 453 455 463 472 480 488 488 492 497 501 507 516 523 521 527 529 531 538 541 549 558 556 565 572 573 576 580 576 585 586 595 600 609 618 622 630 639 635 643 648 655 656 657 658 666 664
270 271 269 278 285 287 291 289 300 298 299 301 312 313 320 318 319 324 333 342 351 350 357 365 370 369 371 379 384 387 387 385 388 394 394 399 397 404 409 410 414 410 412 420 429 434 436 445 446 451 453 456 456 457 458 462 469 477 481 485 494 501 498 504 513 517 520 527 534 530 538 540 545 547 555 564 573 576 582 583 579 578 586 595 604 604 613 622 630 635 630 632 638 639 646 654 663 667 674 666
275 273 277 286 286 295 297 292 293 297 306 305 307 309 314 315 323 332 339 343 344 345 351 357 362 371 374 383 392 391 388 394 396 395 395 404 403 412 413 414 419 412 420 429 430 438 438 447 453 454 454 463 463 466 467 469 478 486 490 490 496 501 500 507 512 518 526 531 529 530 533 536 545 552 561 568 569 578 586 587 581 584 585 590 596 599 608 617 621 627 628 637 646 646 652 659 660 668 667 674
276 280 285 293 289 293 294 299 295 296 297 303 312 313 316 320 326 333 342 344 350 348 357 364 366 369 372 374 383 391 397 400 404 402 398 406 412 419 417 415 424 421 427 428 429 434 443 452 448 454 463 472 470 470 469 474 476 483 489 490 499 507 507 511 519 520 526 527 528 533 542 544 553 556 561 562 571 576 582 583 588 585 593 598 605 608 609 614 617 622 631 640 641 648 656 663 661 669 665 674
277 286 286 292 296 294 302 308 304 304 304 306 315 322 323 328 335 338 343 349 351 356 361 370 367 375 377 378 388 395 397 403 404 405 405 414 417 424 419 423 427 423 424 432 436 442 445 446 447 456 462 465 468 469 471 476 485 487 492 499 508 511 516 520 523 528 535 534 536 541 543 552 553 557 558 566 572 579 587 592 590 591 597 602 606 615 617 615 620 625 630 635 636 645 651 658 664 667 661 670
284 293 291 295 304 297 299 307 307 310 305 308 317 326 329 335 341 339 341 342 351 357 359 366 371 378 386 382 386 387 390 393 394 396 405 406 415 423 420 422 424 432 433 435 438 445 454 447 454 463 469 473 474 471 480 483 491 496 499 506 511 517 517 521 526 534 543 542 537 543 551 553 561 564 566 573 574 576 584 585 586 593 601 609 610 611 613 618 619 625 633 639 645 654 651 652 655 658 659 664
291 292 300 304 310 306 302 311 312 312 309 315 319 327 330 336 340 340 344 347 356 362 363 371 373 382 390 391 391 390 396 401 399 405 409 407 415 421 429 424 426 427 429 438 439 448 455 448 449 454 462 471 480 472 480 489 498 501 506 507 508 515 519 519 520 525 534 535 540 543 552 560 566 569 572 574 578 580 588 590 591 592 594 602 603 611 614 617 626 631 632 639 644 647 650 649 656 665 664 667
300 301 309 308 309 315 310 319 313 316 318 316 325 328 335 344 349 349 352 354 360 363 369 377 374 377 385 392 398 396 402 403 404 413 412 416 418 421 427 432 434 432 437 438 446 454 462 457 457 462 470 477 477 476 482 487 491 492 501 508 509 510 518 517 525 534 541 543 549 544 547 553 561 566 571 576 577 586 595 594 599 594 603 610 609 616 617 619 620 622 623 632 635 638 645 646 655 664 671 676
309 310 318 317 317 317 313 318 320 325 327 324 333 329 333 342 344 353 355 355 358 359 366 375 383 385 390 393 401 399 407 409 406 415 421 417 424 422 427 435 435 436 441 447 454 462 463 463 466 466 468 477 485 484 488 495 499 501 510 509 510 511 513 515 523 526 534 538 545 552 552 559 564 571 580 585 580 589 591 592 600 595 597 601 606 615 617 623 621 630 631 639 644 647 654 651 657 658 667 674
311 319 323 320 326 318 314 320 329 326 326 325 327 333 334 343 352 359 364 364 364 366 370 374 380 381 390 396 402 406 413 411 411 413 414 423 429 430 433 442 444 445 450 451 459 463 468 471 474 469 471 475 484 488 494 501 504 510 512 510 512 520 522 519 520 529 535 537 546 550 553 555 562 569 572 581 585 591 597 600 603 603 606 604 605 609 615 622 626 630 634 636 639 640 649 658 666 662 666 670
319 327 327 324 324 320 321 328 329 334 334 327 329 334 338 343 352 357 362 371 366 374 372 379 388 383 392 398 400 404 409 418 418 422 415 419 420 427 436 444 449 446 454 458 459 460 467 468 471 472 480 483 487 490 492 498 499 507 512 519 521 521 523 524 527 534 538 543 544 553 561 564 569 572 575 576 581 590 599 600 609 604 607 605 613 618 623 629 635 635 643 639 643 649 654 655 660 669 668 677
320 323 332 333 329 325 330 330 336 336 337 328 329 332 339 342 351 358 360 364 370 379 376 385 392 392 401 403 409 408 417 424 422 422 421 428 429 436 440 442 448 451 456 458 467 469 476 477 476 476 484 489 496 499 500 507 506 511 512 521 530 529 525 527 536 535 537 543 550 559 560 565 574 573 574 575 584 593 602 608 609 611 611 612 615 624 626 627 635 644 652 648 647 650 652 654 662 664 673 682
323 332 341 341 336 333 333 338 339 344 341 332 330 337 343 347 348 353 360 366 374 378 383 390 395 395 403 404 412 411 415 424 431 427 428 431 430 434 441 440 441 445 446 456 459 465 467 469 478 477 480 488 495 500 502 508 509 513 521 523 527 535 533 536 538 544 546 545 548 556 565 571 572 575 575 584 593 595 596 602 610 618 612 618 622 630 635 634 639 647 652 652 654 652 654 659 667 673 682 691
332 339 347 346 343 342 336 344 343 348 341 340 331 336 344 353 357 361 360 366 369 375 384 391 397 400 408 412 419 417 424 433 436 428 429 433 432 433 437 438 439 448 448 449 450 460 468 476 479 486 484 492 501 507 509 516 518 518 524 529 529 532 538 545 547 552 554 547 555 562 563 571 579 581 576 578 584 591 599 608 616 615 619 623 631 637 642 643 648 651 658 657 658 658 663 667 675 680 687 690
339 348 355 354 348 340 337 338 347 351 348 339 332 336 341 348 354 357 358 366 372 378 387 395 390 399 402 407 410 418 424 433 433 431 436 434 434 440 445 442 444 450 455 458 457 459 466 471 480 486 485 493 496 504 505 512 519 522 527 530 533 533 538 544 548 548 553 549 555 564 569 578 580 589 584 587 592 595 603 607 608 612 618 620 627 636 642 645 646 654 663 664 665 662 667 669 677 684 693 698
344 353 359 360 355 346 340 347 355 353 352 345 341 341 343 348 351 360 367 369 370 379 380 387 388 397 398 399 401 410 417 425 428 432 439 442 441 447 449 448 452 456 463 466 461 462 468 477 486 495 494 498 498 499 503 511 514 523 524 528 528 530 538 545 545 547 549 550 558 559 568 577 585 589 591 593 595 603 604 606 607 609 616 625 627 631 638 646 649 650 658 663 667 670 668 676 684 692 699 705
350 357 366 359 358 351 343 344 346 355 350 343 342 346 347 355 356 363 365 374 379 388 381 386 395 398 406 400 407 408 417 423 431 440 445 449 449 453 457 456 457 457 459 464 470 463 469 478 487 495 503 501 504 508 512 512 519 523 524 525 527 534 535 538 544 549 551 559 567 568 576 579 580 585 594 602 599 601 603 612 613 610 619 623 626 631 640 646 652 651 656 662 669 666 670 679 679 685 694 699
353 361 360 359 357 355 349 352 354 353 348 346 343 348 350 356 364 370 367 370 378 386 382 386 388 397 405 406 408 416 425 432 434 441 449 452 455 462 459 461 463 464 460 465 474 471 477 484 486 492 499 501 509 513 514 521 525 524 531 528 531 532 536 539 546 548 553 554 562 568 573 577 581 590 591 600 603 602 609 611 620 614 615 617 626 630 639 648 649 650 653 662 661 664 670 674 678 687 695 702
357 365 367 368 364 359 350 359 363 359 351 352 351 352 358 361 364 372 373 376 385 386 388 395 396 399 408 415 416 420 422 431 433 441 450 448 455 461 460 468 468 466 467 473 474 479 484 490 489 491 500 505 514 522 515 517 518 521 527 536 532 540 543 546 554 549 557 563 569 577 574 576 583 586 595 604 609 603 606 612 620 621 623 626 634 631 638 646 655 655 653 655 658 663 671 675 684 687 692 701
363 372 376 376 370 366 359 368 361 354 353 355 355 361 359 368 368 377 382 383 389 393 392 396 397 405 409 411 412 413 422 423 426 435 443 444 449 452 461 467 469 467 476 481 483 488 491 499 490 495 504 513 522 519 516 525 525 522 531 534 534 542 551 550 559 558 563 564 566 575 581 580 581 584 590 599 601 609 613 616 618 625 631 635 643 636 637 641 649 651 652 661 667 664 671 675 677 684 685 693
364 373 380 377 377 368 365 366 359 357 357 357 363 366 366 368 370 378 379 383 392 398 397 404 406 414 413 413 414 420 426 432 434 443 447 452 457 461 462 470 477 471 480 486 484 493 499 507 497 503 512 515 519 519 523 524 532 530 536 542 540 545 554 557 559 563 565 572 571 573 581 582 584 593 592 594 603 612 619 625 619 627 628 631 640 640 640 649 656 654 656 662 668 665 674 682 685 687 694 695
372 381 383 385 376 375 372 368 360 364 360 361 367 367 375 369 371 375 377 385 392 401 404 405 406 410 417 421 422 429 435 433 440 444 452 458 465 468 464 467 476 477 478 486 487 492 498 505 502 505 513 518 516 517 526 531 535 539 540 541 548 547 548 551 558 562 571 570 571 580 589 583 589 596 596 600 609 611 615 618 626 627 635 635 639 644 645 648 655 663 660 664 665 673 675 681 682 691 693 702
381 390 386 386 382 376 376 371 364 373 365 364 373 374 382 377 378 383 385 394 400 404 405 408 407 415 424 429 430 438 438 442 444 453 456 457 461 462 468 468 471 475 483 486 492 501 499 501 509 507 508 511 512 518 525 526 527 529 530 540 546 553 554 556 562 567 568 569 575 577 584 588 592 593 595 604 613 616 623 626 625 626 632 640 641 642 651 649 658 664 669 667 673 678 684 682 684 685 692 699
390 392 395 387 385 385 383 374 368 371 368 373 378 375 381 386 387 392 387 388 396 405 414 417 415 423 432 437 439 444 447 446 449 450 455 459 460 464 466 467 476 478 480 489 490 498 502 505 511 511 517 514 515 518 526 535 535 537 531 532 537 546 551 552 553 558 565 569 575 584 593 590 598 601 598 601 605 607 615 619 623 628 632 637 639 648 654 658 662 669 670 675 674 681 682 685 685 690 697 704
399 395 403 394 387 388 386 381 372 376 372 377 386 383 388 390 390 398 389 393 402 403 411 412 416 417 426 435 441 446 451 450 452 458 464 465 465 473 470 470 474 482 487 496 494 495 504 508 509 518 517 516 524 519 527 533 539 545 537 533 539 540 544 554 558 567 573 571 580 584 590 591 599 605 605 602 607 615 622 628 632 632 638 644 648 650 655 660 667 674 671 677 683 689 687 686 686 692 694 700
403 404 409 403 396 396 388 381 377 378 377 378 387 392 397 393 398 395 391 399 408 407 413 418 423 425 433 436 445 446 454 451 457 465 472 467 472 479 477 478 479 487 493 497 496 504 511 513 518 523 526 524 524 521 527 536 545 547 540 540 548 548 549 552 558 561 568 569 575 580 587 596 597 602 611 611 608 612 613 619 624 632 636 645 654 658 664 661 669 676 680 681 684 692 695 695 693 701 700 701
411 413 418 409 405 405 397 390 381 379 386 379 381 390 395 401 407 404 399 401 402 411 414 423 424 433 437 437 442 451 460 459 462 466 475 473 474 482 484 484 485 494 501 505 504 513 513 514 520 529 530 533 526 522 531 537 539 541 542 543 551 556 557 559 566 568 574 578 577 586 591 597 606 611 612 620 613 620 620 622 629 634 642 650 656 664 672 667 668 676 680 688 690 698 702 704 701 710 709 705
419 414 414 410 407 410 401 392 387 388 383 382 385 386 391 392 401 403 405 409 411 413 417 425 427 436 438 443 450 459 461 464 464 465 473 481 483 484 487 493 488 489 498 505 513 514 522 515 516 523 532 538 535 529 538 546 544 547 543 549 556 562 565 566 575 570 579 583 578 586 594 603 611 619 620 629 620 629 621 624 632 639 644 645 653 662 663 665 674 680 688 697 697 698 705 712 703 708 717 709
428 421 421 413 405 404 402 394 391 387 386 391 386 395 393 401 408 406 413 415 420 414 423 431 434 441 445 451 458 466 470 470 473 467 470 474 480 482 490 491 489 490 495 496 504 512 518 524 523 527 535 536 544 538 547 552 549 556 551 557 565 568 572 574 582 577 586 588 585 593 601 603 603 612 618 622 620 623 627 633 636 637 644 650 651 653 660 668 676 684 692 694 702 699 706 707 712 716 717 718
437 429 421 421 413 410 401 394 393 389 391 400 395 402 395 396 399 406 407 410 413 421 425 432 434 438 447 453 462 471 475 479 471 469 470 477 486 487 494 495 495 491 494 498 501 508 516 521 523 532 533 537 539 539 547 555 553 562 555 556 564 569 573 575 584 582 586 587 587 596 604 601 602 604 612 613 617 626 634 635 636 639 647 653 655 656 665 673 674 681 689 697 699 701 707 715 713 722 726 724
431 428 419 419 410 401 400 399 399 395 393 401 403 400 398 401 406 412 416 412 416 418 427 430 436 444 445 452 459 468 473 476 479 470 471 473 479 488 495 504 504 500 503 500 508 516 521 524 530 531 540 545 548 546 555 558 558 563 564 559 566 573 576 580 588 591 594 591 590 592 594 598 601 602 611 615 625 628 633 637 637 642 651 658 664 661 670 677 683 689 694 700 702 710 715 716 719 722 726 732
423 419 416 414 413 405 407 400 400 401 402 409 404 405 402 409 413 421 423 414 415 418 426 427 428 435 438 447 451 460 469 470 471 473 480 482 488 495 502 511 510 509 511 509 517 525 530 526 532 534 535 544 545 548 557 561 563 568 571 567 574 582 584 589 597 598 596 594 592 598 602 606 610 611 617 619 629 636 640 645 646 646 651 659 667 670 678 680 687 691 695 704 701 701 709 715 716 717 721 729
432 425 425 422 415 413 405 401 407 405 406 408 413 413 410 417 414 415 424 423 419 426 431 436 429 438 446 451 458 464 465 472 478 480 478 486 495 494 498 505 509 518 519 516 523 524 529 527 534 543 542 546 547 556 557 559 567 576 580 574 582 588 593 598 598 605 602 602 595 604 610 607 613 620 624 621 631 639 647 645 647 654 651 659 667 676 678 681 683 686 686 695 692 693 700 709 713 717 724 730
436 428 428 424 415 411 410 410 415 406 411 415 418 419 414 423 415 424 430 432 427 428 433 440 437 440 447 453 460 465 468 466 469 474 476 480 489 491 497 498 506 515 520 517 522 530 531 536 543 552 544 553 549 554 560 566 572 580 580 581 590 590 595 598 605 613 608 606 598 607 615 609 612 619 623 625 629 634 642 642 644 645 648 657 662 669 674 681 689 685 678 687 691 693 702 711 720 724 724 733
439 432 429 432 424 420 419 419 416 415 418 422 426 420 423 419 416 424 432 433 435 430 439 442 440 445 446 451 455 456 460 464 472 481 479 480 487 491 496 497 506 515 521 519 522 531 537 539 542 551 553 562 558 555 563 570 571 572 574 578 582 589 597 598 607 613 609 605 601 605 613 617 613 619 627 632 630 632 633 636 638 647 654 658 659 666 665 673 680 681 676 685 688 697 703 707 716 720 721 730
446 440 437 439 430 425 428 426 425 418 419 428 433 426 432 426 425 426 431 438 444 439 448 443 445 453 455 454 463 465 465 473 476 484 488 486 495 500 503 506 509 510 519 522 529 537 545 542 550 557 560 567 560 564 566 571 575 575 582 586 585 591 600 607 611 618 616 611 602 611 613 618 615 624 631 638 632 634 641 643 641 646 647 654 656 660 664 666 671 672 673 682 687 690 697 706 711 712 720 722
454 449 446 448 439 432 430 427 428 419 428 431 439 431 438 429 434 428 437 439 448 440 442 449 448 457 458 455 457 461 470 479 481 485 494 493 500 507 507 513 518 519 526 527 534 539 543 546 550 559 561 566 562 571 567 576 583 577 584 593 590 598 604 613 612 619 615 614 606 615 622 626 619 626 630 630 639 642 649 644 646 651 653 662 663 662 666 667 675 675 676 685 687 696 705 709 714 720 726 723
462 456 450 441 440 439 437 428 430 422 431 437 443 440 440 431 437 431 438 443 451 449 451 458 455 461 467 464 460 469 472 474 483 484 493 501 508 514 513 514 516 524 531 530 534 541 543 549 558 567 562 571 571 580 572 580 585 586 589 598 596 600 606 613 621 613 620 615 614 621 629 627 621 622 623 628 637 645 652 647 650 654 657 665 670 663 670 676 682 678 684 685 693 701 702 711 720 721 726 729
459 452 443 442 447 447 438 429 437 429 436 440 446 443 449 440 440 437 444 445 448 449 455 461 457 458 462 470 462 471 473 482 488 489 498 506 507 516 522 520 525 533 538 539 536 538 544 553 559 566 563 564 566 574 573 575 581 582 590 596 597 591 600 607 612 605 614 620 623 630 638 629 626 629 627 631 639 643 650 653 659 662 665 670 667 665 667 672 674 681 684 690 697 700 707 716 725 728 735 738
459 450 449 450 454 445 440 431 438 438 444 449 450 445 452 447 449 446 445 446 449 450 458 467 465 460 469 467 464 465 468 475 484 490 495 504 507 511 518 525 526 534 538 539 537 542 545 554 556 558 566 573 567 576 580 576 579 582 586 588 589 590 594 603 609 604 612 619 622 630 637 636 635 633 630 633 641 649 655 662 665 671 672 679 675 670 674 681 681 687 687 688 697 704 713 721 728 729 738 745
465 456 458 455 455 446 446 440 439 447 445 448 455 446 455 456 457 455 454 455 450 458 464 473 466 461 469 471 473 467 476 484 491 491 495 501 502 509 512 517 524 533 541 542 545 550 554 562 557 565 566 571 575 583 586 584 584 586 594 593 593 591 599 600 601 603 608 614 615 621 630 638 643 642 638 641 644 648 657 661 662 666 672 681 676 671 674 681 684 689 693 695 696 705 713 715 721 728 731 736
462 459 461 462 456 455 448 441 445 447 450 450 453 454 461 459 463 460 455 455 453 454 456 465 474 470 474 479 475 476 484 488 497 500 502 503 508 513 514 518 527 534 538 541 550 558 557 566 564 570 575 580 578 584 590 592 585 593 601 595 602 600 604 607 608 605 606 612 621 624 628 631 637 640 640 644 645 647 652 654 663 671 678 679 678 678 677 678 682 687 689 698 703 707 708 716 718 727 735 739
471 463 468 471 465 464 457 450 451 452 458 458 454 457 466 460 465 462 460 463 454 463 464 473 481 477 475 484 477 483 492 497 506 509 507 511 513 518 523 519 524 530 531 540 545 552 556 565 567 568 571 576 584 585 587 593 594 600 609 600 607 608 611 613 617 613 615 621 629 632 633 638 642 646 642 651 647 654 653 662 668 672 675 684 684 686 681 686 683 691 698 707 706 707 716 722 720 725 727 730
472 471 477 472 473 469 460 456 452 457 461 459 457 458 466 468 472 464 463 471 462 463 464 473 479 478 482 491 482 491 492 501 509 518 514 512 521 524 523 522 523 529 538 545 554 561 561 569 575 569 570 579 585 594 594 600 601 601 609 608 613 611 613 622 621 614 620 623 624 625 626 632 640 641 649 653 656 656 662 664 670 675 679 680 682 690 690 690 684 688 690 699 700 709 715 716 720 721 730 738
478 476 484 479 471 468 462 460 459 458 466 467 464 464 471 477 477 473 465 474 468 472 473 474 478 482 486 487 484 493 497 506 511 520 519 513 519 526 532 529 529 535 543 550 554 563 567 569 578 573 579 581 588 593 597 600 605 603 607 610 615 619 619 622 625 616 625 631 633 629 631 633 638 645 647 656 664 665 665 665 667 676 685 681 688 695 696 692 688 694 696 697 699 700 706 714 715 720 728 732
487 485 485 477 473 464 463 468 467 463 464 465 470 469 475 484 481 472 471 480 475 481 482 479 487 485 486 487 487 495 500 509 515 516 525 518 525 534 531 530 538 536 541 550 559 565 574 577 586 581 587 590 596 602 606 606 614 612 613 611 616 623 628 628 627 618 620 624 629 634 639 636 640 641 644 651 660 661 666 666 670 671 678 686 694 700 704 695 693 697 704 703 708 702 709 715 720 719 720 723
494 485 477 476 467 466 471 472 468 471 469 467 476 470 478 479 488 481 476 479 476 480 489 483 491 486 494 495 495 496 498 506 509 515 524 527 534 538 540 533 537 545 549 558 567 574 581 584 585 583 585 594 597 605 606 614 621 621 618 619 625 627 633 629 631 627 621 628 632 636 637 645 648 648 653 658 667 669 667 670 678 673 676 678 686 695 695 704 699 704 710 712 713 704 705 706 711 717 725 724
491 484 477 476 468 472 480 476 477 475 478 476 481 473 480 480 485 488 479 483 478 487 496 490 499 493 502 497 499 503 504 512 511 517 526 530 539 539 544 538 544 552 555 563 572 577 586 593 592 588 592 601 605 610 613 616 622 629 621 620 629 636 638 638 634 626 624 632 639 642 645 651 656 657 661 663 667 668 676 675 683 674 677 678 686 688 691 699 707 705 710 711 710 707 711 709 719 719 723 731
496 490 481 477 477 475 477 477 486 477 483 485 483 474 483 489 488 487 480 487 486 489 496 495 500 499 506 501 502 507 509 518 520 526 527 536 539 548 549 545 553 557 562 564 571 572 581 590 597 596 593 602 610 611 616 623 628 637 629 623 629 638 647 647 638 631 630 638 642 651 653 658 665 658 666 666 667 670 679 676 685 682 686 687 695 692 700 708 714 713 711 719 715 714 719 715 718 720 729 736
496 488 482 485 483 482 479 482 485 478 482 491 486 483 492 490 490 496 489 492 492 498 505 499 506 500 509 506 511 509 511 518 525 530 532 535 544 551 551 554 559 564 565 565 571 575 582 591 595 602 594 602 611 620 620 623 628 635 638 632 638 645 650 649 647 639 639 644 650 659 654 663 668 664 671 672 673 671 680 681 690 690 695 696 701 693 702 710 719 722 719 725 716 719 722 722 725 721 722 726
498 491 491 492 491 488 488 489 480 479 487 490 493 484 489 494 498 497 496 494 494 496 502 507 506 505 506 515 519 516 520 519 527 535 541 537 546 547 555 552 561 565 574 570 575 584 588 590 598 602 601 607 611 612 621 630 629 630 636 637 644 653 659 652 646 643 645 652 659 662 660 669 673 665 672 680 675 674 677 678 685 688 697 705 708 701 708 712 721 728 727 729 721 727 727 726 731 723 730 732
501 495 496 500 492 496 495 493 486 484 491 491 500 493 498 503 507 503 501 500 502 498 506 514 515 506 514 515 523 521 528 525 532 538 545 538 545 550 558 551 552 561 570 579 584 581 581 586 592 593 594 598 602 604 613 622 631 639 641 646 645 654 659 660 654 646 654 661 663 664 668 671 679 673 678 683 684 675 683 687 689 697 703 709 711 703 712 721 725 733 736 733 728 734 733 735 739 732 736 733
504 504 498 501 497 504 496 494 493 493 493 500 502 495 504 511 516 511 502 501 504 501 509 511 520 513 514 522 525 530 537 534 534 543 550 542 544 546 549 550 552 556 564 572 578 579 580 582 591 599 600 607 610 613 616 624 631 640 648 647 653 662 663 665 660 654 663 669 670 665 670 677 680 678 681 682 686 683 691 696 698 698 706 707 712 704 711 718 726 727 734 741 734 735 742 744 743 739 744 742
