  0 300 294 299 302 298 307 309 312 320 319 315 313 321 325 325 319 320 324 323 326 335 343 343 352 354 355 360 363 364 368 365 366 375 376 382 382 389 390 391 399 402 411 412 418 418 422 424 432 436 439 441 450 459 459 467 467 475 478 483 492 484 486 494 503 501 505 513 514 520 529 538 545 547 554 556 559 557 562 557 562 570 574 582 584 593 601 610 607 613 619 620 621 627 635 641 642 638 644 653
  8 293 292 293 293 297 298 305 310 311 314 306 311 312 316 323 318 321 319 320 323 329 334 342 351 353 351 353 359 367 359 361 365 372 373 382 381 387 393 400 400 401 407 411 419 414 417 419 424 428 430 436 444 451 453 460 463 467 469 477 486 478 486 495 499 498 505 508 516 524 532 531 536 539 546 551 551 548 557 554 556 565 574 578 586 595 600 608 605 612 610 616 623 623 632 632 633 634 643 650
 16 285 283 292 290 299 291 297 302 304 306 304 302 305 310 317 310 313 314 321 330 336 343 342 346 348 347 353 356 360 354 358 366 373 382 387 380 385 385 393 400 406 398 403 410 408 416 422 430 428 432 441 445 447 452 460 463 462 469 476 484 476 484 487 491 496 503 505 511 517 526 528 536 536 537 545 546 547 548 552 555 564 573 574 581 590 591 600 596 603 608 613 614 622 623 626 633 634 635 641
 17 289 282 284 285 290 288 289 293 301 303 298 300 301 303 310 308 313 315 324 329 334 339 334 340 341 346 348 349 351 353 362 370 375 384 378 378 379 384 385 391 397 395 397 406 405 413 418 421 427 432 435 439 446 452 455 456 460 468 467 475 475 476 482 491 495 502 504 512 521 521 530 532 532 541 541 550 547 553 556 564 568 566 567 573 582 584 593 592 594 599 607 610 613 617 621 629 638 639 647
 26 289 281 278 284 285 287 294 299 298 294 295 303 305 303 301 305 314 319 324 332 327 330 330 333 337 337 339 341 344 349 358 365 366 375 372 371 380 385 377 386 388 389 396 397 404 413 418 426 432 439 432 434 443 445 452 461 462 462 464 470 469 477 486 488 492 499 504 508 516 513 521 523 531 533 534 543 544 546 547 556 564 565 568 574 576 584 585 586 590 597 599 601 610 616 624 628 637 645 652
 28 283 274 272 275 276 285 294 293 289 287 289 298 296 294 300 308 313 318 318 326 323 329 328 332 338 336 341 340 341 346 349 356 365 366 373 368 373 379 374 379 382 388 396 397 403 406 412 418 424 431 429 437 438 447 451 453 457 458 461 465 468 472 477 486 488 492 496 505 507 512 513 522 528 536 534 543 552 552 555 556 565 572 569 578 577 585 590 595 599 599 605 602 607 613 616 625 634 639 643
 29 275 266 266 271 275 284 290 285 287 278 285 290 287 288 294 301 307 309 316 318 314 321 325 323 330 334 336 337 344 352 346 353 360 367 364 366 367 370 371 378 379 387 391 395 403 405 408 415 417 426 427 431 436 438 444 446 451 460 463 464 467 472 481 489 496 495 499 503 504 505 512 519 520 528 533 537 543 550 554 556 559 564 572 581 586 594 598 597 604 606 607 606 614 620 617 619 627 634 635
 33 268 262 265 274 277 281 284 277 285 277 282 288 286 294 294 302 300 309 312 315 312 320 327 322 321 326 327 335 340 344 345 349 356 359 363 372 375 377 374 383 387 395 400 397 400 402 406 412 421 425 427 435 444 440 444 447 449 455 458 460 462 464 473 481 490 497 497 500 506 514 520 528 521 530 530 531 536 545 547 548 556 561 567 576 582 590 599 603 612 612 612 615 619 623 619 627 628 629 632
 41 262 261 263 267 268 273 276 275 283 275 275 284 285 288 293 294 299 307 303 308 310 318 320 324 318 322 329 338 347 343 343 347 351 358 367 366 371 378 383 390 389 392 394 397 406 408 415 418 421 424 427 432 439 446 450 456 457 463 467 463 469 467 476 485 491 494 496 503 505 513 522 528 523 526 528 531 535 536 539 546 554 560 565 570 579 587 590 594 603 604 613 616 620 627 627 632 628 620 628
 42 254 258 255 260 263 272 270 269 278 271 272 277 284 290 299 296 292 301 302 310 306 315 322 315 317 321 330 337 341 334 342 347 350 356 364 359 365 373 382 385 385 393 395 399 401 410 419 421 423 422 431 433 440 448 456 460 462 466 467 467 476 473 480 482 490 494 501 501 509 510 517 522 530 535 530 531 540 545 543 552 553 562 571 575 579 585 593 596 598 598 606 615 611 619 621 623 626 619 625
 51 249 256 248 256 258 264 264 266 272 270 276 277 276 282 291 296 287 292 294 301 305 311 314 313 322 322 326 328 335 333 338 340 347 348 355 357 361 368 377 382 384 391 399 406 407 410 414 416 416 421 429 430 435 440 449 452 454 457 458 461 468 474 475 476 482 488 492 498 501 509 511 517 526 527 531 537 546 552 548 556 562 558 562 571 577 583 587 588 596 597 598 607 610 611 613 616 617 618 626
 56 244 253 247 255 263 256 263 264 265 263 267 268 272 273 282 290 285 294 295 304 300 307 315 311 320 325 328 337 332 331 337 336 345 353 357 356 359 366 370 373 375 383 390 398 401 401 405 407 415 423 431 431 440 441 449 452 459 460 465 470 475 479 480 479 486 492 488 491 496 500 509 515 524 522 530 539 543 544 553 557 557 556 559 567 572 580 579 579 588 589 597 598 602 611 612 620 626 626 629
 58 241 244 246 248 254 248 257 264 260 261 268 276 273 279 280 281 282 291 294 295 299 301 308 310 311 319 328 337 334 327 329 335 338 345 354 355 357 366 368 371 373 377 384 392 393 394 397 406 411 415 424 431 436 441 444 447 451 455 464 473 478 480 489 484 489 488 483 491 500 506 500 509 516 517 523 530 535 544 548 557 552 554 557 560 567 575 574 577 582 586 593 599 605 612 620 615 624 632 638
 66 237 239 244 242 245 243 251 255 259 268 269 271 264 273 280 285 291 295 296 304 302 307 308 317 320 326 320 329 325 326 334 343 346 346 350 356 364 367 371 380 380 385 390 391 393 402 406 406 412 421 427 428 429 438 438 439 444 451 459 465 473 478 486 477 481 480 482 483 492 497 498 507 515 524 528 529 536 541 540 549 550 556 563 569 565 567 571 572 573 580 587 590 599 603 612 614 623 626 633
 73 236 230 236 233 237 239 248 247 256 262 267 264 260 267 275 276 282 287 288 296 305 302 303 310 319 320 318 322 324 331 340 348 347 347 353 355 356 365 369 375 384 389 384 393 388 396 401 405 408 412 420 427 436 435 432 441 448 455 456 456 464 470 479 471 472 479 481 484 493 496 501 508 510 518 520 523 530 533 539 545 552 553 561 561 563 572 570 571 579 582 590 591 593 602 607 616 625 623 628
 74 228 229 227 230 232 236 242 246 247 253 261 260 256 258 267 271 279 282 287 295 299 301 302 303 312 311 317 322 325 332 341 349 350 346 353 347 353 361 360 369 378 380 381 390 381 390 397 399 404 411 419 428 428 427 428 437 442 447 448 455 464 462 470 470 471 472 479 484 492 499 506 508 509 510 511 519 525 526 535 543 543 547 552 553 560 566 569 571 577 579 581 589 598 602 606 608 617 618 619
 83 223 220 226 227 233 235 242 244 246 249 256 263 255 259 268 277 275 283 282 287 291 298 293 300 303 307 314 318 326 335 343 343 347 345 344 344 350 355 359 365 374 383 379 382 379 382 388 395 397 402 411 420 429 426 431 438 441 446 449 454 462 460 461 469 474 480 488 485 494 502 503 506 515 517 516 525 526 534 538 546 538 539 547 556 563 564 571 577 582 586 583 591 596 601 604 607 614 617 625
 89 221 213 222 228 224 233 238 246 251 243 248 256 252 259 262 268 272 274 276 282 284 289 290 293 298 301 305 313 321 327 336 334 340 336 337 341 345 350 356 363 369 376 376 374 376 382 391 399 403 404 413 411 420 421 425 431 436 444 450 454 457 454 463 464 473 481 487 493 494 502 507 512 516 518 517 526 532 530 536 539 537 545 552 557 566 565 573 574 580 584 587 596 605 608 604 605 613 614 623
 93 215 211 217 224 222 228 235 239 242 241 247 250 251 260 260 264 269 278 279 281 279 280 284 285 294 295 296 304 312 321 330 327 331 332 340 349 351 353 359 360 366 373 381 373 380 385 394 403 408 405 405 407 411 420 425 432 430 438 444 448 453 452 459 468 469 476 485 487 495 495 504 503 508 509 518 517 523 522 527 530 533 540 549 552 559 568 577 575 582 581 588 589 596 603 603 612 616 622 627
 94 215 208 215 218 217 224 231 237 233 234 243 252 251 256 256 263 269 269 278 280 275 278 287 290 295 303 299 305 312 320 324 326 328 336 334 342 349 358 355 363 359 367 372 371 374 383 392 394 401 406 401 408 409 416 425 426 427 435 437 444 446 450 458 460 469 473 476 485 493 493 502 502 510 512 510 508 515 518 523 532 541 545 549 557 566 568 577 574 578 580 586 593 593 594 595 603 608 613 618
100 212 207 208 214 215 224 226 232 231 225 234 243 248 254 252 254 262 261 270 271 274 283 289 289 294 302 307 312 320 322 327 320 321 328 329 333 342 350 354 356 353 358 365 368 377 383 384 385 394 397 399 408 411 412 418 425 426 433 439 439 448 454 460 465 469 477 483 490 490 490 496 500 508 504 501 507 509 514 523 531 538 545 547 552 561 568 575 568 569 576 578 585 592 597 598 600 607 616 624
109 203 200 206 207 216 222 217 225 230 224 226 234 241 245 248 251 254 256 263 272 275 281 286 288 293 296 303 309 311 313 318 319 328 327 332 326 335 341 346 347 350 351 360 361 370 376 383 387 393 390 398 404 410 416 425 421 430 431 432 437 446 448 455 461 463 472 474 481 481 482 487 491 500 506 498 507 516 522 525 529 535 544 553 548 557 559 566 567 572 575 583 576 584 589 590 595 601 607 616
118 194 193 200 203 209 215 216 220 221 223 228 236 237 242 251 252 259 265 271 278 278 282 291 291 292 298 299 300 302 310 313 321 319 321 324 324 326 335 342 350 352 355 359 362 368 376 377 386 386 389 394 402 411 411 417 416 421 422 423 430 439 439 448 454 456 465 471 472 479 480 488 496 504 502 496 501 507 514 516 525 531 535 544 547 551 556 557 559 568 574 574 575 578 587 586 591 598 600 608
122 185 190 193 197 204 212 221 216 223 229 234 236 245 245 249 253 260 264 271 273 282 286 289 296 298 296 302 309 309 309 311 312 312 315 320 322 330 339 347 349 353 356 365 359 365 372 374 383 381 383 386 395 402 407 408 414 418 425 432 432 433 438 445 454 463 464 463 472 473 473 482 489 498 496 493 502 508 510 518 519 528 535 537 538 547 553 557 559 568 569 573 581 578 582 583 592 600 604 609
127 182 186 192 198 203 205 212 214 221 222 230 233 242 243 249 256 251 256 264 273 282 291 283 287 292 295 293 302 301 308 305 310 307 316 320 329 335 334 338 340 346 347 356 357 359 363 371 380 379 384 385 389 398 407 413 414 423 426 432 441 441 439 447 456 457 458 462 469 470 471 473 482 490 491 492 493 501 509 511 516 525 526 535 539 545 554 549 553 561 568 576 581 574 583 577 585 591 600 601
132 177 180 189 190 195 204 213 218 223 228 236 242 248 250 245 250 248 254 263 269 277 284 275 282 286 286 291 298 298 299 299 307 306 308 317 325 331 328 332 339 345 350 354 358 363 364 365 373 375 383 390 394 402 409 418 420 427 434 428 432 441 447 448 457 460 463 471 478 474 473 482 490 492 497 499 500 504 510 511 517 526 535 537 539 537 546 546 549 557 559 568 572 573 574 575 584 587 596 600
133 176 174 181 187 195 204 211 220 222 228 229 236 239 247 244 243 246 250 259 267 271 275 273 276 277 284 284 289 295 292 297 304 299 308 314 320 322 323 324 333 336 343 346 351 358 366 366 367 375 384 393 396 399 408 411 420 428 433 425 428 436 438 442 451 453 456 464 472 473 480 487 496 500 505 498 507 506 511 519 526 529 532 528 530 533 539 540 549 557 566 573 572 575 578 584 585 589 591 596
141 175 171 180 185 194 203 208 215 220 229 231 236 240 239 248 242 250 253 257 258 263 269 265 267 273 275 283 284 286 288 289 297 298 304 313 322 331 332 331 340 344 344 353 360 359 368 369 369 378 385 389 392 400 405 413 419 425 424 423 431 434 442 449 445 444 453 459 467 474 475 484 492 496 496 490 498 507 512 517 520 525 532 525 529 531 540 549 551 553 562 570 569 571 579 582 591 592 600 599
142 150 151 176 181 190 197 201 208 212 221 228 228 235 237 241 241 241 250 253 259 254 262 263 261 270 276 285 293 293 297 296 305 307 310 319 324 333 333 334 343 349 351 355 361 366 370 371 378 385 393 397 393 394 400 405 411 418 423 419 428 430 439 440 441 442 449 456 458 465 474 477 486 488 488 489 496 504 508 509 513 517 524 522 531 537 538 545 546 548 556 564 565 569 576 583 592 593 602 602
151 159 160 171 177 185 194 190 199 208 216 218 219 224 232 233 235 236 239 244 248 250 251 257 260 268 274 278 287 290 299 297 302 303 311 320 329 335 335 335 344 352 356 362 368 375 376 378 387 388 397 404 400 396 397 404 409 410 414 415 424 433 435 444 443 445 447 456 457 464 465 474 479 482 483 490 497 498 500 501 507 508 515 521 528 537 541 542 543 551 557 560 562 570 577 585 594 602 604 604
155 164 169 170 171 180 183 189 196 204 212 220 227 229 238 242 242 238 247 245 253 257 259 259 261 262 272 281 284 291 300 300 306 312 317 322 325 332 339 337 343 347 353 361 369 378 380 387 396 397 392 401 403 397 404 413 410 418 423 424 427 435 444 452 445 448 455 461 466 472 469 471 480 486 489 495 502 506 506 507 514 513 522 524 528 533 535 544 542 550 558 561 570 578 586 591 593 593 599 595
162 169 174 171 177 186 192 195 203 206 215 224 225 234 230 239 243 239 248 254 260 258 261 265 269 267 275 281 287 290 292 293 299 308 317 317 326 332 339 343 349 355 358 365 371 372 380 387 387 390 391 398 399 399 408 417 415 422 431 432 434 441 445 450 454 455 463 466 474 476 469 476 482 483 485 494 502 503 510 510 508 515 521 516 522 524 531 536 538 543 549 555 564 572 581 588 591 589 594 591
171 176 180 173 180 181 190 199 207 214 215 218 227 228 229 237 246 242 251 260 257 260 261 270 278 269 276 277 284 288 294 294 301 309 311 316 318 326 333 340 343 347 352 357 362 370 371 379 385 394 393 402 407 408 416 422 420 422 427 436 438 438 444 448 457 462 464 464 465 467 468 473 474 483 484 490 499 508 509 509 506 514 512 515 520 524 525 534 542 549 555 557 562 566 573 580 582 586 591 589
176 182 189 182 186 189 197 206 211 214 222 227 232 237 231 236 244 243 252 254 256 263 268 277 278 272 277 281 287 293 294 302 302 307 316 325 327 327 335 341 346 351 360 363 363 372 380 384 390 392 399 406 403 409 418 422 424 431 435 433 429 437 441 444 450 454 456 463 464 461 463 468 477 480 483 486 495 504 510 504 504 512 511 519 522 524 533 539 540 549 558 563 568 574 571 572 577 578 586 588
180 189 197 188 187 188 193 201 210 212 217 225 227 234 232 241 247 252 260 255 258 264 270 275 280 275 283 287 292 301 301 308 304 305 308 318 327 336 338 339 345 346 355 360 360 367 375 384 382 390 392 400 401 409 413 414 423 424 431 432 425 434 441 442 451 452 456 455 455 453 454 463 470 472 475 484 489 496 502 495 496 503 508 514 518 519 525 534 542 547 551 556 559 568 564 572 577 586 589 581
184 191 194 196 195 197 198 206 214 219 218 225 227 235 235 239 248 257 259 258 264 273 275 284 283 284 285 286 291 300 302 306 313 314 309 317 322 330 331 335 337 345 353 354 355 362 367 376 379 388 394 394 402 404 406 407 414 418 422 423 424 425 434 437 442 447 451 449 450 452 454 458 463 464 473 481 482 491 496 494 499 497 500 509 513 521 524 533 541 538 547 548 554 560 556 563 570 577 586 579
193 199 203 197 201 203 206 215 215 221 224 225 227 235 238 245 249 258 257 262 266 270 278 287 291 293 291 287 296 297 305 307 316 316 311 319 324 333 337 344 346 352 359 356 364 363 368 369 378 380 385 390 399 408 412 414 421 425 422 427 433 434 436 443 443 445 447 448 457 461 461 464 465 472 473 482 491 489 489 490 491 496 505 501 510 514 522 527 536 537 543 549 545 552 553 562 563 568 577 578
201 200 206 205 210 205 214 218 219 221 222 231 234 239 242 245 247 255 256 261 263 272 272 279 282 288 297 290 293 296 304 309 314 321 318 328 328 335 343 352 348 357 361 353 358 364 364 366 374 378 387 392 400 403 404 410 414 417 419 423 430 436 445 445 452 452 449 450 451 453 454 457 465 467 472 480 482 480 488 495 492 493 499 500 508 512 516 521 530 537 534 540 541 550 558 562 570 576 583 587
206 207 212 214 218 214 221 221 220 227 223 232 236 241 246 252 252 254 261 267 264 267 269 278 280 287 294 292 295 303 310 318 323 323 321 328 334 339 346 354 346 350 356 350 351 359 363 371 373 381 384 385 394 402 410 411 419 416 421 426 430 439 447 447 455 452 451 452 460 455 463 458 465 471 471 478 473 474 481 489 493 500 502 503 512 516 523 526 534 529 531 537 541 550 555 556 564 573 582 586
214 210 213 215 224 220 229 230 223 229 228 230 239 243 246 248 250 258 266 275 270 274 275 280 289 288 289 298 301 309 316 317 324 328 323 324 325 335 340 346 345 347 349 348 355 356 364 370 377 384 388 386 392 401 409 410 414 415 421 430 438 444 444 450 453 452 457 460 468 464 464 459 460 462 469 470 472 477 486 491 498 501 502 506 509 511 515 524 527 528 537 544 542 551 558 558 560 569 574 577
219 217 216 217 225 229 231 236 232 236 233 239 248 251 254 249 253 260 268 277 271 277 279 286 291 289 295 303 302 307 309 317 324 333 325 326 326 332 335 336 338 341 343 347 349 358 363 371 373 382 391 390 391 392 401 404 405 414 416 425 429 438 435 443 451 449 450 459 461 469 472 464 469 470 477 474 481 486 487 491 497 498 505 511 516 520 521 530 530 535 544 548 547 555 556 564 561 565 574 583
224 218 224 220 227 234 232 241 238 239 241 240 248 253 255 257 260 262 271 272 275 281 286 287 295 292 297 303 307 316 316 319 325 329 332 331 335 341 336 337 345 343 350 355 358 366 372 366 374 377 383 381 382 385 394 396 405 409 410 417 426 431 430 439 442 443 444 451 454 463 471 473 469 471 473 481 488 493 493 498 498 501 509 511 515 524 530 537 536 544 547 556 553 559 565 573 569 567 569 576
226 219 220 227 231 236 241 246 245 248 248 242 248 254 257 266 261 262 270 277 277 285 292 295 298 297 299 305 311 320 325 328 330 337 341 340 338 342 341 341 349 344 346 347 350 358 367 361 368 371 374 377 380 388 395 399 408 412 418 418 420 425 428 437 438 444 453 460 455 457 465 466 467 476 475 480 487 493 499 507 503 510 514 520 521 530 538 542 543 549 556 565 562 568 573 576 572 568 569 578
235 226 229 236 233 242 249 252 246 254 250 245 254 255 256 260 261 263 265 273 279 287 291 294 297 300 301 310 314 320 328 329 338 344 347 341 343 343 347 350 356 350 353 349 353 355 357 358 359 364 367 376 380 385 386 393 399 408 414 423 424 432 429 437 443 446 455 458 457 465 462 457 460 469 472 480 481 485 494 501 505 512 517 522 523 532 540 543 550 550 557 558 565 573 579 581 580 577 576 585
244 235 230 231 233 238 242 248 247 255 256 247 253 261 261 262 264 269 274 280 288 291 292 293 302 306 306 311 318 319 321 323 331 338 344 350 343 344 353 353 362 359 354 358 361 356 365 366 367 365 366 368 376 385 386 395 404 407 413 420 423 431 432 433 442 442 449 451 458 465 457 456 464 473 476 484 487 493 498 507 506 511 518 525 531 528 537 541 547 552 561 562 571 580 588 590 583 586 578 582
238 233 232 238 240 239 247 255 254 262 261 253 256 260 268 267 272 277 281 289 295 300 300 295 304 306 312 319 327 320 321 323 332 333 337 343 338 347 355 355 362 357 355 362 360 359 366 367 376 370 371 370 372 381 388 396 398 399 405 414 416 424 431 434 443 440 448 456 451 456 453 455 464 470 477 482 491 499 506 503 503 504 512 516 525 526 535 544 552 561 570 566 575 584 589 597 592 590 586 583
239 240 241 244 244 244 251 259 262 271 265 259 264 263 272 271 274 278 284 286 293 300 301 301 309 315 313 317 325 321 327 324 325 330 334 335 337 344 348 357 365 363 364 371 368 368 368 376 377 378 372 376 373 381 385 393 397 398 404 410 417 421 424 425 434 437 446 447 449 451 452 460 463 470 479 480 489 496 497 498 501 505 514 519 521 530 539 540 546 554 561 570 576 579 586 590 589 589 591 589
244 245 248 253 253 253 260 262 269 273 268 260 266 268 273 280 279 286 293 291 300 305 305 310 312 318 317 321 327 330 333 331 334 336 336 342 343 347 350 351 356 358 361 367 376 377 377 385 386 378 373 381 380 381 383 385 393 402 410 418 418 422 427 431 437 446 453 451 457 459 461 468 471 479 488 486 495 502 503 506 510 506 515 516 525 530 539 548 552 560 569 565 573 578 585 586 587 588 596 594
253 254 249 258 262 262 266 263 272 264 263 262 271 270 277 277 278 283 292 300 309 309 312 318 321 320 322 330 335 337 337 335 338 344 344 349 347 354 359 360 364 360 362 370 379 382 379 388 384 383 382 385 385 386 388 392 399 407 411 415 424 431 428 434 443 447 450 457 464 460 468 470 475 477 485 494 503 506 512 513 509 508 516 525 534 534 543 552 560 565 560 562 568 569 576 584 593 597 604 596
258 256 257 266 263 271 272 266 267 268 272 266 268 270 275 276 284 292 299 303 304 305 311 317 322 328 325 334 343 341 338 344 346 345 345 354 353 362 363 364 369 362 370 379 380 388 381 390 391 386 383 392 392 395 397 399 408 416 420 420 426 431 430 437 442 448 456 461 459 460 463 466 475 482 491 498 499 508 516 517 511 514 515 520 526 529 538 547 551 557 558 567 576 576 582 589 590 598 597 604
259 263 265 273 266 270 271 273 269 269 270 272 277 274 277 281 287 294 303 305 310 308 317 324 326 329 328 330 338 346 347 350 354 352 348 356 362 369 367 365 374 371 377 378 379 384 390 399 392 392 392 401 399 399 399 404 406 413 419 420 429 437 437 441 449 450 456 457 458 463 472 474 483 486 491 492 501 506 512 513 518 515 523 528 535 538 539 544 547 552 561 570 571 578 586 593 591 599 595 604
260 269 266 272 273 271 279 282 278 277 277 275 284 283 284 289 296 299 304 310 312 316 321 330 327 335 333 334 343 350 352 358 359 360 355 364 367 374 369 373 377 373 374 382 386 392 393 394 393 401 398 401 402 400 401 406 415 417 422 429 438 441 446 450 453 458 465 464 466 471 473 482 483 487 488 496 502 509 517 522 520 521 527 532 536 545 547 545 550 555 560 565 566 575 581 588 594 597 591 600
267 276 271 275 282 274 276 284 281 283 278 278 287 292 290 296 302 300 302 303 312 318 320 327 332 339 342 338 342 343 346 349 350 351 360 361 370 378 370 372 374 382 383 385 388 395 402 395 400 409 405 409 408 402 410 413 421 426 429 436 441 447 447 451 456 464 473 472 467 473 481 483 491 494 496 503 504 506 514 515 516 523 531 539 540 541 543 548 549 555 563 569 575 584 581 582 585 588 589 594
274 275 280 284 288 283 279 288 286 285 282 285 289 297 293 299 303 301 305 308 317 323 324 332 334 343 350 347 347 346 352 357 355 360 364 362 370 376 379 374 376 377 379 388 389 398 403 396 397 402 410 418 413 403 412 421 430 433 436 437 438 445 449 449 450 455 464 465 470 473 482 490 496 499 502 504 508 510 518 520 521 522 524 532 533 541 544 547 556 561 562 569 574 577 580 579 586 595 594 597
283 284 289 288 289 292 287 296 287 289 291 286 295 298 300 308 312 310 313 315 321 324 330 338 335 338 346 353 354 352 358 359 360 368 367 371 373 376 382 382 384 382 387 388 396 404 411 405 405 410 418 416 409 407 414 419 423 424 433 440 439 440 448 447 455 464 471 473 479 474 477 483 491 496 501 506 507 516 525 524 529 524 533 540 539 546 547 549 550 552 553 562 565 568 575 576 585 594 601 606
292 293 298 297 297 294 290 295 294 298 300 294 303 299 303 312 314 319 316 316 319 320 327 336 344 346 351 354 362 355 363 365 362 370 376 372 379 377 382 390 385 386 391 397 404 412 412 411 414 414 416 425 417 415 420 427 431 433 442 441 440 441 443 445 453 456 464 468 475 482 482 489 494 501 510 515 510 519 521 522 530 525 527 531 536 545 547 553 551 560 561 569 574 577 584 581 587 588 597 604
294 302 303 300 304 295 291 297 303 297 296 295 297 303 304 313 322 326 325 325 325 327 331 335 341 342 351 357 363 362 369 367 367 369 370 378 384 385 388 397 394 395 400 401 409 413 417 419 422 417 419 423 426 419 426 433 436 442 444 442 442 450 452 449 450 459 465 467 476 480 483 485 492 499 502 511 515 521 527 530 533 533 536 534 535 539 545 552 556 560 564 566 569 570 579 588 596 592 596 600
302 310 307 304 301 297 298 305 304 305 304 297 299 304 308 313 322 327 330 334 327 335 333 340 349 344 353 359 361 365 370 376 374 378 371 375 376 382 391 399 399 396 404 408 409 410 417 418 421 420 428 431 427 422 424 430 431 440 445 451 451 451 453 454 457 464 468 473 474 483 491 494 499 502 505 506 511 520 529 530 539 534 537 535 543 548 553 559 565 565 573 569 573 579 584 585 590 599 598 607
303 306 315 313 306 302 307 307 311 307 307 298 299 302 309 312 321 328 330 334 333 342 337 346 353 353 362 364 370 369 378 383 378 378 377 384 385 391 395 397 403 401 410 410 418 419 426 427 426 424 432 437 436 431 432 439 438 444 445 454 460 459 455 457 466 465 467 473 480 489 490 495 504 503 504 505 514 523 532 538 539 541 541 542 545 554 556 557 565 574 582 578 577 580 582 584 592 594 603 612
306 315 324 321 313 310 310 315 314 315 311 302 300 307 313 317 318 323 330 336 341 345 344 351 356 356 364 365 373 372 376 385 387 383 384 387 386 389 396 395 397 401 402 411 414 420 422 424 433 425 428 436 443 436 434 440 441 445 454 456 460 467 463 466 468 474 476 475 478 486 495 501 502 505 505 514 523 525 526 532 540 548 542 548 552 560 565 564 569 577 582 582 584 582 584 589 597 603 612 621
315 322 330 325 320 319 313 321 318 318 311 310 301 306 314 323 327 331 330 336 339 345 353 358 363 361 369 373 382 378 385 394 392 384 385 389 388 389 393 394 395 404 404 405 406 415 423 431 434 434 432 440 449 443 441 448 450 450 457 462 462 465 469 475 477 482 484 477 485 492 493 501 509 511 506 508 514 521 529 538 546 545 549 553 561 567 572 573 578 581 588 587 588 588 593 597 605 610 617 620
322 331 338 333 325 317 314 315 324 322 318 309 302 306 311 318 324 327 328 336 342 348 357 365 360 369 372 377 380 386 392 401 392 387 392 390 390 396 401 398 400 406 411 414 413 415 421 426 435 439 433 441 444 451 443 450 457 454 459 463 467 468 473 479 481 482 484 479 485 494 499 508 510 519 514 517 522 525 533 537 538 542 548 550 557 566 572 575 576 584 593 594 595 592 597 599 607 614 623 628
327 336 342 338 332 323 317 324 332 324 322 315 311 311 313 318 321 330 337 339 340 349 350 357 358 367 368 369 371 380 387 395 394 391 398 398 397 403 405 404 408 412 419 422 417 418 423 432 441 448 442 446 446 447 447 455 458 463 460 465 466 468 476 483 482 484 482 480 488 489 498 507 515 519 521 523 525 533 534 536 537 539 546 555 557 561 568 576 579 580 588 593 597 600 598 606 614 622 629 635
333 340 345 336 335 328 320 321 323 329 320 313 312 316 317 325 326 333 335 344 349 358 351 356 365 368 376 370 377 378 387 393 401 400 404 405 405 409 413 412 413 413 415 420 426 419 425 433 442 450 451 449 452 456 456 456 463 466 461 462 464 472 473 476 482 487 484 489 497 498 506 509 510 515 524 532 529 531 533 542 543 540 549 553 556 561 570 576 582 581 586 592 599 596 600 609 609 615 624 629
336 344 337 336 334 332 326 329 331 323 318 316 313 318 320 326 334 340 337 340 348 356 352 356 358 367 375 376 378 386 395 402 404 407 412 409 411 418 415 417 419 420 416 421 430 427 433 440 442 447 454 451 459 461 458 465 469 468 468 465 468 470 474 477 484 486 489 490 498 504 509 513 514 523 524 533 533 532 539 541 550 544 545 547 556 560 569 578 579 580 583 592 591 594 600 604 608 617 625 632
340 348 344 345 341 336 327 336 338 329 321 322 321 322 328 331 334 342 343 346 355 356 358 365 366 369 378 385 386 390 392 401 403 411 420 413 418 425 416 424 424 422 423 429 430 435 440 446 445 446 455 456 465 468 459 461 462 465 471 474 469 478 481 484 492 487 495 499 505 513 510 512 519 522 531 540 541 533 536 542 550 551 553 556 564 561 568 576 585 585 583 585 588 593 601 605 614 617 622 631
346 355 353 353 347 343 336 340 331 324 323 325 325 331 329 338 338 347 352 353 359 363 362 366 367 375 379 381 382 383 392 393 396 405 413 414 419 422 425 430 425 423 432 437 439 444 447 455 446 450 459 465 472 463 460 469 469 466 475 475 471 480 489 488 497 496 501 500 502 511 517 516 517 520 526 535 537 541 543 546 548 555 561 565 573 566 567 571 579 581 582 591 597 594 601 605 607 614 615 623
347 356 360 354 354 345 342 336 329 327 327 327 333 336 336 338 340 348 349 353 362 368 367 374 376 384 383 383 384 390 396 402 404 413 417 422 427 431 426 434 433 427 436 442 440 449 455 462 453 458 467 468 469 465 467 468 476 474 480 483 477 482 492 495 497 501 503 508 507 509 517 518 520 529 528 530 539 548 550 555 549 557 558 561 570 570 570 579 586 584 586 592 598 595 604 612 615 617 624 625
355 364 363 362 353 352 345 338 330 334 330 331 337 337 345 339 341 345 347 355 362 371 374 375 376 380 387 391 392 399 405 403 410 414 422 428 435 435 428 431 440 433 434 442 443 448 454 461 458 461 468 473 469 466 475 475 482 483 489 484 485 484 485 488 496 500 509 509 508 517 526 519 525 532 532 536 545 547 551 554 557 558 566 565 569 574 575 578 585 593 590 594 595 603 605 611 612 621 623 632
364 369 360 357 353 347 346 341 334 343 335 334 343 344 352 347 348 353 355 364 370 374 375 378 377 385 394 399 400 408 408 412 414 423 426 427 431 432 434 432 435 437 442 445 449 457 455 457 465 463 464 467 468 472 479 476 477 479 480 489 494 491 491 493 503 509 511 510 514 516 523 524 528 529 531 540 549 552 559 562 559 559 565 573 571 572 581 579 588 594 599 597 603 608 614 612 614 615 622 629
373 369 367 358 356 356 353 344 338 341 338 343 348 345 351 356 357 362 357 358 366 375 384 387 385 393 402 407 409 414 417 416 419 420 425 429 430 434 435 433 442 440 442 451 450 458 459 461 467 467 473 470 471 474 482 485 485 487 481 482 486 495 497 494 495 500 507 511 518 525 532 526 534 537 534 537 541 543 551 555 559 564 568 573 573 581 587 588 592 599 600 605 604 611 612 615 615 620 627 634
381 372 374 365 358 359 356 351 342 346 342 347 356 353 358 360 360 368 359 363 372 373 381 382 386 387 396 405 411 416 421 420 422 428 434 435 435 443 439 436 440 448 449 458 454 455 464 465 466 475 473 472 480 475 483 489 491 495 487 483 489 490 494 503 500 509 515 513 523 527 533 527 535 541 541 538 543 551 558 564 568 568 574 580 582 583 588 593 599 606 601 607 613 619 617 616 616 622 624 630
385 381 380 374 367 366 358 351 347 348 347 348 357 362 367 363 368 365 361 369 378 377 383 388 393 395 403 406 415 416 424 421 427 435 442 437 442 449 446 444 445 453 455 459 456 464 471 470 475 480 482 480 480 477 483 492 500 497 490 490 498 498 499 502 506 509 516 514 520 525 532 536 536 541 550 547 544 548 549 555 560 568 572 581 590 591 597 594 602 609 610 611 614 622 625 625 623 631 630 631
393 390 389 380 376 375 367 360 351 349 356 349 351 360 365 371 377 374 369 371 372 381 384 393 394 403 407 407 412 421 430 429 432 436 445 443 444 452 453 450 451 460 463 467 464 473 473 471 477 486 486 489 482 478 487 493 495 494 492 493 501 506 507 509 514 516 522 523 522 531 536 542 545 550 551 556 549 556 556 558 565 570 578 586 592 599 606 600 601 609 613 619 620 628 632 634 631 640 639 635
393 385 384 380 377 380 371 362 357 358 353 352 355 356 361 362 371 373 375 379 381 383 387 395 397 406 408 413 420 429 431 434 434 435 443 451 453 454 456 459 454 455 464 471 473 475 481 472 473 480 489 495 491 485 494 502 500 499 493 499 506 512 515 516 523 518 527 528 523 531 539 548 553 558 559 565 556 565 557 560 568 575 580 581 589 598 599 601 610 615 621 628 627 628 635 642 633 638 647 639
401 392 391 383 375 374 372 364 361 357 356 361 356 365 363 371 378 376 383 385 390 384 393 401 404 411 415 421 428 436 440 440 443 437 440 444 450 452 460 457 455 456 461 462 470 478 484 481 480 484 492 493 500 494 503 508 505 508 501 507 515 518 522 524 531 525 534 533 530 538 546 548 548 557 563 567 559 562 563 569 572 573 580 586 587 589 596 604 612 620 628 630 635 629 636 637 642 646 647 648
408 399 391 391 383 380 371 364 363 359 361 370 365 372 365 366 369 376 377 380 383 391 395 402 404 408 417 423 432 441 445 449 441 439 440 447 456 457 464 461 461 457 460 464 467 474 482 486 482 491 492 496 497 495 503 511 509 514 505 506 514 519 523 525 534 530 534 534 532 541 549 546 547 549 557 558 562 571 571 571 572 575 583 589 591 592 601 609 610 617 625 633 633 631 637 645 643 652 656 654
401 398 389 389 380 371 370 369 369 365 363 371 373 370 368 371 376 382 386 382 386 388 397 400 406 414 415 422 429 438 443 446 449 440 441 443 449 458 465 470 470 466 469 466 474 482 487 489 489 490 499 504 506 502 511 514 514 519 514 509 516 523 526 530 538 539 542 538 535 537 539 543 546 547 556 560 570 573 576 575 573 578 587 594 600 597 606 613 619 625 630 636 636 640 645 646 649 654 659 662
393 389 386 384 383 375 377 370 370 371 372 379 374 375 372 379 383 391 393 384 385 388 396 397 398 405 408 417 421 430 439 440 441 443 450 452 458 465 472 479 476 475 477 475 483 491 496 491 495 493 494 503 504 505 514 518 519 524 521 517 524 532 534 539 547 546 542 540 537 543 547 551 555 556 562 564 574 581 583 583 582 582 587 595 603 606 614 616 623 628 637 645 645 646 654 652 652 653 657 665
402 395 395 392 385 383 375 371 377 375 376 378 383 383 380 387 384 385 394 393 389 396 401 406 399 408 416 421 428 434 435 442 448 450 448 456 465 464 468 475 479 484 485 482 489 490 495 492 499 502 501 505 506 514 515 517 525 533 530 524 532 538 543 548 548 553 548 548 540 549 555 552 558 565 569 566 576 584 591 586 585 591 590 598 606 615 618 619 621 624 631 640 637 638 645 654 656 657 664 670
406 398 398 394 385 381 380 380 385 376 381 385 388 389 384 393 385 394 400 402 397 398 403 410 407 410 417 423 430 435 438 436 439 444 446 450 459 461 467 468 476 485 488 483 488 496 497 501 508 511 503 512 508 513 519 524 530 538 536 531 540 540 545 548 555 561 554 551 543 552 560 554 557 564 568 570 574 579 587 587 589 590 593 602 607 614 619 626 630 630 623 632 636 638 647 656 665 664 667 676
409 402 399 402 394 390 389 389 386 385 388 392 396 390 393 389 386 394 402 403 405 400 409 412 410 415 416 421 425 426 430 434 442 451 449 450 457 461 466 467 476 485 491 485 488 497 503 504 507 516 512 521 517 514 522 529 530 531 533 535 539 546 553 549 558 560 554 550 546 550 558 562 558 564 572 577 575 577 578 581 583 592 599 603 604 611 610 618 625 626 621 630 633 642 648 652 661 665 666 675
416 410 407 409 400 395 398 396 395 388 389 398 403 396 402 396 395 396 401 408 414 409 418 413 415 423 425 424 433 435 435 443 446 454 458 456 465 470 473 476 479 480 489 488 495 503 511 507 515 522 519 526 519 523 525 530 534 534 541 543 542 548 557 558 562 567 561 556 547 556 558 563 560 569 576 583 577 579 586 588 586 591 592 599 601 605 609 611 616 617 618 627 632 635 642 651 656 657 665 667
424 419 416 418 409 402 400 397 398 389 398 401 409 401 408 399 404 398 407 409 418 410 412 419 418 427 428 425 427 431 440 449 451 455 464 463 470 477 477 483 488 489 496 493 500 505 509 511 515 524 521 526 521 530 526 535 542 536 543 552 547 555 561 567 563 567 560 559 551 560 567 571 564 571 575 575 584 587 594 589 591 596 598 607 608 607 611 612 620 620 621 630 632 641 650 654 659 665 671 668
432 426 420 411 410 409 407 398 400 392 401 407 413 410 410 401 407 401 408 413 421 419 421 428 425 431 437 434 430 439 442 444 453 454 463 471 478 484 483 484 486 494 501 496 500 507 509 515 524 531 522 531 530 539 531 539 544 545 548 557 553 559 565 572 572 572 567 560 559 566 574 572 566 567 568 573 582 590 597 592 595 599 602 610 615 608 615 621 627 623 629 630 638 646 647 656 665 666 671 674
429 422 413 412 417 417 408 399 407 399 406 410 416 413 419 410 410 407 414 415 418 419 425 431 427 428 432 440 432 441 443 452 458 459 468 476 477 486 492 490 495 503 508 505 502 504 510 519 525 531 523 524 526 534 532 534 540 541 549 555 556 550 559 566 571 564 573 566 568 575 583 574 571 574 572 576 584 588 595 598 604 607 610 615 612 610 612 617 619 626 629 635 642 645 652 661 670 673 680 683
429 420 419 420 424 415 410 401 408 408 414 419 420 415 422 417 419 416 415 416 419 420 428 437 435 430 439 437 434 435 438 445 454 460 465 474 477 481 488 495 496 504 508 505 503 508 511 520 522 524 531 533 527 536 539 535 538 541 545 547 548 549 553 562 568 563 571 573 575 584 588 581 580 578 575 578 586 594 600 607 610 616 617 624 620 615 619 626 626 632 632 633 642 649 658 666 673 674 683 690
435 426 428 425 425 416 416 410 409 417 415 418 425 416 425 426 427 425 424 425 420 428 434 443 436 431 439 441 443 437 446 454 461 461 465 471 472 479 482 487 494 503 511 508 511 516 520 528 523 531 532 537 535 543 545 543 543 545 553 552 552 550 558 559 560 562 567 573 574 580 589 589 588 587 583 586 589 593 602 606 607 611 617 626 621 616 619 626 629 634 638 640 641 650 658 660 666 673 676 681
432 429 431 432 426 425 418 411 415 417 420 420 423 424 431 429 433 430 425 425 423 424 426 435 444 440 444 449 445 446 454 458 467 470 472 473 478 483 484 488 497 504 508 511 520 524 523 532 530 536 541 546 538 544 550 551 544 552 560 554 561 559 563 566 567 564 565 571 580 583 587 590 594 588 585 589 590 592 597 599 608 616 623 624 623 623 622 623 627 632 634 643 648 652 653 661 663 672 680 684
441 433 438 441 435 434 427 420 421 422 428 428 424 427 436 430 435 432 430 433 424 433 434 443 451 447 445 454 447 453 462 467 476 479 477 481 483 488 493 489 494 500 501 510 515 522 526 535 533 534 537 542 546 545 547 553 553 559 568 559 566 567 570 572 576 572 574 580 588 591 592 597 598 593 587 596 592 599 598 607 613 617 620 629 629 631 626 631 628 636 643 652 651 652 661 667 665 670 672 675
442 441 447 442 443 439 430 426 422 427 431 429 427 428 436 438 442 434 433 441 432 433 434 443 449 448 452 461 452 461 462 471 479 488 484 482 491 494 493 492 493 499 508 515 524 531 531 539 541 535 536 545 551 554 554 560 560 560 568 567 572 570 572 581 580 573 579 582 583 584 585 591 599 594 595 599 601 601 607 609 615 620 624 625 627 635 635 635 629 633 635 644 645 654 660 661 665 666 675 683
448 446 454 449 441 438 432 430 429 428 436 437 434 434 441 447 447 443 435 444 438 442 443 444 448 452 456 457 454 463 467 476 481 490 489 483 489 496 502 499 499 505 513 520 524 533 537 539 548 539 545 547 554 559 558 561 565 562 566 569 574 578 578 581 584 575 584 590 592 588 590 592 597 601 598 607 609 610 610 610 612 621 630 626 633 640 641 637 633 639 641 642 644 645 651 659 660 665 673 677
457 455 455 447 443 434 433 438 437 433 434 435 440 439 445 454 451 442 441 450 445 451 452 449 457 455 456 457 457 465 470 479 485 486 495 488 495 504 501 500 508 506 511 520 529 535 544 547 556 547 553 556 562 568 567 567 574 571 572 570 575 582 587 587 586 577 579 583 588 593 598 595 599 600 601 608 617 611 615 611 615 616 623 631 639 645 649 640 638 642 649 648 653 647 654 660 665 664 665 668
464 455 447 446 437 436 441 442 438 441 439 437 446 440 448 449 458 451 446 449 446 450 459 453 461 456 464 465 465 466 468 476 479 485 494 497 504 508 510 503 507 515 519 528 537 544 551 554 551 549 551 560 563 571 568 575 581 580 577 578 584 586 592 588 590 586 580 587 591 595 596 604 607 607 610 615 624 619 616 615 623 618 621 623 631 640 640 649 644 649 655 657 658 649 650 651 656 662 670 669
461 454 447 446 438 442 450 446 447 445 448 446 451 443 450 450 455 458 449 453 448 457 466 460 469 463 472 467 469 473 474 482 481 487 496 500 509 509 514 508 514 522 525 533 542 547 556 563 558 554 558 567 571 576 575 578 584 588 580 579 588 595 597 597 593 585 583 591 598 601 604 610 615 616 618 620 624 620 625 620 628 619 622 623 631 633 636 644 652 650 655 656 655 652 656 654 664 664 668 676
466 460 451 447 447 445 447 447 456 447 453 455 453 444 453 459 458 457 450 457 456 459 466 465 470 469 476 471 472 477 479 488 490 496 497 506 509 518 519 515 523 527 532 534 541 542 551 560 565 562 559 568 576 577 580 585 590 597 588 582 588 597 606 606 597 590 589 597 601 610 612 617 624 617 625 623 624 623 630 621 630 627 631 632 640 637 645 653 659 658 656 664 660 659 664 660 663 665 674 681
466 458 452 455 453 452 449 452 455 448 452 461 456 453 462 460 460 466 459 462 462 468 475 469 476 470 479 476 481 479 481 488 495 500 502 505 514 521 521 524 529 534 535 535 541 545 552 561 565 568 560 568 577 586 584 587 592 599 597 591 597 604 609 608 606 598 598 603 609 618 613 622 627 623 630 629 630 624 633 626 635 635 640 641 646 638 647 655 664 667 664 670 661 664 667 667 670 666 667 671
468 461 461 462 461 458 458 459 450 449 457 460 463 454 459 464 468 467 466 464 464 466 472 477 476 475 476 485 489 486 490 489 497 505 511 507 516 517 525 522 531 535 544 540 545 554 558 560 568 572 567 576 581 582 591 596 593 594 600 596 603 612 618 611 605 602 604 611 618 621 619 628 632 624 631 637 629 627 630 627 634 637 646 650 653 646 653 657 666 673 672 674 666 672 672 671 676 668 675 677
471 465 466 470 462 466 465 463 456 454 461 461 470 463 468 473 477 473 471 470 472 468 476 484 485 476 484 485 493 491 498 495 502 508 515 508 515 520 528 521 522 531 540 549 554 551 551 556 562 563 564 568 572 574 583 592 601 603 605 605 604 613 618 619 613 605 613 620 622 623 627 630 638 632 637 642 637 628 636 636 638 646 652 656 656 648 657 666 670 678 681 678 673 679 678 680 684 677 681 678
474 474 468 471 467 474 466 464 463 463 463 470 472 465 474 481 486 481 472 471 474 471 479 481 490 483 484 492 495 500 507 504 504 513 520 512 514 516 519 520 522 526 534 542 548 549 550 552 561 569 570 577 580 583 586 594 601 610 613 606 612 621 622 624 619 613 622 628 629 624 629 636 639 637 640 641 640 636 644 645 647 647 655 656 657 649 656 663 671 672 679 686 679 680 687 689 688 684 689 687
