  0   7   9  15  24  24  33  37  40  49  54  63  65  74  83  87  84  85  89  88  91 100 108 108 117 119 123 130 134 135 144 144 145 154 155 161 162 169 170 171 179 182 191 192 198 202 207 212 220 226 229 231 240 249 249 257 257 265 268 273 282 274 276 284 293 291 295 303 304 310 319 328 335 337 344 346 349 347 352 347 352 360 364 372 374 383 391 400 397 403 409 410 411 417 425 431 432 428 434 443
  8  15  18  16  19  23  30  38  46  53  58  58  67  69  74  81  83  86  84  85  88  94  99 107 116 121 125 127 133 141 138 140 144 151 152 161 162 168 176 180 180 181 190 198 207 204 207 209 214 218 220 226 234 241 243 250 253 257 259 267 276 268 276 285 289 288 295 298 306 314 322 321 326 329 336 341 341 338 347 344 346 355 364 368 376 385 390 398 395 402 400 406 413 413 422 422 423 424 433 440
 16  17  18  25  24  32  33  40  45  47  50  56  58  62  68  75  75  78  79  86  95 101 108 115 121 126 126 132 135 139 133 137 145 152 161 170 164 170 171 179 188 190 188 193 200 198 206 212 220 218 222 231 235 237 242 250 253 252 259 266 274 266 274 277 281 286 293 295 301 307 316 318 326 326 327 335 336 337 338 342 345 354 363 364 371 380 381 390 386 393 398 403 404 412 413 416 423 424 425 431
 17  24  19  25  25  30  31  32  36  44  53  56  58  59  61  70  73  78  80  89  94 101 110 112 118 119 125 127 128 130 132 141 149 156 165 163 167 168 173 175 181 187 185 187 196 195 203 208 211 217 222 225 229 236 242 245 246 250 258 257 265 265 266 272 281 285 292 294 302 311 311 320 322 322 331 331 340 337 343 346 354 358 356 357 363 372 374 383 382 384 389 397 400 403 407 411 419 428 429 437
 26  32  26  31  34  39  33  39  42  51  58  62  66  68  70  71  75  84  85  91  99 103 106 108 111 115 116 118 120 123 128 137 146 147 156 157 160 169 175 167 176 178 179 186 187 194 203 208 216 222 229 222 224 233 235 242 251 252 252 254 260 259 267 276 278 282 289 294 298 306 303 311 313 321 323 324 333 334 336 337 346 354 355 358 364 366 374 375 376 380 387 389 391 400 406 414 418 427 435 444
 28  37  34  37  38  39  42  48  50  52  61  65  74  77  76  77  83  89  94  93 101 110 114 111 120 123 118 123 123 124 129 132 139 148 149 158 158 163 169 164 169 172 178 186 187 193 196 202 208 214 221 219 227 228 237 241 243 247 248 251 255 258 262 267 276 278 282 286 295 297 302 303 312 318 326 324 333 342 342 345 346 355 362 359 368 367 375 380 385 389 389 395 392 397 403 406 415 424 429 435
 29  38  38  38  43  43  51  54  58  61  62  69  74  75  76  82  89  96  96 100 104 106 113 115 116 125 126 132 125 131 137 133 140 147 155 154 156 157 160 161 168 169 177 181 185 193 195 198 205 207 216 217 221 226 228 234 236 241 250 253 254 257 262 271 279 286 285 289 293 294 295 302 309 310 318 323 327 333 340 344 346 349 354 362 371 376 384 388 387 394 396 397 396 404 410 407 409 417 424 427
 33  39  39  41  50  52  59  62  60  68  64  71  77  76  84  83  91  92 101 109 111 108 116 122 117 120 125 126 133 136 139 135 139 146 149 153 162 165 167 164 173 177 185 190 187 190 192 196 202 211 215 217 225 234 230 234 237 239 245 248 250 252 254 263 271 280 287 287 290 296 304 310 318 311 320 320 321 326 335 337 338 346 351 357 366 372 380 389 393 402 404 402 405 409 413 409 417 418 427 431
 41  47  42  49  56  57  62  68  66  74  68  71  80  77  80  85  86  93 101 102 107 111 119 121 126 121 125 132 141 145 145 136 140 144 151 160 167 171 174 173 180 181 184 186 189 198 198 205 208 211 214 217 222 229 236 240 246 247 253 257 253 259 257 266 275 281 284 286 293 295 303 312 318 313 316 318 321 325 326 329 336 344 350 355 360 369 377 380 384 393 399 408 408 417 421 417 426 426 427 435
 42  47  46  53  58  62  71  74  69  78  69  70  75  83  88  94  90  95 104 110 116 112 121 129 125 123 127 136 143 148 144 144 147 147 155 164 166 172 180 182 183 182 190 188 192 194 203 212 213 218 215 224 225 232 240 248 254 255 262 263 259 268 263 270 276 284 289 295 296 303 304 311 316 321 325 320 321 330 335 333 342 343 352 361 365 369 375 383 391 393 394 402 411 412 420 425 431 434 427 433
 51  52  54  54  62  64  72  72  71  78  76  79  84  87  96 103  99  97 102 104 111 116 122 125 127 132 128 132 134 141 143 148 151 154 155 162 164 168 175 184 191 191 198 197 200 200 209 218 222 219 220 228 226 231 236 245 248 250 253 254 257 264 269 270 271 277 283 287 294 299 308 310 316 325 329 324 327 336 343 338 346 352 354 358 367 373 379 387 396 401 402 403 412 418 419 421 424 425 426 434
 56  55  63  55  63  72  80  79  72  77  78  82  83  87  88  97 105 100 109 105 114 114 121 129 125 134 134 135 143 142 146 154 152 161 163 166 165 168 175 179 182 184 192 199 207 208 212 216 218 226 228 235 227 236 237 245 250 258 258 261 266 271 274 275 274 281 287 292 295 300 304 313 319 328 333 332 336 344 344 347 350 355 356 359 367 372 380 385 387 396 397 405 406 410 419 420 428 434 434 437
 58  59  62  57  63  72  77  86  81  78  79  86  91  96  94  95  96  97 106 108 109 113 115 122 124 125 133 142 151 151 147 149 155 158 165 174 166 168 177 179 182 184 188 195 203 204 205 208 217 222 226 235 234 241 242 248 256 263 262 270 275 276 276 284 281 289 295 293 301 309 313 313 322 329 330 336 343 348 353 355 359 357 358 361 364 371 379 382 385 390 394 401 407 413 420 428 423 432 440 446
 66  60  69  65  72  80  81  89  89  82  88  88  95  99 103 102 105 106 114 116 118 116 121 126 133 134 140 142 151 149 148 156 164 166 166 170 172 176 179 183 191 191 196 201 202 207 214 217 218 224 233 240 235 236 245 251 252 257 264 272 281 285 284 293 287 296 296 295 296 305 310 311 320 328 337 344 346 353 358 356 365 358 364 368 373 373 375 379 380 381 388 395 398 407 411 420 422 431 434 441
 73  68  69  74  75  80  83  92  90  91  97  94  98 102 111 110 110 112 117 117 125 125 122 123 130 139 148 143 147 149 155 164 172 167 167 173 180 179 188 192 197 200 205 204 211 214 222 222 224 228 232 240 242 245 253 252 261 264 272 276 276 284 292 297 288 289 296 297 299 308 311 316 323 325 333 337 340 347 350 356 362 367 370 377 381 376 384 380 381 389 391 400 400 402 411 416 425 434 435 440
 74  73  78  75  78  80  84  90  94  92  98 102 102 103 105 114 114 120 120 122 130 133 125 132 133 142 146 149 152 152 159 168 176 171 168 177 180 185 193 193 202 209 207 206 215 216 225 231 228 235 241 248 251 246 247 248 257 262 267 268 275 284 286 295 289 290 291 298 303 311 318 323 325 326 327 328 336 342 343 352 360 365 373 378 379 383 389 383 383 389 391 393 401 410 414 418 420 429 430 431
 83  76  83  81  79  88  86  93  95  94 100 108 110 106 109 118 123 123 129 128 133 140 134 135 140 145 151 158 157 160 168 176 185 178 177 184 183 189 194 197 203 212 216 209 217 217 220 226 233 235 240 249 258 255 252 254 261 266 271 271 276 284 290 291 297 295 299 307 304 313 321 322 325 334 334 333 342 343 351 355 363 364 365 373 382 389 390 390 389 394 398 395 403 408 413 416 419 426 429 437
 89  84  85  90  85  87  95  98 103 103 102 107 115 107 114 117 123 127 129 130 136 141 143 141 148 150 156 165 166 169 174 183 190 187 181 182 186 190 195 201 208 214 218 211 212 214 220 229 237 241 242 251 253 262 253 257 263 269 277 277 282 286 288 297 298 304 307 313 312 313 321 326 334 342 343 334 343 352 359 364 372 368 373 380 385 394 391 398 390 396 400 399 408 417 420 417 418 426 427 436
 92  88  88  94  92  92  98 105 107 112 109 113 111 108 117 121 125 130 138 133 135 139 141 145 146 155 156 157 165 173 182 191 187 186 182 190 195 196 198 204 205 212 219 220 214 221 225 234 243 248 243 247 249 253 262 262 269 272 280 284 286 293 290 297 306 305 312 321 314 321 323 332 333 338 339 343 352 360 363 368 371 371 378 387 388 395 400 400 391 398 399 406 407 414 423 425 427 434 436 445
 93  95  89  96  96  94 101 108 113 114 118 122 120 111 116 120 129 136 144 142 144 140 143 152 151 156 164 160 166 173 181 185 191 193 190 195 204 203 207 205 213 218 227 224 217 220 229 238 247 254 252 249 256 254 261 270 270 271 279 281 288 290 294 302 304 313 316 319 323 329 326 335 335 343 347 352 353 360 364 369 378 380 383 387 395 404 402 406 397 406 403 411 415 415 416 417 425 430 435 440
 99 104  96  98 102  95 104 113 120 120 119 128 127 118 125 124 127 135 140 149 144 143 152 158 152 157 165 168 173 182 188 193 186 187 194 195 202 211 216 213 222 221 228 231 224 229 236 237 238 247 254 251 260 257 258 264 271 272 279 286 288 297 300 306 309 315 323 328 332 338 334 343 344 351 350 353 359 361 366 375 383 387 390 389 394 403 411 407 398 399 406 408 417 423 424 425 430 437 444 448
108 112 103 104 106 104 111 112 120 127 120 122 130 125 129 127 130 133 135 142 151 146 152 157 154 159 162 169 175 177 179 184 185 194 200 203 204 213 219 218 219 222 223 232 225 234 240 244 242 249 250 258 264 263 264 273 276 281 288 294 295 304 309 313 316 322 331 331 340 338 336 341 345 354 358 355 364 370 374 383 387 393 399 398 395 404 407 415 406 404 407 416 416 424 429 429 434 440 447 456
117 115 106 111 112 110 116 113 117 118 120 125 133 126 131 136 131 138 144 150 156 149 153 162 157 158 164 165 166 168 176 179 188 195 199 202 202 204 213 220 227 224 227 231 228 234 242 245 251 254 256 264 272 272 268 277 278 283 284 285 292 301 301 310 316 318 327 333 334 341 342 349 353 361 364 358 363 369 376 378 387 393 397 406 404 408 412 409 408 413 413 414 415 418 427 430 435 442 444 452
118 114 111 114 116 117 124 122 119 125 127 131 134 135 134 138 135 144 152 157 158 158 157 163 166 164 165 174 175 176 177 183 185 190 193 198 200 208 217 226 235 231 236 239 230 236 245 248 257 255 257 260 269 276 273 274 280 284 291 294 294 295 300 307 316 325 326 325 334 335 335 344 351 360 358 355 364 370 372 380 381 390 397 399 400 409 415 417 414 422 414 418 423 422 426 432 441 450 448 456
123 119 117 120 124 125 126 128 121 128 128 136 137 144 135 141 142 145 150 158 167 167 166 171 171 170 174 176 184 179 186 189 190 191 200 202 209 214 220 226 228 234 235 240 231 233 237 245 254 253 258 259 263 272 281 280 281 290 293 299 303 303 301 309 318 319 320 324 331 332 333 335 344 352 353 354 355 363 371 373 378 387 388 397 401 409 418 420 418 426 423 426 432 423 432 428 436 442 451 452
125 120 123 129 127 130 135 135 126 131 134 142 146 151 142 142 149 147 153 162 168 175 175 173 178 179 176 183 191 182 189 191 198 198 200 209 217 223 225 232 235 243 242 246 238 238 238 239 247 249 257 264 268 276 283 289 287 294 301 302 306 312 310 315 324 326 327 333 340 336 335 344 352 354 359 361 362 366 372 373 379 388 397 406 410 408 417 417 420 428 425 434 428 424 425 426 435 438 447 451
123 122 125 132 133 138 144 142 135 133 139 140 147 150 150 143 144 147 151 160 168 176 181 181 187 183 185 184 189 191 193 199 205 199 208 214 220 222 223 224 233 236 243 246 243 245 246 240 241 249 258 267 270 273 282 285 294 302 307 299 302 310 312 316 325 327 330 338 345 337 342 349 358 362 368 369 371 368 373 381 388 392 396 399 401 404 410 411 420 428 434 438 431 428 429 435 436 440 442 447
131 129 127 136 138 147 153 149 142 141 148 143 151 155 152 152 145 154 154 158 159 168 175 177 181 187 187 192 190 192 194 195 203 200 206 215 224 231 232 231 240 244 244 253 252 246 252 243 243 252 259 263 266 274 279 287 293 299 298 297 305 308 316 323 319 318 327 333 341 346 343 352 360 368 370 364 372 377 378 386 393 399 404 399 403 405 414 420 425 429 438 442 434 430 437 438 445 443 451 450
132 136 128 135 140 149 156 158 149 145 154 151 158 164 155 155 149 152 161 165 168 168 176 177 175 184 190 199 199 199 203 202 211 209 212 221 226 235 233 234 243 249 251 255 258 253 249 245 252 259 267 271 267 268 274 279 285 292 297 293 302 304 313 314 315 316 323 330 332 339 348 351 360 362 362 363 370 378 382 383 387 391 398 396 405 411 412 419 422 424 432 440 437 434 441 445 453 444 453 453
141 145 137 138 144 152 161 159 158 154 161 153 154 159 160 152 151 152 155 160 164 166 167 173 174 182 188 192 201 202 211 203 208 209 217 226 235 241 235 235 244 252 256 262 265 262 255 252 261 262 271 278 274 270 271 278 283 284 288 289 298 307 309 318 317 319 321 330 331 338 339 348 353 356 357 364 371 372 374 375 381 382 389 395 402 411 417 418 419 427 433 436 438 442 448 453 462 453 458 462
145 154 146 139 140 149 152 158 165 162 169 161 162 164 169 161 158 154 163 161 169 173 175 175 176 177 186 195 198 205 214 209 215 218 223 228 231 238 242 237 243 247 253 261 269 268 259 261 270 271 272 281 277 271 278 287 284 292 297 298 301 309 318 326 319 322 329 335 340 346 343 345 354 360 363 369 376 380 380 381 388 387 396 403 408 417 420 427 423 431 440 442 447 450 457 459 459 457 463 466
152 152 145 140 146 155 161 164 172 165 174 170 163 172 169 168 159 155 164 170 176 174 177 181 184 182 190 196 202 205 207 208 213 222 231 229 238 244 249 243 249 255 259 267 276 270 268 269 271 274 273 280 274 273 282 291 289 296 305 306 308 315 319 324 328 329 337 340 349 353 344 351 359 360 362 371 379 380 387 384 386 393 402 401 407 409 416 421 423 428 434 440 449 457 466 467 468 460 465 467
161 156 149 142 149 150 159 168 176 173 174 173 172 171 170 175 167 158 167 176 173 176 177 186 193 184 191 192 199 203 209 209 216 223 225 230 232 240 247 250 252 256 261 266 271 277 269 277 277 283 275 284 282 282 290 296 294 296 301 310 317 316 322 326 335 337 345 341 342 348 349 354 355 364 363 369 378 387 388 389 388 396 397 400 405 409 410 419 427 434 440 442 447 451 458 466 471 468 470 468
166 162 158 151 155 158 166 175 180 176 182 182 177 180 172 172 167 159 168 170 172 179 184 193 193 187 192 196 202 208 209 217 217 221 230 239 241 241 249 255 257 261 270 272 274 283 278 282 285 284 282 289 284 288 297 304 298 305 309 313 317 324 326 329 335 339 341 349 351 352 354 359 364 371 371 372 381 390 396 395 395 403 400 408 409 414 419 425 426 435 444 449 456 459 462 463 468 469 477 475
170 171 166 157 156 157 162 170 179 178 183 187 179 180 173 181 173 168 176 171 174 180 186 191 195 190 198 202 207 216 216 223 219 220 223 232 241 250 252 253 259 260 269 274 274 281 286 291 288 292 284 292 285 293 300 305 307 311 318 322 316 325 332 333 342 343 346 346 346 344 345 354 361 363 366 375 380 387 393 386 387 394 399 405 409 410 416 425 433 438 442 447 450 459 455 463 468 477 480 472
174 175 168 165 164 166 167 175 183 185 184 188 181 184 176 180 182 177 176 174 180 189 191 200 198 199 200 201 206 215 217 221 228 229 224 231 236 244 245 249 251 259 267 268 269 276 281 290 291 300 293 296 293 295 297 298 305 309 313 314 315 316 325 328 333 338 342 340 341 343 345 349 354 355 364 372 373 382 387 385 390 388 391 400 404 412 415 424 432 429 438 439 445 451 447 454 461 468 477 470
183 183 175 166 170 172 175 184 184 190 190 184 183 187 179 186 186 186 177 179 183 187 195 204 207 208 206 202 211 212 220 222 231 230 226 233 238 247 251 258 260 266 273 270 278 277 282 283 292 294 298 301 302 304 305 305 312 317 316 319 324 325 327 334 334 336 338 339 348 352 352 355 356 363 364 373 382 380 380 381 382 387 396 392 401 405 413 418 427 428 434 440 436 443 444 453 454 459 468 469
189 181 180 174 179 174 183 187 188 190 191 193 190 188 183 186 188 186 178 183 185 194 194 201 204 210 214 205 208 211 219 224 229 236 233 242 242 249 257 266 262 271 275 267 272 278 278 280 288 292 301 306 310 307 306 311 315 318 318 322 329 331 336 336 343 343 340 341 342 344 345 348 356 358 363 371 373 371 379 386 383 384 390 391 399 403 407 412 421 428 425 431 432 441 449 453 461 467 474 478
193 188 186 183 187 183 190 190 189 196 192 201 194 193 188 193 192 187 185 189 186 189 191 200 202 209 214 207 210 218 225 233 238 238 236 242 248 253 260 268 260 264 270 264 265 273 277 285 287 295 298 299 308 315 314 312 320 319 323 327 331 340 344 338 346 343 342 343 351 346 354 349 356 362 362 369 364 365 372 380 384 391 393 394 403 407 414 417 425 420 422 428 432 441 446 447 455 464 473 477
199 191 188 185 194 189 198 199 192 198 197 199 203 195 191 193 194 195 193 198 192 196 197 202 211 210 211 216 216 224 231 232 239 243 238 239 240 249 254 260 259 261 263 262 269 270 278 284 291 298 302 300 306 315 322 318 327 320 326 335 340 346 353 345 348 346 349 351 359 355 355 350 351 353 360 361 363 368 377 382 389 392 393 397 400 402 406 415 418 419 428 435 433 442 449 449 451 460 465 468
202 197 190 187 195 198 200 205 201 205 202 208 212 203 199 194 198 202 201 202 193 199 201 208 213 211 217 224 217 222 224 232 239 248 240 241 241 247 250 251 253 256 257 261 263 272 277 285 287 296 305 304 305 306 315 318 319 328 330 339 343 352 349 353 357 352 355 360 366 363 363 355 360 361 368 365 372 377 378 382 388 389 396 402 407 411 412 421 421 426 435 439 438 446 447 455 452 456 465 474
204 198 198 190 197 204 201 210 207 208 210 209 214 206 201 202 205 204 207 198 197 203 208 209 217 214 219 225 222 231 231 234 240 244 247 246 250 256 251 252 260 258 264 269 272 280 286 280 288 291 297 295 296 299 308 310 319 323 324 331 340 345 344 353 356 353 354 361 364 372 371 364 362 363 365 373 379 384 384 389 389 392 400 402 406 415 421 428 427 435 438 447 444 450 456 464 460 458 460 467
206 199 198 197 201 206 210 215 214 217 217 211 216 210 204 211 206 205 213 205 199 207 214 217 220 219 221 227 228 237 240 243 245 252 256 255 253 257 256 256 264 259 261 262 264 272 281 275 282 285 288 291 294 302 309 313 322 326 332 332 334 339 342 351 352 358 363 370 365 367 375 373 369 372 368 373 380 388 390 398 394 401 405 411 412 421 429 433 434 440 447 456 453 459 464 467 463 459 460 469
215 206 207 206 203 212 218 221 215 223 219 214 215 206 205 209 207 207 209 213 205 213 217 220 223 222 223 232 232 238 246 249 254 259 262 256 258 258 262 265 271 265 268 264 268 270 272 273 274 279 281 290 294 299 300 307 313 322 328 337 338 346 343 351 357 360 369 372 367 375 376 371 372 380 371 379 380 384 393 400 398 405 410 415 414 423 431 434 441 441 448 449 456 464 470 472 471 468 467 476
224 215 207 206 205 210 214 220 216 224 225 216 220 214 210 211 210 213 218 220 214 217 218 219 228 228 228 233 239 239 241 243 251 258 264 265 263 259 268 268 277 274 269 273 276 271 280 281 282 280 281 283 290 299 300 309 318 321 327 334 337 345 346 347 356 356 363 365 372 379 371 370 378 384 375 383 386 392 397 406 401 408 415 424 422 424 433 437 443 446 455 453 462 471 479 481 474 477 469 473
215 210 209 213 212 211 219 227 223 231 230 222 221 218 218 216 218 221 225 229 221 226 226 221 230 230 234 241 248 240 241 243 252 253 257 263 258 267 275 270 277 272 270 277 275 274 281 282 291 285 286 285 287 295 302 310 312 313 319 328 330 338 345 348 357 354 362 370 365 370 367 369 378 384 382 387 395 400 406 408 403 404 412 416 425 425 434 443 451 455 464 457 466 475 480 488 483 481 477 474
216 217 218 219 216 216 223 231 231 240 234 228 229 221 227 220 221 225 231 230 228 233 227 227 235 239 235 239 247 241 247 244 245 250 254 255 257 264 268 277 285 278 279 286 283 283 283 291 292 293 287 291 288 295 299 307 311 312 318 324 331 335 338 339 348 351 360 361 363 365 366 374 377 384 391 388 397 404 405 406 406 408 417 421 423 432 441 442 448 456 463 466 472 475 482 486 484 482 482 480
221 222 225 228 225 225 232 234 238 242 237 229 232 226 231 229 226 233 240 235 237 236 231 236 238 244 239 243 249 250 253 251 254 256 256 262 263 267 270 271 276 278 281 287 292 292 292 300 301 293 288 296 295 296 297 299 307 316 324 332 332 336 341 345 351 360 367 365 371 373 375 382 385 393 400 394 403 410 411 414 415 409 418 419 428 433 442 451 454 462 471 468 476 481 488 486 484 483 490 485
230 231 226 235 234 234 238 235 242 233 232 231 237 228 235 228 227 232 241 244 246 240 238 244 247 246 244 252 257 257 257 255 258 264 264 269 267 274 279 280 284 280 282 290 299 297 294 303 299 298 297 300 300 301 302 306 313 321 325 329 338 345 342 348 357 361 364 371 378 374 382 384 389 391 399 403 412 414 420 419 412 411 419 428 437 437 446 455 463 468 463 465 471 472 479 487 493 492 495 487
235 233 234 243 235 243 244 238 238 237 241 235 232 230 234 229 235 241 248 246 242 241 244 250 252 254 247 256 265 261 258 264 266 265 265 274 273 282 283 284 289 282 290 299 300 304 296 305 306 301 298 307 307 310 311 313 322 330 334 334 340 345 344 351 356 362 370 375 373 374 377 380 389 396 405 410 411 420 428 420 414 417 418 423 429 432 441 450 454 460 461 470 479 479 485 492 493 500 497 495
236 240 242 246 238 242 243 245 240 238 239 241 241 234 237 234 240 247 256 248 248 244 253 257 256 253 250 252 260 268 267 270 274 272 268 276 282 289 287 285 294 291 297 298 299 304 305 314 307 307 307 316 314 314 313 318 320 327 333 334 343 351 351 355 363 364 370 371 372 377 386 388 397 400 405 406 415 420 426 421 421 418 426 431 438 441 442 447 450 455 464 473 474 481 489 496 494 502 501 504
237 246 243 249 245 243 251 254 249 246 246 244 250 243 244 242 249 252 257 255 250 252 257 266 257 261 255 256 265 272 273 279 281 281 275 284 287 294 289 293 297 293 294 302 306 312 308 309 308 316 313 316 317 315 315 320 329 331 336 343 352 355 360 364 367 372 379 378 380 385 387 396 397 401 402 410 416 423 431 430 425 424 430 435 439 448 450 448 453 458 463 468 469 478 484 491 500 503 497 506
244 253 248 252 254 246 248 256 252 252 247 247 256 252 250 249 255 253 255 256 259 258 259 266 262 268 264 260 264 265 268 271 272 273 282 283 292 298 290 292 294 302 303 305 308 315 317 310 315 324 320 324 323 317 324 327 335 340 343 350 355 361 361 365 370 378 387 386 381 387 395 397 405 408 410 417 418 420 428 427 426 431 438 443 446 447 449 453 454 460 468 474 478 487 485 488 491 494 495 500
251 252 257 261 260 255 251 260 257 254 251 254 258 260 253 255 258 254 258 261 268 264 263 271 264 273 272 269 269 268 274 279 277 282 286 284 292 298 299 294 296 297 299 308 309 318 318 311 312 317 325 333 327 318 326 335 344 347 350 351 352 359 363 363 364 369 378 379 384 387 396 404 410 413 416 418 422 424 432 432 431 432 434 442 443 451 452 455 463 469 470 477 482 485 488 487 494 503 500 503
260 261 266 265 261 264 259 267 258 258 260 255 264 263 260 264 267 263 266 268 274 268 269 273 265 268 276 276 276 274 280 281 282 290 289 293 295 298 304 302 304 302 307 308 316 324 326 320 320 325 333 330 323 322 328 333 337 338 347 354 353 354 362 361 369 378 385 387 393 388 391 397 405 410 415 420 421 430 439 436 439 434 443 450 449 456 455 457 458 460 461 470 473 476 483 484 493 502 507 512
269 270 275 274 269 266 262 267 265 267 269 263 272 264 264 273 269 272 269 269 272 269 276 282 274 276 281 279 284 277 285 287 284 292 298 294 301 299 304 310 305 306 311 317 324 332 327 326 329 329 331 339 331 330 334 341 345 347 356 355 354 355 357 359 367 370 378 382 389 396 396 403 408 415 424 429 424 433 435 436 443 435 437 441 446 455 457 463 459 468 469 477 482 485 492 489 495 496 505 512
271 279 280 277 276 267 263 269 274 266 265 264 266 270 265 274 278 279 278 278 278 276 280 284 280 277 286 285 290 284 291 289 289 291 292 300 306 307 310 319 314 315 320 321 329 333 332 334 337 332 334 338 340 334 340 347 350 356 358 356 356 364 366 363 364 373 379 381 390 394 397 399 406 413 416 425 429 435 441 444 446 443 446 444 445 449 455 462 464 468 472 474 477 478 487 496 504 500 504 508
279 287 281 277 273 269 270 277 275 274 273 266 268 273 269 274 283 284 283 287 280 284 282 289 288 279 288 291 290 288 293 298 296 300 293 297 298 304 313 321 319 316 324 328 329 330 337 335 338 335 343 346 341 337 339 345 346 354 359 365 365 365 367 368 371 378 382 387 388 397 405 408 413 416 419 420 425 434 443 444 453 444 447 445 453 458 463 469 473 473 481 477 481 487 492 493 498 507 506 515
280 283 290 286 278 274 279 279 282 276 276 267 268 271 276 277 286 291 285 289 286 293 286 295 295 288 297 296 299 292 301 305 300 300 299 306 307 313 317 319 325 321 330 330 338 339 346 344 343 339 347 352 350 346 347 354 353 358 359 368 374 373 369 371 380 379 381 387 394 403 404 409 418 417 418 419 428 437 446 452 452 451 451 452 455 464 466 467 475 482 490 486 485 488 490 492 500 502 511 520
283 292 299 293 285 282 282 287 285 284 280 271 269 276 282 282 283 288 292 295 294 297 293 300 296 291 299 297 303 295 299 308 309 305 306 309 308 311 318 317 319 323 324 333 336 342 344 346 349 340 343 351 357 351 349 355 356 360 368 370 374 381 377 380 382 388 390 389 392 400 409 415 416 419 419 428 437 439 440 446 454 459 452 458 462 470 475 474 479 487 492 490 492 490 492 497 505 511 520 529
292 299 305 297 292 291 285 293 289 287 280 279 270 275 283 291 292 296 294 300 297 303 302 307 303 296 304 305 310 301 308 317 314 306 307 311 310 311 315 316 317 326 326 327 328 337 345 353 352 349 347 355 364 358 356 363 365 365 371 376 376 379 383 389 391 396 398 391 399 406 407 415 423 425 420 422 428 435 443 452 460 459 459 463 471 477 482 483 488 491 498 495 496 496 501 505 513 518 525 528
299 308 313 305 297 289 286 287 296 291 287 278 271 275 280 287 293 296 295 303 303 309 311 313 305 305 308 313 318 309 315 323 314 309 314 312 312 318 323 320 322 328 333 336 335 337 343 348 357 354 348 356 359 366 358 365 372 369 374 377 381 382 387 393 395 396 398 393 399 408 413 422 424 433 428 431 436 439 447 451 452 456 462 464 471 480 486 486 487 495 504 502 503 500 505 507 515 522 531 536
304 313 316 310 304 295 289 296 302 293 291 284 280 280 282 287 290 299 304 306 304 313 312 313 306 314 309 310 312 318 322 324 316 313 320 320 319 325 327 326 330 334 341 344 339 340 345 354 363 363 357 361 361 362 362 370 373 378 375 379 380 382 390 397 396 398 396 394 402 403 412 421 429 433 435 437 439 447 448 450 451 453 460 469 471 475 482 490 490 491 499 504 507 508 506 514 522 530 537 543
310 317 317 308 307 300 292 293 295 298 289 282 281 285 286 294 295 302 304 313 313 322 313 318 315 317 317 311 318 319 328 330 324 322 326 327 327 331 335 334 335 335 337 342 348 341 347 355 364 371 366 364 367 371 371 371 378 380 376 377 379 386 387 390 396 401 398 403 411 412 420 423 424 429 438 446 443 445 447 456 457 454 463 467 470 475 484 490 496 492 497 503 511 510 510 519 520 526 535 540
313 317 309 308 306 304 298 301 300 292 287 285 282 287 289 295 303 309 306 309 317 322 314 318 317 326 325 317 319 327 336 336 327 329 334 331 333 340 337 339 341 342 338 343 352 349 355 362 364 369 373 366 374 376 373 380 384 383 383 380 383 384 388 391 398 400 403 404 412 418 423 427 428 437 438 447 447 446 453 455 464 458 459 461 470 474 483 492 493 493 496 505 505 508 514 518 522 531 539 546
317 324 316 317 313 308 299 308 307 298 290 291 290 291 297 300 303 311 312 315 324 321 320 327 325 328 334 326 327 334 336 343 334 337 343 335 340 347 338 346 346 344 345 351 352 357 362 368 367 368 377 371 380 383 374 376 377 380 386 389 384 392 395 398 406 401 409 413 419 427 424 426 433 436 445 454 455 447 450 456 464 465 467 470 478 475 482 490 499 498 497 499 502 507 515 519 528 531 536 545
323 332 325 325 319 315 308 309 300 293 292 294 294 300 298 307 307 316 321 322 328 328 324 328 326 334 332 328 328 329 338 338 337 346 344 336 341 344 347 352 347 345 354 359 361 366 369 377 368 372 381 380 387 378 375 384 384 381 390 389 386 394 403 402 411 410 415 414 416 425 431 430 431 434 440 449 451 455 457 460 462 469 475 479 487 480 481 485 493 495 496 505 511 508 515 519 521 528 529 537
324 333 331 324 323 314 311 305 298 296 296 296 302 305 305 307 309 317 318 322 331 334 329 336 335 343 334 330 330 336 342 347 345 354 348 344 349 353 348 356 355 349 358 364 362 371 377 384 375 380 389 383 384 380 382 383 391 389 395 397 392 397 406 409 411 415 417 422 421 423 431 432 434 443 442 444 453 462 464 469 463 471 472 475 484 484 484 493 500 498 500 506 512 509 518 526 529 531 538 539
332 341 332 331 322 321 314 307 299 303 299 300 306 306 314 308 310 314 316 324 331 340 336 337 336 340 341 338 338 345 351 348 352 356 356 350 357 357 350 353 362 355 356 364 365 370 376 383 380 383 390 389 384 381 390 390 397 398 404 398 400 399 400 403 410 414 423 423 422 431 440 433 439 446 446 450 459 461 465 468 471 472 480 479 483 488 489 492 499 507 504 508 509 517 519 525 526 535 537 546
341 338 329 326 322 316 315 310 303 312 304 303 312 313 321 316 317 322 324 333 339 341 337 340 337 345 350 346 346 354 354 357 356 364 355 351 355 356 356 354 357 359 364 367 371 379 377 379 387 385 386 388 385 387 394 391 392 394 395 404 409 406 406 408 417 423 425 424 428 430 437 438 442 443 445 454 463 466 473 476 473 473 479 487 485 486 495 493 502 508 513 511 517 522 528 526 528 529 536 543
347 338 336 327 325 325 322 313 307 310 307 312 317 314 320 325 326 331 326 327 335 344 346 349 345 353 359 354 355 360 363 361 361 361 360 355 356 360 357 355 364 362 364 373 372 380 381 383 389 389 395 391 388 390 398 400 400 402 396 397 401 410 412 409 410 415 422 426 432 439 446 440 448 451 448 451 455 457 465 469 473 478 482 487 487 495 501 502 506 513 514 519 518 525 526 529 529 534 541 548
350 341 343 334 327 328 325 320 311 315 311 316 325 322 327 329 329 337 328 332 341 342 350 350 349 350 359 363 361 365 368 365 364 369 369 361 361 369 361 358 362 370 371 380 376 377 386 387 388 397 394 393 397 391 399 405 406 410 402 398 404 405 409 418 415 424 430 428 437 441 447 441 449 455 455 452 457 465 472 478 482 482 488 494 496 497 502 507 513 520 515 521 527 533 531 530 530 536 538 544
354 350 349 343 336 335 327 320 316 317 316 317 326 331 336 332 337 334 330 338 347 346 352 356 356 358 366 366 370 366 374 366 370 377 371 363 368 375 368 366 367 375 377 381 378 386 393 392 397 402 403 401 396 393 399 408 415 412 405 405 413 413 414 417 421 424 431 429 435 439 446 450 450 455 464 461 458 462 463 469 474 482 486 495 504 505 511 508 516 523 524 525 528 536 539 539 537 545 544 545
362 359 358 349 345 344 336 329 320 318 325 318 320 329 334 340 346 343 338 340 341 350 353 362 357 366 370 367 372 375 383 374 375 379 378 369 370 378 375 372 373 382 385 389 386 395 395 393 399 408 407 407 398 394 403 409 411 409 407 408 416 421 422 424 429 431 437 438 437 445 450 456 459 464 465 470 463 470 470 472 479 484 492 500 506 513 520 514 515 523 527 533 534 542 546 548 545 554 553 549
362 354 353 349 346 349 340 331 326 327 322 321 324 325 330 331 340 342 344 348 350 352 356 364 360 369 371 373 380 384 381 379 377 378 385 377 379 380 378 381 376 377 386 393 395 397 403 394 395 402 411 413 407 401 410 418 416 414 408 414 421 427 430 431 438 433 442 443 438 445 453 462 467 472 473 479 470 479 471 474 482 489 494 495 503 512 513 515 524 529 535 542 541 542 549 556 547 552 561 553
370 361 360 352 344 343 341 333 330 326 325 330 325 334 332 340 347 345 352 354 359 353 362 370 367 374 378 381 388 392 390 385 386 380 383 381 385 382 386 379 377 378 383 384 392 400 406 403 402 406 414 414 416 410 419 424 421 423 416 422 430 433 437 439 446 440 449 448 445 452 460 462 462 471 477 481 473 476 477 483 486 487 494 500 501 503 510 518 526 534 542 544 549 543 550 551 556 560 561 562
377 368 360 360 352 349 340 333 332 328 330 339 334 341 334 335 338 345 346 349 352 360 364 371 369 373 382 387 396 401 395 393 384 382 383 388 394 387 390 383 383 379 382 386 389 396 404 408 404 413 414 417 413 411 419 427 425 429 420 421 429 434 438 440 449 445 449 448 447 455 463 460 461 463 471 472 476 485 485 485 486 489 497 503 505 506 515 523 524 531 539 547 547 545 551 559 557 566 570 568
370 367 358 358 349 340 339 338 338 334 332 340 342 339 337 340 345 351 355 351 355 357 366 369 375 382 384 391 398 407 399 394 392 383 384 386 392 396 397 392 392 388 391 388 396 404 409 411 411 412 421 425 422 418 427 430 430 434 429 424 431 438 441 445 453 454 457 452 450 452 454 458 461 462 471 475 484 487 490 489 487 492 501 508 514 511 520 527 533 539 544 550 550 554 559 560 563 568 573 576
362 358 355 353 352 344 346 339 339 340 341 348 343 344 341 348 352 360 362 353 354 357 365 366 367 374 377 386 390 399 397 388 387 386 393 395 401 403 404 401 398 397 399 397 405 413 418 413 417 415 416 425 422 421 430 434 435 439 436 432 439 447 449 454 462 461 457 455 452 458 462 466 470 471 477 479 488 495 497 497 496 496 501 509 517 520 528 530 537 542 551 559 559 560 568 566 566 567 571 579
371 364 364 361 354 352 344 340 346 344 345 347 352 352 349 356 353 354 363 362 358 365 370 375 368 377 385 390 397 402 396 395 396 393 395 403 410 406 408 408 402 406 407 404 411 412 417 414 421 424 423 427 424 430 431 433 441 448 445 439 447 453 458 463 463 468 463 463 455 464 470 467 473 480 484 481 490 498 505 500 499 505 504 512 520 529 532 533 535 538 545 554 551 552 559 568 570 571 578 584
375 367 367 363 354 350 349 349 354 345 350 354 357 358 353 362 354 363 369 371 366 367 372 379 376 379 386 392 399 404 404 397 399 398 397 401 410 408 414 409 410 415 410 405 410 418 419 423 430 433 425 434 426 431 437 440 446 454 451 446 455 455 460 463 470 476 469 466 458 467 475 469 472 479 483 485 489 493 501 501 503 504 507 516 521 528 533 540 544 544 537 546 550 552 561 570 579 578 581 590
378 371 368 371 363 359 358 358 355 354 357 361 365 359 362 358 355 363 371 372 374 369 378 381 379 384 385 390 394 395 399 401 407 407 400 401 408 412 415 410 419 422 413 407 410 419 425 426 429 438 434 443 435 432 440 447 447 448 450 450 454 461 468 464 473 475 469 465 461 465 473 477 473 479 487 492 490 492 493 496 498 506 513 517 518 525 524 532 539 540 535 544 547 556 562 566 575 579 580 589
385 379 376 378 369 364 367 365 364 357 358 367 372 365 371 365 364 365 370 377 383 378 387 382 384 392 394 393 402 404 404 410 411 415 409 407 416 421 422 419 422 420 419 410 417 425 433 429 437 444 441 444 437 441 443 448 451 451 458 458 457 463 472 473 477 482 476 471 462 471 473 478 475 484 491 498 492 494 501 503 501 506 507 514 516 520 523 525 530 531 532 541 546 549 556 565 570 571 579 581
393 388 385 387 378 371 369 366 367 358 367 370 378 370 377 368 373 367 376 378 387 379 381 388 387 396 397 394 396 400 409 418 416 419 418 414 421 428 426 426 431 429 422 415 422 427 431 433 437 446 443 444 439 448 444 453 459 453 460 467 462 470 476 482 478 482 475 474 466 475 482 486 479 486 490 490 499 502 509 504 506 511 513 522 523 522 525 526 534 534 535 544 546 555 564 568 573 579 585 582
401 395 389 380 379 378 376 367 369 361 370 376 382 379 379 370 376 370 377 382 390 388 390 397 394 400 406 403 399 408 411 413 422 420 427 422 429 435 432 427 429 433 425 418 422 429 431 437 446 453 444 453 448 457 449 457 462 462 465 474 468 477 482 489 487 490 482 475 474 481 489 487 481 482 483 488 497 505 512 507 510 514 517 525 530 523 529 535 541 537 543 544 552 560 561 570 579 580 585 588
398 391 382 381 386 386 377 368 376 368 375 379 385 382 388 379 379 376 383 384 387 388 394 400 396 397 401 409 401 410 412 421 427 425 434 430 430 439 441 433 438 441 432 427 424 426 432 441 447 453 445 446 448 456 450 452 458 459 467 473 474 468 477 484 489 482 490 481 483 490 498 489 486 489 487 491 499 503 510 513 519 522 525 530 526 525 526 531 533 540 543 549 556 559 566 575 584 587 594 597
398 389 388 389 393 384 379 370 377 377 383 388 389 384 391 386 388 385 384 385 388 389 397 406 404 399 408 406 403 404 407 414 423 429 434 439 435 439 446 441 440 439 431 427 425 430 433 442 444 446 453 455 449 458 457 453 456 459 463 465 466 467 471 480 486 481 489 488 490 499 503 496 495 493 490 493 501 509 515 522 525 531 532 539 534 530 533 540 540 546 546 547 556 563 572 580 587 588 597 604
404 395 397 394 394 385 385 379 378 386 384 387 394 385 394 395 396 394 393 394 389 397 403 412 405 400 408 410 412 406 415 423 430 430 434 440 436 443 446 446 447 447 438 430 433 438 442 450 445 453 454 459 457 465 463 461 461 463 471 470 470 468 476 477 478 480 485 491 491 497 506 504 503 502 498 501 504 508 517 521 522 526 532 541 535 531 534 540 543 548 552 554 555 564 572 574 580 587 590 595
401 398 400 401 395 394 387 380 384 386 389 389 392 393 400 398 402 399 394 394 392 393 395 404 413 409 413 418 414 415 423 427 436 439 441 442 442 447 448 450 456 447 440 433 442 446 445 454 452 458 463 468 460 466 469 469 462 470 478 472 479 477 481 484 485 482 483 489 498 500 504 507 509 503 500 504 505 507 512 514 523 531 538 538 537 538 537 538 542 546 548 557 562 566 567 575 577 586 594 598
410 402 407 410 404 403 396 389 390 391 397 397 393 396 405 399 404 401 399 402 393 402 403 412 420 416 414 423 416 422 431 436 445 448 446 450 447 452 457 451 452 447 441 442 447 453 449 458 455 456 459 464 468 467 469 475 471 477 486 477 484 485 488 490 494 490 492 498 506 508 510 514 513 508 502 511 507 514 513 522 528 532 535 544 543 546 541 546 543 550 557 566 565 566 575 581 579 584 586 589
411 410 416 411 412 408 399 395 391 396 400 398 396 397 405 407 411 403 402 410 401 402 403 412 418 417 421 430 421 430 431 440 448 457 453 451 456 458 455 454 453 453 450 449 456 462 454 462 463 457 458 467 473 476 476 482 478 478 486 485 490 488 490 499 498 491 497 500 501 502 503 509 517 509 510 514 516 516 522 524 530 535 539 540 542 550 550 549 544 548 550 558 559 568 574 575 579 580 589 597
417 415 423 418 410 407 401 399 398 397 405 406 403 403 410 416 416 412 404 413 407 411 412 413 417 421 425 426 423 432 436 445 450 459 458 452 458 465 464 461 459 459 458 456 460 469 460 462 470 461 467 469 476 481 480 483 483 480 484 487 492 496 496 499 502 493 502 508 510 506 508 510 515 516 513 522 524 525 525 525 527 536 545 541 548 555 556 552 548 554 556 557 559 560 565 573 574 579 587 591
426 424 424 416 412 403 402 407 406 402 403 404 409 408 414 423 420 411 410 419 414 420 421 418 426 424 425 426 426 434 439 448 454 455 464 457 464 472 463 462 468 460 463 465 469 475 469 470 478 469 475 478 484 490 489 489 492 489 490 488 493 500 505 505 504 495 497 501 506 511 516 513 517 517 516 523 532 526 530 526 530 531 538 546 554 560 564 555 553 557 564 563 568 562 568 574 579 578 579 582
433 424 416 415 406 405 410 411 407 410 408 406 415 409 417 418 427 420 415 418 415 419 428 422 430 425 433 434 434 435 437 445 448 454 463 466 473 476 472 465 469 469 471 474 478 484 476 477 473 471 473 482 485 493 490 497 499 498 495 496 502 504 510 506 508 504 498 505 509 513 514 522 525 524 525 530 539 534 531 530 538 533 536 538 546 555 555 564 559 564 570 572 572 564 565 566 570 576 584 583
430 423 416 415 407 411 419 415 416 414 417 415 420 412 419 419 424 427 418 422 417 426 435 429 438 432 441 436 438 442 443 451 450 456 465 469 478 477 476 470 476 477 477 482 487 489 485 486 480 476 480 489 493 498 497 500 505 506 498 497 506 513 515 515 511 503 501 509 516 519 522 528 533 533 533 535 539 535 540 535 543 534 537 538 546 548 551 559 567 565 570 571 570 567 571 569 578 578 582 590
435 429 420 416 416 414 416 416 425 416 422 424 422 413 422 428 427 426 419 426 425 428 435 434 439 438 445 440 441 446 448 457 459 465 466 475 478 486 481 477 485 482 484 484 491 490 494 495 487 484 481 490 498 499 502 507 511 515 506 500 506 515 524 524 515 508 507 515 519 528 530 535 542 534 541 538 539 538 545 536 545 542 546 547 555 552 560 568 574 573 571 579 575 574 579 575 578 580 588 595
435 427 421 424 422 421 418 421 424 417 421 430 425 422 431 429 429 435 428 431 431 437 444 438 445 439 448 445 450 448 450 457 464 469 471 474 483 490 483 486 491 489 487 485 491 494 501 500 491 490 482 490 499 508 506 509 514 521 515 509 515 522 527 526 524 516 516 521 527 536 531 540 545 540 547 544 545 539 548 541 550 550 555 556 561 553 562 570 579 582 579 585 576 579 582 582 585 581 582 586
437 430 430 431 430 427 427 428 419 418 426 429 432 423 428 433 437 436 435 433 433 435 441 446 445 444 445 454 458 455 459 458 466 474 480 476 485 486 491 487 496 493 496 490 495 503 508 503 499 498 489 498 507 508 515 518 515 516 520 514 521 530 536 529 523 520 522 529 536 539 537 546 549 541 548 552 544 542 545 542 549 552 561 565 568 561 568 572 581 588 587 589 581 587 587 586 591 583 590 592
440 434 435 439 431 435 434 432 425 423 430 430 439 432 437 442 446 442 440 439 441 437 445 453 454 445 453 454 462 460 467 464 471 477 484 477 484 489 497 488 489 498 505 499 504 505 503 502 497 491 490 494 498 500 509 518 524 525 525 523 522 531 536 537 531 523 531 538 540 541 545 548 556 549 554 557 552 543 551 551 553 561 567 571 571 563 572 581 585 593 596 593 588 594 593 595 599 592 596 593
443 443 437 440 436 443 435 433 432 432 432 439 441 434 443 450 455 450 441 440 443 440 448 450 459 452 453 461 464 469 476 473 473 482 489 481 483 485 488 489 491 495 503 507 510 505 504 504 506 499 496 503 506 509 512 520 527 534 532 524 530 539 540 542 537 531 540 546 547 542 547 554 557 554 557 556 555 551 559 560 562 562 570 571 572 564 571 578 586 587 594 601 594 595 602 604 603 599 604 602
